% Model:
% Version:
% Dimension:          3
% Nodes:              691
% Expressions:        4
% Description:        Surface
% X                       Y                        Z                        Color                    DeformX                  DeformY                  DeformZ
0.09361324045256657 0.9202507597854978 0.09999999999999996 0 1.300464263804097E-7 -9.571426913955935E-9 0.04997701139210835
0.19613059753886136 0.9039628493277616 0.10000000000000006 0 1.2414794163901355E-7 -2.2539421943787604E-8 0.04997701113898725
0.2873578563384961 0.8792328678266589 0.09999999999999998 0 1.2205573870499626E-7 -3.413037644310487E-8 0.049977018724007394
0.6177594130735132 0.6884753307245892 0.0999999999999999 0 1.0337617850337475E-7 -8.066919545422233E-8 0.04997702573203935
0.684790004400319 0.6218349412241562 0.09999999999999998 0 9.486877994261392E-8 -9.05981863440014E-8 0.04997702165489239
-2.6622719632544978E-6 0.924994933365257 0.09999999999999995 0 1.2735230764247064E-7 3.520538388064303E-9 0.049977015417762116
0.042840104890621886 0.8515402282381707 0.09269147861274166 0 1.2137696314588002E-7 -4.008550921775966E-9 0.04997702573409364
0.37075219693550476 0.8474432642497914 0.09999999999999995 0 1.227819072882428E-7 -4.707853637148712E-8 0.04997701874469763
0.14341620299378263 0.8294494640794716 0.09164675622284833 0 1.1569349794128961E-7 -1.9006154869339055E-8 0.04997701891709528
0.2216527773738334 0.8287572231622684 0.09320319712735281 0 1.1286076661391494E-7 -2.6773508013436656E-8 0.04997702368480453
0.29491717071644885 0.8166669280321706 0.09422261270086468 0 1.1566495995520359E-7 -3.587921999384344E-8 0.04997702918339133
0.5485314952955888 0.74480230687788 0.1000000000000001 0 1.0637833871004935E-7 -6.8514567524071E-8 0.04997702249480546
0.5518007966248653 0.6760563257947593 0.09465507346897212 0 9.943208139835589E-8 -7.027513539465286E-8 0.049977033650701795
0.5876935447112426 0.6161088910778022 0.09257893706827944 0 9.447243112587205E-8 -7.978187844210038E-8 0.049977034843387814
0.750154542605984 0.541195955123228 0.09999999999999999 0 8.215922540601025E-8 -9.598990628320351E-8 0.04997702542403239
0.6504705486077746 0.5465931881196746 0.09240305490818576 0 8.238042532118603E-8 -8.66939641719589E-8 0.04997702898659295
0.8010710017272109 0.46249419126110153 0.09999999999999994 0 7.439410994479161E-8 -1.0514656607152065E-7 0.049977032488593635
0.8437752416466553 0.3790359375932063 0.09999999999999998 0 6.434309880720654E-8 -1.1406838078933758E-7 0.04997703061753808
-0.09363126894349026 0.9202489260084377 0.09999999999999998 0 1.2340036651037156E-7 1.4789749323287885E-8 0.04997701086849291
-0.057540995049113 0.8423979795604501 0.09189602276328529 0 1.123857304635302E-7 8.123969193008243E-9 0.049977024869744244
0.06678793864290467 0.7745216917616872 0.08573266337058709 0 1.118450358254332E-7 -1.5296828400757452E-8 0.049977025978544254
-0.010066347156763604 0.7750831353836388 0.085534709697028 0 1.0668346812747926E-7 -7.181550411098249E-9 0.04997703366137707
0.33139114289377414 0.7785556133621918 0.09206768166444738 0 1.1384840455266336E-7 -4.386001077695957E-8 0.04997703113885722
0.46249999999999974 0.8010734985006057 0.09999999999999991 0 1.1482272957756526E-7 -5.886055824542194E-8 0.04997701550200747
0.3836506929290542 0.7746515411716933 0.09384509082801115 0 1.1311109187957773E-7 -5.078473947922387E-8 0.049977023670403686
0.1913914876174544 0.7797285375111098 0.08801717214843206 0 1.0485278626170556E-7 -2.730224650643255E-8 0.04997702572866952
0.13322424106658332 0.7460807458646898 0.0840331591986956 0 1.0348558549047583E-7 -2.3552345433054788E-8 0.049977019980145816
0.290977677915208 0.7546407636986491 0.08855875058870188 0 1.0779600822833464E-7 -4.183864097170726E-8 0.04997703870474688
0.23873623781901876 0.768060257846817 0.08814793343306236 0 1.0342103052642595E-7 -3.347659709297046E-8 0.04997703501580324
0.0873996338681695 0.6969472503405288 0.07943927986118829 0 9.818281651298569E-8 -1.955046076997175E-8 0.04997701491015412
0.5230354883414245 0.6422697488364205 0.0903707538749386 0 9.269453641998291E-8 -6.863711436611207E-8 0.04997704182910425
0.4904238791693691 0.6985151762406319 0.09277567976728547 0 9.833347305379171E-8 -6.189653754317353E-8 0.04997702962353731
0.49825230464030656 0.6040689738252 0.08623250303750964 0 8.367228874418696E-8 -7.122079503310419E-8 0.049977043065722634
0.5828756184496425 0.5332115379316272 0.08685116301599329 0 7.910522271721085E-8 -8.278202237398921E-8 0.049977032017423255
0.5354804188313992 0.5793968081607486 0.0867593250488703 0 8.503376131958435E-8 -7.84220978732637E-8 0.04997704105352003
0.706135052883472 0.46732786457169856 0.09212747065803698 0 7.105638641356296E-8 -9.064558679990612E-8 0.04997703960269411
0.626960623589047 0.4522983371432033 0.08535306995964971 0 6.298066396990485E-8 -8.462584219725939E-8 0.04997703571424513
0.7564175363077812 0.3862256756237963 0.09237249347625182 0 6.462294363214803E-8 -1.0366152864802452E-7 0.04997704277956091
0.7978472984237353 0.3041762806928352 0.09281227257926786 0 5.1955215693825006E-8 -1.0770593588393705E-7 0.04997703651299797
0.5572755215547441 0.4510872900080025 0.08061070588876622 0 6.381545613082869E-8 -7.935920002763254E-8 0.0499770256537728
0.8809325160784339 0.2820885436790224 0.09999999999999994 0 5.01626031033989E-8 -1.1541996050096907E-7 0.04997703246148571
0.8318102133114372 0.22322523392999072 0.09353078509252773 0 4.1356952851003754E-8 -1.0823159905355399E-7 0.049977043724628425
-0.19616860770583672 0.9039546015730862 0.09999999999999996 0 1.2507277752869992E-7 2.8496337048400648E-8 0.049977009946963906
-0.14285595486183858 0.8282574032154257 0.09152546819348939 0 1.1400983438608453E-7 1.8218350955143614E-8 0.04997701815609936
-0.08028628936017151 0.7814679591465112 0.08645850584417021 0 1.0494207656240619E-7 4.9776036049450745E-9 0.04997702396163357
-0.04561230651596534 0.7294921334214545 0.08175631121749641 0 9.988487353286456E-8 -4.149536806537795E-9 0.049977021300134976
0.011531729957052473 0.70924084903091 0.0799938250529473 0 9.97749226329415E-8 -1.2279482849504687E-8 0.04997701883140953
0.3464548928541494 0.7191482470167311 0.08759713317592265 0 1.0501846532579627E-7 -5.117760651816151E-8 0.04997702927351156
0.41227210451772556 0.7140762315680476 0.090018645217313 0 1.0160953892158324E-7 -5.584209757126264E-8 0.04997702500672002
0.19425119712307035 0.7168127796252429 0.08273823779707913 0 9.629897066179578E-8 -3.2953137449751074E-8 0.049977024363397654
0.1444236460962668 0.6895139486023729 0.07960445430492033 0 9.505056516840483E-8 -2.6246050931754663E-8 0.04997701591752258
0.26473613188816314 0.6988930987695542 0.08313425830297129 0 9.687507764373402E-8 -4.55244715901894E-8 0.04997703137099333
0.31546555307223756 0.6681703741372859 0.0824215607208193 0 9.525442705930307E-8 -5.090153685889878E-8 0.049977024720484306
0.04599891718688658 0.6542488180254783 0.07585611859697282 0 9.220262439297643E-8 -1.2668207070624943E-8 0.04997701068411594
0.1041493181168425 0.6209165315731189 0.07394244219969821 0 8.717725952602853E-8 -1.6868307504653437E-8 0.0499770116376962
0.4534199638911959 0.634338879041937 0.0859386615701075 0 8.51107748472119E-8 -6.268072723057659E-8 0.04997703409301123
0.4723939921181885 0.5653277489130147 0.08223903081434113 0 7.675006936444258E-8 -7.123781887965234E-8 0.049977033524455566
0.5096255127299391 0.5106912413470729 0.08097857821614195 0 7.282069993937572E-8 -7.621175260821802E-8 0.04997702787206615
0.49005227512439603 0.44470401859070546 0.07629562530822705 0 6.55350223847477E-8 -7.031028183187382E-8 0.04997702012704492
0.6719229666176102 0.3884051108238118 0.08561888827579651 0 5.477159898567494E-8 -9.442873746951361E-8 0.04997704828967481
0.585360990165672 0.3703838402167338 0.07867156144500052 0 5.1267071598999014E-8 -8.339041403348594E-8 0.04997702687595467
0.7133503615870089 0.32015636681811027 0.08613118221459616 0 5.00831980399493E-8 -1.0177285824194215E-7 0.049977040509872395
0.7561533810021166 0.25116889240286866 0.08746370240455795 0 4.054138292420443E-8 -1.0131205228914763E-7 0.049977040231011474
0.4678168231247622 0.39722837411780604 0.07282402579327739 0 6.234412991469771E-8 -6.529414466948307E-8 0.04997702040776151
0.5201731653431543 0.38799390136202994 0.0753439569886662 0 5.783634761749573E-8 -7.369008127748653E-8 0.04997701985859996
0.9051251569294584 0.19071818089926673 0.09999999999999992 0 3.907296556592913E-8 -1.193370364604288E-7 0.04997704170743737
0.7902639371480997 0.1788726841459575 0.08869278761371618 0 3.172783865530583E-8 -1.0351776414767942E-7 0.04997705440458944
0.8510855832446352 0.14814580550682155 0.0937894978149824 0 3.3889234502717576E-8 -1.1478134792502563E-7 0.04997705205334925
-0.2873939485029833 0.8792210714939994 0.09999999999999992 0 1.2081973368396738E-7 4.074565117196984E-8 0.0499770169203385
-0.23130254147882853 0.8233581280344335 0.09294490463014163 0 1.1623210753133962E-7 3.229845910232114E-8 0.04997702388980849
-0.31654977457237843 0.8071051679018628 0.09409208829712742 0 1.0784791235299414E-7 4.280422991526451E-8 0.049977027227316936
-0.17894546311077822 0.7718277883825889 0.08706002927260566 0 1.1059513668918932E-7 1.9884747339523672E-8 0.04997702317449658
-0.13380906082414656 0.7600240739879769 0.08523325950883374 0 1.0626845125214509E-7 1.2016385478371244E-8 0.04997701988290366
-0.09794458893422107 0.7138796015511553 0.08090449857215165 0 9.931704871993674E-8 4.689033846031542E-9 0.04997701613749858
-0.048508906291745806 0.6781878024575432 0.07767733236817927 0 9.48084740409604E-8 -2.026411553145913E-9 0.04997701269746899
-0.0078551337227577 0.6491499078369712 0.07536310530979572 0 9.151631192260993E-8 -5.675688798776649E-9 0.049977010040993294
-0.22520922840433794 0.7458968973346558 0.08588793599516023 0 1.087280361246601E-7 2.3656423900252384E-8 0.049977031195977024
0.3676404370066046 0.6367719158122648 0.08211917016769558 0 8.876522433065425E-8 -5.527499819002186E-8 0.04997702187945115
0.1936377969261951 0.6392946953673746 0.07676490405819383 0 8.926223409583541E-8 -3.2052713769314703E-8 0.04997701541863249
0.2841334503354857 0.6165726819630527 0.07759808624216208 0 8.762532393136357E-8 -4.544970008012538E-8 0.04997701619307639
0.15199695343335892 0.5713443637747505 0.07128864354870554 0 8.265931948097698E-8 -1.9732671004448756E-8 0.049977018198093436
0.020086990102898376 0.582926818943489 0.07076019404513119 0 8.230607452117559E-8 -4.1869755476221256E-9 0.049977011434265264
0.09263905094403112 0.5551170207203663 0.06943102413110944 0 7.765327950901899E-8 -1.0667265682497625E-8 0.04997702033851285
0.40094975894605217 0.5652131577221657 0.07869394977656125 0 7.731819467225197E-8 -5.938837724581968E-8 0.049977020449540714
0.44736034083495335 0.4974141441538551 0.07684191432450417 0 7.072286248195854E-8 -6.536609978722872E-8 0.04997702093205761
0.43140219656813134 0.4287675225971859 0.07244484890584983 0 6.612064365465931E-8 -5.912703715937534E-8 0.04997702131008349
0.6341588941531795 0.31283518999890125 0.0798162445324894 0 4.458278125375733E-8 -9.14005392865854E-8 0.04997703088832185
0.5293785213896149 0.3388907230126146 0.07386902220939724 0 5.198738402985761E-8 -7.446906796248488E-8 0.04997701969705462
0.5661686439840169 0.30314954318445153 0.07485251919573685 0 4.6102434069663025E-8 -7.958813267363814E-8 0.04997702165316701
0.6744856330743808 0.25899543825752414 0.08106282636378112 0 3.8747279618112495E-8 -9.448651082369049E-8 0.04997703239593121
0.7226994437477959 0.19973529248782174 0.08334138075756292 0 2.941090676487338E-8 -9.688306047160162E-8 0.04997704178876619
0.432283916850713 0.3802988180284773 0.07026687195777442 0 6.29139234828882E-8 -5.907331530622937E-8 0.049977026113260874
0.471669282894354 0.34325991058700306 0.07076541111671207 0 5.6840892837131156E-8 -6.588188380564225E-8 0.04997702201516476
0.9192877608705788 0.10260257931928718 0.09999999999999994 0 2.8237139675802512E-8 -1.265809598753398E-7 0.04997704298818666
0.8038717607621602 0.12213857484508563 0.08895470660031483 0 2.5930814060568394E-8 -1.1192833312163097E-7 0.04997705878066735
0.7461230180043805 0.13265602880629776 0.08402816782270865 0 1.938967796563225E-8 -1.034658702983808E-7 0.04997705282778064
0.8513706752696019 0.07427003550197267 0.09288407134507307 0 2.2956394791284038E-8 -1.1920028928582772E-7 0.04997704914919529
-0.37078556224583165 0.8474286657041801 0.09999999999999998 0 1.1174725552612818E-7 4.935765485622191E-8 0.0499770164262002
-0.2837405614792432 0.7514739211838952 0.08805204152803742 0 1.0319512787469314E-7 3.236512808051714E-8 0.04997703784353581
-0.34402355613461416 0.7467533926463904 0.08979839619713195 0 9.860939065711009E-8 4.095005546725446E-8 0.0499770283338968
-0.37812997462304876 0.7796968295885027 0.09405159466762453 0 1.0293246050094319E-7 4.84433504464446E-8 0.04997702161031005
-0.1720142422395265 0.7059350940103875 0.08139872432652721 0 1.0201787737490775E-7 1.4732347606254977E-8 0.04997701892529734
-0.11459365381122653 0.6489796043007033 0.07609123122821615 0 9.212850941059639E-8 9.505698496073874E-9 0.0499770110177282
-0.05636556989485568 0.6123374883168238 0.07290850863136557 0 8.744963085738065E-8 4.219666631334205E-9 0.049977009979872165
-0.25001651455608 0.6877574831582878 0.0818288600417976 0 9.852403549231613E-8 2.1584641041844274E-8 0.049977026006593823
-0.052031801679697585 0.5443357511275841 0.06842717285738567 0 8.017374365785876E-8 6.959138174135438E-9 0.04997701843006711
0.3180361598450387 0.5508547874957042 0.07440724687637126 0 7.900297781014154E-8 -4.6617244076574046E-8 0.049977012776051086
0.22784343961994075 0.5451094489255655 0.0712614275403811 0 8.14980486855497E-8 -3.222625323765866E-8 0.049977015865777026
0.15223360853370177 0.5114589799667827 0.06762073099832457 0 7.764084862715052E-8 -1.8345145438892077E-8 0.04997703382725572
0.001253333994083932 0.5186888782774371 0.06673044987207258 0 7.4457724524524E-8 -1.2565210262374176E-9 0.04997701978756344
0.04502055801070238 0.5239593119206278 0.06715619876796415 0 7.24655593546354E-8 -6.050645827634569E-9 0.049977021850185294
0.09307018049889716 0.48701542238591894 0.06541754354915293 0 6.575030461111191E-8 -1.3856159591475852E-8 0.04997703845450691
-0.028427878816465992 0.4894039605592073 0.06510500934199118 0 7.319320710614694E-8 9.728574154798163E-10 0.0499770245270769
0.3618627937090411 0.47199806236141684 0.07152593305679358 0 6.943254225207337E-8 -4.855530325686282E-8 0.04997701823884171
0.3818998921620359 0.39282083230988174 0.06849211870683777 0 6.360121146189015E-8 -4.8883763071597786E-8 0.049977033752019465
0.5964895386590119 0.24538252217967105 0.07505456752399718 0 3.928554034724613E-8 -8.264263380115106E-8 0.049977024166934135
0.5023235944487768 0.2915186453354023 0.07059623054924216 0 4.85847455479467E-8 -6.923338236673646E-8 0.04997702155474533
0.5325092597313041 0.25445661626164345 0.07121936353097057 0 4.3281830859568924E-8 -7.217677060265069E-8 0.04997702330771128
0.6524176664552401 0.20477109599706136 0.07797707686621597 0 3.1658828356574994E-8 -8.999033184876108E-8 0.04997702991280578
0.6908574756839181 0.1584953945063365 0.07995126254637963 0 2.30196842826012E-8 -9.500170699697328E-8 0.049977038154521196
0.5953591891669738 0.1936606882201294 0.07369160395615945 0 3.452994029045432E-8 -8.150384320146149E-8 0.04997702695067854
0.6892086201904363 0.11760753932384704 0.079182235454291 0 1.784643149910581E-8 -9.659132428601184E-8 0.049977038080515734
0.405879084331799 0.3317218591300754 0.06705525860874957 0 5.8132164976842705E-8 -5.827376005271844E-8 0.0499770359398168
0.4374027432196878 0.28280425722565 0.06685837267776955 0 4.929331356760458E-8 -6.199009649133552E-8 0.04997702906685034
0.9249999999999994 2.4083227273235917E-16 0.09999999999999988 0 1.4091659696189644E-8 -1.2555832896151447E-7 0.049977040811469406
0.7822439697509949 0.07342341173252223 0.08646750245519459 0 1.6509843481676747E-8 -1.1198155337330282E-7 0.04997705175761287
0.7247257834183622 0.08520662975023731 0.08165698245211614 0 1.3554011727781613E-8 -1.0319451491381238E-7 0.04997704422419759
0.8252770499196596 2.2719212644267835E-16 0.09008727174442381 0 1.0428952754991993E-8 -1.1286599007813015E-7 0.04997704730932551
0.8548200389796248 -0.0652462727687064 0.09314675085287963 0 4.6247747218892415E-9 -1.1376882059920393E-7 0.049977051568997746
-0.4625 0.8010734985006055 0.09999999999999995 0 1.0763366017099464E-7 6.151840322237472E-8 0.04997701249212079
-0.4789401191209053 0.7197628636157833 0.09385470752197606 0 9.965585678642889E-8 6.392266483722749E-8 0.0499770226337432
-0.5083123257938114 0.6756675576578802 0.09200745306162256 0 9.388680462796762E-8 6.78868477919441E-8 0.04997703157566842
-0.32754350874215143 0.6890222378899378 0.08446715933764734 0 9.411333923465963E-8 3.366141206316114E-8 0.04997702555018167
-0.41247406389305447 0.7144260354671815 0.09005646238462256 0 9.818462755426763E-8 5.146840063565928E-8 0.04997702236218108
-0.19051431605916905 0.626194724144322 0.07575740850014469 0 8.90120776860812E-8 1.8831260133168368E-8 0.04997701312423336
-0.12546868182070262 0.5661421054611622 0.07053660282173835 0 8.057565124388285E-8 1.7505794124864957E-8 0.04997701853351261
-0.19168892528151546 0.5624523066487603 0.07149027116733264 0 7.733433000974974E-8 2.3540232668378603E-8 0.04997701588761309
-0.29003290264585363 0.6297052539110426 0.07871782471366957 0 8.862099489378161E-8 2.8446512012078537E-8 0.049977016056830165
-0.10596501162257628 0.5041773372256166 0.0665257287102945 0 7.505436928810238E-8 1.4876114608440952E-8 0.049977036028691094
-0.0710277803670786 0.4813038479979327 0.0648997774631422 0 7.48761178504262E-8 6.210883827471169E-9 0.04997703289441274
0.27234892372669683 0.47172217328134014 0.06829621029644013 0 7.095057142457001E-8 -3.6990851468941017E-8 0.04997701906908557
0.21079455863719812 0.4693257584201238 0.06648483672306539 0 7.401066311186421E-8 -3.07243720727504E-8 0.04997702646023218
0.14985938251764008 0.45279307874260605 0.06437801254812757 0 7.01206604104644E-8 -2.7461450799969962E-8 0.049977041459005084
0.18545604713463826 0.4304739947807409 0.06393784680976806 0 6.762930578883244E-8 -3.189740253229739E-8 0.04997703131255894
0.11053788187593885 0.4306223745782792 0.0626902062642271 0 6.142200164547247E-8 -2.536845595543452E-8 0.049977037781437125
0.019795838688718648 0.4703114259817322 0.0640444060829731 0 6.641584421675754E-8 -6.824322835599176E-9 0.04997702512426842
0.06533055038853271 0.4354649165439313 0.06247764990259347 0 5.968207452242706E-8 -1.6947162429532083E-8 0.04997703088865797
-0.04037960269203985 0.4408570318083466 0.0625957773306699 0 6.762668511051579E-8 -1.8184823237268419E-9 0.04997702681389579
0.3329058545937796 0.33325924236807375 0.06406157186555389 0 4.851591529283474E-8 -5.080247112080972E-8 0.04997704896978729
0.30693864167133966 0.4042133776050551 0.06608285286906407 0 5.834467049325847E-8 -3.923332038807191E-8 0.049977032112763074
0.5387084587482874 0.20560708274998704 0.07032262751622614 0 3.876597068523566E-8 -7.16482549431321E-8 0.0499770295454101
0.47599510640454495 0.23047538821938993 0.06733340193971542 0 4.0676105724958814E-8 -6.301862902914808E-8 0.049977030764406426
0.5285393108936259 0.16518893231571916 0.06885934434787161 0 3.5661089327648487E-8 -7.05738572986669E-8 0.04997703861689161
0.6359863797306671 0.1341128294488754 0.07542020319546491 0 2.4299078089011757E-8 -8.865332209931154E-8 0.04997703025932108
0.5665181445886517 0.15558354761445173 0.07104008880031383 0 3.328508067991432E-8 -7.767908370389693E-8 0.04997703231694948
0.660910431014522 0.06111123862815046 0.0764443497197492 0 1.347483198811542E-8 -9.323112873252889E-8 0.049977031637902944
0.3628225028367361 0.2686598783514226 0.06303900336729049 0 4.34541022556289E-8 -5.7211046579691015E-8 0.04997703555278944
0.40159415937487913 0.22227119456522582 0.06342742714419668 0 3.630319147731145E-8 -5.726626992852465E-8 0.04997703298302633
0.8374232558848936 -0.1293417213860296 0.09218338983550127 0 -2.8964355854424796E-9 -1.1393310592323636E-7 0.049977061965537556
0.9192877606928149 -0.10260258091221071 0.09999999999999994 0 1.4921848694594587E-9 -1.2312081848540063E-7 0.04997704849721734
0.736498120183538 1.9461726324828643E-16 0.0822207664498539 0 4.674667258080557E-9 -1.0155385911728438E-7 0.04997704172654934
0.7859407931602105 -0.07401767626946824 0.08680140328934059 0 -2.357709970245484E-9 -1.0308778050972293E-7 0.04997705621338223
0.7880045515761323 -0.12910173677696724 0.08762058220646912 0 -9.275210191381724E-9 -1.069374089108467E-7 0.049977066433722885
0.7883546035916829 -0.16488856810254315 0.08824892692988198 0 -1.3429648348617946E-8 -1.1173931366533225E-7 0.049977065899731124
0.7597010793028802 -0.19500257071099414 0.08634694259141451 0 -2.0083533067226973E-8 -1.0894109918606566E-7 0.04997705923831346
-0.5485031394581955 0.7448231888659758 0.09999999999999998 0 1.0147682035350255E-7 7.423687174522282E-8 0.04997701907757875
-0.5596851197575441 0.6634042603718276 0.09419033697962353 0 8.808690153975094E-8 7.355239590422931E-8 0.04997703127237435
-0.4499036574234318 0.6597655574984556 0.08762543161615084 0 9.573804333896819E-8 5.6662947054148535E-8 0.04997702846817276
-0.5084523869045262 0.6310249340793687 0.08870435188239581 0 8.915093129204721E-8 6.384965208048736E-8 0.04997703978655259
-0.3679940573528886 0.6373844042186184 0.08217817873449768 0 9.112586908504488E-8 4.0380098116030166E-8 0.04997701942942382
-0.42125713605646403 0.6077940464059373 0.08247265847688973 0 9.065922992904956E-8 4.823623152194503E-8 0.049977024282231566
-0.5445828559277581 0.5931276201062035 0.08823074690283744 0 8.001951750024082E-8 6.405961085846634E-8 0.04997703809818988
-0.2598642375444073 0.5690891545970852 0.07365958600480058 0 7.928659957366357E-8 2.8783145679534283E-8 0.049977011009351105
-0.146043412013244 0.5032640730580226 0.06704541835555089 0 6.899902292803554E-8 1.9951960626882946E-8 0.04997703593502452
-0.17773060720916645 0.5259463281585312 0.06894804779728927 0 7.066529376488736E-8 2.3575998005278436E-8 0.049977024170690866
-0.21172158677062325 0.5198781223671345 0.06933829044213057 0 6.952450785803561E-8 2.634472277920331E-8 0.04997701910099938
-0.31860245148696237 0.5518356333914171 0.07448895588812982 0 7.860236732722823E-8 3.618401137824255E-8 0.04997701036995574
-0.14030890931253803 0.4679836164169959 0.06501280116403946 0 6.487619441001475E-8 1.2976459438804785E-8 0.04997704296098359
-0.1029411460718821 0.44640858274387013 0.06338188130081228 0 6.829851556489925E-8 4.162312807019144E-9 0.049977039508144486
0.2318898921058528 0.4016450748890024 0.06367695651733307 0 5.986685422226555E-8 -3.538250495896515E-8 0.04997702636786591
0.15384627156060382 0.38391173658918915 0.06118533303935767 0 5.814110757205406E-8 -3.051896818724769E-8 0.049977026417066875
0.08567704016096146 0.39343427128029224 0.06068036954612458 0 5.655327449000413E-8 -2.1606658183304295E-8 0.049977026693672336
0.05891091878969271 0.3561813785904501 0.05888183035860122 0 5.307413956398222E-8 -1.51055395879954E-8 0.04997702015782985
0.013052198219917915 0.38970549808144694 0.060109559393507296 0 5.7358406931998955E-8 -9.341640891208324E-9 0.04997702086934751
-0.07539656272461731 0.38263872680028077 0.06011274428033935 0 5.8222083622613705E-8 3.559911466910378E-10 0.04997702323860778
0.29687695963224414 0.26583446546620587 0.06049214663587172 0 3.9070265299031575E-8 -4.8127560727742966E-8 0.049977029757117174
0.2625418688185837 0.33648330779519714 0.06181290503458571 0 4.62225821972394E-8 -4.1030152768176535E-8 0.04997703043776897
0.4879508039440347 0.1753290332884817 0.06671893154849401 0 3.425976426657748E-8 -6.298322326706682E-8 0.04997704374257934
0.44078820931890456 0.1777885340956575 0.06428879605061416 0 2.8963572411380202E-8 -5.829824480453169E-8 0.049977042669233425
0.5192463818471629 0.12824117265253684 0.06769417632898124 0 3.214867172551938E-8 -7.287918918376137E-8 0.0499770458256158
0.5800435663390094 0.07440259297015445 0.07086095755136958 0 2.164987651662206E-8 -8.299322784705525E-8 0.049977031096141857
0.637168246229727 1.7636191275501274E-16 0.07448630903843242 0 7.551846543632237E-9 -8.879626465295721E-8 0.049977029576978194
0.394490378891255 0.17177804019933987 0.06198157459134764 0 2.6090137226118315E-8 -5.580015784481785E-8 0.04997703586452377
0.33827356631260735 0.19741612693850674 0.060186571415137134 0 3.1534185277965885E-8 -5.097577255312752E-8 0.049977027685034134
0.823080640176532 -0.2073363860609292 0.09232209730203018 0 -1.5149878197816896E-8 -1.180579729813334E-7 0.049977058517019765
0.9051251563026288 -0.19071818387397393 0.09999999999999996 0 -1.0512729473952479E-8 -1.265380334918636E-7 0.04997705201733653
0.6918887433807663 -0.06772116765551028 0.07886795692620671 0 -5.120890418236191E-9 -9.371080230392066E-8 0.049977040096079464
0.7325342916850162 -0.13408386908087777 0.08291013088256638 0 -1.6192537142160437E-8 -1.0045653396380583E-7 0.049977056546831454
0.7578046117703348 -0.24801668508133748 0.08751626752734717 0 -2.453046423969459E-8 -1.0698431252904739E-7 0.04997705418105641
0.7040732060431756 -0.2032143579310842 0.08191372549943252 0 -2.305881568786278E-8 -9.919936249478992E-8 0.049977049128349715
-0.6177328508859397 0.6884991641819087 0.09999999999999995 0 8.972115832014807E-8 8.003838293971151E-8 0.04997702170159257
-0.6071515389330133 0.6092519905512257 0.0934219469334025 0 7.896416037956089E-8 7.576438523493358E-8 0.04997702760929178
-0.5735399527378838 0.553508622043815 0.08749015204644302 0 7.505294355939372E-8 6.715643357016683E-8 0.04997703037284393
-0.47303326379715877 0.5791284533565412 0.08316905076856485 0 8.658783027725126E-8 5.245753493758838E-8 0.04997703270785895
-0.39181543828090004 0.55445735722153 0.07760084140770421 0 8.195237462789713E-8 4.417299083810084E-8 0.04997701563287068
-0.5240933648557364 0.532232296917964 0.0831006990315747 0 7.61032838622815E-8 5.792993344788837E-8 0.049977028657434135
-0.2730034360466586 0.47285582187369307 0.06837705113188602 0 6.60205417083575E-8 3.4086003004645416E-8 0.049977016697489
-0.19156331121345604 0.4731617410648762 0.06625147072173328 0 6.190031735933466E-8 2.1414262741007755E-8 0.049977029467575686
-0.3580569939172612 0.4725541821277962 0.07140049698238948 0 6.759610966032153E-8 4.524272520652657E-8 0.04997701552331688
-0.30165136280488036 0.4184145297189895 0.06656200918217181 0 6.204330678501385E-8 3.975511692519394E-8 0.04997702601720306
-0.157502577302292 0.4062797025959702 0.06224976286168573 0 5.766895742033309E-8 9.647605312559492E-9 0.04997702972515384
0.1923176439095004 0.3331039304431941 0.059877835485628056 0 4.9439446828890335E-8 -3.284694470357401E-8 0.049977020538138545
0.10763513709501452 0.32249572723181036 0.058047784011843524 0 5.002058707345886E-8 -2.0640845910810094E-8 0.049977018569324363
0.02555769618970364 0.3104658173674803 0.05699894508193309 0 4.822756185762939E-8 -5.9428172293173235E-9 0.049977021851120004
-0.04439277195221167 0.328710102628296 0.0577329050528648 0 4.933425068531436E-8 9.184772754709376E-10 0.04997701936361317
-0.11902524067374878 0.32805250160257865 0.05839824108948766 0 4.889563350458717E-8 8.148528134780982E-9 0.04997701761653017
-0.017053837843317182 0.27836069099312905 0.05590951428308119 0 4.2116313106137895E-8 2.327412512348143E-9 0.04997702851284339
0.011677278178983168 0.25977319628253465 0.05533524160416193 0 4.206358426444964E-8 -1.2829463623469375E-10 0.04997703473497605
0.26432978404622737 0.19520810401833602 0.05761727712614054 0 3.3804343565331034E-8 -3.9308581381963115E-8 0.04997702459045449
0.22703812963746223 0.26409762190385005 0.058370438456053005 0 4.0050034789343514E-8 -3.5649730350065434E-8 0.04997702105143356
0.4615326701397575 0.12346215125476942 0.06442192515091573 0 2.2300726957525564E-8 -6.667347323532534E-8 0.04997705599498008
0.41609697408913515 0.13788398400008958 0.06237868126929303 0 1.9676293578057083E-8 -5.94128257600071E-8 0.04997704379083301
0.493812622045095 0.06489296717588176 0.06554297030555511 0 1.974885351199143E-8 -7.519891959453221E-8 0.04997704396964643
0.5965173615012843 -0.07939251741876009 0.07200225824383245 0 3.817441050668337E-10 -8.232355901139544E-8 0.049977034146159165
0.5449077695259101 1.790659953385319E-16 0.06830916124377963 0 1.2054409500977406E-8 -7.691416277810976E-8 0.049977033381268784
0.35923719947272786 0.12552401442410066 0.05970040660633742 0 2.05071493047567E-8 -5.3454338388809344E-8 0.049977030404052235
0.23462332403576253 0.13422621113694225 0.05564316792853833 0 3.097217923966441E-8 -3.332073403042869E-8 0.049977036303974966
0.29070078878885497 0.12979410487969603 0.05724274123768994 0 2.673564689406255E-8 -4.343530338381892E-8 0.04997702705695807
0.8014927716328408 -0.29144105877124366 0.09271262928645599 0 -2.605481251140035E-8 -1.1194205846242801E-7 0.04997705281532767
0.8809325145611795 -0.2820885484172241 0.09999999999999999 0 -2.3356245252443446E-8 -1.242152001748161E-7 0.049977047948935226
0.6510493529215736 -0.15514133280147802 0.07686356365481603 0 -1.5087896886092365E-8 -9.090364048262096E-8 0.04997703967946995
0.5770279320473077 -0.1518434761804153 0.07165568912865206 0 -7.534553071418689E-9 -8.253817295408215E-8 0.04997703923325353
0.7173493567573875 -0.3169596225802428 0.08634023460744476 0 -3.281604315286062E-8 -9.580428009832377E-8 0.04997705737631244
0.6897625743522149 -0.264441860913035 0.0824063475266023 0 -2.9093514596931947E-8 -9.443397790770636E-8 0.04997704874589425
0.6384778628041973 -0.23491899962832427 0.0777084562971251 0 -2.5001390564520283E-8 -8.896281094596422E-8 0.04997704041961488
-0.6847646792234083 0.6218628292777221 0.09999999999999995 0 8.08700857154818E-8 8.766830197821742E-8 0.049977016988436845
-0.6465139113454264 0.538316822314734 0.09160194260007758 0 7.326193498445808E-8 8.193663387161124E-8 0.049977025159991334
-0.5770660846669927 0.4836246905463882 0.08360849061752018 0 7.060845023837924E-8 6.857230919876599E-8 0.04997702491021678
-0.45509595152323246 0.486640439064581 0.0766367028663977 0 7.084788920978524E-8 5.2166725521311445E-8 0.04997701742388497
-0.41803303753571375 0.41861066103869105 0.07131407766744806 0 5.715590108035916E-8 5.273823282506112E-8 0.04997702044212663
-0.5228737105474611 0.469403410425903 0.0794598201715015 0 6.882971494531396E-8 6.006745981844653E-8 0.04997702004670217
-0.2326279902659774 0.402923498403311 0.06375456788963607 0 5.8979733139450535E-8 2.517183113672508E-8 0.04997702430209498
-0.2807191746564195 0.3771430143239577 0.06401358518053686 0 5.978308767995825E-8 3.368941272880677E-8 0.0499770310679295
-0.366851516506518 0.3914531813319968 0.06779342734587492 0 5.370927025363303E-8 4.922154231037582E-8 0.049977034135246894
-0.31784422091904324 0.3574692689417032 0.06445327462614314 0 5.7176215243772384E-8 3.835694279987683E-8 0.04997704244204274
-0.19326570388917427 0.3347460184966118 0.05996054906425582 0 5.1599838667812714E-8 1.7309523748180153E-8 0.04997701902108006
0.14969050843762158 0.2592715660247785 0.05657975437506353 0 4.2483510083581004E-8 -2.2793654455450173E-8 0.04997701968165336
-0.15073713287945018 0.26108437273446894 0.05665087411303694 0 3.9377207823882444E-8 1.6151283836243386E-8 0.049977018137339534
0.06630901180929023 0.250856535710505 0.0553186995326227 0 4.37208283631643E-8 -9.432896384866526E-9 0.04997702996599961
0.017981432514459814 0.22651294475696923 0.05443142027174295 0 3.9499730843010086E-8 -2.418266033740651E-9 0.049977046267621034
-0.07471068043782808 0.2615864764835527 0.0556965634877458 0 3.748278951571316E-8 8.241888173110852E-9 0.04997702559338946
-0.014253461472862217 0.23459230484404994 0.05463523466770248 0 3.540453621395004E-8 2.7086964949241274E-9 0.0499770436936626
0.20062573683728832 0.09527047772396216 0.05430115527057267 0 2.592530762185291E-8 -3.224202252112695E-8 0.04997705195373144
0.18890830540911194 0.1893292231980287 0.05555650018582656 0 3.42205398852157E-8 -2.5053975087771002E-8 0.049977030168579344
0.18353225708574536 0.1263657612272312 0.05431954168807018 0 2.711479331355731E-8 -2.4795458245071118E-8 0.049977050856167785
0.4146151646677903 0.077681020975073 0.06157475739077052 0 1.3043230895641566E-8 -6.364026010887617E-8 0.04997703981138218
0.4636209692030302 1.4593888372567647E-16 0.06366862151549985 0 7.9823094459439E-9 -6.647579384750283E-8 0.04997703845962054
0.5270134709035552 -0.12362075461980128 0.0680883893303861 0 -6.221143983425742E-10 -7.474225475122181E-8 0.049977050123260064
0.5078212312272355 -0.05773868566153319 0.06628756501631428 0 4.494577423276633E-9 -6.829268855275265E-8 0.04997704383728145
0.3331467524821928 0.0633273262949379 0.05801432008933982 0 1.5514802642428493E-8 -5.0752063767986926E-8 0.04997702638165443
0.2538184516803514 0.06940494742292715 0.05542696753822805 0 2.283901974566611E-8 -4.014808459112028E-8 0.04997703492699177
0.7635253857731481 -0.3782532475337201 0.0926398396720293 0 -3.4972406162736365E-8 -1.0458875653598159E-7 0.04997706224685441
0.8437752388147 -0.3790359438971111 0.09999999999999999 0 -3.4383071334565934E-8 -1.1593063437769631E-7 0.04997705137899865
0.5898871014295897 -0.20776639827421509 0.07364495662277286 0 -1.7910161221054967E-8 -8.467980260405908E-8 0.049977037134532463
0.5408130551366508 -0.18150058753720788 0.06992281214701015 0 -1.0419306178998376E-8 -8.064153561014616E-8 0.04997704297547963
0.6777956079436661 -0.39290477214771746 0.08626804024189792 0 -4.614087353578113E-8 -9.297980435047226E-8 0.04997707083491991
0.6346730356926773 -0.3174870091624343 0.08001946855914076 0 -3.765051532403391E-8 -8.499807687938015E-8 0.04997704868635104
0.5796784116794852 -0.2776116098201063 0.07488927562467991 0 -2.92667971931112E-8 -8.159925226698377E-8 0.049977037535344895
-0.7501326501074496 0.5412263004122693 0.09999999999999999 0 7.255153845657804E-8 9.922772887196753E-8 0.04997702017540674
-0.7186415188607144 0.4635460562865767 0.09293928953994947 0 6.303191778744308E-8 9.465837073069058E-8 0.04997703472550829
-0.5580584193120213 0.42548332869284045 0.0793877523859349 0 6.465273440802485E-8 6.605326491937513E-8 0.0499770205470166
-0.6328963674406778 0.4470501467799965 0.08550954643040555 0 6.828345811848076E-8 7.953651668957108E-8 0.04997703245730642
-0.6767294999436545 0.3833870641168075 0.08576692861654717 0 5.891698796374497E-8 8.053525979370399E-8 0.049977043581220126
-0.4324706598932547 0.3595596935895599 0.06940707877592157 0 4.657617482619345E-8 5.2697310471819386E-8 0.04997702451211893
-0.48200836859227103 0.4026983386005155 0.07383556549613608 0 5.6905058955666244E-8 5.7703242611396403E-8 0.04997701609936699
-0.5442886348821633 0.36830034160648034 0.07595460109733419 0 5.5807050390519796E-8 6.458833340897654E-8 0.04997701703773853
-0.3182526738785638 0.31228528282505874 0.06275542647814243 0 5.109897306927486E-8 3.142200448267615E-8 0.049977039932177815
-0.25621859628623345 0.32661564029958035 0.06125711843708684 0 5.3989441636250796E-8 2.589338571150342E-8 0.049977026680119954
-0.37474174799433474 0.325215240573534 0.06543736846884436 0 4.332122129996193E-8 4.105947656004665E-8 0.04997704160729725
-0.4300985673768074 0.3012630280350379 0.06711000127247038 0 3.9880842185450374E-8 5.044217535732822E-8 0.04997702670138713
-0.22695325756190313 0.2565120405768185 0.058144911454045704 0 4.1422177495598056E-8 2.3796900436558275E-8 0.04997701907461378
-0.18350196867475074 0.18844743574056294 0.05542383280391715 0 2.909195288167038E-8 2.3648745234988073E-8 0.04997702918481305
0.11136664405289663 0.19289268576805546 0.0543171535525474 0 3.4872257012860384E-8 -1.6038880760795097E-8 0.04997703445648105
-0.1122914677939212 0.19449452747555573 0.054363926326504504 0 2.9580559844204857E-8 1.3035485601236943E-8 0.04997703322888503
7.833096257776418E-4 0.19069362679459012 0.05356840441819727 0 3.197395384665561E-8 -6.435670457355662E-9 0.049977053373542676
0.04520143550094839 0.18418512355280772 0.05354594410814683 0 3.5357500450916286E-8 -1.1547889135326116E-8 0.04997704637091503
0.017173734845246678 0.1662656573333219 0.05309215701680856 0 3.0457878810030883E-8 -1.1398131012686242E-8 0.049977049332710924
-0.04746651353754764 0.1829715324610284 0.053532622158623755 0 2.6690280489141558E-8 5.422427718853257E-10 0.04997704540792236
0.1909210649037195 0.04684254353730668 0.05369730809312632 0 1.6937025861150666E-8 -3.420381595603127E-8 0.049977048310817916
0.15384433041034729 0.09209874155024392 0.053330182368177645 0 1.7136415910790185E-8 -2.7036717725058156E-8 0.049977055443779075
0.13647605991683223 0.1435082568468913 0.053729825805134857 0 2.5160305420892868E-8 -1.9303768878491934E-8 0.04997704513715065
0.38492668203237634 1.0023152680894796E-16 0.05989052034096669 0 5.095825403947925E-9 -5.63267380830702E-8 0.04997703058533329
0.4253355502182104 -0.06042681663517086 0.061949401873126426 0 -3.6867893415425336E-9 -5.785353747250651E-8 0.04997704269238219
0.48600244774065643 -0.18106149615140063 0.0667271620082264 0 -1.2473440532584307E-8 -7.608065158210056E-8 0.049977051987342
0.4535801009187721 -0.11979187747949692 0.06395953291420167 0 -1.102054651896542E-8 -6.406207279504128E-8 0.04997706130506187
0.30024351839566077 1.0287337474471442E-16 0.0566089984335615 0 1.0341644945893655E-8 -4.54177485118843E-8 0.04997702716622376
0.2238875048948223 7.961310541061857E-17 0.054346295287657866 0 1.2617839485862227E-8 -3.555578184810102E-8 0.049977039871065575
0.7176713367395706 -0.46521260674377907 0.09294805270739667 0 -4.965430032297498E-8 -1.0527835429509396E-7 0.04997706490716799
0.8010709981238167 -0.46249419750242293 0.09999999999999998 0 -4.625720282249928E-8 -1.1369711930026279E-7 0.04997705797215553
0.526450453306162 -0.2376825100162034 0.07038843476625323 0 -2.0086807179172487E-8 -7.852848401555145E-8 0.04997703830506916
0.4546475825643904 -0.23293628734368743 0.06627327609670221 0 -2.0329659835726495E-8 -6.947645872685893E-8 0.04997704397777284
0.5306797663003683 -0.29923675531161764 0.07251363051783592 0 -3.010514238925592E-8 -7.627495132731487E-8 0.04997703639652729
0.6103906305879975 -0.40135765312469507 0.08172372928462608 0 -5.0601685821548016E-8 -8.456591107997096E-8 0.04997705544079663
0.6403517767463041 -0.46278562534170165 0.08686037768572827 0 -5.508517496206092E-8 -9.251891558739459E-8 0.04997706164874031
0.5664981365845182 -0.34007595181336636 0.07621962270586985 0 -3.909629458422624E-8 -7.872915369634203E-8 0.04997704088821335
-0.8010558185062641 0.4625204886241073 0.09999999999999998 0 5.986806646390656E-8 1.0328848004186512E-7 0.04997702668655853
-0.7603438011582597 0.3738096376808479 0.09217483686370775 0 4.8356387864924236E-8 9.300050935856917E-8 0.04997703601783673
-0.6064827120561795 0.3683452405387546 0.0800133246078764 0 5.972703449737165E-8 7.117488290669393E-8 0.049977026514946836
-0.6554904399290363 0.3258387756938692 0.08184700708932659 0 5.233879118351322E-8 7.54945557599629E-8 0.04997703104010105
-0.7173789460644423 0.3218656625868021 0.0865204629875929 0 4.6936885360051E-8 8.456674457844776E-8 0.049977035187089236
-0.4490633670822638 0.262933614095089 0.06682964731028332 0 3.682704344964381E-8 5.462164553456568E-8 0.049977025129026166
-0.561964870759204 0.31624700130713357 0.07504348009682706 0 4.864917186358557E-8 6.705024899731688E-8 0.04997701714945234
-0.4969688691845382 0.31115828345845914 0.070963541880969 0 4.3747312562148405E-8 6.025981738420837E-8 0.0499770171673949
-0.3445240713159381 0.2767146512083848 0.0625551726814487 0 4.295821346649522E-8 3.391953781322744E-8 0.04997703439548285
-0.29822944351534514 0.2720284218761082 0.06072614652584281 0 4.5442945315440394E-8 2.893355443034367E-8 0.049977028791942005
-0.278960464150049 0.23105339123962187 0.058930977919053947 0 3.80918076240778E-8 2.9019792458514433E-8 0.04997702228048563
-0.39866775255885006 0.2551376793832062 0.06418286265211672 0 3.755008690311019E-8 4.5140975778978445E-8 0.04997702968260505
-0.43855507291261625 0.22078311851591842 0.06514753629020965 0 3.4026983879378464E-8 5.4813260232501564E-8 0.049977030286882655
-0.25569422992480945 0.18010642956677383 0.05704280655464758 0 2.789872814638792E-8 2.9386807826519565E-8 0.04997702398031679
-0.22047029564306936 0.14293411554993973 0.05541545974285534 0 1.976243491448413E-8 2.730444807147412E-8 0.049977036071059154
-0.18680865935078536 0.12991541986645877 0.05443956342319764 0 1.994089785903219E-8 2.372885149848881E-8 0.049977047591964655
-0.13865734030206037 0.13413724110678016 0.05361667711440055 0 2.576060656824845E-8 1.6113878983241806E-8 0.049977046380327676
-0.13558426904309848 0.09984465055515283 0.05311549222562181 0 2.330655829661673E-8 1.1611136943114284E-8 0.04997705042980483
-0.25161809751440434 0.1255049475699697 0.05598231997151887 0 1.7312972653276436E-8 2.8551432202104792E-8 0.049977031074726085
0.19420772375092543 -0.04676552312468657 0.05376845209193871 0 5.229347768114699E-9 -2.8762224275348314E-8 0.04997705021817438
0.07844894660138703 0.13587756131386025 0.05290437550856243 0 2.466913562150934E-8 -1.6802678899632123E-8 0.04997704240935916
0.1581850159804538 4.03666044625459E-17 0.05292729798071231 0 6.963585493406249E-9 -2.7060141452395143E-8 0.04997704647289255
-0.0793293077376864 0.13740239153093967 0.05293577949983721 0 2.4931953782867862E-8 3.891984326805623E-9 0.04997704180629812
-0.10192189467460562 0.10267269443312377 0.05269596908601703 0 2.3497322164799563E-8 6.216052762963811E-9 0.049977043883806915
-0.004334214649360648 0.15163914092247652 0.05281372846092682 0 2.6540692251490495E-8 -1.001135802228429E-8 0.04997704695391115
0.035198297345602834 0.13784946141786308 0.05265706254873472 0 2.591232133745621E-8 -1.4194106421167149E-8 0.04997704337851097
-0.03647527919163236 0.1302798698937503 0.05254752074115307 0 2.354593636865296E-8 -4.946309999601954E-9 0.04997704187258733
0.12737884186502524 0.04457914646124021 0.05254239887577797 0 9.887155543892014E-9 -2.541783364635395E-8 0.049977045529231594
0.10177697427875258 0.08834048795367636 0.05253956863179542 0 1.506602183880528E-8 -2.1083014613234144E-8 0.049977044215475566
0.34118511954802583 -0.062154607897978366 0.058312559079427444 0 -1.5551636300357297E-9 -4.947780739271051E-8 0.049977030183119525
0.37836392981717903 -0.12391451309547875 0.06047575124681005 0 -1.3372269857835546E-8 -5.491050732170946E-8 0.04997704053975498
0.41238404925178007 -0.18021837395374024 0.06296662723972753 0 -1.9028042343023346E-8 -6.290514106962862E-8 0.04997704736536371
0.1676578507312959 -0.08204581170599337 0.05348225864611659 0 -3.202977038684765E-9 -2.6257825555524454E-8 0.04997706013409734
0.20181374228166962 -0.09141964150518621 0.05428754190491373 0 1.7045223755668828E-9 -3.248060504362335E-8 0.04997705623560324
0.25485064501553883 -0.06881848120103617 0.05545206946541742 0 4.718966713938748E-9 -3.88429072754358E-8 0.04997703817001035
0.6644823007055147 -0.5389515943966049 0.09297818153954257 0 -5.940398995055734E-8 -9.608211867176503E-8 0.04997705833110315
0.7501545366059805 -0.541195963440213 0.09999999999999984 0 -5.889699944523492E-8 -1.0957835451181645E-7 0.04997705506202569
0.6027366073062329 -0.5213223560235656 0.08747588350371878 0 -5.890205092638616E-8 -8.424186251246147E-8 0.04997705940383929
0.3907221727608636 -0.23584567652234328 0.06329187670784996 0 -2.274502225825031E-8 -5.6703492924318873E-8 0.04997704496554962
0.47890979704271586 -0.2863984098188226 0.06912760288748078 0 -2.5736573925820753E-8 -7.063062353297542E-8 0.049977039026763426
0.4250914842628162 -0.2904030737883922 0.06650384046370365 0 -2.4854196514590295E-8 -6.155895403835353E-8 0.04997704636254526
0.5018045759598764 -0.3463645861940246 0.07254833341115846 0 -3.5416330262337145E-8 -7.207441905408095E-8 0.049977038225939734
0.5395049675561714 -0.4037977139333864 0.07721405836956645 0 -4.6989611958289214E-8 -7.534595541015433E-8 0.04997704338015638
0.5629289159938321 -0.47314451663551055 0.08212579004392509 0 -5.583869129733114E-8 -7.750277064021098E-8 0.049977052865484754
-0.8437609348289447 0.37906778281416026 0.09999999999999995 0 4.804864006561666E-8 1.0550998440662787E-7 0.04997702420570024
-0.7888004165309437 0.2903760964571749 0.0915314985584158 0 4.015369768913885E-8 9.900875772609315E-8 0.04997703132723757
-0.6102329054490165 0.2953318100128198 0.07752504764743698 0 4.742170611142453E-8 7.199515148613552E-8 0.049977021337461736
-0.6672358697757713 0.2726523999513782 0.08092297245691278 0 4.435285715521245E-8 7.935891037049044E-8 0.04997702675610113
-0.7578216461505273 0.23114048963723496 0.08705889216020636 0 3.694261096500833E-8 9.685722401429384E-8 0.04997703635710479
-0.7250638207162802 0.2644091498704253 0.08523826785223539 0 4.1512743190334004E-8 8.902673652012983E-8 0.04997703188484319
-0.49761740681994665 0.2259943198914076 0.06840949555720777 0 3.224677608288747E-8 6.379537012581875E-8 0.04997702575799533
-0.5531916805568725 0.2548390044927608 0.07250231820116229 0 3.784797703955343E-8 6.8300730663358E-8 0.049977018366792456
-0.3304177610769968 0.2075632873895256 0.060121873146272396 0 3.518202212142166E-8 3.559109461737797E-8 0.04997702471625649
-0.40020050920329836 0.18553375498639196 0.06251643484045977 0 3.3452772871282914E-8 4.791123042830505E-8 0.04997703216344214
-0.4509389353459413 0.1806295394110867 0.06485872161226297 0 3.056626257225578E-8 5.830743196239384E-8 0.0499770392485891
-0.3081655557366316 0.12979030410922685 0.057834162632571066 0 2.258687756219823E-8 3.4111949575165337E-8 0.04997702372423993
-0.21413652185417031 0.10501643106435352 0.05472829937040968 0 1.312017859463208E-8 2.3198391335894518E-8 0.04997704494031937
-0.1657690318723487 0.09663028560186343 0.05359396061230914 0 1.952135005362464E-8 1.5403761212587757E-8 0.04997705543625936
-0.13208776332768432 0.07040426877471608 0.05277929135503944 0 1.9720335707631744E-8 8.398574926246899E-9 0.049977048085238014
-0.2668792736165402 0.06671487334767569 0.05579077358601759 0 9.984392486251192E-9 2.7739082323422985E-8 0.04997702953974244
0.13394298555224937 -0.04272165979228181 0.052630185389843605 0 -1.0984819334684399E-9 -2.1446736017739085E-8 0.04997704867047268
0.04273067501608838 0.07401170016957918 0.05192584962618541 0 1.491034596687091E-8 -1.5081688552680298E-8 0.04997703491716124
-0.07427627943517315 0.042883429926301064 0.051928801697300825 0 1.5930063223027446E-8 1.3091104975634783E-9 0.0499770353784341
0.08580268905133058 2.7924535741052085E-17 0.05192915349305607 0 3.469952304122179E-9 -1.7640172368358637E-8 0.04997703714951259
-0.04304287969149937 0.07455245452975151 0.0519319033593881 0 1.8522525742393317E-8 -3.952707092903524E-9 0.049977034666192646
-2.9796378738924766E-17 0.08577355466188762 0.05192886660175564 0 1.823470002991243E-8 -1.033442009875257E-8 0.04997703470722918
0.0741595043143772 0.04281600977887492 0.05192749553399362 0 9.255599679214594E-9 -1.8025891191284048E-8 0.0499770361615398
0.12170874450296679 -0.07937873255132208 0.05270638285367756 0 -7.241794357036075E-9 -2.0520296077162405E-8 0.04997705193420486
0.1532214795718842 -0.1047515501973591 0.0534601593182905 0 -8.273727101013683E-9 -2.7877107125131145E-8 0.049977060292948704
0.2997814449763266 -0.13025461904441932 0.057552736756421516 0 -7.850465887123773E-9 -4.5978122140108166E-8 0.04997703341839987
0.34046960443170665 -0.192505611563268 0.060162576700472446 0 -1.9347944680131134E-8 -5.000381172145159E-8 0.049977037877489285
0.34557599933864525 -0.25420475687873284 0.06192004258218349 0 -2.6376173942577003E-8 -4.7547740601725304E-8 0.04997704644919644
0.17846806103523252 -0.12182655323316931 0.05415222050793654 0 -6.0111794538929975E-9 -3.4622917598422545E-8 0.04997705909180782
0.23090062297727748 -0.133798202671902 0.055538699139373295 0 -3.851572499400041E-9 -4.0338529442802686E-8 0.049977044219099924
0.6050561438570468 -0.6036830020468081 0.09289418017943481 0 -6.459330858505039E-8 -8.597267930458753E-8 0.04997706498044314
0.6847899965302142 -0.6218349498910589 0.09999999999999994 0 -6.717375906075074E-8 -9.796092520993679E-8 0.04997705551953258
0.5365057739834544 -0.6074638984061791 0.08871198704411519 0 -6.860272787093087E-8 -7.554423352736661E-8 0.049977076355996956
0.5490740032503056 -0.5442731464552362 0.08535659345024513 0 -6.181694861833445E-8 -7.325519581794035E-8 0.049977063918216824
0.3750627258693447 -0.2936858939923493 0.06434654814554322 0 -2.7327523760412058E-8 -5.14863517458761E-8 0.049977054688917104
0.3969354899692888 -0.3460112170117684 0.06719703593166886 0 -3.001097713972947E-8 -5.9571126763596594E-8 0.049977056631975304
0.4494990254251991 -0.34835776824770576 0.06980849106780326 0 -3.190535305608771E-8 -6.630197768150539E-8 0.04997704372227059
0.4743994852003083 -0.40954268251415876 0.073738234339428 0 -4.3695327963468674E-8 -6.864534740900572E-8 0.04997704167230658
0.5051728219418842 -0.4543425560441293 0.07763963571270259 0 -5.243399001539569E-8 -6.997292791882709E-8 0.049977045746834016
0.5025098789806551 -0.515963207586209 0.08087711077114171 0 -6.13164636612768E-8 -6.677325844385787E-8 0.04997705595031551
-0.8809225682293763 0.28211960771987943 0.09999999999999996 0 3.697978533100062E-8 1.1376326155787431E-7 0.049977025367547834
-0.828550120997359 0.21135039229983998 0.09293041569195869 0 2.9082980189965634E-8 1.079147408865772E-7 0.04997703894794789
-0.4876818695036711 0.16005919777938843 0.06641416297022892 0 2.3169457054585735E-8 6.313839894421126E-8 0.04997704423467015
-0.7583678808155521 0.178257805309045 0.085877514601274 0 3.264347561990721E-8 9.691056213196118E-8 0.04997704511355078
-0.6170663609123308 0.222189336538271 0.07585507468331582 0 3.5879264901857834E-8 7.531088432124822E-8 0.04997702097306826
-0.6972424057138273 0.20430689657176634 0.08139617396721441 0 3.7035624386694576E-8 8.665561617126004E-8 0.04997703111930866
-0.5518948161465875 0.17422255470543752 0.07046196471921623 0 2.3458471253517717E-8 6.928790219442718E-8 0.04997702783164233
-0.36894201678212313 0.12798179161528736 0.06013540062401418 0 2.7308627863082313E-8 4.146617734569841E-8 0.04997702905000845
-0.4362515368769687 0.13236424219261816 0.06326633817399903 0 2.8693156263060717E-8 5.143232251832369E-8 0.04997704611979608
-0.33947513674739144 0.06240362523718613 0.058248486325065116 0 1.5458624073990663E-8 3.6658217048185894E-8 0.049977023791446654
-0.18433654548332082 0.048222709230570565 0.05356505347436668 0 1.0189776877644467E-8 1.4241964928559848E-8 0.049977047691773406
-0.13330372693534312 0.03517105967265548 0.052587287930552964 0 1.4069160723240164E-8 8.75073343561436E-9 0.04997704440865649
-0.08544796042127181 1.2633032021521531E-17 0.05192572029476935 0 1.0571879605367934E-8 4.641150806967865E-9 0.04997703624645817
-0.2993967149465731 5.4908359945213266E-18 0.05658028588283902 0 3.583978971433523E-9 3.262393963934337E-8 0.049977024613603524
-0.22270343343645202 -2.7398019802337882E-17 0.054316401779706945 0 1.5029597414526295E-9 2.262903281027891E-8 0.04997703801811748
-0.27837086784154214 -0.12617379267311218 0.05679356136910862 0 -1.3453366670436691E-8 2.88188163871662E-8 0.04997703245093579
0.07416648351753428 -0.04282003922369633 0.05192757354063934 0 -1.8423925229726497E-9 -1.4212385874405544E-8 0.04997703832836279
-0.07423701450489274 -0.04286076030823398 0.051928362278406685 0 4.783201622374257E-9 5.062140778851932E-9 0.049977037612839864
5.433302611002987E-16 -9.25534990736191E-16 0.051513083863437 0 7.037262202059492E-9 -6.492806999793783E-9 0.04997702848816665
-0.10393602836491157 -0.0928684349452979 0.05261104654913398 0 -1.5260921992813241E-9 8.136280081308033E-9 0.04997704860369071
0.09263290818595533 -0.09340215664313874 0.05249108753880629 0 -8.227875828786287E-9 -1.7094282024655863E-8 0.049977047635475294
0.13365633223327938 -0.131494330544841 0.053500013617672336 0 -1.1798592619688466E-8 -2.7778120133821466E-8 0.04997705429553227
0.32685099627426545 -0.2905697969488598 0.06232853198902639 0 -3.2766810688152354E-8 -4.378590140334492E-8 0.04997705405499446
0.25568805190108224 -0.19009790761699052 0.05725179690059135 0 -1.5737669456171717E-8 -4.176996278860809E-8 0.04997703499676396
0.2878012678865199 -0.2461068228137798 0.059620677596610265 0 -2.685466211680986E-8 -4.164208851114449E-8 0.04997703931748271
0.17648242248939017 -0.17786432905826252 0.055061790182478074 0 -1.3556369778583617E-8 -3.601610915640364E-8 0.04997704348921649
-0.2483235922732361 -0.18165056966040063 0.05686432272721823 0 -1.93251567333318E-8 2.3156991111355587E-8 0.04997703366681698
0.5547456546446986 -0.6639301342123074 0.09391738389868397 0 -7.462524391064276E-8 -8.37347351079004E-8 0.04997707139083225
0.617759403950767 -0.688475338910477 0.09999999999999995 0 -7.605724325315815E-8 -9.040158773300065E-8 0.04997706327151381
0.5055257679581893 -0.637124600070996 0.08897493457515948 0 -7.645647239338619E-8 -7.534306318923834E-8 0.04997707663134806
0.4877536710430043 -0.5826751104622181 0.08420495651136725 0 -7.216588235864961E-8 -6.552511287993366E-8 0.04997707058245044
0.33633282409977666 -0.3398966968888034 0.06444423660906808 0 -3.841069989199113E-8 -5.0011727582152537E-8 0.0499770672990919
0.3632772876174715 -0.38800374757803635 0.06749345504717459 0 -3.971732080678994E-8 -6.083951072495128E-8 0.049977058763901426
0.41704203467651185 -0.4108303752912243 0.07090170067103964 0 -4.1682664983444244E-8 -6.463948276544067E-8 0.04997704655703248
0.4381086940659461 -0.4733073985449338 0.07505155127124846 0 -5.42411244310894E-8 -6.330063318308635E-8 0.04997704460612076
0.4531934148271225 -0.5420428192507506 0.07976926362259741 0 -6.70715184080535E-8 -6.114743318377781E-8 0.04997705545054025
-0.8565041007211142 0.12935729823844902 0.09401883827528355 0 1.5791041752787213E-8 1.0569848578715338E-7 0.04997704410023895
-0.9051192255768068 0.1907463267598074 0.09999999999999999 0 2.420504913517473E-8 1.1619359977512409E-7 0.04997703397419143
-0.7940808377677345 0.13178185399490336 0.08820577601429047 0 2.2349842701974245E-8 9.708478285389176E-8 0.04997705312475881
-0.33304413722574716 -0.0693067767843958 0.05805530637396814 0 -2.176687022858949E-9 3.810859151178294E-8 0.049977027131640026
-0.4742240483662385 0.11256694280313873 0.06494853319711702 0 1.9803914333070142E-8 5.3187780770134415E-8 0.04997705134383942
-0.5075730010734563 0.12513873893141758 0.06697106660603604 0 1.5614100948009607E-8 6.03528673530742E-8 0.04997704519121768
-0.5430568755805907 0.10886676283437083 0.06886622733636953 0 1.3211457892525739E-8 6.366730951592428E-8 0.04997703426351799
-0.7200856347104287 0.12756375701027653 0.08178787314202199 0 2.923601480521461E-8 8.705656244860303E-8 0.049977039461768465
-0.6366216770914513 0.1480565042375733 0.07568897320024313 0 2.662716846248668E-8 7.727018680309874E-8 0.0499770245380629
-0.5817364775186938 0.11498204866540508 0.07140762999266016 0 1.6563021185199526E-8 6.943968937214786E-8 0.049977026705802896
-0.42774238996431574 0.06497482014443741 0.06209784320535726 0 1.846068566298459E-8 4.5474072770469034E-8 0.04997703686209075
-0.3847166606924661 5.007387460326135E-18 0.05988137680814879 0 8.938145907426908E-9 4.3768236834193226E-8 0.04997702701782579
-0.3349183900900527 -0.1391323925724424 0.05894927757126893 0 -1.0024945181072484E-8 3.73568810337795E-8 0.04997703149884342
-0.29014129297673835 -0.2192290809213992 0.05898973037684319 0 -2.0928924198037703E-8 3.2368267804412206E-8 0.049977033753282496
-0.30831506111577245 -0.17770170158565646 0.05867258259636438 0 -1.630199364709513E-8 3.37836521685441E-8 0.04997703176406734
-0.8184909839211807 0.07533925376340875 0.08977629762126751 0 1.261409215160218E-8 9.701315165616862E-8 0.04997704482614233
-0.15687445011428935 1.9896548115933566E-17 0.05290395974586269 0 7.1620654239477324E-9 1.4000199709996991E-8 0.049977044847330544
-0.12783259126111396 -0.033275347967647646 0.05249920381841622 0 5.485170618504181E-9 1.2160997774709667E-8 0.049977045141345634
-0.12619399745448542 -0.06614911525416546 0.05266041061116255 0 2.043572342291829E-9 1.2342370941457109E-8 0.04997704974327083
-0.24680219676358395 -0.07209570484823002 0.05524990662857362 0 -9.346422023970116E-9 2.643333871879068E-8 0.04997703803607569
-0.22815732549244763 -0.13366956667415794 0.05546555293618707 0 -1.6987753451478937E-8 1.9338806232609782E-8 0.04997704265912013
-0.15093740406319942 -0.09389909648308085 0.053299030733839035 0 -3.0391517782368226E-9 1.3502969452039878E-8 0.04997705832137619
-0.17405337917392047 -0.045794392161233266 0.053343830220451034 0 -5.523453916047481E-10 1.9361640515492462E-8 0.04997705034178565
-0.18973296493485722 -0.18461798069110347 0.055474546986767154 0 -1.9829426315395595E-8 1.2247215004543754E-8 0.0499770390223482
-0.1364384943575783 -0.14270773398924902 0.05371629461338726 0 -1.0929392570872776E-8 6.339111427645509E-9 0.04997705136088552
0.04273873390329096 -0.07402565857166638 0.05192600533605053 0 -4.357922079035885E-9 -9.013185595016231E-9 0.04997703871459456
-0.04299754043112493 -0.07447392462720538 0.051931021483395706 0 -8.888603926654505E-10 2.183662913812691E-9 0.04997703841420464
1.3904975238826412E-17 -0.08573627431625096 0.051928505242836896 0 -4.0854505523802084E-9 -2.640670584485258E-9 0.04997703906595059
-0.07925046645516252 -0.13726583442387433 0.052932952804228266 0 -1.0844323918913046E-8 3.859516076548469E-9 0.04997704868929287
0.078463056828959 -0.135902000944921 0.052904876080197075 0 -1.0714235137673074E-8 -1.658650004486079E-8 0.04997704934406068
0.11138757858716244 -0.19292894544503636 0.054318208030815426 0 -1.5333300532475446E-8 -2.569835501010922E-8 0.04997704429518044
0.2704412885460667 -0.32134890739138133 0.06148782850104338 0 -3.985915993378673E-8 -3.965688947652143E-8 0.049977048411658655
0.21970172124605267 -0.2547036178054315 0.05790944965811469 0 -2.680695169400699E-8 -3.592249534270361E-8 0.04997703379955631
0.06445906182530692 -0.2524774236880237 0.05535114833714504 0 -2.186145262657039E-8 -2.0392281228201123E-8 0.04997704287095416
0.14972579901011426 -0.2593326910893636 0.056582144341893334 0 -2.5018782429306212E-8 -2.8869508937399377E-8 0.04997703305360886
0.031363797849434556 -0.30517057546423765 0.0568332914109285 0 -3.169070643573285E-8 -1.4339741838050548E-8 0.04997703806171881
-0.03281109095750645 -0.303248501545522 0.0567724159885361 0 -3.363931899901032E-8 -6.134411598334739E-9 0.04997703795509829
-0.22974591189928226 -0.25639797529990704 0.058213734017978094 0 -2.5217847319121508E-8 2.322886921399821E-8 0.0499770325184591
-0.15050660974349658 -0.260685094950677 0.05663516711153095 0 -2.8532303974780204E-8 1.0358566667170056E-8 0.04997703155222861
-0.0010639892128916778 -0.35571530812846325 0.05866683852382106 0 -3.9332719693470895E-8 -6.277080224189294E-9 0.04997703746057896
0.4897167015298755 -0.6990669986722716 0.09278011319940965 0 -8.378988315434618E-8 -7.634347231781682E-8 0.049977067197886776
0.5485314847714318 -0.7448023146284537 0.09999999999999996 0 -8.769427912696869E-8 -8.461618150991422E-8 0.04997706281959276
0.4538946410105444 -0.6418290507487608 0.08650541722977732 0 -8.064311456450717E-8 -6.717999885703462E-8 0.04997706824274719
0.43691576165411183 -0.5863880363863174 0.08178506492225697 0 -7.456290244901008E-8 -6.0471005435706E-8 0.04997706026115863
0.30008338071089913 -0.40108479031261085 0.06570468861303413 0 -4.69590458268946E-8 -5.133592464854027E-8 0.04997705320825697
0.35656776116113886 -0.46142030598113837 0.07075125137743835 0 -5.1942586930296575E-8 -5.772599348841298E-8 0.04997704413031263
0.38634553368626 -0.5411366135074784 0.07653244947706513 0 -6.565422824516729E-8 -5.565386183192211E-8 0.04997704585903832
-0.8641324069088798 0.062174994255793294 0.09403348687291993 0 8.388353070549155E-9 1.0446976304496675E-7 0.04997703929269724
-0.9192848102122441 0.10262901652303172 0.09999999999999998 0 1.2181736322987984E-8 1.1264948538852074E-7 0.04997703484197238
-0.7599167871431189 0.06070075634999409 0.08441733903220823 0 1.6632776409363564E-8 8.932044617559584E-8 0.049977040833172566
-0.3798507417992421 -0.12110542276221137 0.06050058794352799 0 -4.344685286044911E-9 4.392568209349583E-8 0.04997703743012261
-0.40842759083875524 -0.05875232359605665 0.06114052778332879 0 2.4371411248512813E-9 4.9983079610424994E-8 0.049977035806212954
-0.5039157942187592 0.07056797810116018 0.06615707446286306 0 1.0709777527319396E-8 5.485403652752422E-8 0.04997703913015035
-0.5548238392163808 0.07638757137486703 0.0692570455361671 0 1.0387393813520868E-8 6.407730574977966E-8 0.049977029876528974
-0.6893460495224285 0.06354738512595373 0.07863780818203954 0 1.819089002135876E-8 8.175912784279395E-8 0.0499770296597702
-0.6215823870108426 0.05940809814964494 0.0735747228508592 0 1.3051209334279658E-8 7.379701910516895E-8 0.04997702335154621
-0.4662367643365183 -0.05429215722432917 0.06397307879016166 0 -9.268663952887933E-10 5.935707933327294E-8 0.04997704151301157
-0.46385916918682774 -3.671115297680029E-17 0.06368112390889598 0 5.943424894245801E-9 5.417810227359238E-8 0.04997703419823905
-0.3620108841151937 -0.17400839360604695 0.060635096430618034 0 -1.3166433704037E-8 4.063457607435125E-8 0.04997703613957718
-0.299671918215507 -0.26919022055739933 0.06068803798570996 0 -2.5321624007532822E-8 3.623403937295502E-8 0.04997704226536535
-0.33027652289156045 -0.22443841547131757 0.060528990644305516 0 -2.11367441700436E-8 3.8848689527928573E-8 0.04997703719183816
-0.8245744171037561 3.2427437940114445E-20 0.09002147282184526 0 3.3631635665677147E-9 1.0178216052938679E-7 0.049977039962841925
-0.19761019796705673 -0.10158906953187434 0.054303584925033156 0 -1.23276906505446E-8 1.7966582986863433E-8 0.04997705593865051
-0.18403998396844498 -0.12735803584373423 0.05434432437859784 0 -1.3262137050750387E-8 1.1990662619241721E-8 0.04997705521974916
0.002774404310843052 -0.26370741404826953 0.055444406431408536 0 -2.697976014308838E-8 -1.4549363891736977E-8 0.04997704722869103
-0.11217260429255088 -0.1942886498520168 0.05435789315243198 0 -2.1015184727531847E-8 3.404450240584521E-9 0.04997704292449847
-0.059917909088264505 -0.2537684697083779 0.05535616729591674 0 -3.014853507902362E-8 -4.343162481312856E-9 0.04997704272770265
0.025874926118163173 -0.1326695098536581 0.05254567933671944 0 -9.623325910876576E-9 -6.0779063691625925E-9 0.04997704958477788
-0.02524383979971824 -0.13300675455069116 0.05254892004091195 0 -1.0919280118357183E-8 6.405474921694272E-10 0.049977049336118975
0.05493858025113073 -0.18721166728009325 0.05366460039291042 0 -1.2928069735316801E-8 -1.5287201630751182E-8 0.049977053624127604
-0.053441146730527585 -0.1870910243981426 0.053652873989227134 0 -2.1864385667227324E-8 -1.0672144764577307E-9 0.049977053384874605
-0.015811501710617765 -0.22080470166743846 0.05428292799461194 0 -2.43781557296025E-8 -1.0115846983860522E-8 0.049977059364894515
0.001589553534327251 -0.18045943852644147 0.053353802929854637 0 -1.6192244555350424E-8 -4.9087301215637436E-9 0.0499770618975661
0.01713256069613923 -0.2191946756676691 0.054245341320781695 0 -1.8591003826414953E-8 -1.4105224764365306E-8 0.049977059703080015
0.23193963455587202 -0.4017312313397281 0.06368217918749612 0 -4.484080325766987E-8 -3.720080653097153E-8 0.04997704716344166
0.1923608915779979 -0.3331788376023402 0.059881599761303035 0 -3.7321348554524954E-8 -2.979798149099603E-8 0.04997703776551415
0.10559774308437371 -0.32641465451667345 0.058167036115944384 0 -3.4561581062644265E-8 -1.9482066013515284E-8 0.04997703554007889
0.02839276411724587 -0.3973392921812579 0.060485401730235276 0 -4.5907792561451954E-8 -8.199305746250756E-9 0.04997704271536131
0.04349199689707277 -0.3606955682361924 0.05897556113419837 0 -4.03754559674269E-8 -1.1085377559208636E-8 0.0499770385570208
-0.2724211583800272 -0.34021230275634196 0.06225471036920945 0 -3.224745000296218E-8 2.968761532521568E-8 0.04997704843705968
-0.04975626500892476 -0.3592625346716331 0.05895024498757896 0 -3.934293970068023E-8 1.210960357119457E-9 0.04997703816738227
-0.11115524588477288 -0.32319159740630654 0.058116751891295344 0 -3.5995707725243496E-8 8.656507162637168E-9 0.049977034013311786
-0.1929576265867868 -0.33421241295621784 0.05993362613445384 0 -3.552219691147305E-8 2.0494817143461266E-8 0.049977036317241624
-0.00580331192480529 -0.44141011755505605 0.06253303354413747 0 -5.001856836056229E-8 -5.243743730282128E-9 0.04997704709877378
-0.03317807935019408 -0.4000499580003111 0.06062434517611842 0 -4.3585138968638775E-8 2.9464976513092784E-11 0.04997704315093975
-0.4124914840826571 -0.7144562081206507 0.09005972521404425 0 -8.784802453695969E-8 4.508666751134595E-8 0.04997705987009571
-0.4625000000000001 -0.8010734985006056 0.09999999999999992 0 -1.0100974644929156E-7 4.8633274240485846E-8 0.04997705485132504
-0.38371343710296635 -0.7748603000238191 0.09386619334345217 0 -9.929516767628245E-8 4.019039550289329E-8 0.0499770621313219
0.41226227881814503 -0.7140592129571534 0.09001680581831234 0 -8.444327834063403E-8 -6.229815160985841E-8 0.04997706338206173
0.4625000000000003 -0.8010734985006056 0.09999999999999992 0 -9.399937118451965E-8 -7.182019005440377E-8 0.049977058754524926
0.36763254236248355 -0.6367582418875386 0.08211785344170675 0 -7.717023483080009E-8 -5.1673477956554955E-8 0.04997705583622548
0.2724100436150707 -0.4718280360333562 0.06830375115676082 0 -5.197908460813122E-8 -4.601759917977541E-8 0.049977043834168525
0.31808183532075857 -0.5509338997403103 0.07441383187593022 0 -6.45805902588066E-8 -4.791759778475383E-8 0.04997704183885837
0.2111878992556696 -0.5199281931560845 0.06932845783235407 0 -5.561731029037201E-8 -3.82530409320551E-8 0.0499770479605466
0.021803385387518696 -0.48225449508691837 0.06469299319690376 0 -5.766596726207479E-8 -1.1794015924211477E-8 0.04997704954429316
-0.8627884197170683 -0.05512509329877387 0.09385473111979895 0 -6.602743175036563E-9 1.0923460998915517E-7 0.049977041657776174
-0.9249999999999996 -3.487031299242896E-17 0.0999999999999999 0 -4.3845165628369937E-10 1.1517614680232898E-7 0.04997703228795136
-0.7353276040989696 -1.3378311327871067E-18 0.08212306732579755 0 9.224643914837804E-9 8.998411509693159E-8 0.049977034971332504
-0.4256923062754768 -0.12215318657273537 0.06260425960749795 0 -3.681367328556977E-9 4.992990718436365E-8 0.04997704970849726
-0.4043520178042478 -0.16901983470521803 0.062374130552393804 0 -1.1437435973418138E-8 4.410764880449905E-8 0.049977043175260076
-0.46760448929491655 -0.09647351175034935 0.06440527405535054 0 -6.204106403976884E-9 5.934497559573077E-8 0.04997705359679015
-0.5447672634209793 2.858524015158418E-17 0.06830049229574699 0 1.8787339187625794E-9 6.488813819105195E-8 0.049977028348765086
-0.6361392415232948 1.0428654588114258E-18 0.074412070818866 0 6.35920157846321E-9 7.688393416186437E-8 0.049977023764148296
-0.5124187514513647 -0.051847896831783355 0.06651654728017117 0 -5.147845731076135E-9 6.439811250132118E-8 0.049977037429874985
-0.36799093114432163 -0.6373789894665451 0.08217765681431857 0 -7.486699415844619E-8 4.4145299950268484E-8 0.04997705283519824
-0.31827009850817745 -0.5512599811461146 0.07444098367382036 0 -6.509762862274702E-8 3.492624305293327E-8 0.04997703894859788
-0.31386332305040454 -0.40193360988060217 0.06622216379223078 0 -4.413530171433393E-8 2.761255574516541E-8 0.04997705186539351
-0.344912559069745 -0.4432246070018303 0.06935603931497553 0 -5.221078597488211E-8 3.205199162889067E-8 0.049977043724544395
-0.3337091490042147 -0.3553876317528073 0.06495432896100803 0 -3.805942350377272E-8 3.42852595515539E-8 0.049977063493821645
-0.383737195098482 -0.21760730691022415 0.06251779019199952 0 -2.096575387917751E-8 4.362814045807395E-8 0.04997704012604146
-0.33230969380311975 -0.3125744339373021 0.06328313435425742 0 -3.215350183886293E-8 4.124998661952078E-8 0.04997705816524322
-0.3540195296480104 -0.26181915330723304 0.06247659304365877 0 -2.7548816750627017E-8 4.358810704032487E-8 0.049977045052661435
-0.7962287177911112 -0.06074957956360479 0.08762354715881245 0 -2.606470021990414E-9 1.0226315335752512E-7 0.0499770462749809
-0.7351410524947966 -0.06092685497728594 0.08231802271497875 0 2.1942188162579292E-9 9.337162965876515E-8 0.04997704043478227
-0.4839056580716607 -0.700569999447879 0.09257832058039935 0 -8.463765082139631E-8 5.065874836705358E-8 0.04997706252687559
-0.548567403595686 -0.7447758606713796 0.09999999999999995 0 -9.261158304575458E-8 5.8312431122517315E-8 0.049977058083901696
-0.43547631470191006 -0.6351536187841573 0.08509247440255902 0 -7.159611956991787E-8 5.0068048331317034E-8 0.04997706074296273
-0.4991515386320159 -0.6334110077816721 0.08834372866104905 0 -7.423234111294184E-8 5.613891868178013E-8 0.04997707204161493
0.19075484218748148 -0.47253116432229375 0.06620021711897693 0 -4.7809483763921035E-8 -3.34095215776634E-8 0.04997705556723256
0.04901016908663563 -0.43723836174505165 0.062459634223422635 0 -5.3383526487814776E-8 -1.1277151586943076E-8 0.04997705070718476
0.06673635655852123 -0.4767204709635778 0.06461779605353515 0 -6.016367724278315E-8 -1.7311850654700685E-8 0.049977057351561896
0.08201071126761385 -0.3939388987243752 0.06066806698898625 0 -4.6084014560122025E-8 -1.2960636727697965E-8 0.04997704659970264
0.15779399244920161 -0.40600143052169285 0.06224217224863409 0 -4.378679923609661E-8 -2.215855745467424E-8 0.04997705184828845
-0.23228029263418432 -0.4023212684393739 0.06371797650698163 0 -4.588506193896853E-8 2.3111798985078354E-8 0.04997704537565358
-0.272587327693687 -0.4721351010648927 0.06832563375196132 0 -5.701402004644077E-8 2.5007077953822505E-8 0.049977041256460596
-0.08918266806588586 -0.39015326021997454 0.06056960464965617 0 -4.231635278381336E-8 9.509959417200083E-9 0.0499770456177214
-0.15459594130071433 -0.39192658728762203 0.061550218588660825 0 -4.55059375759847E-8 1.8331576954053656E-8 0.04997704706227104
-0.18675532053812563 -0.43493251784630643 0.06418357757579085 0 -5.449357237573884E-8 1.9422981204411654E-8 0.04997705244442508
-0.21375905453868752 -0.4723463627877797 0.06671710658979704 0 -6.031532229983882E-8 1.875311427070027E-8 0.04997704858622839
-0.030837599095424044 -0.4757419881377715 0.06436680609968097 0 -5.219355956399795E-8 -4.417743377925167E-9 0.04997705027474428
-0.05772042989369192 -0.4373202270026056 0.06251628812885628 0 -4.5929307127340534E-8 3.0947392284957465E-9 0.04997705182244467
-0.34485879204612635 -0.7195732958375974 0.08756922173357189 0 -9.110523150796067E-8 4.00637018914646E-8 0.04997706513288486
-0.3147326423667731 -0.6679534491621227 0.08237892997106575 0 -8.123821566665229E-8 3.9721446404209E-8 0.04997705773567738
-0.23145619169988374 -0.5426436945370012 0.07120349698950756 0 -6.720083296922257E-8 2.0909361219681027E-8 0.049977042171190963
-0.28415939775573246 -0.6153602706014173 0.07751426427315904 0 -7.346537035186607E-8 3.4091529680764275E-8 0.049977046241275074
-0.32938286511096027 -0.7771045511687235 0.09186418681824757 0 -9.970516907123721E-8 3.307978279974357E-8 0.04997707047662741
-0.29287844997281653 -0.7560683801841978 0.08874412837590734 0 -9.421884573885608E-8 3.103018024936708E-8 0.04997707657828571
-0.3707535969478622 -0.8474426517245004 0.09999999999999994 0 -1.0890657903928015E-7 3.6873769039622394E-8 0.049977061286405014
0.3299132550602819 -0.6955796266909601 0.08507057911176502 0 -8.078862278680634E-8 -4.544054352835258E-8 0.04997706574519163
0.29721686832567656 -0.7486484838731736 0.08825580478820183 0 -8.750817215897071E-8 -4.493629696801168E-8 0.04997707808958593
0.36329863298780996 -0.7692008953950569 0.09250410835033807 0 -8.765541863968327E-8 -5.6555378586894035E-8 0.04997706785579638
0.37078540548822353 -0.84742873429503 0.09999999999999996 0 -9.814345218233213E-8 -5.97865941727986E-8 0.04997706415581608
0.28831363121595577 -0.628175946475062 0.07855241106831119 0 -7.466872988924351E-8 -3.9585669839732666E-8 0.049977051047396706
0.2593907519340379 -0.5686281064407216 0.07361593901057979 0 -6.530858166036247E-8 -4.055430239794757E-8 0.049977042844415676
0.1909808398518187 -0.5616900805542804 0.07142639087555927 0 -6.33315961017303E-8 -3.5439479171305076E-8 0.04997704678827726
0.17735047116299676 -0.5251479744589087 0.06889288845838194 0 -5.661688922915018E-8 -3.56692730627037E-8 0.04997705304951545
-0.006975621790116347 -0.518397225687904 0.06671599267023105 0 -5.992665994125561E-8 -1.0115787779133917E-8 0.04997704669193384
-0.05196883438319561 -0.5240326103663052 0.06719869985797552 0 -5.817792434867096E-8 -5.368147235146399E-9 0.04997704949767329
0.051893656645759574 -0.5409828050063739 0.06822031633188269 0 -6.58401153784104E-8 -1.906390487426877E-8 0.049977047445445025
-0.8393412000270999 -0.10211595922316324 0.09200820531311653 0 -1.2976855576582407E-8 1.064527588781813E-7 0.04997705069244332
-0.8023821229894582 -0.12465004703532731 0.08885408731398863 0 -1.2410103948529333E-8 1.0054619976100971E-7 0.049977058337384195
-0.919283847116488 -0.10263764414409532 0.09999999999999995 0 -1.461597589310958E-8 1.162018912062713E-7 0.049977039928979256
-0.4286041911968902 -0.211604106404576 0.06443452009247352 0 -2.11706173123972E-8 4.61248461587083E-8 0.04997704241452767
-0.6752473549062171 -0.06099766201966174 0.07752927755735106 0 1.3658985552103645E-9 8.389809811414891E-8 0.04997703064429349
-0.4690213191754545 -0.16282051739106812 0.06545407679976868 0 -1.5810597810898464E-8 4.883639465385346E-8 0.049977053630142994
-0.5199939829281818 -0.12464895604080488 0.06768673130026925 0 -1.7740139953672877E-8 6.134347758549885E-8 0.049977047778561115
-0.5844196053235723 -0.07491703801282976 0.07115392026499068 0 -7.51788694333853E-9 7.159535562721062E-8 0.04997702935124814
-0.40158939943089916 -0.5697012631254147 0.07901179842938963 0 -6.355013845436717E-8 4.822530330019053E-8 0.04997704778565897
-0.3629672679735455 -0.5093150093458657 0.0736457128337714 0 -5.905365850339367E-8 3.933819170914533E-8 0.04997703883426644
-0.36195665189066545 -0.3775113144203722 0.06698450376718919 0 -4.621559515734957E-8 3.461235470971818E-8 0.04997705850537194
-0.36626813150114046 -0.41664081435894 0.06892167223823108 0 -5.0301538343032086E-8 3.4294670791912905E-8 0.04997704820223697
-0.3903068178565833 -0.4466269881485596 0.07141764844659583 0 -5.353500332227151E-8 4.000220119810149E-8 0.04997704172842501
-0.38262787487786487 -0.34149739132768064 0.06638993492953274 0 -4.468546119249768E-8 4.269284215795271E-8 0.049977057463938546
-0.4062559769371703 -0.26147495596378895 0.06471383725610919 0 -3.042188705444047E-8 4.7103541208682414E-8 0.049977042755845816
-0.379843340675863 -0.2969419115223147 0.06465963905911938 0 -3.630263390323295E-8 4.6418590418093784E-8 0.04997705146466898
-0.735100345459195 -0.11930462056175606 0.08291132970822639 0 -3.2749611350036084E-9 9.183819384668387E-8 0.04997704908201842
-0.5519968333853201 -0.6639303440969675 0.09374464706266032 0 -8.436783745740552E-8 6.037406554988098E-8 0.0499770666713897
-0.6178002971320175 -0.6884386430529175 0.09999999999999999 0 -8.958912525942614E-8 7.055240259304404E-8 0.04997705771983085
-0.4800125571007386 -0.5637645778356987 0.08255043176744221 0 -6.305914342641502E-8 6.151762471028236E-8 0.04997706070062908
-0.5399346500949583 -0.6040123388311484 0.08868415026698905 0 -7.579780951014343E-8 6.507463706274639E-8 0.04997707094799977
0.1043605879990727 -0.5010308479370807 0.0663275801738497 0 -6.100162553078108E-8 -2.654798639299249E-8 0.049977063341983576
0.14556246178613041 -0.5017461145955597 0.0669511130546236 0 -5.492998746379699E-8 -3.184157760890747E-8 0.04997706363865911
0.1399468089855873 -0.4672126633962517 0.06496624972127404 0 -5.0852155775954843E-8 -2.5027017526690693E-8 0.0499770682250734
0.10408488366078729 -0.44405468685268906 0.06327666735135784 0 -5.377120862826948E-8 -1.6351890798451648E-8 0.04997706300607476
-0.1061373350373039 -0.43371612134398735 0.06278756375601147 0 -4.717776215379961E-8 1.2063021564248556E-8 0.04997705963486388
-0.15386562481962193 -0.515523498759926 0.0678853449092873 0 -6.414376340444974E-8 6.3986226409069065E-9 0.04997705784698379
-0.1533021139497205 -0.45854960024362473 0.06473399748772987 0 -5.7502702511976055E-8 1.443249146238315E-8 0.049977063785326604
-0.09527352708204248 -0.48999184724793526 0.06560563290386158 0 -5.2671177718429664E-8 1.3443683704210314E-9 0.04997706319030874
-0.09590125636856876 -0.5619999312235504 0.06990127823248256 0 -6.476899633206462E-8 -7.964758086277178E-10 0.049977047592779995
-0.15663037176370528 -0.5733099421965812 0.07149707499548641 0 -6.901597568004284E-8 8.834870187669038E-9 0.04997704641435718
-0.2643961373711981 -0.69702971973395 0.0829765309474388 0 -8.263115310751116E-8 3.4325848648472023E-8 0.04997706589438776
-0.19926692702634366 -0.6350324834465847 0.07658242747619838 0 -7.478967226415307E-8 2.1309052959518293E-8 0.049977047092163676
-0.2937621218403118 -0.8161557505482272 0.0941366022415018 0 -1.0155563030178212E-7 2.5141258622713866E-8 0.04997707054088387
-0.2445064351501806 -0.7666415232960113 0.08818261063739219 0 -8.95333532193269E-8 2.336602673554879E-8 0.04997707488477072
-0.28738877712844163 -0.8792227618026947 0.09999999999999998 0 -1.0802127561396078E-7 2.379012876607544E-8 0.049977063323066506
0.24692814396934878 -0.6974874410583481 0.08250617855893734 0 -8.647706555730563E-8 -3.272369377282393E-8 0.049977066546041386
0.2521627428797361 -0.7694593063835823 0.08864404636431372 0 -9.572216469665305E-8 -4.181880889695172E-8 0.04997707761568146
0.297447604941039 -0.8106467532563326 0.09375141746476387 0 -9.61373793680141E-8 -5.158778353353768E-8 0.04997707339535641
0.28742318143973467 -0.8792115158194408 0.09999999999999996 0 -1.0713428324642524E-7 -5.1151141666365506E-8 0.04997706542924651
0.18957159845420457 -0.6243064952889011 0.07560329744867302 0 -7.482445836164687E-8 -3.052275929609376E-8 0.049977047116769854
0.12475562378528372 -0.5650913910725972 0.07045918166236258 0 -6.664998038587255E-8 -2.917069483906578E-8 0.04997704902386121
0.16970055881419605 -0.6915759378642314 0.08021607449160519 0 -8.591362496906491E-8 -2.5763503644892864E-8 0.04997705467680985
-0.02127679909875186 -0.5862434400348021 0.07098260267248739 0 -6.874457692307235E-8 -7.3256477454270105E-9 0.04997704138927634
0.047679088889249585 -0.6125339534466792 0.07287094188782159 0 -7.348064330681668E-8 -1.4759347172223093E-8 0.049977041906742965
-0.8531067718150073 -0.15803750226362162 0.09415708085227006 0 -2.1369906380435404E-8 1.0353268920433091E-7 0.049977051443444546
-0.7842181949983064 -0.17459658052838975 0.08806681761589173 0 -1.648155922367851E-8 9.22166624074158E-8 0.04997705719678006
-0.9051158299750597 -0.19076243784282004 0.09999999999999996 0 -2.5525329946530603E-8 1.0899653455834359E-7 0.04997704346331004
-0.47800098007166625 -0.2183882854981824 0.06713458210584479 0 -2.5156730535638293E-8 5.0523894042530704E-8 0.04997704042332468
-0.4503344724862791 -0.2539143429242661 0.06663047103760426 0 -2.997308287982326E-8 4.985255624724753E-8 0.0499770387602725
-0.647719142022224 -0.1435812801370505 0.07642272847163623 0 -1.0533546018210563E-8 7.841396587701479E-8 0.049977032787741515
-0.5329845388239062 -0.1985594752136453 0.0698139205090511 0 -2.4332757351442353E-8 5.859157088401788E-8 0.04997703709116762
-0.5744027965338088 -0.14938461510286838 0.07144252826293569 0 -1.8089958358126283E-8 6.73092240177676E-8 0.04997703437259174
-0.44626651447182913 -0.4769553831048422 0.07565680574632234 0 -5.515786685662432E-8 5.267648100583193E-8 0.04997704112911529
-0.5140310251048448 -0.4921578818310024 0.08018045280724437 0 -5.6553160146060834E-8 6.459505008303197E-8 0.049977047304610354
-0.4256087219342948 -0.3924588186076942 0.07047472570296819 0 -4.999841081973365E-8 4.583047712850573E-8 0.04997704287971878
-0.44295395304453694 -0.3153758255937713 0.06823813858748431 0 -4.0779483229366645E-8 5.0644451486815386E-8 0.04997704004621534
-0.722493271850469 -0.18466121884148878 0.08299584497449673 0 -1.2963969387118859E-8 8.597245669387568E-8 0.04997704668817143
-0.6008930547011089 -0.6092572756078648 0.09299302035398636 0 -7.982516787373561E-8 7.097264305482717E-8 0.04997706035905435
-0.684830613311738 -0.6217902179859557 0.09999999999999995 0 -8.115628883420941E-8 8.036302688847368E-8 0.049977049146772375
-0.5678213237459835 -0.5376676061363831 0.08613904983735729 0 -6.583395821953277E-8 7.091951189097666E-8 0.04997705679661789
-0.10379006268918359 -0.6311723493295895 0.07466578004946203 0 -7.451968634475236E-8 5.998740484041627E-9 0.04997704340325896
-0.2012336657215405 -0.7196538123444206 0.08312630758513646 0 -8.227415470408414E-8 2.2744535730729123E-8 0.049977062230238185
-0.14538614431124028 -0.6947291331504665 0.08002955113164488 0 -8.158962957648744E-8 1.4900142560610574E-8 0.049977051786780365
-0.2244810935107963 -0.8295744817427091 0.09335179876408069 0 -9.896452621757712E-8 1.635458805836477E-8 0.04997706594687354
-0.1948530319449167 -0.7756068237085788 0.08772926134592988 0 -9.011503227267434E-8 1.6971608537944913E-8 0.049977065830713166
-0.1961900777341867 -0.9039499420937565 0.09999999999999996 0 -1.1017113684191513E-7 1.2236538006293282E-8 0.04997705740738241
0.18083964416846282 -0.7595104378227607 0.08602850609777067 0 -9.564644097379062E-8 -3.0275161779145996E-8 0.049977064598820634
0.22639239794839497 -0.823169454837357 0.09279966487488275 0 -1.0260900988956477E-7 -4.2298181154707154E-8 0.049977068593274984
0.1962292603758944 -0.9039414372048344 0.1 0 -1.1145902834165056E-7 -3.892027566586534E-8 0.04997705874286809
0.115198487208555 -0.6531897985847656 0.07640980333620502 0 -7.886231578224238E-8 -2.088781511914946E-8 0.04997704603829361
0.13075868837865867 -0.7179080095003469 0.08165710231721485 0 -8.756069619709642E-8 -2.1063344411729972E-8 0.049977055300251205
0.11581756539084577 -0.7588114009433137 0.08487399945221091 0 -9.099608427411694E-8 -2.0342409635032038E-8 0.04997706037458012
0.049373389215154787 -0.6762514634930521 0.07753347573866784 0 -8.071099449127387E-8 -9.80612340121217E-9 0.049977048023628234
-0.018713178495829663 -0.6598847879456909 0.07617577755495697 0 -7.902904788785549E-8 -1.7628120679117422E-9 0.04997704515723815
-0.6738902730202501 -0.2204985208373878 0.07997070091519397 0 -1.9344796335310552E-8 8.130951823215456E-8 0.049977037953245616
-0.8340398056073672 -0.21902107573341584 0.09363611174877712 0 -2.7286862698182677E-8 9.790781737840926E-8 0.04997704822472441
-0.7682837005378527 -0.21778108265977308 0.08762455506029669 0 -2.178614577619182E-8 8.97991693325949E-8 0.049977049919652974
-0.8809151182252344 -0.2821428693025129 0.09999999999999996 0 -3.653115800736135E-8 1.0514832400743175E-7 0.049977039457062056
-0.5165019276401033 -0.27345997871285094 0.07083650833060155 0 -3.190187126506706E-8 5.865555873009551E-8 0.04997703211179764
-0.598583551544961 -0.22602979228178174 0.07467942546060534 0 -2.3529769609012803E-8 7.07170946236923E-8 0.04997703158483354
-0.5551101229584549 -0.47007014883430126 0.08146563252731462 0 -5.310459772158938E-8 6.827031366425667E-8 0.049977046746038714
-0.5105636494997625 -0.4275668331221898 0.07661161867134536 0 -4.887198959367871E-8 6.1489702625023E-8 0.049977038583951174
-0.504302912589223 -0.3476237550984314 0.07274022680505549 0 -4.096989727902353E-8 5.904716513608668E-8 0.04997703354288022
-0.7177089386751472 -0.2549295522420565 0.0843570467432338 0 -2.5389330320871263E-8 8.72104699772216E-8 0.04997704420716641
-0.6531660790226061 -0.2763311132584134 0.0799841441751332 0 -2.69853165945675E-8 8.129071035549296E-8 0.049977039381687134
-0.8437556437212325 -0.37907955935377746 0.0999999999999999 0 -5.073454810967266E-8 1.0376819639641027E-7 0.04997704329354711
-0.8010515387579304 -0.4625279007956028 0.09999999999999996 0 -6.068493448211165E-8 9.48639340784999E-8 0.04997705024661944
-0.7501479603301011 -0.5412050791178039 0.09999999999999992 0 -6.853109973601548E-8 8.57653201557412E-8 0.04997704797711998
-0.5998767009898777 -0.4788913706345559 0.08487289614566725 0 -5.4413779799647574E-8 7.187342107348124E-8 0.049977051284990845
-0.6562422498346266 -0.5241856689594518 0.09146905933596002 0 -6.443051334427798E-8 7.60001375935704E-8 0.049977052887312176
-0.08839747535315964 -0.7039498716595032 0.08000538942626953 0 -8.525133075716416E-8 8.409588690261052E-9 0.0499770518153789
-0.13806578705455586 -0.7497079460326577 0.08441541385599154 0 -8.96401326382842E-8 1.2660847054144339E-8 0.049977058622209136
-0.14308797449955213 -0.8318118172195702 0.0918642159103333 0 -1.0209346092859747E-7 8.016814755542621E-9 0.04997706133980541
-0.09361073890939048 -0.9202510142029422 0.09999999999999995 0 -1.1615068476056365E-7 -8.24886842040672E-10 0.049977058867412244
0.09365704332523053 -0.9202463037324216 0.1 0 -1.0975757826037072E-7 -2.5270718709200323E-8 0.04997705943500053
2.0711142119751377E-5 -0.9249949331376578 0.09999999999999996 0 -1.1354645762417692E-7 -1.3863842894680872E-8 0.04997706375890147
0.12762107521700664 -0.8265826692803618 0.09113421310198927 0 -9.91036990150455E-8 -2.669378598380109E-8 0.04997706282267128
0.08068135396090603 -0.7141673032968792 0.08075294753127603 0 -8.491369040383111E-8 -1.3252118551604834E-8 0.0499770544817296
0.06358506183867194 -0.7827017733005066 0.08643167294964102 0 -9.07767597227829E-8 -1.3435596040201647E-8 0.04997706788430913
0.02032803985547743 -0.7231235035279147 0.08113718206932351 0 -8.621813078872101E-8 -3.194058496468007E-9 0.049977059248211726
-0.03309170223836219 -0.7328034628470876 0.08197501691133365 0 -9.029492869511863E-8 3.6370598936111413E-9 0.049977060939135294
-0.7926496756412598 -0.2913333375023676 0.0919087000057277 0 -3.584012132846208E-8 9.594073540498082E-8 0.049977045689720466
-0.5810426636905172 -0.3157640075984303 0.07626188231201679 0 -3.255813496246006E-8 7.086084922411635E-8 0.049977035008596564
-0.5773213056470615 -0.42632356756478973 0.08066830857907491 0 -4.531193065822641E-8 7.004039348355657E-8 0.049977045196681766
-0.5604495700519321 -0.38109429561078195 0.0775098294695611 0 -4.028574324838298E-8 6.804981315402263E-8 0.04997703871728231
-0.6449966839705538 -0.44452809810358646 0.08625924084344862 0 -4.814204105661984E-8 7.50692546269846E-8 0.0499770574794731
-0.6508158876168189 -0.3390076459058359 0.08199721983987755 0 -3.3705566225139774E-8 8.31538603972304E-8 0.04997704955356405
-0.7091826270730177 -0.3233083988571452 0.08590988858162861 0 -3.6352521116134984E-8 9.052227829540406E-8 0.049977051701994485
-0.7619010673352372 -0.3837317836320327 0.09273617861998763 0 -5.068714520275775E-8 9.367049195445086E-8 0.0499770555849847
-0.7143597851634016 -0.46065181317541964 0.09243904770387959 0 -5.7160911295177284E-8 8.126067842663189E-8 0.04997705901913126
-0.07537530152887754 -0.7754914719888757 0.0858872030654022 0 -9.781059560267914E-8 4.862534943908353E-9 0.04997706474228867
-0.048377865911234746 -0.8513117859798408 0.09269807273978156 0 -1.0750064254875216E-7 -5.9068391266740076E-9 0.04997706924416959
0.043935839967012356 -0.8511210240129371 0.09265635168129686 0 -1.0047288764684213E-7 -1.810767542987909E-8 0.04997707013049975
-0.004822548609299441 -0.7855262944057825 0.08645491759740057 0 -9.596289632684899E-8 -3.5871528063497697E-9 0.049977076028212164
-0.615323196863825 -0.38077552285640776 0.08115372829448383 0 -3.7342570684216076E-8 7.621138532880285E-8 0.04997704884348811
-0.6821995337018092 -0.3893517946424338 0.0864501634511279 0 -4.2641135524554294E-8 8.450943946816531E-8 0.04997706440199725
