% Model:
% Version:
% Dimension:          3
% Nodes:              691
% Expressions:        4
% Description:        Surface
% X                       Y                        Z                        Color                    DeformX                  DeformY                  DeformZ
0.7501545366059812 -0.5411959634402135 0.09999999999999992 0 -4.4119604432636074E-8 -7.117518971634455E-8 -2.760950090524128E-5
0.8010709981238165 -0.4624941975024229 0.09999999999999998 0 -3.4716063103608516E-8 -7.321583699393722E-8 -2.7606415765213246E-5
0.09365704332523052 -0.9202463037324213 0.1 0 -7.893188142813661E-8 -1.3250793074875905E-8 -2.7602777359879996E-5
0.1962292603758942 -0.9039414372048337 0.09999999999999995 0 -8.123138980955322E-8 -2.2733095908049174E-8 -2.7604136547501888E-5
0.2874231814397345 -0.8792115158194402 0.09999999999999994 0 -7.795728458852758E-8 -3.1300180965618334E-8 -2.7598178121956176E-5
0.6177594039507672 -0.6884753389104772 0.09999999999999995 0 -5.511035930587024E-8 -5.734264392979623E-8 -2.7601632609871357E-5
0.6847899965302143 -0.621834949891059 0.09999999999999994 0 -4.9038245315155477E-8 -6.220421371770081E-8 -2.760926056965176E-5
0.6644823007055147 -0.538951594396605 0.09297818153954257 0 -4.467947122885984E-8 -6.118226352603736E-8 -2.7606636706881273E-5
2.0711142119768948E-5 -0.9249949331376585 0.09999999999999999 0 -8.268663953891597E-8 -5.6985677287170786E-9 -2.759823037224468E-5
0.04393583996701241 -0.8511210240129379 0.09265635168129693 0 -7.256426997318401E-8 -8.223905374986597E-9 -2.759259123663038E-5
0.7176713367395712 -0.4652126067437795 0.09294805270739674 0 -3.797563779668289E-8 -6.822109341212113E-8 -2.7599869323110288E-5
0.8437752388147 -0.3790359438971111 0.09999999999999999 0 -2.6262171680280538E-8 -7.371636564911288E-8 -2.7612907004967344E-5
0.7635253857731481 -0.3782532475337201 0.0926398396720293 0 -2.6857439423181533E-8 -6.565603439819522E-8 -2.7602396626666824E-5
0.5547456546446984 -0.6639301342123076 0.09391738389868395 0 -5.4653689786183865E-8 -5.324276999380955E-8 -2.7593746190950766E-5
0.5485314847714319 -0.7448023146284535 0.09999999999999996 0 -6.434650302754153E-8 -5.4333577026898765E-8 -2.760206984081817E-5
0.12762107521700677 -0.8265826692803626 0.09113421310198931 0 -7.210791178688921E-8 -1.338434328077419E-8 -2.7600437853898036E-5
0.22639239794839497 -0.823169454837357 0.09279966487488275 0 -7.573519902682211E-8 -2.496388117825854E-8 -2.759519569516446E-5
0.3707854054882235 -0.84742873429503 0.09999999999999998 0 -7.035751767735431E-8 -3.660839092748506E-8 -2.760004616433879E-5
0.297447604941039 -0.8106467532563327 0.09375141746476388 0 -6.98284005373775E-8 -3.138842391727E-8 -2.7590823181986536E-5
0.6050561438570463 -0.6036830020468074 0.09289418017943475 0 -4.7160257528098195E-8 -5.34686701064104E-8 -2.7600143283194276E-5
0.5365057739834548 -0.6074638984061794 0.08871198704411523 0 -5.096520576185115E-8 -4.582161580658809E-8 -2.7588997078382462E-5
0.640351776746304 -0.4627856253417016 0.08686037768572825 0 -4.3489304097285053E-8 -5.8620914575976976E-8 -2.7603520320976914E-5
0.6027366073062329 -0.5213223560235656 0.08747588350371878 0 -4.487504834538576E-8 -5.186209583661357E-8 -2.760587360877698E-5
0.11581756539084577 -0.7588114009433137 0.08487399945221091 0 -6.682392860033388E-8 -7.567139492325194E-9 -2.7603485358090337E-5
-0.09361073890939044 -0.9202510142029422 0.09999999999999994 0 -8.564031624705063E-8 3.4517229108967284E-9 -2.7603396870532856E-5
-0.19619007773418676 -0.9039499420937565 0.09999999999999996 0 -8.03788488412405E-8 1.2201040572458101E-8 -2.760553522128119E-5
-0.2873887771284415 -0.8792227618026944 0.09999999999999995 0 -7.917596859581741E-8 1.9877080587476988E-8 -2.7600270802582693E-5
0.06358506183867196 -0.7827017733005069 0.08643167294964106 0 -6.56573847555538E-8 -2.777842980211137E-9 -2.759554376072817E-5
-0.04837786591123471 -0.8513117859798404 0.09269807273978152 0 -7.976623733904865E-8 1.6332316106486615E-10 -2.759349717937051E-5
-0.004822548609299431 -0.7855262944057821 0.08645491759740055 0 -7.084676053737786E-8 4.259031412861803E-9 -2.7587248097104915E-5
0.8809325145611795 -0.2820885484172241 0.09999999999999999 0 -1.9208912937539508E-8 -8.054745569495525E-8 -2.761623944726459E-5
0.677795607943666 -0.39290477214771735 0.0862680402418979 0 -3.7423042475766486E-8 -5.755423217384897E-8 -2.7594204239338038E-5
0.6103906305879976 -0.40135765312469535 0.08172372928462611 0 -4.1524141973848256E-8 -5.189650018121813E-8 -2.7609968495085727E-5
0.8014927716328404 -0.2914410587712435 0.09271262928645595 0 -2.150557395147685E-8 -7.149771513151856E-8 -2.7611726922872042E-5
0.7173493567573874 -0.31695962258024274 0.08634023460744475 0 -2.7209367207478477E-8 -5.877911638055719E-8 -2.760755448913908E-5
0.8230806401765318 -0.20733638606092913 0.09232209730203018 0 -1.4053777263487905E-8 -7.680776664986354E-8 -2.760589924622932E-5
0.5055257679581893 -0.637124600070996 0.08897493457515948 0 -5.7561018992900426E-8 -4.6859631413984735E-8 -2.758871074809892E-5
0.4897167015298755 -0.6990669986722716 0.09278011319940965 0 -6.230228009589652E-8 -4.846415376582083E-8 -2.7597932067166226E-5
0.46249999999999986 -0.8010734985006049 0.09999999999999984 0 -6.823042491342003E-8 -4.498027325790271E-8 -2.7605911075822855E-5
0.18083964416846285 -0.7595104378227608 0.08602850609777069 0 -7.142346245658374E-8 -1.485394022574574E-8 -2.759954332856123E-5
0.2521627428797361 -0.7694593063835823 0.08864404636431371 0 -7.110464097869774E-8 -2.349321650474417E-8 -2.7586766901437198E-5
0.36329863298781023 -0.7692008953950572 0.09250410835033814 0 -6.313890256117837E-8 -3.373757113331168E-8 -2.7596853442735124E-5
0.29721686832567656 -0.7486484838731736 0.08825580478820183 0 -6.379985105869329E-8 -2.481067068973609E-8 -2.758661714016694E-5
0.566498136584519 -0.34007595181336675 0.07621962270586992 0 -3.252027486807962E-8 -4.7868410362057113E-8 -2.762486256777714E-5
0.5490740032503059 -0.5442731464552364 0.08535659345024513 0 -4.680900013915758E-8 -4.305093446961119E-8 -2.7601547459966797E-5
0.4877536710430043 -0.5826751104622181 0.08420495651136725 0 -5.551940755540545E-8 -3.779474824793116E-8 -2.759498700520025E-5
0.5629289159938321 -0.47314451663551055 0.08212579004392509 0 -4.378103496484785E-8 -4.6756052738945503E-8 -2.7612682260768886E-5
0.5395049675561714 -0.4037977139333864 0.07721405836956645 0 -3.7781102273977385E-8 -4.556876360122943E-8 -2.762241706670212E-5
0.08068135396090602 -0.714167303296879 0.080752947531276 0 -6.262692315900413E-8 -1.9393753526706504E-9 -2.7609698051796385E-5
0.1307586883786586 -0.7179080095003467 0.08165710231721483 0 -6.50872269369219E-8 -7.71184790134457E-9 -2.7609013481299193E-5
-0.3707535969478622 -0.8474426517245004 0.09999999999999994 0 -8.124517798515942E-8 2.9398368166739324E-8 -2.760272429482625E-5
-0.14308797449955207 -0.83181181721957 0.0918642159103333 0 -7.524571018730742E-8 1.0139957373854765E-8 -2.7601948440913513E-5
-0.22448109351079631 -0.8295744817427092 0.09335179876408067 0 -7.219382535505071E-8 1.5067008710704653E-8 -2.759774076615623E-5
-0.2937621218403122 -0.816155750548228 0.09413660224150187 0 -7.525881852195471E-8 2.091977452223815E-8 -2.7593491542019207E-5
0.02032803985547743 -0.7231235035279147 0.08113718206932351 0 -6.362674181330272E-8 5.657942763578979E-9 -2.760471009366825E-5
0.049373389215154835 -0.676251463493053 0.07753347573866787 0 -6.002650551016942E-8 1.9717311286590524E-10 -2.7616470472616704E-5
-0.07537530152887752 -0.7754914719888756 0.0858872030654022 0 -7.321220978472876E-8 9.771550064440983E-9 -2.759878190767353E-5
-0.03309170223836219 -0.7328034628470876 0.08197501691133365 0 -6.738211973617004E-8 1.0287558206726857E-8 -2.7602919108256972E-5
0.9051251563026282 -0.1907181838739738 0.09999999999999992 0 -1.01119203446649E-8 -8.198140313717193E-8 -2.761199608959816E-5
0.6346730356926771 -0.3174870091624341 0.08001946855914073 0 -3.201677918107296E-8 -5.1355744031957936E-8 -2.7616693812461992E-5
0.7578046117703346 -0.24801668508133742 0.08751626752734717 0 -2.175461364574071E-8 -6.835387821109308E-8 -2.7610579204456774E-5
0.6897625743522149 -0.264441860913035 0.0824063475266023 0 -2.5637008756455392E-8 -5.8568528175337145E-8 -2.761636516033955E-5
0.7597010793028803 -0.19500257071099417 0.08634694259141452 0 -1.948146011516563E-8 -7.028214277688018E-8 -2.7605481479931287E-5
0.7883546035916825 -0.1648885681025431 0.08824892692988197 0 -1.40691694052303E-8 -7.194860409409481E-8 -2.7598626566542013E-5
0.8374232558848942 -0.12934172138602965 0.09218338983550128 0 -5.003704192241877E-9 -7.219302031687607E-8 -2.760222086153374E-5
0.7880045515761319 -0.1291017367769672 0.0876205822064691 0 -1.1383522628548557E-8 -6.720536167731792E-8 -2.7598005931348263E-5
0.45389464101054455 -0.6418290507487612 0.08650541722977734 0 -6.151067233779125E-8 -4.0787204187740166E-8 -2.7597171595360737E-5
0.4122622788181451 -0.7140592129571535 0.09001680581831237 0 -6.227059995241276E-8 -3.7544960266688625E-8 -2.7601706934038688E-5
0.1697005588141962 -0.6915759378642319 0.08021607449160523 0 -6.453146043824021E-8 -1.0854977734826125E-8 -2.7610025110501608E-5
0.24692814396934865 -0.6974874410583478 0.08250617855893733 0 -6.486824559678434E-8 -1.4687787967668593E-8 -2.759838509260237E-5
0.3299132550602819 -0.6955796266909601 0.08507057911176502 0 -5.932643607112104E-8 -2.404236736312109E-8 -2.7599386654910378E-5
0.5796784116794852 -0.2776116098201063 0.07488927562467991 0 -2.5257406929444677E-8 -5.0227780292831315E-8 -2.7628204742888134E-5
0.5306797663003683 -0.29923675531161764 0.07251363051783592 0 -2.5196117166257914E-8 -4.68944899935156E-8 -2.762962066069544E-5
0.5018045759598764 -0.34636458619402455 0.07254833341115845 0 -2.8557375097043863E-8 -4.385250188718478E-8 -2.7627887954159008E-5
0.43691576165411183 -0.5863880363863174 0.08178506492225697 0 -5.772367114234774E-8 -3.480063296014153E-8 -2.7605408568999604E-5
0.5025098789806555 -0.5159632075862093 0.08087711077114174 0 -4.744995973836647E-8 -3.8471941346586426E-8 -2.7609765753231843E-5
0.4531934148271225 -0.5420428192507506 0.07976926362259741 0 -5.2087717581069084E-8 -3.483868049322468E-8 -2.761034780204035E-5
0.5051728219418842 -0.4543425560441293 0.07763963571270259 0 -4.112043216221076E-8 -4.158176763092782E-8 -2.7620113619888976E-5
0.4743994852003083 -0.40954268251415876 0.073738234339428 0 -3.421624496856736E-8 -4.1519325131257864E-8 -2.7624444645680957E-5
0.115198487208555 -0.6531897985847656 0.07640980333620502 0 -5.909701463702069E-8 -8.221328794603964E-9 -2.7618837727878473E-5
-0.4625000000000001 -0.8010734985006056 0.09999999999999992 0 -7.511423868198182E-8 3.724322056970777E-8 -2.7609308542506766E-5
-0.3837134371029664 -0.7748603000238192 0.09386619334345218 0 -7.45517669265185E-8 3.212505345691207E-8 -2.760219330580405E-5
-0.3293828651109605 -0.7771045511687245 0.09186418681824765 0 -7.49326236074637E-8 2.731616958037124E-8 -2.759384201551386E-5
-0.4839056580716607 -0.700569999447879 0.09257832058039935 0 -6.280058959905637E-8 3.832077844920132E-8 -2.7601750614921536E-5
0.04767908888924959 -0.6125339534466794 0.07287094188782159 0 -5.543561882367904E-8 -4.88179871708215E-9 -2.7623224260545324E-5
-0.19485303194491674 -0.7756068237085788 0.08772926134592987 0 -6.554355133558592E-8 1.6879110210263042E-8 -2.7598156972523486E-5
-0.1380657870545559 -0.7497079460326577 0.08441541385599156 0 -6.611981072474759E-8 1.4928655961535927E-8 -2.760535750813451E-5
-0.24450643515018045 -0.7666415232960108 0.08818261063739213 0 -6.528991334070173E-8 2.1176119277540915E-8 -2.7589352899127384E-5
-0.29287844997281653 -0.7560683801841976 0.08874412837590734 0 -7.033903783336175E-8 2.6787740108108127E-8 -2.758783007937534E-5
-0.018713178495829663 -0.6598847879456907 0.07617577755495693 0 -5.9078890049581623E-8 5.421392484553401E-9 -2.7619446164902313E-5
-0.08839747535315964 -0.7039498716595032 0.08000538942626953 0 -6.356095166081485E-8 1.2726488210841396E-8 -2.7612431016181184E-5
0.8548200389796248 -0.0652462727687064 0.09314675085287963 0 -1.1552542092969818E-10 -7.140640071975494E-8 -2.761227858944085E-5
0.9192877606928158 -0.10260258091221079 0.10000000000000002 0 -1.7217335801992492E-9 -7.809972085898868E-8 -2.7615211194963636E-5
0.6384778628041976 -0.2349189996283244 0.07770845629712514 0 -2.2749733729430578E-8 -5.521529092112208E-8 -2.762498269169817E-5
0.7040732060431756 -0.2032143579310842 0.08191372549943252 0 -2.2111740970080232E-8 -6.280008214073472E-8 -2.7615890943103496E-5
0.5898871014295897 -0.20776639827421509 0.07364495662277284 0 -1.676638181606893E-8 -5.293912295558441E-8 -2.7628549102325953E-5
0.7325342916850157 -0.13408386908087772 0.08291013088256632 0 -1.8083529740032748E-8 -6.297311018335499E-8 -2.7608199952525637E-5
0.8252770499196602 1.9257059754862352E-16 0.09008727174442388 0 3.01370629343647E-9 -7.178715489980912E-8 -2.7616315170481745E-5
0.7859407931602105 -0.07401767626946823 0.08680140328934058 0 -6.727431198203754E-9 -6.350990093367269E-8 -2.7608027568702127E-5
-0.499151538632016 -0.6334110077816723 0.08834372866104906 0 -5.511069137026807E-8 4.313315867739996E-8 -2.7592215997020264E-5
-0.539934650094959 -0.6040123388311489 0.08868415026698911 0 -5.784334229740458E-8 5.0344458011136026E-8 -2.7593081040607996E-5
-0.55199683338532 -0.6639303440969675 0.09374464706266032 0 -6.396532042735445E-8 4.515219646832785E-8 -2.7597315967797852E-5
-0.5485674035956859 -0.7447758606713794 0.09999999999999995 0 -6.891595139958806E-8 4.326377790618555E-8 -2.760591733628874E-5
0.36763254236248405 -0.6367582418875392 0.08211785344170683 0 -5.818632110621186E-8 -2.8785246268915297E-8 -2.7609661250274744E-5
0.18957159845420457 -0.6243064952889011 0.07560329744867302 0 -5.6256999221406116E-8 -1.4861095926517408E-8 -2.7618214364350603E-5
0.28831363121595577 -0.628175946475062 0.0785524110683112 0 -5.598598965119193E-8 -1.9922331107155065E-8 -2.7614452433700144E-5
0.526450453306162 -0.23768251001620336 0.07038843476625324 0 -1.7705891633558365E-8 -4.9356777310267416E-8 -2.762778384970863E-5
0.47890979704271586 -0.2863984098188226 0.06912760288748078 0 -2.1339577137140542E-8 -4.33696029838717E-8 -2.7627320245980886E-5
0.4494990254251993 -0.3483577682477059 0.06980849106780328 0 -2.494127207768483E-8 -4.021111782402153E-8 -2.7622674645354336E-5
0.38634553368626057 -0.5411366135074791 0.07653244947706521 0 -5.066244330512781E-8 -3.205752498316008E-8 -2.762009344663668E-5
0.43810869406594616 -0.47330739854493387 0.07505155127124848 0 -4.210055965707101E-8 -3.763016732671379E-8 -2.7621474631614873E-5
0.4170420346765119 -0.4108303752912244 0.07090170067103962 0 -3.21184947865185E-8 -3.984690810553506E-8 -2.761981505396133E-5
0.1909808398518187 -0.5616900805542806 0.07142639087555928 0 -4.73783398129451E-8 -1.9759243495650454E-8 -2.7619043854831727E-5
0.12475562378528363 -0.5650913910725969 0.07045918166236254 0 -5.0550527971313365E-8 -1.6181825995017487E-8 -2.7616673469683102E-5
0.05189365664575958 -0.5409828050063739 0.06822031633188272 0 -5.075138855886728E-8 -9.067086065955473E-9 -2.761837028563158E-5
-0.41249148408265685 -0.71445620812065 0.0900597252140442 0 -6.551455835730446E-8 3.576706869513688E-8 -2.7604605735991417E-5
-0.34485879204612635 -0.7195732958375974 0.08756922173357189 0 -6.863396974582523E-8 3.359590179943596E-8 -2.7599446977017232E-5
-0.4354763147019103 -0.6351536187841577 0.08509247440255904 0 -5.245785252002839E-8 3.97430222936464E-8 -2.760382410491786E-5
-0.02127679909875187 -0.5862434400348023 0.07098260267248742 0 -5.1811167744823636E-8 -3.097410021179146E-10 -2.7623935486043633E-5
-0.20123366572154053 -0.7196538123444207 0.08312630758513646 0 -5.995823271915838E-8 2.2328687126424932E-8 -2.7602201220835768E-5
-0.1453861443112404 -0.6947291331504667 0.08002955113164492 0 -6.028995311517073E-8 1.6816314724619435E-8 -2.761268050632559E-5
-0.26439613737119816 -0.6970297197339501 0.08297653094743883 0 -6.117012216043467E-8 3.1223272451694714E-8 -2.7598805345130406E-5
-0.314732642366773 -0.6679534491621226 0.08237892997106575 0 -6.089243000104958E-8 3.44835570249243E-8 -2.7607087368866616E-5
-0.10379006268918363 -0.6311723493295898 0.07466578004946206 0 -5.578385243146042E-8 9.612703630335624E-9 -2.762152956589693E-5
0.7822439697509947 0.07342341173252223 0.08646750245519458 0 6.0870408218184255E-9 -7.27417850520895E-8 -2.761153460951963E-5
0.9249999999999998 2.358937726024754E-16 0.09999999999999994 0 6.666238318045072E-9 -8.044568096294603E-8 -2.762234294912766E-5
0.851370675269602 0.07427003550197267 0.09288407134507307 0 1.2488092969211546E-8 -7.716824465220301E-8 -2.761378918023435E-5
0.8038717607621603 0.12213857484508564 0.0889547066003148 0 1.3504307360486287E-8 -7.188332352650377E-8 -2.760395301703109E-5
0.5408130551366507 -0.18150058753720788 0.06992281214701015 0 -1.034737778697358E-8 -5.092610533502894E-8 -2.7622997782694972E-5
0.7247257834183621 0.0852066297502373 0.08165698245211614 0 2.6571828817705074E-9 -6.629885480015694E-8 -2.7619267959806803E-5
0.6510493529215736 -0.15514133280147802 0.07686356365481603 0 -1.6106999574258212E-8 -5.671465678580256E-8 -2.7625568437584723E-5
0.5770279320473081 -0.15184347618041535 0.07165568912865208 0 -8.68385220036561E-9 -5.1370948721079625E-8 -2.7626460884647398E-5
0.6918887433807659 -0.06772116765551027 0.07886795692620667 0 -9.733134714406214E-9 -5.7958855041699855E-8 -2.7624628606461668E-5
0.7364981201835382 1.7871933341171726E-16 0.08222076644985389 0 -2.7263352761856406E-9 -6.407314959422729E-8 -2.7622366159361123E-5
-0.48001255710073826 -0.5637645778356982 0.08255043176744216 0 -4.6786717409175445E-8 4.929654529639144E-8 -2.7603701610914216E-5
-0.5678213237459834 -0.537667606136383 0.08613904983735729 0 -5.055131720486687E-8 5.4986450695801314E-8 -2.760698443386886E-5
-0.600893054701109 -0.6092572756078649 0.09299302035398636 0 -6.160510586027587E-8 5.3671660101393454E-8 -2.7603301613409168E-5
-0.6178002971320171 -0.688438643052917 0.09999999999999995 0 -6.812850712988704E-8 5.25660410620106E-8 -2.7605946352809255E-5
0.31808183532075807 -0.5509338997403093 0.07441383187593008 0 -4.913686326094447E-8 -2.70861043947275E-8 -2.762414018957538E-5
0.2593907519340379 -0.5686281064407216 0.07361593901057979 0 -4.909312749884702E-8 -2.2094776353277003E-8 -2.7623016076544284E-5
0.4250914842628162 -0.2904030737883922 0.06650384046370365 0 -2.0272658037548295E-8 -3.6489807816888903E-8 -2.762029759756007E-5
0.4860024477406568 -0.1810614961514008 0.06672716200822644 0 -1.2411556199090372E-8 -4.860155840632823E-8 -2.7614350673408575E-5
0.4546475825643904 -0.2329362873436874 0.0662732760967022 0 -1.8126714654398516E-8 -4.32372462096327E-8 -2.762257385340016E-5
0.39693548996928896 -0.3460112170117685 0.06719703593166886 0 -2.311846443554173E-8 -3.5621548237169015E-8 -2.761004000967163E-5
0.3565677611611388 -0.4614203059811383 0.07075125137743832 0 -4.0245686998802743E-8 -3.537080613936111E-8 -2.7622249180271144E-5
0.36327728761747163 -0.38800374757803646 0.06749345504717459 0 -3.106967448403333E-8 -3.824210276060187E-8 -2.7607908727548774E-5
0.3750627258693446 -0.2936858939923492 0.0643465481455432 0 -2.2589281651452307E-8 -2.8454201848379993E-8 -2.761224377197946E-5
0.14556246178613044 -0.5017461145955597 0.06695111305462358 0 -4.146327739653751E-8 -1.8041655586341928E-8 -2.7602621753101676E-5
0.1773504711629968 -0.5251479744589087 0.06889288845838194 0 -4.21824279313466E-8 -2.056274214205365E-8 -2.761305251512773E-5
0.2111878992556696 -0.5199281931560845 0.06932845783235407 0 -4.141030735103726E-8 -2.177332412600858E-8 -2.7618208802507903E-5
0.10436058799907272 -0.5010308479370807 0.0663275801738497 0 -4.7562796295567324E-8 -1.4429544663494916E-8 -2.760288679301326E-5
0.06673635655852131 -0.4767204709635782 0.06461779605353521 0 -4.772844475757919E-8 -6.746129796075238E-9 -2.7609058169625915E-5
-0.006975621790116399 -0.5183972256879046 0.06671599267023115 0 -4.5774292962183705E-8 -2.5570656081537687E-9 -2.7619272823619247E-5
0.021803385387518696 -0.4822544950869184 0.06469299319690378 0 -4.4999224632337E-8 -3.0717784854546475E-9 -2.7616773941800568E-5
-0.05196883438319561 -0.5240326103663052 0.06719869985797552 0 -4.3795656746648254E-8 3.3031754097024704E-10 -2.7616376158212486E-5
-0.3679909311443217 -0.6373789894665455 0.08217765681431859 0 -5.570435205527318E-8 3.665655403552803E-8 -2.7611979458022677E-5
-0.40158939943089916 -0.5697012631254147 0.07901179842938963 0 -4.7105663566072774E-8 3.9299537053280274E-8 -2.7617056408544943E-5
-0.09590125636856872 -0.5619999312235502 0.06990127823248253 0 -4.883994481762825E-8 3.097412191753835E-9 -2.761792842878097E-5
-0.19926692702634366 -0.6350324834465847 0.07658242747619838 0 -5.5881732421101494E-8 2.0912901650944636E-8 -2.7617910556764032E-5
-0.2841593977557326 -0.6153602706014176 0.07751426427315905 0 -5.528356951068306E-8 3.011291182567283E-8 -2.7618844995940825E-5
-0.15663037176370528 -0.5733099421965812 0.07149707499548641 0 -5.26204624782243E-8 1.0194277449667733E-8 -2.7619004035248638E-5
0.6892086201904363 0.11760753932384704 0.079182235454291 0 5.623034393901008E-9 -6.117652509191064E-8 -2.7625296343224005E-5
0.7461230180043805 0.1326560288062978 0.08402816782270867 0 6.5417793319394865E-9 -6.576891711023497E-8 -2.7610092832017347E-5
0.6908574756839181 0.1584953945063365 0.07995126254637963 0 9.11640022670254E-9 -5.9573149514198376E-8 -2.762477858621047E-5
0.9192877608705788 0.10260257931928718 0.09999999999999994 0 1.659873547751644E-8 -8.184731221054344E-8 -2.761939103076999E-5
0.8510855832446352 0.14814580550682163 0.09378949781498243 0 2.0387790793029273E-8 -7.286854214972812E-8 -2.761018725699768E-5
0.7902639371481001 0.17887268414595758 0.08869278761371624 0 1.6973938546813872E-8 -6.410264647867463E-8 -2.7607790751036985E-5
0.5270134709035552 -0.12362075461980128 0.0680883893303861 0 -2.9260568999861385E-9 -4.56408264253881E-8 -2.7615836830794034E-5
0.660910431014522 0.06111123862815046 0.0764443497197492 0 3.5731791150382267E-9 -5.889138504532281E-8 -2.7632425071867986E-5
0.5965173615012839 -0.07939251741876008 0.07200225824383245 0 -3.744494751036598E-9 -5.043559908867232E-8 -2.7631205330261762E-5
0.6371682462297272 1.7636191275501287E-16 0.07448630903843244 0 1.6139465488518454E-10 -5.534624867134157E-8 -2.7635091542674285E-5
-0.5998767009898777 -0.47889137063455584 0.08487289614566726 0 -4.14861143140003E-8 5.455025172731085E-8 -2.7612088478704292E-5
-0.4462665144718288 -0.4769553831048419 0.07565680574632232 0 -4.244725280507558E-8 4.18341584808159E-8 -2.7623527295580978E-5
-0.514031025104845 -0.49215788183100256 0.08018045280724438 0 -4.316623685229083E-8 5.090741307337136E-8 -2.7616831760226505E-5
-0.5551101229584549 -0.4700701488343014 0.08146563252731463 0 -4.057873385543008E-8 5.283534841628746E-8 -2.7617003677862167E-5
-0.6562422498346266 -0.5241856689594518 0.09146905933596002 0 -4.9603938505505556E-8 5.631389955286539E-8 -2.7610141991283702E-5
-0.6848306133117381 -0.6217902179859557 0.09999999999999995 0 -6.23421938681294E-8 5.951527255776383E-8 -2.7613981108748837E-5
0.27241004361507065 -0.4718280360333558 0.06830375115676078 0 -3.980260660157405E-8 -2.7073353977403008E-8 -2.762264534333942E-5
0.4535801009187721 -0.11979187747949692 0.06395953291420167 0 -1.3470391773658968E-8 -3.795883053811938E-8 -2.7605161857517848E-5
0.39072217276086296 -0.23584567652234287 0.06329187670784985 0 -2.040059070301155E-8 -3.306897226998252E-8 -2.762198547778706E-5
0.41238404925178007 -0.18021837395374024 0.06296662723972753 0 -1.898255208060122E-8 -3.842739711481118E-8 -2.7619470205677807E-5
0.33633282409977633 -0.33989669688880314 0.06444423660906805 0 -3.174254889792418E-8 -2.8531074264352706E-8 -2.759967124615092E-5
0.30008338071089913 -0.40108479031261085 0.06570468861303413 0 -3.773558257818883E-8 -3.129889462956809E-8 -2.761361621084902E-5
0.32685099627426545 -0.2905697969488598 0.06232853198902638 0 -2.813445395336941E-8 -2.271948970611838E-8 -2.7613131623091513E-5
0.34557599933864525 -0.25420475687873284 0.06192004258218349 0 -2.3255993703418052E-8 -2.5741229884254806E-8 -2.7620734213328295E-5
0.13994680898558723 -0.4672126633962515 0.06496624972127402 0 -3.881844679807256E-8 -1.147345873539958E-8 -2.7598316568155732E-5
0.19075484218748176 -0.4725311643222945 0.06620021711897697 0 -3.5568280836260456E-8 -1.7782911784708927E-8 -2.7610947022159685E-5
0.04901016908663563 -0.43723836174505165 0.062459634223422635 0 -4.2573192384243905E-8 -1.4631501184460097E-9 -2.7616028578911693E-5
0.10408488366078726 -0.44405468685268895 0.0632766673513578 0 -4.268959507323999E-8 -4.2760901344017215E-9 -2.7603710488624276E-5
-0.03083759909542402 -0.4757419881377713 0.06436680609968096 0 -3.97896343325356E-8 2.1270828206176374E-9 -2.7616040899539263E-5
-0.0058033119248053185 -0.4414101175550563 0.06253303354413749 0 -3.902668177138738E-8 2.3151748033903042E-9 -2.7619541200891225E-5
-0.39030681785658333 -0.4466269881485597 0.07141764844659583 0 -4.210604473056034E-8 3.149782328188049E-8 -2.7623360612116224E-5
-0.09527352708204243 -0.48999184724793493 0.06560563290386152 0 -3.967394270937236E-8 5.221046327450959E-9 -2.7602918425995653E-5
-0.31827009850817745 -0.5512599811461146 0.07444098367382036 0 -4.94823896982981E-8 2.9490568350851013E-8 -2.762630437376251E-5
-0.36296726797354567 -0.5093150093458659 0.07364571283377143 0 -4.510088824649891E-8 3.2010169463657654E-8 -2.7626333137311193E-5
-0.1538656248196219 -0.515523498759926 0.0678853449092873 0 -5.00928893190781E-8 7.842399417444159E-9 -2.7607984760982315E-5
-0.23145619169988374 -0.5426436945370011 0.07120349698950754 0 -5.200779079374733E-8 1.9114499108288826E-8 -2.7623362993991087E-5
0.02839276411724586 -0.3973392921812578 0.06048540173023527 0 -3.673460881800872E-8 7.415787251487252E-10 -2.7624327751475077E-5
0.6359863797306674 0.13411282944887548 0.07542020319546493 0 1.1401183373038999E-8 -5.541379848099618E-8 -2.7633250765283753E-5
0.7226994437477957 0.1997352924878217 0.08334138075756291 0 1.3809405141715357E-8 -6.02216825662931E-8 -2.7620495952594636E-5
0.6524176664552398 0.20477109599706128 0.07797707686621592 0 1.5855817817206503E-8 -5.617182366793722E-8 -2.7632685333617404E-5
0.9051251569294585 0.19071818089926676 0.09999999999999994 0 2.3815210067299877E-8 -7.530359187261935E-8 -2.761983158455477E-5
0.8318102133114379 0.22322523392999097 0.09353078509252784 0 2.4774996657188476E-8 -6.720159583368217E-8 -2.7617751274459706E-5
0.7561533810021175 0.2511688924028691 0.08746370240455802 0 2.282225372897662E-8 -6.336502511383712E-8 -2.76212411787367E-5
0.5078212312272354 -0.05773868566153316 0.06628756501631425 0 -5.155101179827039E-10 -4.0040143773585466E-8 -2.7622018565365256E-5
0.580043566339009 0.07440259297015442 0.07086095755136954 0 1.1207327638951861E-8 -5.195083403873909E-8 -2.763335088716811E-5
0.5449077695259106 1.435041058529122E-16 0.06830916124377966 0 4.66887240779842E-9 -4.721407114799019E-8 -2.763188704678644E-5
-0.6449966839705535 -0.4445280981035864 0.08625924084344859 0 -3.655759379580241E-8 5.580757289094177E-8 -2.7605317096192475E-5
-0.5773213056470615 -0.42632356756478973 0.08066830857907491 0 -3.454011694992517E-8 5.3634895764007274E-8 -2.7618204661772486E-5
-0.42560872193429483 -0.3924588186076942 0.07047472570296821 0 -4.073818001537319E-8 3.5810925661125396E-8 -2.76219146467965E-5
-0.5105636494997626 -0.4275668331221898 0.07661161867134533 0 -3.811154683434185E-8 4.790858070956708E-8 -2.7625470802596423E-5
-0.6821995337018094 -0.3893517946424338 0.08645016345112792 0 -3.32388925429106E-8 6.361330358570252E-8 -2.7597642082604787E-5
-0.7143597851634019 -0.46065181317541976 0.09243904770387963 0 -4.483138474814212E-8 5.9055026331917335E-8 -2.7603131208405672E-5
-0.7501479603301018 -0.5412050791178046 0.09999999999999998 0 -5.290704450492202E-8 6.209089492790372E-8 -2.7614287565623888E-5
0.23193963455587194 -0.401731231339728 0.06368217918749611 0 -3.5557327118070954E-8 -1.9934219539335615E-8 -2.761980531025337E-5
0.4253355502182103 -0.060426816635170834 0.06194940187312641 0 -8.571966341179514E-9 -3.296088429572179E-8 -2.762377053347E-5
0.3783639298171796 -0.12391451309547895 0.06047575124681011 0 -1.563392174922893E-8 -3.186949278712468E-8 -2.762646168573806E-5
0.3404696044317066 -0.192505611563268 0.06016257670047243 0 -1.877174154481545E-8 -2.8449244754825117E-8 -2.7629418024743312E-5
0.2704412885460664 -0.32134890739138106 0.06148782850104334 0 -3.392458917433269E-8 -2.0867744519535364E-8 -2.7618892174544497E-5
0.28780126788651955 -0.24610682281377952 0.05962067759661022 0 -2.4042314506533305E-8 -2.2194684909143428E-8 -2.762818230136218E-5
0.15779399244920164 -0.4060014305216929 0.062242172248634084 0 -3.429668791423119E-8 -7.91117544565346E-9 -2.76151692791729E-5
0.08201071126761389 -0.3939388987243753 0.060668066988986274 0 -3.7066742078513986E-8 -1.8192262910836727E-9 -2.762051205396536E-5
0.04349199689707277 -0.3606955682361924 0.05897556113419837 0 -3.2714815079531354E-8 -1.546651370725664E-9 -2.762878250784194E-5
-0.05772042989369192 -0.4373202270026056 0.06251628812885628 0 -3.509322181866634E-8 8.501651102226062E-9 -2.761476990403071E-5
-0.03317807935019408 -0.4000499580003112 0.06062434517611841 0 -3.428194642647524E-8 6.430167184718731E-9 -2.762377806636813E-5
-0.3619566518906658 -0.37751131442037245 0.06698450376718922 0 -3.761913401123759E-8 2.726325926348952E-8 -2.7606858857047726E-5
-0.36626813150114024 -0.4166408143589399 0.06892167223823106 0 -4.011193090374299E-8 2.678564860755871E-8 -2.7617096917930194E-5
-0.3449125590697449 -0.44322460700183025 0.06935603931497553 0 -4.0959838437428916E-8 2.5453734475658702E-8 -2.7621689145685252E-5
-0.1061373350373039 -0.43371612134398735 0.06278756375601147 0 -3.647284748282328E-8 1.5454150813278713E-8 -2.7606882570547884E-5
-0.1533021139497205 -0.45854960024362473 0.06473399748772989 0 -4.576580337611368E-8 1.587114221210835E-8 -2.7602438928877197E-5
-0.27258732769368704 -0.47213510106489254 0.06832563375196132 0 -4.4649537382236066E-8 2.1457620245348166E-8 -2.7624475806488768E-5
-0.2137590545386873 -0.47234636278777903 0.06671710658979699 0 -4.798492949385336E-8 1.7670163640486935E-8 -2.7617374833064025E-5
-0.18675532053812582 -0.4349325178463068 0.06418357757579088 0 -4.3698442263933766E-8 1.945081070125999E-8 -2.761381821611646E-5
-0.3826278748778653 -0.34149739132768103 0.06638993492953281 0 -3.753146177501527E-8 3.4451884990333E-8 -2.7607701313081185E-5
-0.0010639892128916778 -0.35571530812846325 0.05866683852382106 0 -3.185887081302763E-8 1.4225415663275535E-9 -2.762985647750391E-5
0.5665181445886517 0.15558354761445173 0.07104008880031383 0 1.9510593058332298E-8 -4.7279614603515375E-8 -2.7631381350085885E-5
0.5953591891669738 0.1936606882201294 0.07369160395615945 0 1.9188311127718158E-8 -4.997939316107132E-8 -2.763611607737445E-5
0.5192463818471629 0.12824117265253684 0.06769417632898124 0 1.9502818677580682E-8 -4.436740932391855E-8 -2.7618487235961432E-5
0.5285393108936259 0.16518893231571916 0.06885934434787161 0 2.149701702400978E-8 -4.172542035816949E-8 -2.762521328673666E-5
0.6744856330743806 0.25899543825752414 0.08106282636378111 0 2.0712904394434445E-8 -5.984013802969655E-8 -2.762938114706817E-5
0.5964895386590124 0.24538252217967127 0.07505456752399722 0 2.1818286486377703E-8 -5.112950818882091E-8 -2.76382269202084E-5
0.8809325160784339 0.2820885436790224 0.09999999999999994 0 3.1150199141130914E-8 -7.248598059373979E-8 -2.7628061923576778E-5
0.7133503615870089 0.32015636681811027 0.08613118221459619 0 2.9533550615640302E-8 -6.562601947582961E-8 -2.7620226508756965E-5
0.7978472984237357 0.3041762806928354 0.09281227257926788 0 3.205278769460373E-8 -6.814163301739912E-8 -2.7624064564793272E-5
0.4636209692030302 1.4593888372567647E-16 0.06366862151549985 0 6.060035889081332E-10 -4.0085210095242335E-8 -2.7627384797631287E-5
0.4938126220450951 0.06489296717588176 0.06554297030555511 0 9.704320614248305E-9 -4.765017630238613E-8 -2.7621149371985764E-5
-0.6153231968638251 -0.38077552285640803 0.08115372829448388 0 -2.8375333336695E-8 5.815607886242524E-8 -2.7613925699534623E-5
-0.560449570051932 -0.3810942956107818 0.0775098294695611 0 -3.136300093989039E-8 5.2325562951524216E-8 -2.762466901867216E-5
-0.4429539530445369 -0.3153758255937713 0.06823813858748431 0 -3.462939290017831E-8 3.984594957278394E-8 -2.762441642821392E-5
-0.5043029125892239 -0.34762375509843185 0.07274022680505556 0 -3.345620395267949E-8 4.567780085100608E-8 -2.76303289188971E-5
-0.6508158876168189 -0.3390076459058359 0.08199721983987755 0 -2.6380931328513924E-8 6.355415315381514E-8 -2.761248990617882E-5
-0.7091826270730176 -0.32330839885714513 0.08590988858162861 0 -2.9581595603363518E-8 6.842520264962832E-8 -2.760941702327132E-5
-0.7619010673352372 -0.3837317836320327 0.09273617861998763 0 -4.139872607726264E-8 6.936836456220372E-8 -2.7605394504764733E-5
-0.8010515387579304 -0.4625279007956028 0.09999999999999996 0 -4.817052065292418E-8 6.89545668551777E-8 -2.761094590986868E-5
0.19236089157799777 -0.33317883760233996 0.059881599761303 0 -3.086058494120393E-8 -1.4182418735129342E-8 -2.7629688119181504E-5
0.38492668203237634 1.0023152680894796E-16 0.05989052034096669 0 -2.2641516721885024E-9 -3.314447709122202E-8 -2.7635831126712302E-5
0.2997814449763267 -0.1302546190444194 0.057552736756421544 0 -9.825341218240952E-9 -2.613559973572531E-8 -2.763410852268772E-5
0.3411851195480258 -0.06215460789797836 0.058312559079427444 0 -6.348319823296216E-9 -2.801441914487949E-8 -2.763688610136573E-5
0.25568805190108224 -0.19009790761699052 0.05725179690059135 0 -1.522399411996949E-8 -2.3673579380271354E-8 -2.763277161841102E-5
0.21970172124605264 -0.25470361780543144 0.057909449658114676 0 -2.3605960243634327E-8 -1.9243362731243975E-8 -2.7633955337445204E-5
0.23090062297727731 -0.13379820267190193 0.05553869913937325 0 -5.648010245858044E-9 -2.330418714199437E-8 -2.7623700878421835E-5
0.10559774308437374 -0.32641465451667345 0.0581670361159444 0 -2.8340757669130545E-8 -7.416003548158267E-9 -2.7632057685634768E-5
0.031363797849434556 -0.30517057546423765 0.0568332914109285 0 -2.6307762875117797E-8 -5.337046501640172E-9 -2.7629644448852297E-5
-0.08918266806588585 -0.39015326021997465 0.06056960464965617 0 -3.339578574625565E-8 1.3580099720500161E-8 -2.762125029363193E-5
-0.049756265008924744 -0.359262534671633 0.05895024498757894 0 -3.170273662383143E-8 6.89876096552253E-9 -2.7629019823978694E-5
-0.33370914900421456 -0.3553876317528072 0.06495432896100803 0 -3.0387396252490185E-8 2.8109817392624626E-8 -2.7602128616929913E-5
-0.31386332305040454 -0.4019336098806021 0.0662221637922308 0 -3.458884824595794E-8 2.229810809680008E-8 -2.7613844641587217E-5
-0.15459594130071444 -0.3919265872876224 0.06155021858866086 0 -3.647893715101019E-8 1.967764635457031E-8 -2.7619568728125508E-5
-0.2322802926341843 -0.4023212684393738 0.06371797650698165 0 -3.6385734934927446E-8 2.1217631325384706E-8 -2.7620838899380937E-5
-0.33230969380311987 -0.31257443393730217 0.06328313435425743 0 -2.6220598654241626E-8 3.510438886422472E-8 -2.7607480209675256E-5
-0.37984334067586323 -0.29694191152231486 0.06465963905911942 0 -3.095879168772084E-8 3.826503036477175E-8 -2.7613668246608258E-5
-0.03281109095750644 -0.303248501545522 0.05677241598853609 0 -2.8299883887983415E-8 2.1746136275450058E-10 -2.762963461255393E-5
0.002774404310843052 -0.26370741404826953 0.055444406431408536 0 -2.328261312683436E-8 -6.755770054492346E-9 -2.762066835172621E-5
-0.4503344724862791 -0.2539143429242661 0.06663047103760426 0 -2.630811970539678E-8 3.8703104404937434E-8 -2.7625370684529347E-5
-0.40625597693717014 -0.2614749559637888 0.06471383725610917 0 -2.649260902391597E-8 3.781584330943621E-8 -2.7621970685590425E-5
0.4615326701397575 0.12346215125476942 0.06442192515091573 0 9.858495814171666E-9 -4.05035284137623E-8 -2.7608762505130963E-5
0.5387084587482873 0.20560708274998704 0.07032262751622614 0 2.2940816474991487E-8 -4.2431666904325566E-8 -2.763371984781402E-5
0.4879508039440348 0.17532903328848173 0.06671893154849401 0 1.9686046042763004E-8 -3.579457176567805E-8 -2.7620230710207384E-5
0.532509259731304 0.25445661626164345 0.07121936353097057 0 2.5453252398960847E-8 -4.326310534004809E-8 -2.7639342625339596E-5
0.6341588941531792 0.31283518999890103 0.07981624453248937 0 2.4337652035603188E-8 -5.843604065862296E-8 -2.7630357978788348E-5
0.5661686439840169 0.30314954318445153 0.07485251919573685 0 2.6268255579655188E-8 -4.9359765685109604E-8 -2.7640111237532382E-5
0.8437752416466553 0.3790359375932063 0.09999999999999998 0 4.13469549830298E-8 -7.27379186365707E-8 -2.7628733033343088E-5
0.6719229666176102 0.38840511082381185 0.08561888827579653 0 3.141675136538851E-8 -6.000578570322837E-8 -2.7611660656496985E-5
0.7564175363077813 0.38622567562379634 0.09237249347625182 0 4.135615325311664E-8 -6.583980820756699E-8 -2.7616825006216678E-5
0.41461516466779025 0.07768102097507298 0.06157475739077051 0 2.4889550714155792E-9 -3.9331031667834687E-8 -2.7625752156570796E-5
0.41609697408913526 0.13788398400008967 0.062378681269293045 0 6.653925992519303E-9 -3.511023708503093E-8 -2.762111704822064E-5
0.3331467524821928 0.06332732629493788 0.0580143200893398 0 5.5713910907003794E-9 -2.9753477995721394E-8 -2.7639885799245264E-5
-0.47800098007166614 -0.21838828549818234 0.06713458210584479 0 -2.2904635911319107E-8 3.818462498665287E-8 -2.7623128899070528E-5
-0.581042663690517 -0.3157640075984302 0.07626188231201678 0 -2.6255689610160042E-8 5.4216269677124766E-8 -2.7627762447976918E-5
-0.516501927640104 -0.27345997871285144 0.07083650833060166 0 -2.7378714158998392E-8 4.472240244244441E-8 -2.7631241364349487E-5
-0.6531660790226061 -0.2763311132584134 0.0799841441751332 0 -2.218963431336181E-8 6.155498342127124E-8 -2.7622083813574022E-5
-0.7177089386751481 -0.25492955224205677 0.08435704674323387 0 -2.137633549305096E-8 6.471797377826789E-8 -2.761607894396021E-5
-0.7682837005378522 -0.21778108265977297 0.08762455506029665 0 -1.9217746203290963E-8 6.514225663479971E-8 -2.7609144790883347E-5
-0.7926496756412593 -0.29133333750236745 0.09190870000572768 0 -3.0253028423285725E-8 7.027046016628151E-8 -2.7613882859584963E-5
-0.8437556437212325 -0.37907955935377746 0.0999999999999999 0 -4.152823369699368E-8 7.597393813759672E-8 -2.7616552314399915E-5
0.14972579901011426 -0.2593326910893636 0.056582144341893334 0 -2.1589817128614278E-8 -1.504327602688039E-8 -2.7634870660003925E-5
0.30024351839566077 1.0287337474471442E-16 0.0566089984335615 0 3.007639722469938E-9 -2.5693099548780327E-8 -2.7639840601970468E-5
0.25485064501553867 -0.06881848120103613 0.0554520694654174 0 2.331904676524372E-10 -2.0898595360140827E-8 -2.762948455186943E-5
0.2018137422816696 -0.09141964150518621 0.054287541904913736 0 -1.8183302623695287E-9 -1.6681667661670292E-8 -2.761176866563314E-5
0.1764824224893901 -0.17786432905826247 0.05506179018247805 0 -1.3503203452290023E-8 -2.1162416361347956E-8 -2.762462981666786E-5
0.17846806103523252 -0.12182655323316927 0.054152220507936534 0 -8.265440751087452E-9 -1.974517509940382E-8 -2.7609054426938003E-5
0.06445906182530688 -0.2524774236880236 0.055351148337145016 0 -1.866564563497386E-8 -1.0066717306857538E-8 -2.762515704059417E-5
0.01713256069613923 -0.2191946756676691 0.054245341320781695 0 -1.6729763678938172E-8 -5.758588125693091E-9 -2.76084207924977E-5
-0.015811501710617768 -0.22080470166743846 0.054282927994611936 0 -2.242609405964874E-8 -3.127786657049885E-9 -2.760867173088811E-5
-0.11115524588477288 -0.32319159740630654 0.058116751891295344 0 -2.979511162791157E-8 1.1770891367723467E-8 -2.7633178743403858E-5
-0.2724211583800276 -0.34021230275634257 0.06225471036920954 0 -2.5243186668928868E-8 2.6074834555621992E-8 -2.761770555606386E-5
-0.19295762658678686 -0.33421241295621795 0.059933626134453855 0 -2.8819501213739926E-8 2.0205147984992547E-8 -2.763039194965981E-5
-0.299671918215507 -0.26919022055739933 0.06068803798570996 0 -2.1177911725022124E-8 3.1429984465997716E-8 -2.7623685303602314E-5
-0.35401952964801076 -0.2618191533072333 0.0624765930436588 0 -2.3654827687464232E-8 3.649673313273434E-8 -2.7620299414253045E-5
-0.059917909088264505 -0.2537684697083779 0.05535616729591674 0 -2.6815231872668866E-8 8.500989138708112E-10 -2.762501904137881E-5
-0.4286041911968905 -0.21160410640457614 0.06443452009247358 0 -1.9244431783784162E-8 3.5863647803440575E-8 -2.7621798118357565E-5
-0.3837371950984817 -0.21760730691022395 0.06251779019199943 0 -1.8839156985667238E-8 3.525821594047258E-8 -2.762472097442785E-5
0.44078820931890417 0.17778853409565737 0.06428879605061415 0 1.4299422028447436E-8 -3.3032665120332516E-8 -2.762158415088262E-5
0.4759951064045458 0.23047538821939026 0.0673334019397155 0 2.3844333422878577E-8 -3.6375392830189187E-8 -2.763256275432295E-5
0.5023235944487765 0.29151864533540206 0.07059623054924213 0 2.9245230930713002E-8 -4.1582059157504754E-8 -2.764074416826095E-5
0.5853609901656723 0.37038384021673393 0.07867156144500055 0 2.866926284630173E-8 -5.2446353439759126E-8 -2.7633795614926827E-5
0.5293785213896149 0.3388907230126146 0.07386902220939724 0 3.0699488741421596E-8 -4.576446164341492E-8 -2.764174622125682E-5
0.8010710017272104 0.46249419126110125 0.09999999999999991 0 4.7970039366078754E-8 -6.559999139160463E-8 -2.7625852192162883E-5
0.626960623589047 0.4522983371432033 0.08535306995964971 0 3.70168683055579E-8 -5.206517697590136E-8 -2.762353472464796E-5
0.7061350528834721 0.4673278645716987 0.09212747065803699 0 4.4460301339532676E-8 -5.4902774418693845E-8 -2.76190682117967E-5
0.3592371994727271 0.12552401442410036 0.05970040660633737 0 8.008318929479458E-9 -3.145916080963823E-8 -2.763502800225519E-5
0.39449037889125516 0.17177804019933995 0.06198157459134765 0 1.168594585794293E-8 -3.2416415801497714E-8 -2.7628766279767545E-5
0.2907007887888551 0.1297941048796961 0.057242741237689944 0 1.4088365067008345E-8 -2.424941241808886E-8 -2.7638747466326256E-5
0.2538184516803514 0.06940494742292715 0.05542696753822805 0 1.2680199908977558E-8 -2.2401904586212968E-8 -2.763177795317529E-5
0.20062573683728857 0.09527047772396227 0.054301155270572714 0 1.4744834533060223E-8 -1.6707130633740023E-8 -2.7614730043390568E-5
-0.4690213191754545 -0.16282051739106812 0.06545407679976868 0 -1.582430998507793E-8 3.6839892347108215E-8 -2.7609674681836806E-5
-0.5329845388239064 -0.1985594752136454 0.06981392050905111 0 -2.2826243743534266E-8 4.391718912409943E-8 -2.7625498464237064E-5
-0.5985835515449605 -0.2260297922817816 0.07467942546060531 0 -2.0835649982575923E-8 5.3277844933095755E-8 -2.763023238495565E-5
-0.6738902730202506 -0.22049852083738797 0.07997070091519404 0 -1.6782662683163396E-8 6.066988865951145E-8 -2.7622641368024978E-5
-0.7224932718504692 -0.1846612188414888 0.08299584497449673 0 -1.1795065685653949E-8 6.325831770582092E-8 -2.7612718848023075E-5
-0.784218194998307 -0.17459658052838994 0.0880668176158918 0 -1.5651263078703066E-8 6.687768679333391E-8 -2.7601070063161133E-5
-0.8340398056073667 -0.21902107573341573 0.09363611174877708 0 -2.4585739199468062E-8 7.045531013952949E-8 -2.7609822300627248E-5
-0.8809151182252344 -0.2821428693025129 0.09999999999999996 0 -3.1195754093051484E-8 7.572521523047408E-8 -2.761868836681992E-5
0.11138757858716244 -0.19292894544503636 0.054318208030815426 0 -1.4617642374490432E-8 -1.3497801983866022E-8 -2.7623936572627127E-5
0.2238875048948224 7.238912562247948E-17 0.054346295287657886 0 5.323411328193695E-9 -1.8955517758561573E-8 -2.762759232438722E-5
0.19420772375092543 -0.04676552312468657 0.053768452091938715 0 -1.237807966193672E-10 -1.3327578771953311E-8 -2.7617661715492805E-5
0.16765785073129597 -0.0820458117059934 0.0534822586461166 0 -7.083094615095378E-9 -1.1870300275925843E-8 -2.7607983716364147E-5
0.1532214795718842 -0.1047515501973591 0.0534601593182905 0 -1.1208511094649762E-8 -1.4053489702898227E-8 -2.7607917137907765E-5
0.13365633223327952 -0.1314943305448411 0.053500013617672364 0 -1.3620321560146252E-8 -1.4725436056961078E-8 -2.7613981398022667E-5
0.1909210649037196 0.04684254353730671 0.053697308093126346 0 7.746822035819241E-9 -1.900634063014626E-8 -2.7618923920083722E-5
0.05493858025113072 -0.1872116672800932 0.053664600392910426 0 -1.2409368187626849E-8 -5.414280840716015E-9 -2.7614643448469525E-5
0.0015895535343272628 -0.18045943852644164 0.053353802929854664 0 -1.5906988942294092E-8 2.756356455456751E-9 -2.760630109355117E-5
-0.053441146730527564 -0.18709102439814254 0.05365287398922711 0 -2.1260402664874865E-8 4.3327751990513075E-9 -2.7614593560451617E-5
-0.15050660974349658 -0.260685094950677 0.05663516711153095 0 -2.4851744450659996E-8 1.179173939321524E-8 -2.7635675295278916E-5
-0.22974591189928226 -0.256397975299907 0.05821373401797809 0 -2.165107016350628E-8 2.1348126220132654E-8 -2.7634100257171776E-5
-0.2901412929767384 -0.21922908092139923 0.05898973037684318 0 -1.8821381405004065E-8 2.7928795359612787E-8 -2.7632241180050593E-5
-0.3302765228915605 -0.22443841547131757 0.06052899064430553 0 -1.8782024582031963E-8 3.272908279445643E-8 -2.762834840935567E-5
-0.11217260429255088 -0.1942886498520168 0.05435789315243198 0 -2.0071353623908324E-8 6.378248754877601E-9 -2.7624702451439598E-5
-0.4043520178042477 -0.16901983470521795 0.062374130552393804 0 -1.1265676009864821E-8 3.483670841608953E-8 -2.7621141377365278E-5
-0.36201088411519367 -0.17400839360604692 0.060635096430618034 0 -1.2831466730876598E-8 3.3145718384008224E-8 -2.7628801600565294E-5
-0.42569230627547644 -0.12215318657273527 0.06260425960749791 0 -5.3949615408614656E-9 3.972481439979689E-8 -2.761396048097143E-5
-0.467604489294916 -0.09647351175034927 0.06440527405535047 0 -8.917001667313545E-9 4.7356620657439475E-8 -2.7609171590942064E-5
0.40159415937487924 0.2222711945652258 0.06342742714419668 0 1.9830497445942626E-8 -3.364640800843378E-8 -2.7630914463559917E-5
0.4374027432196876 0.28280425722564984 0.06685837267776952 0 3.0333088183774603E-8 -3.697195587749977E-8 -2.763373026924716E-5
0.4716692828943538 0.34325991058700284 0.07076541111671204 0 3.5397829027582766E-8 -3.952714318149956E-8 -2.7639665656479682E-5
0.5572755215547438 0.4510872900080022 0.08061070588876619 0 3.7930829859993953E-8 -4.9623597902398054E-8 -2.7633938596003966E-5
0.5201731653431543 0.38799390136202994 0.0753439569886662 0 3.454469242365438E-8 -4.540414291719636E-8 -2.764088238124326E-5
0.7501545426059838 0.541195955123228 0.09999999999999998 0 5.25145641288245E-8 -5.855656570788388E-8 -2.7632018125646867E-5
0.5828756184496425 0.5332115379316271 0.0868511630159933 0 4.986281807610253E-8 -5.209292598336813E-8 -2.7626209840868365E-5
0.650470548607775 0.5465931881196748 0.09240305490818579 0 5.255883083463209E-8 -5.3280379651524624E-8 -2.7628780523561863E-5
0.33827356631260735 0.19741612693850677 0.06018657141513714 0 1.6102917893596203E-8 -2.9917039691839695E-8 -2.7636936644054215E-5
0.2643297840462276 0.19520810401833616 0.057617277126140565 0 1.84991788408356E-8 -2.127765066417635E-8 -2.7640442188516007E-5
0.23462332403576286 0.13422621113694244 0.055643167928538385 0 1.817361898322953E-8 -1.6439614787762005E-8 -2.7629738879011553E-5
0.1835322570857455 0.12636576122723128 0.05431954168807021 0 1.4675574754246679E-8 -1.0001313190323087E-8 -2.7615495490331395E-5
0.15384433041034717 0.09209874155024383 0.0533301823681776 0 6.125534793756773E-9 -1.3417147953323844E-8 -2.761142688799835E-5
-0.5199939829281822 -0.124648956040805 0.06768673130026932 0 -1.9248129794196686E-8 4.717256664561616E-8 -2.761437716095248E-5
-0.5744027965338087 -0.14938461510286838 0.07144252826293566 0 -1.8532541182133015E-8 5.085768779867292E-8 -2.762711177468975E-5
-0.6477191420222239 -0.14358128013705043 0.07642272847163621 0 -1.1126656723170428E-8 5.886168121062975E-8 -2.7627404144890607E-5
-0.735100345459195 -0.11930462056175606 0.08291132970822637 0 -4.750555441544756E-9 6.858409640103735E-8 -2.760932877965022E-5
-0.8023821229894582 -0.12465004703532732 0.08885408731398864 0 -1.3596196826255263E-8 7.444198353318857E-8 -2.7598999360830928E-5
-0.8531067718150073 -0.15803750226362165 0.09415708085227005 0 -2.1130681368423432E-8 7.527123178764216E-8 -2.760550480763368E-5
-0.9051158299750595 -0.19076243784282 0.09999999999999995 0 -2.3870958163691644E-8 7.853578277993026E-8 -2.761309277919914E-5
-0.8393412000271001 -0.10211595922316327 0.09200820531311653 0 -1.503652507883213E-8 7.877965748255842E-8 -2.7605753630105645E-5
-0.5124187514513647 -0.05184789683178334 0.06651654728017117 0 -9.627854039168084E-9 5.0495314788345685E-8 -2.7624103397612058E-5
-0.4662367643365183 -0.05429215722432917 0.06397307879016166 0 -5.3571146256127234E-9 4.7394188305892967E-8 -2.762085275888784E-5
0.07846305682895906 -0.1359020009449211 0.0529048760801971 0 -1.2315710001698143E-8 -5.799648071804834E-9 -2.7618987298521792E-5
0.1581850159804538 4.03666044625459E-17 0.05292729798071231 0 -2.7745112092550724E-10 -1.3153336368363288E-8 -2.7621258063586636E-5
0.1339429855522494 -0.042721659792281826 0.052630185389843626 0 -6.5639275254936164E-9 -8.488581466418404E-9 -2.7619378541134217E-5
0.12170874450296679 -0.07937873255132208 0.05270638285367756 0 -1.119136681632413E-8 -8.021141729466853E-9 -2.7616282962954047E-5
0.0926329081859553 -0.0934021566431387 0.052491087538806276 0 -1.1580274226112439E-8 -5.7731930270810885E-9 -2.762064360772511E-5
-0.07925046645516257 -0.1372658344238745 0.05293295280422828 0 -1.225972233504287E-8 8.138796348354777E-9 -2.7619162421928396E-5
0.12737884186502532 0.04457914646124025 0.052542398875778 0 8.472183910698123E-10 -1.2824896335641064E-8 -2.7621896697915216E-5
0.025874926118163208 -0.13266950985365822 0.05254567933671947 0 -1.1316939551283046E-8 2.5355495341797992E-9 -2.7618696899861392E-5
-0.025243839799718233 -0.13300675455069116 0.052548920040911946 0 -1.2554688012851034E-8 7.14499770257189E-9 -2.761879097373408E-5
-0.18973296493485722 -0.18461798069110355 0.055474546986767154 0 -1.921416924350114E-8 1.1983444954825172E-8 -2.762798094436742E-5
-0.2483235922732361 -0.1816505696604007 0.05686432272721824 0 -1.8779931640894352E-8 2.0440459600518398E-8 -2.763272619597665E-5
-0.30831506111577245 -0.17770170158565643 0.058672582596364375 0 -1.5864965261685058E-8 2.8550210703681186E-8 -2.7633901558724283E-5
-0.13643849435757827 -0.142707733989249 0.05371629461338724 0 -1.2072794193100088E-8 8.255404704486087E-9 -2.761608320599623E-5
-0.184039983968445 -0.12735803584373426 0.05434432437859786 0 -1.498531436699541E-8 1.1910074635990353E-8 -2.7611749088014674E-5
-0.10393602836491156 -0.0928684349452979 0.05261104654913399 0 -4.7377073530360615E-9 1.134384380963736E-8 -2.761897627180805E-5
-0.33491839009005275 -0.13913239257244242 0.05894927757126896 0 -1.1132179800614365E-8 3.097675545782912E-8 -2.7633635070671796E-5
-0.379850741799242 -0.12110542276221135 0.060500587943527986 0 -6.144161377845757E-9 3.564519930848392E-8 -2.7626935389087475E-5
-0.40842759083875496 -0.05875232359605658 0.061140527783328784 0 -1.8711078486018157E-9 4.045025902254816E-8 -2.7627580951505803E-5
0.36282250283673584 0.2686598783514224 0.06303900336729046 0 2.5103153908727263E-8 -3.522298614477461E-8 -2.7627862770071327E-5
0.4058790843317993 0.3317218591300756 0.06705525860874961 0 3.7190596745178726E-8 -3.459105825674139E-8 -2.7626249260234583E-5
0.4678168231247622 0.39722837411780604 0.07282402579327739 0 3.8702028382335836E-8 -3.914780039607708E-8 -2.7640432183182074E-5
0.43228391685071293 0.3802988180284773 0.07026687195777441 0 3.99801505512487E-8 -3.436007904261654E-8 -2.763515774775702E-5
0.5096255127299391 0.5106912413470729 0.08097857821614195 0 4.453845334282843E-8 -4.847674305902073E-8 -2.7630969448545256E-5
0.49005227512439575 0.44470401859070535 0.07629562530822705 0 3.994724122025976E-8 -4.330377285100856E-8 -2.7639851845597405E-5
0.5354804188313992 0.5793968081607486 0.0867593250488703 0 5.394548972952439E-8 -4.971940749025665E-8 -2.7616599410940596E-5
0.6847900044003186 0.621834941224156 0.09999999999999994 0 6.196497157788823E-8 -5.589508922144225E-8 -2.7634876842481673E-5
0.5876935447112426 0.6161088910778022 0.09257893706827944 0 6.185976840877939E-8 -4.9005238317976735E-8 -2.7622076775488986E-5
0.2968769596322443 0.26583446546620604 0.06049214663587174 0 2.0868927899865648E-8 -2.8837444144883333E-8 -2.7634007911083762E-5
0.22703812963746217 0.26409762190385 0.058370438456053005 0 2.1960638265032514E-8 -1.92270027777278E-8 -2.7642979513072185E-5
0.18890830540911197 0.18932922319802872 0.05555650018582656 0 1.9203379585451715E-8 -1.0115975288244518E-8 -2.7635231714969873E-5
0.10177697427875262 0.08834048795367637 0.05253956863179544 0 4.255461572582015E-9 -9.595962717129135E-9 -2.7622758672388968E-5
0.13647605991683223 0.1435082568468913 0.053729825805134857 0 1.2058405169231142E-8 -6.464315382629581E-9 -2.7621076986094263E-5
0.14969050843762163 0.2592715660247786 0.05657975437506356 0 2.4643967104732684E-8 -9.548612698849775E-9 -2.7644561987751455E-5
-0.5844196053235717 -0.07491703801282973 0.07115392026499065 0 -1.0980722048148613E-8 5.468241116716506E-8 -2.7631171520643083E-5
-0.7351410524947968 -0.060926854977285956 0.08231802271497875 0 -1.667261784738949E-9 7.010304941690666E-8 -2.7617263741339484E-5
-0.6752473549062168 -0.060997662019661704 0.07752927755735102 0 -2.561883074797376E-9 6.31538959804531E-8 -2.762810899079115E-5
-0.7962287177911108 -0.06074957956360477 0.08762354715881242 0 -6.404961030140564E-9 7.641243986629908E-8 -2.7610367099661746E-5
-0.8627884197170684 -0.055125093298773874 0.09385473111979895 0 -1.054312343269862E-8 8.055655355635238E-8 -2.7613792662405028E-5
-0.9192838471164881 -0.10263764414409532 0.09999999999999994 0 -1.6531412286295786E-8 8.514093929725124E-8 -2.7615216576058207E-5
-0.5447672634209793 2.858524015158418E-17 0.06830049229574699 0 -4.683408874412671E-9 4.959205593158442E-8 -2.7631988428070424E-5
-0.4638591691868275 2.797468827787367E-18 0.06368112390889594 0 -7.013950207373658E-10 4.2274838981500746E-8 -2.7627591377028885E-5
0.04273067501608843 0.07401170016957923 0.051925849626185475 0 4.73811616319157E-9 -6.0038407115028795E-9 -2.7632156515361726E-5
0.04273873390329096 -0.07402565857166639 0.05192600533605054 0 -8.466096560547777E-9 2.3139258835177808E-10 -2.7629475676003455E-5
0.08580268905133058 2.7616060966210454E-17 0.05192915349305607 0 -3.7065627206499507E-9 -6.705775364329584E-9 -2.7630675843986625E-5
0.07416648351753428 -0.042820039223696336 0.051927573540639343 0 -7.253879584645518E-9 -3.7090796369869816E-9 -2.7629760465422397E-5
-0.04299754043112494 -0.07447392462720538 0.05193102148339571 0 -4.906354321764918E-9 7.892074318160152E-9 -2.762948516586249E-5
0.07415950431437714 0.04281600977887487 0.051927495533993596 0 3.3455751779010065E-10 -7.618343556369987E-9 -2.763129278438128E-5
1.3904975238826412E-17 -0.08573627431625096 0.051928505242836896 0 -7.679028986559554E-9 4.854566323185817E-9 -2.762905794986936E-5
-2.9796378738924766E-17 0.08577355466188762 0.05192886660175564 0 7.620570030054791E-9 -3.031062688318418E-9 -2.7632083418179403E-5
-0.22815732549244747 -0.13366956667415786 0.05546555293618704 0 -1.841026079058422E-8 1.7423166702113835E-8 -2.7623836691903335E-5
-0.27837086784154214 -0.12617379267311213 0.056793561369108604 0 -1.5136081322993922E-8 2.4795592182021188E-8 -2.7633385290024008E-5
-0.15093740406319933 -0.09389909648308081 0.05329903073383901 0 -6.1636004831528E-9 1.476046901961053E-8 -2.7608864215929763E-5
-0.19761019796705667 -0.10158906953187431 0.054303584925033135 0 -1.508601676308347E-8 1.7291374728282964E-8 -2.7610790512884412E-5
-0.12619399745448537 -0.06614911525416545 0.052660410611162535 0 -2.238323562603839E-9 1.459518259267788E-8 -2.7617535664706144E-5
-0.07423701450489274 -0.042860760308234 0.05192836227840669 0 -4.992578138401267E-10 9.443451989376065E-9 -2.762993921408185E-5
-0.4277423899643161 0.06497482014443749 0.06209784320535729 0 9.129456457327036E-9 3.50304210451773E-8 -2.7624738203222995E-5
-0.33304413722574777 -0.06930677678439595 0.058055306373968225 0 -6.1238454710457804E-9 3.174418734702207E-8 -2.7637550854868335E-5
-0.3847166606924661 9.345124501562139E-19 0.059881376808148805 0 2.2161461810839776E-9 3.517926776846312E-8 -2.7636146645927787E-5
0.3329058545937796 0.33325924236807375 0.06406157186555389 0 2.7549361987186963E-8 -3.010815490269065E-8 -2.761350121899522E-5
0.49825230464030634 0.6040689738251999 0.08623250303750961 0 5.1613207662177195E-8 -4.407260858455598E-8 -2.7614262539177925E-5
0.3818998921620359 0.39282083230988174 0.06849211870683777 0 4.018567859286174E-8 -2.624312007074892E-8 -2.762750267448757E-5
0.4314021965681312 0.42876752259718576 0.07244484890584979 0 4.121534696113807E-8 -3.449844141730507E-8 -2.7639153782864702E-5
0.4723939921181883 0.5653277489130144 0.08223903081434109 0 4.627930859511645E-8 -4.509072382006293E-8 -2.762450955875179E-5
0.44736034083495346 0.4974141441538552 0.07684191432450417 0 4.302090335558737E-8 -4.0159151353790774E-8 -2.7638315684008887E-5
0.5230354883414245 0.6422697488364204 0.0903707538749386 0 5.90693578568452E-8 -4.053482147788818E-8 -2.7614808466934204E-5
0.6177594130735138 0.6884753307245898 0.09999999999999995 0 6.781399704136216E-8 -4.8777868679965E-8 -2.7629971201983282E-5
0.5518007966248653 0.6760563257947593 0.09465507346897212 0 6.441874111687254E-8 -4.104960843239136E-8 -2.7622373659711937E-5
0.2625418688185837 0.33648330779519714 0.06181290503458571 0 2.5167617505159787E-8 -2.322681188958839E-8 -2.763218790101549E-5
0.10763513709501461 0.3224957272318108 0.058047784011843594 0 2.964132385957434E-8 -9.198000912695655E-9 -2.764439960193966E-5
0.19231764390950024 0.3331039304431938 0.059877835485628014 0 2.8566219803210086E-8 -1.7928002259605977E-8 -2.7642255797988206E-5
0.11136664405289663 0.19289268576805546 0.0543171535525474 0 1.9769927065633596E-8 -4.293310047056171E-9 -2.7630989111462834E-5
0.07844894660138711 0.13587756131386042 0.05290437550856248 0 1.1928632815448184E-8 -6.335057191448532E-9 -2.7623922029424036E-5
0.03519829734560284 0.13784946141786306 0.05265706254873472 0 1.3131023844229944E-8 -5.5047012906418835E-9 -2.762283931801119E-5
0.06630901180929025 0.2508565357105051 0.05531869953262273 0 2.6292963213231334E-8 3.872016000361409E-10 -2.763436689064205E-5
-0.017053837843317182 0.27836069099312905 0.05590951428308119 0 2.3648321500989072E-8 8.679487408119495E-9 -2.7634913062314944E-5
0.011677278178983168 0.25977319628253465 0.05533524160416193 0 2.4325378723142877E-8 7.428921447539576E-9 -2.7629228537911705E-5
-0.036475279191632355 0.1302798698937502 0.052547520741153056 0 1.1150210972495791E-8 7.961162212070503E-10 -2.7624121111024054E-5
-0.004334214649360648 0.15163914092247652 0.05281372846092682 0 1.3237681811257368E-8 -2.9672434608641596E-9 -2.761890028231736E-5
-0.5548238392163805 0.07638757137486699 0.06925704553616709 0 7.141848179225455E-10 4.830132337059138E-8 -2.762925272573222E-5
-0.6361392415232946 1.3179599374821288E-17 0.07441207081886599 0 -1.0662079988467405E-10 5.7751287194477925E-8 -2.76349231937066E-5
-0.7353276040989696 1.376885046738379E-19 0.08212306732579755 0 2.871672105224586E-9 6.667710656526865E-8 -2.7621949256157506E-5
-0.8245744171037558 1.994957568951944E-17 0.09002147282184524 0 -2.8771778702035927E-9 7.470182042551465E-8 -2.7615406902516878E-5
-0.9249999999999996 -3.487031299242896E-17 0.0999999999999999 0 -6.52935623876362E-9 8.383688758294223E-8 -2.7621378697529216E-5
-0.6215823870108426 0.05940809814964494 0.0735747228508592 0 4.1406201986105725E-9 5.523297922527375E-8 -2.7634801227228468E-5
-0.5039157942187592 0.07056797810116018 0.06615707446286308 0 1.2249047974644539E-9 4.1216264281885836E-8 -2.7621012604620756E-5
-0.4742240483662385 0.11256694280313873 0.06494853319711702 0 8.575450426187521E-9 4.0758374193119436E-8 -2.760873279161127E-5
-0.4362515368769683 0.13236424219261794 0.06326633817399899 0 1.66198000814843E-8 4.057404664220625E-8 -2.761435108323876E-5
-0.3689420167821231 0.1279817916152874 0.06013540062401418 0 1.5348409435974357E-8 3.3419609826783535E-8 -2.7632679185433523E-5
-0.40020050920329836 0.18553375498639205 0.06251643484045978 0 1.9172518028400142E-8 3.850887321259471E-8 -2.7628101391391784E-5
-0.11902524067374867 0.3280525016025783 0.058398241089487615 0 2.849499233299407E-8 1.0244683893675496E-8 -2.7643940934930553E-5
-0.278960464150049 0.23105339123962187 0.058930977919053947 0 2.182705007062569E-8 2.461280331886754E-8 -2.7639200287000632E-5
5.529796886260846E-16 -9.523255661324038E-16 0.05151308386343702 0 -6.599042941468965E-11 9.084440305213727E-10 -2.7639164348632923E-5
-0.043042879691499385 0.0745524545297515 0.0519319033593881 0 8.409264381584216E-9 1.585619692823514E-9 -2.763203112689749E-5
-0.24680219676358373 -0.07209570484822997 0.055249906628573604 0 -1.3256650122263884E-8 2.3675722512917887E-8 -2.7627912391322228E-5
-0.1740533791739203 -0.0457943921612332 0.05334383022045102 0 -5.611563439760869E-9 1.9602436492902652E-8 -2.7616333688000098E-5
-0.12783259126111418 -0.033275347967647695 0.052499203818416273 0 -1.359075527148114E-10 1.4309349019165981E-8 -2.7621917574380872E-5
-0.08544796042127181 1.2633032021521531E-17 0.05192572029476935 0 3.548541726559867E-9 8.510702000280247E-9 -2.7630914576807087E-5
-0.33947513674739144 0.06240362523718613 0.058248486325065116 0 6.149444894947388E-9 2.990193526494114E-8 -2.7639374527119666E-5
-0.30816555573663146 0.12979030410922676 0.05783416263257108 0 1.0495257437169374E-8 2.8593112783898085E-8 -2.763900141892128E-5
-0.22695325756190307 0.2565120405768185 0.05814491145404571 0 2.406080324941307E-8 2.1515082973022908E-8 -2.7642680739986727E-5
-0.25569422992480956 0.1801064295667739 0.05704280655464759 0 1.3696817012136758E-8 2.5994815220208025E-8 -2.7638754925008247E-5
-0.07471068043782807 0.26158647648355277 0.05569656348774581 0 1.975941892353998E-8 1.2236413335675544E-8 -2.7637761249593327E-5
-0.15073713287945018 0.26108437273446883 0.05665087411303693 0 2.1751267945910835E-8 1.7010882317167584E-8 -2.764447895230426E-5
-0.0793293077376864 0.13740239153093972 0.052935779499837216 0 1.2289481753456216E-8 7.85032767618471E-9 -2.762376165561151E-5
-0.299396714946573 6.0549876586637245E-18 0.05658028588283899 0 -3.215412465267905E-9 2.7599769766266336E-8 -2.76399439328983E-5
-0.39181543828090004 0.55445735722153 0.07760084140770424 0 5.257784145523554E-8 3.474798231574252E-8 -2.763784942323167E-5
-0.42125713605646403 0.6077940464059373 0.08247265847688973 0 5.9144391992014236E-8 3.75175673598657E-8 -2.762775961974219E-5
-0.4499036574234317 0.6597655574984553 0.0876254316161508 0 6.214395425521654E-8 4.467674918812E-8 -2.7622184591951727E-5
-0.4789401191209052 0.7197628636157833 0.09385470752197607 0 6.365978251499634E-8 5.0635649366067835E-8 -2.7626485010778904E-5
0.30693864167133966 0.4042133776050551 0.06608285286906407 0 3.451035621120576E-8 -1.9680760263472065E-8 -2.7629144977320116E-5
0.45341996389119593 0.6343388790419371 0.0859386615701075 0 5.186154027445732E-8 -3.741155255618279E-8 -2.7622760149958133E-5
0.36186279370904106 0.47199806236141656 0.0715259330567936 0 4.2815467763282945E-8 -2.6822323876559587E-8 -2.7641651014907664E-5
0.400949758946052 0.5652131577221655 0.07869394977656127 0 4.690217276684196E-8 -3.6167146733053735E-8 -2.7637684863957625E-5
0.4904238791693691 0.6985151762406319 0.09277567976728547 0 6.246068356711836E-8 -3.521414967870454E-8 -2.762607177994764E-5
0.5485314952955888 0.74480230687788 0.1000000000000001 0 6.8592286167013E-8 -3.953228758816308E-8 -2.763237757062457E-5
-0.157502577302292 0.4062797025959702 0.06224976286168574 0 3.410448553354421E-8 1.0072190146452081E-8 -2.762973577296663E-5
-0.04439277195221168 0.328710102628296 0.0577329050528648 0 2.8834916145460723E-8 6.088073711026173E-9 -2.764280811821187E-5
0.025557696189703685 0.3104658173674805 0.05699894508193312 0 2.8408532625632418E-8 2.1300058966850804E-9 -2.7641121252159018E-5
0.05891091878969271 0.3561813785904501 0.05888183035860122 0 3.136452065988409E-8 -5.708314626358258E-9 -2.764196365745483E-5
-0.07539656272461737 0.3826387268002811 0.060112744280339386 0 3.554665684453778E-8 4.189359490318406E-9 -2.7637503983670657E-5
-0.19156331121345582 0.4731617410648756 0.06625147072173321 0 3.5629344758968717E-8 2.035555623354084E-8 -2.7628147641517502E-5
-0.31860245148696237 0.5518356333914171 0.0744889558881298 0 4.9244823930447576E-8 2.9790483355350696E-8 -2.7644106411979487E-5
0.23188989210585279 0.40164507488900236 0.06367695651733306 0 3.6183896555494386E-8 -1.8912564498759107E-8 -2.763503672056932E-5
0.18545604713463834 0.43047399478074116 0.06393784680976809 0 4.2806864647949695E-8 -1.7371277958381076E-8 -2.7629486885481682E-5
0.15384627156060351 0.3839117365891883 0.06118533303935759 0 3.5230512180222356E-8 -1.7239768771816454E-8 -2.7635331865429687E-5
0.08567704016096148 0.3934342712802923 0.06068036954612458 0 3.3307713870215915E-8 -1.1147994255089158E-8 -2.7634703655688807E-5
-0.04746651353754765 0.1829715324610284 0.053532622158623755 0 1.2156092477360218E-8 5.760139347470641E-9 -2.7619663020523237E-5
0.01717373484524668 0.1662656573333219 0.053092157016808576 0 1.6531924822256818E-8 -3.4874131024128153E-9 -2.7616385311685073E-5
7.833096257776418E-4 0.19069362679459012 0.05356840441819727 0 1.7068862586107582E-8 7.647924262577216E-10 -2.7611860771560383E-5
-0.014253461472862217 0.23459230484404994 0.05463523466770248 0 1.872280314637641E-8 9.227466425110944E-9 -2.762063693811448E-5
0.04520143550094837 0.1841851235528076 0.053545944108146816 0 2.066846672720156E-8 -2.510216814029998E-9 -2.761913953073566E-5
0.017981432514459814 0.22651294475696923 0.05443142027174295 0 2.311150345685923E-8 5.439958616057332E-9 -2.761838255973975E-5
-0.4509389353459413 0.18062953941108667 0.06485872161226297 0 1.653725169039256E-8 4.679334655932526E-8 -2.7620191912843164E-5
-0.43855507291261625 0.22078311851591842 0.06514753629020965 0 1.8346715273311175E-8 4.3780199233340146E-8 -2.7628705181287283E-5
-0.5430568755805911 0.1088667628343709 0.0688662273363696 0 2.2000229333517276E-9 4.8358197548787414E-8 -2.7624609002195568E-5
-0.5075730010734566 0.12513873893141766 0.06697106660603608 0 3.903066726382901E-9 4.651775229193745E-8 -2.7614086644262515E-5
-0.4876818695036711 0.16005919777938846 0.06641416297022892 0 1.0015287118240057E-8 5.0107456708932285E-8 -2.7614866979555137E-5
-0.5817364775186938 0.11498204866540508 0.07140762999266016 0 5.340726027595655E-9 5.2502905235325655E-8 -2.7631368824836754E-5
-0.6893460495224288 0.06354738512595376 0.07863780818203957 0 9.184729544035371E-9 6.034385793226885E-8 -2.7627217683421834E-5
-0.7599167871431189 0.060700756349994105 0.08441733903220823 0 7.829034709704466E-9 6.493379800616308E-8 -2.7614836023708273E-5
-0.8184909839211809 0.07533925376340878 0.08977629762126756 0 3.2924561937388247E-9 7.01357737288337E-8 -2.7609612231494965E-5
-0.8641324069088798 0.06217499425579329 0.09403348687291993 0 -3.3142073847219536E-10 7.566741220707772E-8 -2.7614542245432865E-5
-0.919284810212244 0.10262901652303173 0.09999999999999994 0 1.8971108111315446E-9 8.147352799385963E-8 -2.7617461364562633E-5
-0.7200856347104291 0.1275637570102766 0.08178787314202204 0 1.7650062538574318E-8 6.428807635009517E-8 -2.7615940829300913E-5
-0.6366216770914513 0.14805650423757327 0.07568897320024312 0 1.4112210710175561E-8 5.799778471589508E-8 -2.763203770653933E-5
-0.5083123257938114 0.6756675576578803 0.09200745306162258 0 5.973391226032434E-8 5.344954641319536E-8 -2.761798206502562E-5
-0.5084523869045262 0.6310249340793687 0.08870435188239581 0 5.681821809810762E-8 4.947479048939193E-8 -2.761060123306351E-5
-0.5485031394581954 0.7448231888659755 0.09999999999999998 0 6.456637390924335E-8 5.801470220500049E-8 -2.762864589567161E-5
-0.47303326379715877 0.5791284533565413 0.08316905076856485 0 5.631685011318931E-8 3.963127891284701E-8 -2.7619162492236024E-5
-0.45509595152323223 0.4866404390645807 0.07663670286639768 0 4.432993115432468E-8 4.0198468952984246E-8 -2.7636442384892635E-5
-0.4180330375357138 0.4186106610386911 0.07131407766744807 0 3.3370666121006314E-8 4.237941087616053E-8 -2.7635288334066816E-5
-0.35805699391726126 0.4725541821277961 0.0714004969823895 0 4.153088949287523E-8 3.731306764062027E-8 -2.764005217451258E-5
-0.3304177610769968 0.2075632873895256 0.060121873146272396 0 1.9931501383766312E-8 2.9072301628122017E-8 -2.7636365532649218E-5
-0.3986677525588505 0.2551376793832065 0.06418286265211677 0 2.0425187642457463E-8 3.573990424475601E-8 -2.7629409094141713E-5
-0.19326570388917413 0.3347460184966116 0.05996054906425581 0 3.09988829020014E-8 1.6336936139476295E-8 -2.7641587435327563E-5
-0.2326279902659774 0.402923498403311 0.06375456788963607 0 3.562668378601932E-8 2.2500304121592778E-8 -2.7634381293147236E-5
-0.2730034360466582 0.4728558218736924 0.06837705113188595 0 3.984559535427434E-8 2.9669520736938612E-8 -2.763999571333021E-5
-0.30165136280488025 0.41841452971898935 0.0665620091821718 0 3.812966409672054E-8 3.4215683699773E-8 -2.763144313374329E-5
-0.2982294435153453 0.2720284218761083 0.06072614652584282 0 2.75197014735402E-8 2.3688569802682143E-8 -2.763163267134511E-5
-0.28071917465641966 0.3771430143239578 0.06401358518053687 0 3.753565737274383E-8 2.905926172173772E-8 -2.7627530435903648E-5
-0.25621859628623345 0.3266156402995803 0.061257118437086824 0 3.3785234974210044E-8 2.2329918975526806E-8 -2.7633286769907308E-5
-0.07427627943517316 0.042883429926301085 0.05192880169730083 0 7.142156540600834E-9 5.592658234487351E-9 -2.7631460716145725E-5
-0.10192189467460559 0.10267269443312377 0.05269596908601702 0 1.2294230474371787E-8 9.282778816663623E-9 -2.7621995429273523E-5
-0.22270343343645202 -2.7398019802337882E-17 0.054316401779706945 0 -5.370482345052611E-9 2.080058259260236E-8 -2.762766577371311E-5
-0.1568744501142894 1.9427769320198104E-18 0.05290395974586273 0 2.153563826615628E-10 1.4908001426406332E-8 -2.7621648295550386E-5
-0.1333037269353432 0.03517105967265549 0.05258728793055297 0 5.6585451573942884E-9 1.0599230207790331E-8 -2.762199144555019E-5
-0.2668792736165403 0.06671487334767572 0.055790773586017584 0 4.315002445597339E-10 2.400196205561895E-8 -2.763474082517506E-5
-0.25161809751440434 0.1255049475699697 0.05598231997151887 0 5.34211553204765E-9 2.5385610163845227E-8 -2.7632608436096186E-5
-0.2204702956430696 0.1429341155499399 0.055415459742855375 0 7.046818255716212E-9 2.5410268947632397E-8 -2.7627797177761528E-5
-0.18350196867475072 0.18844743574056294 0.05542383280391714 0 1.4473829036814801E-8 2.3233667717198858E-8 -2.7634411864793417E-5
-0.1122914677939212 0.19449452747555573 0.054363926326504504 0 1.4640961502798462E-8 1.5557391858437674E-8 -2.76310714437349E-5
-0.13865734030206042 0.13413724110678021 0.05361667711440056 0 1.3312571940549349E-8 1.7617576000068318E-8 -2.7618665557874E-5
-0.3679940573528883 0.637384404218618 0.08217817873449762 0 5.8333133863962154E-8 3.182512907455921E-8 -2.7632697994733856E-5
-0.4124740638930545 0.7144260354671818 0.09005646238462257 0 6.230904959217201E-8 4.094742080019097E-8 -2.7627686266221454E-5
-0.4625000000000002 0.8010734985006057 0.09999999999999998 0 6.829669237623746E-8 4.877332061165602E-8 -2.7635264796619773E-5
0.41227210451772545 0.7140762315680472 0.09001864521731297 0 6.516839737137104E-8 -3.238394304121446E-8 -2.7630370919084856E-5
0.27234892372669683 0.47172217328134014 0.06829621029644013 0 4.440163612343362E-8 -1.893668524979659E-8 -2.764091550737458E-5
0.36764043700660404 0.6367719158122639 0.08211917016769554 0 5.5478616927592E-8 -3.352219833500607E-8 -2.763491913201049E-5
0.31803615984503875 0.5508547874957042 0.07440724687637126 0 4.922312638321309E-8 -2.6780532946400675E-8 -2.7645650195360064E-5
0.46250000000000013 0.8010734985006064 0.09999999999999999 0 7.483562626920052E-8 -3.349259794474692E-8 -2.763832929533978E-5
0.3836506929290541 0.7746515411716932 0.09384509082801112 0 7.425084742349167E-8 -2.8604419524425676E-8 -2.7630498993579463E-5
-0.14030890931253803 0.4679836164169959 0.06501280116403946 0 3.8769717322329046E-8 1.403578917880904E-8 -2.7615278508858936E-5
-0.10294114607188212 0.4464085827438704 0.06338188130081227 0 4.3040617924078914E-8 6.786692002455557E-9 -2.761955857954656E-5
0.013052198219917906 0.38970549808144683 0.06010955939350729 0 3.432036422577125E-8 -1.8736280549868147E-9 -2.7640302129280083E-5
-0.04037960269203984 0.44085703180834646 0.06259577733066987 0 4.2544801451565924E-8 3.387112897959203E-9 -2.763286067389973E-5
0.06533055038853267 0.4354649165439312 0.06247764990259344 0 3.474332585365376E-8 -7.3779655618250834E-9 -2.7629494898155316E-5
0.21079455863719812 0.4693257584201238 0.0664848367230654 0 4.759833240957498E-8 -1.520132859857836E-8 -2.76335458217107E-5
-0.2117215867706234 0.5198781223671348 0.06933829044213057 0 4.1358985626941804E-8 2.439972028835786E-8 -2.763726609058469E-5
-0.1460434120132441 0.503264073058023 0.06704541835555092 0 4.14533709417619E-8 2.073254538788942E-8 -2.7621443668429247E-5
-0.17773060720916653 0.5259463281585314 0.0689480477972893 0 4.221891751135493E-8 2.30240745949972E-8 -2.7632398575461863E-5
-0.2900329026458535 0.6297052539110424 0.07871782471366953 0 5.6045764587495774E-8 2.3127159648411987E-8 -2.763711329384287E-5
-0.2598642375444073 0.5690891545970852 0.07365958600480058 0 4.91561531042327E-8 2.4791840845531065E-8 -2.7643775696569283E-5
0.1498593825176401 0.45279307874260616 0.06437801254812758 0 4.4417492512823205E-8 -1.4428113793700016E-8 -2.7618804857617733E-5
0.11053788187593885 0.4306223745782792 0.0626902062642271 0 3.664698820104465E-8 -1.3928202882109363E-8 -2.76228714906635E-5
-0.4490633670822637 0.26293361409508886 0.06682964731028329 0 1.9437040471791178E-8 4.3112853538597056E-8 -2.763294539467718E-5
-0.4300985673768074 0.3012630280350379 0.0671100012724704 0 2.0905126065647477E-8 3.9689987845957354E-8 -2.7631018514850064E-5
-0.49761740681994665 0.2259943198914076 0.06840949555720777 0 1.6414137197631704E-8 5.029004538251234E-8 -2.7632083202982795E-5
-0.5518948161465873 0.17422255470543743 0.07046196471921622 0 9.79007732452287E-9 5.355324305698519E-8 -2.7629870944810374E-5
-0.4324706598932548 0.35955969358955997 0.06940707877592157 0 2.52216571959899E-8 4.179381676068058E-8 -2.7632094772331258E-5
-0.7940808377677345 0.13178185399490336 0.08820577601429047 0 1.06920641779147E-8 7.11861234336395E-8 -2.7600915065257542E-5
-0.8565041007211139 0.12935729823844902 0.09401883827528355 0 4.321886356007934E-9 7.715749510387783E-8 -2.7608883594666964E-5
-0.9051192255768065 0.19074632675980735 0.09999999999999998 0 1.0310468914145609E-8 8.552887024137513E-8 -2.7617218914800163E-5
-0.7583678808155521 0.178257805309045 0.085877514601274 0 1.9041898063434387E-8 7.247215334492071E-8 -2.7608828601249694E-5
-0.6170663609123308 0.222189336538271 0.07585507468331582 0 2.032584926342372E-8 5.679362571052431E-8 -2.7634763873237806E-5
-0.6972424057138269 0.20430689657176623 0.08139617396721441 0 2.2297793477672236E-8 6.477368760948334E-8 -2.762347756789443E-5
-0.5596851197575441 0.6634042603718276 0.09419033697962355 0 5.451642616261917E-8 5.6996015191619556E-8 -2.7617768106751828E-5
-0.5445828559277583 0.5931276201062036 0.08823074690283748 0 4.928917773541223E-8 4.8235263533736526E-8 -2.7612436554970212E-5
-0.6177328508859395 0.6884991641819085 0.09999999999999992 0 5.5219736748951E-8 6.101667864440948E-8 -2.762601792619317E-5
-0.5240933648557363 0.5322322969179639 0.08310069903157469 0 4.7823220293389086E-8 4.303894616772146E-8 -2.762328995262555E-5
-0.482008368592271 0.40269833860051546 0.07383556549613608 0 3.38496305782382E-8 4.469688175420898E-8 -2.763888145837268E-5
-0.5228737105474611 0.469403410425903 0.07945982017150148 0 4.310934200822808E-8 4.529429729872207E-8 -2.7633044311004296E-5
-0.3178442209190435 0.3574692689417035 0.06445327462614317 0 3.577491386568394E-8 3.221230646081984E-8 -2.761602522976022E-5
-0.3668515165065182 0.391453181331997 0.06779342734587494 0 3.0973880357397067E-8 4.101290931919188E-8 -2.762291769045031E-5
-0.37474174799433474 0.32521524057353407 0.06543736846884436 0 2.3305076267614515E-8 3.2588443990814195E-8 -2.7616597710937112E-5
-0.3445240713159381 0.2767146512083848 0.0625551726814487 0 2.4893216922870238E-8 2.6750218639100988E-8 -2.7625210988885933E-5
-0.31825267387856393 0.31228528282505885 0.06275542647814246 0 3.154822189635031E-8 2.5307793914972594E-8 -2.7619416148196348E-5
-0.13208776332768443 0.07040426877471616 0.05277929135503948 0 9.867367729409415E-9 1.0256794731051144E-8 -2.7617924694154167E-5
-0.13558426904309848 0.09984465055515283 0.05311549222562181 0 1.2254308473230413E-8 1.3286928734600959E-8 -2.761515750684112E-5
-0.18433654548332082 0.04822270923057056 0.05356505347436668 0 1.305813604419216E-9 1.3958942391956386E-8 -2.7617984208471365E-5
-0.2141365218541703 0.10501643106435352 0.054728299370409676 0 1.9492514903152756E-9 2.1610783996427633E-8 -2.761959692115378E-5
-0.18680865935078547 0.12991541986645883 0.054439563423197654 0 7.720811798114491E-9 2.3243470520942666E-8 -2.761694276803315E-5
-0.1657690318723488 0.09663028560186346 0.05359396061230915 0 8.635879141418994E-9 1.5833115414063477E-8 -2.76098555119568E-5
-0.3275435087421515 0.689022237889938 0.08446715933764735 0 5.9162463249716314E-8 2.6700129009677327E-8 -2.76259775387184E-5
-0.3440235561346144 0.746753392646391 0.089798396197132 0 6.132406957764318E-8 3.320792310103209E-8 -2.7621821408257393E-5
-0.3781299746230488 0.7796968295885027 0.09405159466762453 0 6.434762847115495E-8 3.9231794375640025E-8 -2.7627510115695444E-5
-0.37078556224583165 0.8474286657041803 0.09999999999999998 0 7.039216787764068E-8 4.0324293093579864E-8 -2.763138658911552E-5
0.33139114289377414 0.7785556133621918 0.09206768166444738 0 7.487051383916176E-8 -2.3833250499074555E-8 -2.762280178451834E-5
0.3464548928541494 0.7191482470167311 0.08759713317592265 0 6.842101399725769E-8 -3.042640124513044E-8 -2.7625893234485513E-5
0.31546555307223767 0.6681703741372863 0.08242156072081934 0 6.073676338866934E-8 -3.133762031295194E-8 -2.7631387148164235E-5
0.22784343961994072 0.5451094489255655 0.0712614275403811 0 5.201030640906945E-8 -1.6093529369002846E-8 -2.7642572265277077E-5
0.28413345033548576 0.6165726819630529 0.0775980862421621 0 5.521340433913533E-8 -2.709609521566877E-8 -2.7640884562758856E-5
0.290977677915208 0.7546407636986492 0.08855875058870188 0 6.9811238828425E-8 -2.342939862909066E-8 -2.7615580322563085E-5
0.37075219693550476 0.8474432642497914 0.09999999999999995 0 8.100019512812597E-8 -2.556007733339517E-8 -2.763396396740053E-5
-0.10596501162257625 0.5041773372256164 0.06652572871029448 0 4.743961964844482E-8 1.730524354073267E-8 -2.7621676339815688E-5
-0.07102778036707863 0.4813038479979327 0.06489977746314218 0 4.8168047493116976E-8 1.0105322490483895E-8 -2.7625619599494884E-5
0.019795838688718658 0.4703114259817324 0.06404440608297313 0 4.009114266816432E-8 8.244875418251569E-10 -2.7634239279476692E-5
-0.028427878816465992 0.4894039605592073 0.06510500934199118 0 4.612411738717187E-8 6.611195821895329E-9 -2.7634099999988382E-5
0.09307018049889713 0.4870154223859189 0.06541754354915294 0 3.8697691816854637E-8 -3.2071334620529717E-9 -2.762086953489745E-5
0.15223360853370174 0.5114589799667827 0.06762073099832455 0 4.9560795239305224E-8 -5.285764909869201E-9 -2.762514882615812E-5
-0.19168892528151515 0.5624523066487594 0.07149027116733256 0 4.7406672723229087E-8 2.2366958605889974E-8 -2.7639730678080074E-5
-0.12546868182070262 0.5661421054611622 0.07053660282173835 0 5.0442883178713115E-8 1.905308591099317E-8 -2.7637582813569063E-5
-0.25001651455608004 0.6877574831582879 0.0818288600417976 0 6.353014208577388E-8 1.7827677857337294E-8 -2.7626319564858214E-5
-0.19051431605916905 0.626194724144322 0.07575740850014469 0 5.647556286310158E-8 1.7618187065120488E-8 -2.764108224089382E-5
-0.496968869184538 0.31115828345845903 0.07096354188096898 0 2.4442878868768415E-8 4.670774248874072E-8 -2.7639206416973328E-5
-0.5531916805568735 0.25483900449276115 0.07250231820116239 0 2.089878584602496E-8 5.244117788190961E-8 -2.763797785831175E-5
-0.8285501209973593 0.21135039229984 0.09293041569195869 0 1.423407764254251E-8 8.047214888514082E-8 -2.7613233451151793E-5
-0.8809225682293763 0.28211960771987943 0.09999999999999996 0 1.933741208648112E-8 8.402779800277962E-8 -2.7624740308567712E-5
-0.7578216461505274 0.23114048963723496 0.08705889216020636 0 2.118979578754532E-8 7.238852326645305E-8 -2.761673103204051E-5
-0.5442886348821633 0.36830034160648034 0.07595460109733419 0 3.42320896926511E-8 4.9007498546663864E-8 -2.7637485148508325E-5
-0.6102329054490169 0.29533181001281994 0.07752504764743703 0 2.8889746398376722E-8 5.370133163973129E-8 -2.763328132775222E-5
-0.6672358697757713 0.2726523999513782 0.08092297245691278 0 2.68046037734408E-8 5.867999028358727E-8 -2.7627229611117004E-5
-0.7250638207162802 0.2644091498704253 0.08523826785223539 0 2.436656230183246E-8 6.591179063165958E-8 -2.7621218126139467E-5
-0.6071515389330133 0.6092519905512257 0.0934219469334025 0 4.767597224786224E-8 5.7304414934551635E-8 -2.7621649233912733E-5
-0.5735399527378838 0.553508622043815 0.08749015204644302 0 4.598106620753385E-8 5.017500091036619E-8 -2.76203994524939E-5
-0.6847646792234087 0.6218628292777222 0.09999999999999995 0 4.919122226693519E-8 6.592947925760137E-8 -2.7630786957330313E-5
-0.5770660846669927 0.4836246905463882 0.08360849061752018 0 4.438555665580136E-8 5.152000133702108E-8 -2.7627018128183547E-5
-0.5580584193120216 0.42548332869284067 0.07938775238593494 0 4.076911251536892E-8 4.9848768171702006E-8 -2.7632724402395154E-5
-0.28374056147924315 0.7514739211838952 0.0880520415280374 0 6.564095366720687E-8 2.7105018190550973E-8 -2.761280593550053E-5
-0.3165497745723784 0.8071051679018629 0.09409208829712741 0 6.806458632787311E-8 3.6086689309529054E-8 -2.762193461463164E-5
-0.28739394850298333 0.8792210714939998 0.09999999999999995 0 7.806692768597975E-8 3.509208971995421E-8 -2.7630964728288027E-5
0.29491717071644896 0.8166669280321706 0.09422261270086467 0 7.518205460991955E-8 -1.7422996378770574E-8 -2.762383675061974E-5
0.15199695343335898 0.5713443637747507 0.07128864354870555 0 5.215694215388372E-8 -6.760850730620376E-9 -2.7639452968269495E-5
0.2647361318881631 0.6988930987695543 0.08313425830297129 0 6.115650784339508E-8 -2.8095245423526585E-8 -2.762396772409497E-5
0.19363779692619498 0.6392946953673742 0.07676490405819379 0 5.5992399970264145E-8 -1.746023319258402E-8 -2.7640907673145026E-5
0.23873623781901862 0.7680602578468166 0.08814793343306232 0 6.493486231698377E-8 -1.724173103243479E-8 -2.761876060284817E-5
0.28735785633849587 0.8792328678266585 0.09999999999999996 0 7.905494559203981E-8 -1.6104616014380423E-8 -2.7632966262956213E-5
0.045020558010702406 0.5239593119206281 0.06715619876796416 0 4.394269965891673E-8 2.570027839848007E-9 -2.7636403522934974E-5
-0.05203180167969757 0.5443357511275837 0.06842717285738563 0 5.088179571224772E-8 1.1555964890704243E-8 -2.7638751753963857E-5
0.00125333399408392 0.5186888782774369 0.06673044987207258 0 4.617627035443841E-8 5.5670588435661115E-9 -2.7638342954679987E-5
0.09263905094403112 0.5551170207203664 0.06943102413110942 0 4.783927141753547E-8 -1.2300857486628748E-10 -2.7637429778203524E-5
-0.22520922840433807 0.7458968973346561 0.08588793599516027 0 7.133329286386668E-8 2.0820370984390466E-8 -2.762007896550661E-5
-0.056365569894855645 0.6123374883168232 0.07290850863136553 0 5.5387744449987825E-8 8.542721971740554E-9 -2.764558355783714E-5
-0.11459365381122652 0.6489796043007032 0.07609123122821615 0 5.860408931058462E-8 1.138016350865729E-8 -2.764328094801734E-5
-0.17201424223952635 0.7059350940103869 0.08139872432652714 0 6.620630161509182E-8 1.4155136852031258E-8 -2.7633651185673077E-5
-0.5619648707592039 0.31624700130713346 0.07504348009682706 0 2.9212288969334135E-8 5.077011745922226E-8 -2.7637975249671506E-5
-0.7888004165309431 0.29037609645717466 0.09153149855841576 0 2.2036433884296063E-8 7.317239350444446E-8 -2.7620224170295597E-5
-0.8437609348289447 0.37906778281416026 0.09999999999999995 0 2.6424660895027284E-8 7.726053738842E-8 -2.7624883046402563E-5
-0.6064827120561797 0.3683452405387546 0.08001332460787643 0 3.822880879658505E-8 5.2981704047162407E-8 -2.7626899872236923E-5
-0.6554904399290363 0.3258387756938692 0.08184700708932659 0 3.262074462336093E-8 5.52659622365951E-8 -2.7622236328125676E-5
-0.7173789460644423 0.321865662586802 0.08652046298759287 0 2.7449079213719474E-8 6.172562194700997E-8 -2.7617063129742367E-5
-0.6465139113454262 0.538316822314734 0.09160194260007758 0 4.4916320092130675E-8 6.191464102398622E-8 -2.762465410012449E-5
-0.7501326501074496 0.5412263004122692 0.09999999999999996 0 4.424512550561126E-8 7.482417970266719E-8 -2.7627811988582412E-5
-0.8010558185062641 0.4625204886241073 0.09999999999999998 0 3.481250087825819E-8 7.679117763404283E-8 -2.7621717752935773E-5
-0.6328963674406779 0.44705014677999644 0.08550954643040555 0 4.362424889465667E-8 6.017567812615787E-8 -2.761912982446834E-5
-0.2313025414788286 0.8233581280344338 0.09294490463014164 0 7.568872327185835E-8 2.90665191106925E-8 -2.762563899455897E-5
-0.19616860770583666 0.9039546015730862 0.09999999999999994 0 8.122631817507759E-8 2.6550890102897948E-8 -2.763807099302301E-5
0.2216527773738334 0.8287572231622684 0.0932031971273528 0 7.194049703322737E-8 -1.1355383734105859E-8 -2.7628705157764463E-5
0.10414931811684251 0.6209165315731189 0.07394244219969823 0 5.469509222893789E-8 -5.942082722879318E-9 -2.7644687496021356E-5
0.1942511971230704 0.716812779625243 0.08273823779707914 0 5.990489380424172E-8 -1.8459908672698553E-8 -2.763028915534992E-5
0.14442364609626682 0.6895139486023729 0.07960445430492032 0 5.978161514346879E-8 -1.3763681210400717E-8 -2.763907522688709E-5
0.1913914876174544 0.7797285375111098 0.08801717214843206 0 6.592510038594025E-8 -1.3038337798530324E-8 -2.762754442032306E-5
0.196130597538861 0.9039628493277602 0.09999999999999998 0 8.020487094624586E-8 -8.322732425262721E-9 -2.7639481151727646E-5
0.020086990102898373 0.582926818943489 0.07076019404513119 0 5.1402031037245103E-8 3.326532956937694E-9 -2.764530831700806E-5
-0.17894546311077822 0.7718277883825889 0.08706002927260566 0 7.2101987722848E-8 1.8907541351350883E-8 -2.7627879182522823E-5
0.04599891718688658 0.6542488180254783 0.07585611859697282 0 5.8395416490384975E-8 -4.193060636267668E-9 -2.7644552543088654E-5
-0.007855133722757698 0.6491499078369714 0.07536310530979572 0 5.793457003697456E-8 5.877521699071464E-10 -2.7644982569228497E-5
-0.13380906082414654 0.7600240739879767 0.08523325950883376 0 6.822424043864939E-8 1.2918390392193437E-8 -2.7631750607848026E-5
-0.04850890629174576 0.6781878024575423 0.07767733236817918 0 6.005996040243845E-8 2.5179498607043374E-9 -2.7641384328008012E-5
-0.09794458893422112 0.7138796015511557 0.08090449857215169 0 6.313429848465502E-8 7.143386814580909E-9 -2.7636788543593904E-5
-0.7603438011582597 0.3738096376808479 0.09217483686370775 0 2.681701575065337E-8 6.830132351902431E-8 -2.7614590281165903E-5
-0.6767294999436547 0.3833870641168077 0.0857669286165472 0 3.6891786640577324E-8 5.936878222879583E-8 -2.7608312415132573E-5
-0.7186415188607147 0.46354605628657686 0.09293928953994947 0 3.7813581079259876E-8 7.166797897340911E-8 -2.7615085548754305E-5
-0.14285595486183847 0.8282574032154251 0.09152546819348935 0 7.319572844206593E-8 1.8624566080335474E-8 -2.7631887551823866E-5
-0.09363126894349026 0.9202489260084377 0.09999999999999998 0 7.88373954898069E-8 1.7035205289053013E-8 -2.7637442376332963E-5
0.09361324045256657 0.9202507597854978 0.09999999999999996 0 8.547830333124736E-8 3.877682525874235E-10 -2.7638162554902632E-5
0.14341620299378274 0.8294494640794721 0.09164675622284839 0 7.478296234302256E-8 -6.8096423196967565E-9 -2.7632974951846824E-5
0.08739963386816947 0.6969472503405287 0.07943927986118828 0 6.263619088299658E-8 -9.434694716351215E-9 -2.7639591238327107E-5
0.1332242410665833 0.7460807458646898 0.0840331591986956 0 6.594085299914712E-8 -1.1626511615825266E-8 -2.763368945275042E-5
0.011531729957052445 0.7092408490309093 0.07999382505294728 0 6.374940653281468E-8 -5.314942775267311E-9 -2.7634913679994785E-5
-0.08028628936017151 0.7814679591465112 0.08645850584417021 0 6.599841412901848E-8 8.045477719857682E-9 -2.7627533619793574E-5
-0.04561230651596534 0.7294921334214546 0.08175631121749642 0 6.304679370026931E-8 4.29553090088405E-10 -2.7631608079044288E-5
-2.6622719632600497E-6 0.924994933365257 0.09999999999999994 0 8.259161121468845E-8 9.615937913336699E-9 -2.7633383398774034E-5
-0.057540995049113024 0.8423979795604504 0.0918960227632853 0 7.096446823433196E-8 1.202361182227386E-8 -2.7625394785187218E-5
0.04284010489062188 0.8515402282381707 0.09269147861274166 0 7.959364958158434E-8 4.009786522957622E-9 -2.7624981062130285E-5
0.06678793864290467 0.7745216917616873 0.0857326633705871 0 7.317372459797462E-8 -6.1597221896007385E-9 -2.7626624587257676E-5
-0.010066347156763605 0.7750831353836388 0.08553470969702802 0 6.798947864047222E-8 -1.2150546577009693E-9 -2.7618414647659414E-5
