% Model:
% Version:
% Dimension:          3
% Nodes:              691
% Expressions:        4
% Description:        Surface
% X                       Y                        Z                        Color                    DeformX                  DeformY                  DeformZ
0.09361324045256657 0.9202507597854978 0.09999999999999996 0 1.252587732613318E-7 5.994759395183274E-9 0.049977016073186366
0.19613059753886136 0.9039628493277616 0.10000000000000006 0 1.195235844680695E-7 -5.878945352308053E-9 0.04997701580457265
0.2873578563384961 0.8792328678266589 0.09999999999999998 0 1.1768148198599449E-7 -1.6494549860663717E-8 0.04997702330319883
0.6177594130735132 0.6884753307245892 0.0999999999999999 0 1.0095156394317332E-7 -5.9491278947305385E-8 0.04997702944537954
0.684790004400319 0.6218349412241562 0.09999999999999998 0 9.312991873279252E-8 -6.87009570308141E-8 0.049977025064259516
-2.6622719632544978E-6 0.924994933365257 0.09999999999999995 0 1.2251972476829752E-7 1.8089279485559242E-8 0.04997702002998628
0.042840104890621886 0.8515402282381707 0.09269147861274166 0 1.1732474958844992E-7 1.1083382165063789E-8 0.049977029714909874
0.37075219693550476 0.8474432642497914 0.09999999999999995 0 1.1873122642336613E-7 -2.8549940007812967E-8 0.04997702318804747
0.14341620299378263 0.8294494640794716 0.09164675622284833 0 1.1186756509269517E-7 -2.8332794889686096E-9 0.0499770228353357
0.2216527773738334 0.8287572231622684 0.09320319712735281 0 1.0903360005920253E-7 -9.77977823421625E-9 0.04997702771626771
0.29491717071644885 0.8166669280321706 0.09422261270086468 0 1.119553630281332E-7 -1.8111738241491392E-8 0.04997703322969444
0.5485314952955888 0.74480230687788 0.1000000000000001 0 1.0337645058780704E-7 -4.807995305089768E-8 0.04997702646677536
0.5518007966248653 0.6760563257947593 0.09465507346897212 0 9.715661962408258E-8 -4.9759233089359243E-8 0.04997703709482403
0.5876935447112426 0.6161088910778022 0.09257893706827944 0 9.28203087739537E-8 -5.886178075734209E-8 0.049977037929105725
0.750154542605984 0.541195955123228 0.09999999999999999 0 8.125441244097159E-8 -7.33932390927286E-8 0.049977028460352825
0.6504705486077746 0.5465931881196746 0.09240305490818576 0 8.14461940610507E-8 -6.509895403768235E-8 0.049977031749733745
0.8010710017272109 0.46249419126110153 0.09999999999999994 0 7.430662430783091E-8 -8.200662650776082E-8 0.04997703514708255
0.8437752416466553 0.3790359375932063 0.09999999999999998 0 6.512381855495977E-8 -9.047275226391775E-8 0.04997703285687073
-0.09363126894349026 0.9202489260084377 0.09999999999999998 0 1.1862236339293747E-7 2.836192264354008E-8 0.049977015326501506
-0.057540995049113 0.8423979795604501 0.09189602276328529 0 1.0843438367157104E-7 2.2154949691083315E-8 0.049977028631068524
0.06678793864290467 0.7745216917616872 0.08573266337058709 0 1.0860615415199711E-7 1.1268782969462666E-10 0.04997702927786107
-0.010066347156763604 0.7750831353836388 0.085534709697028 0 1.0344224918712993E-7 7.411304691345792E-9 0.049977036850778644
0.33139114289377414 0.7785556133621918 0.09206768166444738 0 1.1053608041139837E-7 -2.5683034834594024E-8 0.049977034922949234
0.46249999999999974 0.8010734985006057 0.09999999999999991 0 1.1124505137508085E-7 -3.934878829161437E-8 0.04997701973436992
0.3836506929290542 0.7746515411716933 0.09384509082801115 0 1.0983085367771167E-7 -3.206435278652032E-8 0.04997702752340436
0.1913914876174544 0.7797285375111098 0.08801717214843206 0 1.0154766817799508E-7 -1.0584618014206494E-8 0.049977029273965044
0.13322424106658332 0.7460807458646898 0.0840331591986956 0 1.005417115072764E-7 -7.419120570160371E-9 0.04997702312444265
0.290977677915208 0.7546407636986491 0.08855875058870188 0 1.0474282279938152E-7 -2.4062082863428594E-8 0.04997704220650004
0.23873623781901876 0.768060257846817 0.08814793343306236 0 1.0023346031854632E-7 -1.625459466130812E-8 0.04997703853887295
0.0873996338681695 0.6969472503405288 0.07943927986118829 0 9.576108780241708E-8 -3.8639687599351305E-9 0.04997701752459683
0.5230354883414245 0.6422697488364205 0.0903707538749386 0 9.078289327461902E-8 -4.839159539619655E-8 0.04997704493559931
0.4904238791693691 0.6985151762406319 0.09277567976728547 0 9.583587552806039E-8 -4.202261038169436E-8 0.04997703308971264
0.49825230464030656 0.6040689738252 0.08623250303750964 0 8.216978070927415E-8 -5.120308590058584E-8 0.049977045809510415
0.5828756184496425 0.5332115379316272 0.08685116301599329 0 7.83293420407034E-8 -6.186200818111705E-8 0.0499770344753804
0.5354804188313992 0.5793968081607486 0.0867593250488703 0 8.378224622094227E-8 -5.800943933678094E-8 0.04997704371316826
0.706135052883472 0.46732786457169856 0.09212747065803698 0 7.09450620071185E-8 -6.84528166118095E-8 0.04997704198413743
0.626960623589047 0.4522983371432033 0.08535306995964971 0 6.304796352328929E-8 -6.322092439969007E-8 0.04997703773169259
0.7564175363077812 0.3862256756237963 0.09237249347625182 0 6.535453581868408E-8 -8.093458277733828E-8 0.0499770447724313
0.7978472984237353 0.3041762806928352 0.09281227257926786 0 5.353958800337408E-8 -8.453964506420453E-8 0.04997703809917316
0.5572755215547441 0.4510872900080025 0.08061070588876622 0 6.391194292977856E-8 -5.8657565919016724E-8 0.049977027434851766
0.8809325160784339 0.2820885436790224 0.09999999999999994 0 5.195272144923497E-8 -9.142592160537136E-8 0.04997703419151485
0.8318102133114372 0.22322523392999072 0.09353078509252773 0 4.3782055893527706E-8 -8.470651727287837E-8 0.04997704490192225
-0.19616860770583672 0.9039546015730862 0.09999999999999996 0 1.2047500029745176E-7 4.0979188683609547E-8 0.04997701413610486
-0.14285595486183858 0.8282574032154257 0.09152546819348939 0 1.1021380417171599E-7 3.134577958862349E-8 0.04997702167218274
-0.08028628936017151 0.7814679591465112 0.08645850584417021 0 1.0163666263202745E-7 1.881572020615096E-8 0.0499770271090635
-0.04561230651596534 0.7294921334214545 0.08175631121749641 0 9.71271260203622E-8 1.0099511208781749E-8 0.04997702399961809
0.011531729957052473 0.70924084903091 0.0799938250529473 0 9.722824179900343E-8 2.5935095775840865E-9 0.049977021430143855
0.3464548928541494 0.7191482470167311 0.08759713317592265 0 1.0233126981299174E-7 -3.2798908975631976E-8 0.04997703258348601
0.41227210451772556 0.7140762315680476 0.090018645217313 0 9.896408725575265E-8 -3.678086854661126E-8 0.04997702841720503
0.19425119712307035 0.7168127796252429 0.08273823779707913 0 9.365782821969933E-8 -1.6156800287834206E-8 0.04997702735228077
0.1444236460962668 0.6895139486023729 0.07960445430492033 0 9.270245894124638E-8 -9.952790593049806E-9 0.04997701856838318
0.26473613188816314 0.6988930987695542 0.08313425830297129 0 9.441428748787192E-8 -2.7978717322938532E-8 0.04997703433923221
0.31546555307223756 0.6681703741372859 0.0824215607208193 0 9.311033817152241E-8 -3.2806886347885644E-8 0.04997702753343598
0.04599891718688658 0.6542488180254783 0.07585611859697282 0 9.02338773316771E-8 2.610176344560593E-9 0.04997701282571224
0.1041493181168425 0.6209165315731189 0.07394244219969821 0 8.55554506254237E-8 -9.522105683175405E-10 0.049977013585115145
0.4534199638911959 0.634338879041937 0.0859386615701075 0 8.329904930597095E-8 -4.3141461930876954E-8 0.04997703695645534
0.4723939921181885 0.5653277489130147 0.08223903081434113 0 7.566189243960142E-8 -5.1460396638098076E-8 0.04997703589790597
0.5096255127299391 0.5106912413470729 0.08097857821614195 0 7.229975130309098E-8 -5.602347747638145E-8 0.049977029939978455
0.49005227512439603 0.44470401859070546 0.07629562530822705 0 6.571327470709464E-8 -5.028898045012933E-8 0.049977021644277426
0.6719229666176102 0.3884051108238118 0.08561888827579651 0 5.550233187352681E-8 -7.254630499926287E-8 0.04997705001263274
0.585360990165672 0.3703838402167338 0.07867156144500052 0 5.220812652365413E-8 -6.237130460549363E-8 0.04997702817863535
0.7133503615870089 0.32015636681811027 0.08613118221459616 0 5.152338072518818E-8 -7.945239452536022E-8 0.04997704191025294
0.7561533810021166 0.25116889240286866 0.08746370240455795 0 4.2696148770233325E-8 -7.854479549003497E-8 0.049977041322884073
0.4678168231247622 0.39722837411780604 0.07282402579327739 0 6.30263744309084E-8 -4.547860108082763E-8 0.04997702150309949
0.5201731653431543 0.38799390136202994 0.0753439569886662 0 5.8605641166548975E-8 -5.333761766644239E-8 0.049977021063432936
0.9051251569294584 0.19071818089926673 0.09999999999999992 0 4.181449136920543E-8 -9.508144728927911E-8 0.04997704293765314
0.7902639371480997 0.1788726841459575 0.08869278761371618 0 3.4631885862663016E-8 -8.039446793303662E-8 0.049977055148676466
0.8510855832446352 0.14814580550682155 0.0937894978149824 0 3.709537016492615E-8 -9.104930755845392E-8 0.049977052820995835
-0.2873939485029833 0.8792210714939994 0.09999999999999992 0 1.1649294086606054E-7 5.226033108486782E-8 0.04997702078205476
-0.23130254147882853 0.8233581280344335 0.09294490463014163 0 1.1249559161893787E-7 4.4473922460289906E-8 0.049977027256722824
-0.31654977457237843 0.8071051679018628 0.09409208829712742 0 1.042926154921591E-7 5.4065313208964046E-8 0.04997703035293147
-0.17894546311077822 0.7718277883825889 0.08706002927260566 0 1.0739929175250871E-7 3.2669654993742776E-8 0.04997702609576101
-0.13380906082414656 0.7600240739879769 0.08523325950883374 0 1.0319365771553639E-7 2.5297082164919453E-8 0.049977022747881045
-0.09794458893422107 0.7138796015511553 0.08090449857215165 0 9.672747170667124E-8 1.838995909593831E-8 0.049977018604980224
-0.048508906291745806 0.6781878024575432 0.07767733236817927 0 9.259279344763708E-8 1.2229360619955046E-8 0.04997701489851768
-0.0078551337227577 0.6491499078369712 0.07536310530979572 0 8.960464814437566E-8 9.033898947495688E-9 0.04997701203478741
-0.22520922840433794 0.7458968973346558 0.08588793599516023 0 1.0581091185877759E-7 3.596117744379377E-8 0.049977033805371794
0.3676404370066046 0.6367719158122648 0.08211917016769558 0 8.694395233118901E-8 -3.661937944809925E-8 0.049977024550810926
0.1936377969261951 0.6392946953673746 0.07676490405819383 0 8.743850394274749E-8 -1.520780065192774E-8 0.04997701771863997
0.2841334503354857 0.6165726819630527 0.07759808624216208 0 8.602991986555579E-8 -2.7645538245710034E-8 0.0499770184980369
0.15199695343335892 0.5713443637747505 0.07128864354870554 0 8.155520504008056E-8 -3.2810817276687487E-9 0.04997701980243794
0.020086990102898376 0.582926818943489 0.07076019404513119 0 8.109030908213218E-8 1.0863204706429531E-8 0.0499770128539959
0.09263905094403112 0.5551170207203663 0.06943102413110944 0 7.672486042513047E-8 5.168566302962416E-9 0.04997702165891058
0.40094975894605217 0.5652131577221657 0.07869394977656125 0 7.624538579167445E-8 -4.034418384711956E-8 0.049977022626106676
0.44736034083495335 0.4974141441538551 0.07684191432450417 0 7.035497269037063E-8 -4.5807217241292106E-8 0.04997702271190015
0.43140219656813134 0.4287675225971859 0.07244484890584983 0 6.64778636568707E-8 -3.9698030227513895E-8 0.04997702251974074
0.6341588941531795 0.31283518999890125 0.0798162445324894 0 4.6119640732815904E-8 -6.987028930661214E-8 0.04997703196377663
0.5293785213896149 0.3388907230126146 0.07386902220939724 0 5.327194273436402E-8 -5.4004327030950465E-8 0.049977020585489335
0.5661686439840169 0.30314954318445153 0.07485251919573685 0 4.7756076975498985E-8 -5.87390421379937E-8 0.04997702242299408
0.6744856330743808 0.25899543825752414 0.08106282636378112 0 4.0841689427147445E-8 -7.253600215121305E-8 0.0499770332513297
0.7226994437477959 0.19973529248782174 0.08334138075756292 0 3.2115973894517815E-8 -7.443632007654064E-8 0.04997704242601291
0.432283916850713 0.3802988180284773 0.07026687195777442 0 6.378046568999486E-8 -3.961389383797231E-8 0.04997702696444847
0.471669282894354 0.34325991058700306 0.07076541111671207 0 5.809009140949442E-8 -4.60052759179816E-8 0.04997702273275182
0.9192877608705788 0.10260257931928718 0.09999999999999994 0 3.1895994383651035E-8 -1.0216971039287096E-7 0.049977043719049076
0.8038717607621602 0.12213857484508563 0.08895470660031483 0 2.9425099316511403E-8 -8.865916326954747E-8 0.049977059213128346
0.7461230180043805 0.13265602880629776 0.08402816782270865 0 2.2792045615042833E-8 -8.077242410161967E-8 0.04997705311749404
0.8513706752696019 0.07427003550197267 0.09288407134507307 0 2.693535556060808E-8 -9.545393020891832E-8 0.04997704945671535
-0.37078556224583165 0.8474286657041801 0.09999999999999998 0 1.077665190773208E-7 5.998806139260926E-8 0.049977019910478496
-0.2837405614792432 0.7514739211838952 0.08805204152803742 0 1.0022551292461611E-7 4.402941422959574E-8 0.049977040445238985
-0.34402355613461416 0.7467533926463904 0.08979839619713195 0 9.569639646005123E-8 5.195943466854536E-8 0.04997703083447496
-0.37812997462304876 0.7796968295885027 0.09405159466762453 0 9.967402981502224E-8 5.905229931093353E-8 0.0499770244154332
-0.1720142422395265 0.7059350940103875 0.08139872432652721 0 9.951808832861573E-8 2.76424495955371E-8 0.04997702120696808
-0.11459365381122653 0.6489796043007033 0.07609123122821615 0 9.02254491766218E-8 2.307400744545406E-8 0.049977012824487
-0.05636556989485568 0.6123374883168238 0.07290850863136557 0 8.592899071406606E-8 1.8436248895145494E-8 0.04997701153055475
-0.25001651455608 0.6877574831582878 0.0818288600417976 0 9.62242031136921E-8 3.3663250189959747E-8 0.04997702800731369
-0.052031801679697585 0.5443357511275841 0.06842717285738567 0 7.936877822407271E-8 2.1264003702852185E-8 0.04997701933021636
0.3180361598450387 0.5508547874957042 0.07440724687637126 0 7.809496551256908E-8 -2.8420753253562606E-8 0.04997701461568
0.22784343961994075 0.5451094489255655 0.0712614275403811 0 8.066228416737566E-8 -1.4964425151671877E-8 0.04997701742457787
0.15223360853370177 0.5114589799667827 0.06762073099832457 0 7.716642438361102E-8 -1.8560464771832941E-9 0.049977034900542845
0.001253333994083932 0.5186888782774371 0.06673044987207258 0 7.391885360571073E-8 1.3631397401764794E-8 0.04997702055824092
0.04502055801070238 0.5239593119206278 0.06715619876796415 0 7.186822831237386E-8 9.299345548251398E-9 0.04997702277217535
0.09307018049889716 0.48701542238591894 0.06541754354915293 0 6.553738274844368E-8 2.022863644458127E-9 0.04997703915594832
-0.028427878816465992 0.4894039605592073 0.06510500934199118 0 7.296392204791544E-8 1.5560389411563413E-8 0.04997702494949588
0.3618627937090411 0.47199806236141684 0.07152593305679358 0 6.934730375538346E-8 -2.986258485950846E-8 0.04997701956535678
0.3818998921620359 0.39282083230988174 0.06849211870683777 0 6.43445593347862E-8 -2.994712041901672E-8 0.04997703452789614
0.5964895386590119 0.24538252217967105 0.07505456752399718 0 4.154114129102632E-8 -6.147079331920361E-8 0.04997702465317236
0.5023235944487768 0.2915186453354023 0.07059623054924216 0 5.037282146350735E-8 -4.902672667196463E-8 0.049977022016179
0.5325092597313041 0.25445661626164345 0.07121936353097057 0 4.545444726391355E-8 -5.165287867369117E-8 0.04997702362362732
0.6524176664552401 0.20477109599706136 0.07797707686621597 0 3.432909195564888E-8 -6.824696807522437E-8 0.049977030330968036
0.6908574756839181 0.1584953945063365 0.07995126254637963 0 2.6166431716793157E-8 -7.286412013185849E-8 0.04997703841007505
0.5953591891669738 0.1936606882201294 0.07369160395615945 0 3.7329730223587565E-8 -6.033063878432432E-8 0.049977027088804506
0.6892086201904363 0.11760753932384704 0.079182235454291 0 2.142237940440957E-8 -7.446319144666837E-8 0.04997703806752541
0.405879084331799 0.3317218591300754 0.06705525860874957 0 5.951337814813103E-8 -3.906533688198576E-8 0.049977036342320834
0.4374027432196878 0.28280425722565 0.06685837267776955 0 5.1183535173395126E-8 -4.244163623864405E-8 0.04997702923123371
0.9249999999999994 2.4083227273235917E-16 0.09999999999999988 0 1.8818828059203857E-8 -1.0108144041227158E-7 0.04997704093617428
0.7822439697509949 0.07342341173252223 0.08646750245519459 0 2.0520843388394436E-8 -8.892020026900752E-8 0.04997705180584553
0.7247257834183622 0.08520662975023731 0.08165698245211614 0 1.7459407334711913E-8 -8.070724333072767E-8 0.0499770441354284
0.8252770499196596 2.2719212644267835E-16 0.09008727174442381 0 1.519198484085396E-8 -8.937223426582683E-8 0.049977047062898815
0.8548200389796248 -0.0652462727687064 0.09314675085287963 0 1.0056426423410313E-8 -8.998219368422444E-8 0.04997705103505508
-0.4625 0.8010734985006055 0.09999999999999995 0 1.0415348083622265E-7 7.117662110407326E-8 0.04997701546139754
-0.4789401191209053 0.7197628636157833 0.09385470752197606 0 9.704153520525875E-8 7.34655241374215E-8 0.04997702477538779
-0.5083123257938114 0.6756675576578802 0.09200745306162256 0 9.17410343997063E-8 7.713550065534777E-8 0.04997703325438174
-0.32754350874215143 0.6890222378899378 0.08446715933764734 0 9.180904559431821E-8 4.489389010188927E-8 0.0499770274828972
-0.41247406389305447 0.7144260354671815 0.09005646238462256 0 9.562068888217192E-8 6.17501167194428E-8 0.04997702448690459
-0.19051431605916905 0.626194724144322 0.07575740850014469 0 8.735575951605259E-8 3.159636770308007E-8 0.049977014586036005
-0.12546868182070262 0.5661421054611622 0.07053660282173835 0 7.95462231217236E-8 3.10100848225517E-8 0.049977019503457905
-0.19168892528151546 0.5624523066487603 0.07149027116733264 0 7.634945627004358E-8 3.6331878124156354E-8 0.04997701670519938
-0.29003290264585363 0.6297052539110426 0.07871782471366957 0 8.693858969039997E-8 4.012854825081789E-8 0.049977017424441474
-0.10596501162257628 0.5041773372256166 0.0665257287102945 0 7.46750368846244E-8 2.8625427499720964E-8 0.04997703642310805
-0.0710277803670786 0.4813038479979327 0.0648997774631422 0 7.473475027826698E-8 2.0347062521566606E-8 0.049977033140046034
0.27234892372669683 0.47172217328134014 0.06829621029644013 0 7.088116739305847E-8 -1.9225077213151642E-8 0.04997702013053386
0.21079455863719812 0.4693257584201238 0.06648483672306539 0 7.397347718137597E-8 -1.3599012362726678E-8 0.04997702732604392
0.14985938251764008 0.45279307874260605 0.06437801254812757 0 7.026255263349364E-8 -1.0966377014702904E-8 0.0499770420102785
0.18545604713463826 0.4304739947807409 0.06393784680976806 0 6.800235261884838E-8 -1.5017812014854935E-8 0.049977031774027875
0.11053788187593885 0.4306223745782792 0.0626902062642271 0 6.179937781281376E-8 -9.276379221639928E-9 0.04997703802467668
0.019795838688718648 0.4703114259817322 0.0640444060829731 0 6.638356601757719E-8 8.28700834122987E-9 0.04997702548334992
0.06533055038853271 0.4354649165439313 0.06247764990259347 0 6.001195560059269E-8 -1.335095181612404E-9 0.04997703104691468
-0.04037960269203985 0.4408570318083466 0.0625957773306699 0 6.790734274602319E-8 1.2666158254265032E-8 0.049977026740427394
0.3329058545937796 0.33325924236807375 0.06406157186555389 0 4.9891886726466924E-8 -3.2345715716268744E-8 0.04997704912642468
0.30693864167133966 0.4042133776050551 0.06608285286906407 0 5.897985412016245E-8 -2.1075832243705182E-8 0.04997703273290992
0.5387084587482874 0.20560708274998704 0.07032262751622614 0 4.1451102981166283E-8 -5.10488391957305E-8 0.04997702955468478
0.47599510640454495 0.23047538821938993 0.06733340193971542 0 4.3110112706305824E-8 -4.3061188636195374E-8 0.04997703070815591
0.5285393108936259 0.16518893231571916 0.06885934434787161 0 3.877253117077012E-8 -5.0068452938155224E-8 0.04997703831971911
0.6359863797306671 0.1341128294488754 0.07542020319546491 0 2.7715118413746757E-8 -6.706068164513521E-8 0.04997703015754158
0.5665181445886517 0.15558354761445173 0.07104008880031383 0 3.6490589737911734E-8 -5.678853414920358E-8 0.04997703209841586
0.660910431014522 0.06111123862815046 0.0764443497197492 0 1.7649330489132477E-8 -7.137916552493732E-8 0.0499770311614418
0.3628225028367361 0.2686598783514226 0.06303900336729049 0 4.55031989488739E-8 -3.842258500625126E-8 0.04997703533939247
0.40159415937487913 0.22227119456522582 0.06342742714419668 0 3.883355486559368E-8 -3.806588563713493E-8 0.0499770325872144
0.8374232558848936 -0.1293417213860296 0.09218338983550127 0 3.2064227500456705E-9 -9.032229233627149E-8 0.0499770609758515
0.9192877606928149 -0.10260258091221071 0.09999999999999994 0 7.287350785672161E-9 -9.870101947599025E-8 0.049977047981261985
0.736498120183538 1.9461726324828643E-16 0.0822207664498539 0 9.46629614018505E-9 -7.89425551233287E-8 0.04997704114861432
0.7859407931602105 -0.07401767626946824 0.08680140328934059 0 3.1886434345007373E-9 -7.998440019430812E-8 0.049977055365127
0.7880045515761323 -0.12910173677696724 0.08762058220646912 0 -3.157972152282369E-9 -8.381691232877598E-8 0.04997706525589636
0.7883546035916829 -0.16488856810254315 0.08824892692988198 0 -6.941942089295599E-9 -8.861914895443686E-8 0.049977064504022235
0.7597010793028802 -0.19500257071099414 0.08634694259141451 0 -1.3275047395711753E-8 -8.61101239547667E-8 0.04997705754593161
-0.5485031394581955 0.7448231888659758 0.09999999999999998 0 9.859990560979262E-8 8.298337731124015E-8 0.04997702144518262
-0.5596851197575441 0.6634042603718276 0.09419033697962353 0 8.607390314620847E-8 8.223640581505058E-8 0.04997703280527602
-0.4499036574234318 0.6597655574984556 0.08762543161615084 0 9.37557778503146E-8 6.657027138728821E-8 0.049977030012800044
-0.5084523869045262 0.6310249340793687 0.08870435188239581 0 8.747693961225094E-8 7.312694703906827E-8 0.049977041006048245
-0.3679940573528886 0.6373844042186184 0.08217817873449768 0 8.937169233420991E-8 5.120428656085595E-8 0.04997702080038387
-0.42125713605646403 0.6077940464059373 0.08247265847688973 0 8.92233523402607E-8 5.849330712843157E-8 0.04997702530818417
-0.5445828559277581 0.5931276201062035 0.08823074690283744 0 7.874770351529095E-8 7.295841251940657E-8 0.04997703890938682
-0.2598642375444073 0.5690891545970852 0.07365958600480058 0 7.823952869380815E-8 4.083078439748569E-8 0.04997701179284893
-0.146043412013244 0.5032640730580226 0.06704541835555089 0 6.863196046990875E-8 3.327016679897302E-8 0.049977036238231576
-0.17773060720916645 0.5259463281585312 0.06894804779728927 0 7.0062795230085E-8 3.653950371897344E-8 0.04997702464246987
-0.21172158677062325 0.5198781223671345 0.06933829044213057 0 6.89892987875891E-8 3.894326057282445E-8 0.04997701945169418
-0.31860245148696237 0.5518356333914171 0.07448895588812982 0 7.774453853982915E-8 4.760067735861184E-8 0.049977010902551966
-0.14030890931253803 0.4679836164169959 0.06501280116403946 0 6.487890484554237E-8 2.6374719511225974E-8 0.049977042921634525
-0.1029411460718821 0.44640858274387013 0.06338188130081228 0 6.852509540911981E-8 1.7973485299705248E-8 0.04997703933692558
0.2318898921058528 0.4016450748890024 0.06367695651733307 0 6.053781327243893E-8 -1.800393404497806E-8 0.04997702672934508
0.15384627156060382 0.38391173658918915 0.06118533303935767 0 5.90048439023839E-8 -1.3949234854052433E-8 0.04997702638329349
0.08567704016096146 0.39343427128029224 0.06068036954612458 0 5.732212735663578E-8 -5.759405546687052E-9 0.04997702653181334
0.05891091878969271 0.3561813785904501 0.05888183035860122 0 5.4234786340978003E-8 4.752043830087658E-10 0.049977019579201684
0.013052198219917915 0.38970549808144694 0.060109559393507296 0 5.817114344133321E-8 5.737348736749934E-9 0.04997702045710735
-0.07539656272461731 0.38263872680028077 0.06011274428033935 0 5.9114584964167496E-8 1.4493517201663874E-8 0.049977022509806256
0.29687695963224414 0.26583446546620587 0.06049214663587172 0 4.1156724439231364E-8 -3.00190842705684E-8 0.049977029274635355
0.2625418688185837 0.33648330779519714 0.06181290503458571 0 4.757321719819402E-8 -2.3304105018523742E-8 0.04997703037439441
0.4879508039440347 0.1753290332884817 0.06671893154849401 0 3.7270976595634616E-8 -4.2890934096416327E-8 0.04997704335908233
0.44078820931890456 0.1777885340956575 0.06428879605061416 0 3.1955203659035684E-8 -3.868628065904004E-8 0.04997704212006725
0.5192463818471629 0.12824117265253684 0.06769417632898124 0 3.5649321829521365E-8 -5.2461420069223685E-8 0.049977045250178806
0.5800435663390094 0.07440259297015445 0.07086095755136958 0 2.5703507678352372E-8 -6.195477339039944E-8 0.04997703040166846
0.637168246229727 1.7636191275501274E-16 0.07448630903843242 0 1.2370348133151936E-8 -6.717837567551733E-8 0.04997702862570947
0.394490378891255 0.17177804019933987 0.06198157459134764 0 2.9150322295973607E-8 -3.6660034386195226E-8 0.04997703509126866
0.33827356631260735 0.19741612693850674 0.060186571415137134 0 3.4332252985349206E-8 -3.241931577238605E-8 0.0499770268651891
0.823080640176532 -0.2073363860609292 0.09232209730203018 0 -8.235281307772982E-9 -9.459907170627228E-8 0.049977056996162256
0.9051251563026288 -0.19071818387397393 0.09999999999999996 0 -3.800576405029695E-9 -1.0226676798525229E-7 0.0499770509160149
0.6918887433807663 -0.06772116765551028 0.07886795692620671 0 3.887169158672715E-10 -7.154488578562212E-8 0.04997703892916552
0.7325342916850162 -0.13408386908087777 0.08291013088256638 0 -1.0005922181402227E-8 -7.788883775387832E-8 0.04997705512473198
0.7578046117703348 -0.24801668508133748 0.08751626752734717 0 -1.717414093565329E-8 -8.418142952834563E-8 0.04997705215343008
0.7040732060431756 -0.2032143579310842 0.08191372549943252 0 -1.6148293083358816E-8 -7.692465407797183E-8 0.049977047167058364
-0.6177328508859397 0.6884991641819087 0.09999999999999995 0 8.74439596252334E-8 8.805035620912875E-8 0.049977023474679805
-0.6071515389330133 0.6092519905512257 0.0934219469334025 0 7.75248034517087E-8 8.395225454889177E-8 0.04997702856675421
-0.5735399527378838 0.553508622043815 0.08749015204644302 0 7.420032386070182E-8 7.575540409514254E-8 0.049977030758789176
-0.47303326379715877 0.5791284533565412 0.08316905076856485 0 8.545944866229171E-8 6.215989111027429E-8 0.04997703340486984
-0.39181543828090004 0.55445735722153 0.07760084140770421 0 8.107624588711712E-8 5.4785578663787986E-8 0.04997701612366214
-0.5240933648557364 0.532232296917964 0.0831006990315747 0 7.547320963761078E-8 6.709256994048449E-8 0.04997702883806649
-0.2730034360466586 0.47285582187369307 0.06837705113188602 0 6.598691090000384E-8 4.6042547695858056E-8 0.049977016462535495
-0.19156331121345604 0.4731617410648762 0.06625147072173328 0 6.185324096853028E-8 3.4255994670372563E-8 0.04997702937611437
-0.3580569939172612 0.4725541821277962 0.07140049698238948 0 6.757867792757102E-8 5.6269218242505085E-8 0.04997701517813704
-0.30165136280488036 0.4184145297189895 0.06656200918217181 0 6.258492162694551E-8 5.142576249231296E-8 0.04997702516481652
-0.157502577302292 0.4062797025959702 0.06224976286168573 0 5.8319870675716583E-8 2.2890649194115146E-8 0.04997702902458855
0.1923176439095004 0.3331039304431941 0.059877835485628056 0 5.083208006391212E-8 -1.5852135256894828E-8 0.049977020204821275
0.10763513709501452 0.32249572723181036 0.058047784011843524 0 5.153046387091773E-8 -4.531111107897862E-9 0.049977017855400124
0.02555769618970364 0.3104658173674803 0.05699894508193309 0 4.9868229307356536E-8 9.303418737590485E-9 0.04997702075225709
-0.04439277195221167 0.328710102628296 0.0577329050528648 0 5.078860821075547E-8 1.541171420417066E-8 0.04997701820753071
-0.11902524067374878 0.32805250160257865 0.05839824108948766 0 5.0362287040873436E-8 2.1841904255065675E-8 0.049977016234206716
-0.017053837843317182 0.27836069099312905 0.05590951428308119 0 4.4094802919925594E-8 1.713296643885271E-8 0.0499770269783761
0.011677278178983168 0.25977319628253465 0.05533524160416193 0 4.4234466097031734E-8 1.499013585839814E-8 0.049977033134300804
0.26432978404622737 0.19520810401833602 0.05761727712614054 0 3.6632546817031333E-8 -2.151603469536369E-8 0.04997702345506113
0.22703812963746223 0.26409762190385005 0.058370438456053005 0 4.2161481450727646E-8 -1.826646186941417E-8 0.049977020290953814
0.4615326701397575 0.12346215125476942 0.06442192515091573 0 2.5859048511613074E-8 -4.684033060324328E-8 0.04997705516435481
0.41609697408913515 0.13788398400008958 0.06237868126929303 0 2.3088852636526372E-8 -4.004496938978189E-8 0.049977042874360826
0.493812622045095 0.06489296717588176 0.06554297030555511 0 2.3916439113987965E-8 -5.503090193171066E-8 0.04997704288174598
0.5965173615012843 -0.07939251741876009 0.07200225824383245 0 6.036720410819937E-9 -6.111451189762007E-8 0.049977032539602506
0.5449077695259101 1.790659953385319E-16 0.06830916124377963 0 1.6892161899537626E-8 -5.622461199796869E-8 0.049977032076147315
0.35923719947272786 0.12552401442410066 0.05970040660633742 0 2.4055314071112936E-8 -3.4666330701795325E-8 0.04997702917024163
0.23462332403576253 0.13422621113694225 0.05564316792853833 0 3.443967908232142E-8 -1.5820953276629133E-8 0.04997703459856033
0.29070078878885497 0.12979410487969603 0.05724274123768994 0 3.0245354328081646E-8 -2.5353670886339604E-8 0.04997702556262031
0.8014927716328408 -0.29144105877124366 0.09271262928645599 0 -1.826596993425665E-8 -8.871398140352116E-8 0.049977050692070625
0.8809325145611795 -0.2820885484172241 0.09999999999999999 0 -1.569326248939E-8 -1.0019925938986687E-7 0.049977046198081354
0.6510493529215736 -0.15514133280147802 0.07686356365481603 0 -8.659860203070368E-9 -6.915320683619032E-8 0.049977037810187516
0.5770279320473077 -0.1518434761804153 0.07165568912865206 0 -1.1228019820085743E-9 -6.153146529088738E-8 0.049977037093494256
0.7173493567573875 -0.3169596225802428 0.08634023460744476 0 -2.4737208484811465E-8 -7.342051344509012E-8 0.04997705475707649
0.6897625743522149 -0.264441860913035 0.0824063475266023 0 -2.1546996669673807E-8 -7.231372166608386E-8 0.049977046345389596
0.6384778628041973 -0.23491899962832427 0.0777084562971251 0 -1.7745148487712315E-8 -6.735071663353144E-8 0.04997703799969753
-0.6847646792234083 0.6218628292777221 0.09999999999999995 0 7.929854520257332E-8 9.496886524375183E-8 0.04997701805703772
-0.6465139113454264 0.538316822314734 0.09160194260007758 0 7.257030791638441E-8 8.972408490505962E-8 0.04997702536302321
-0.5770660846669927 0.4836246905463882 0.08360849061752018 0 7.049256900523729E-8 7.716991639207154E-8 0.049977024556213195
-0.45509595152323246 0.486640439064581 0.0766367028663977 0 7.06940249822006E-8 6.211861620102252E-8 0.04997701715427382
-0.41803303753571375 0.41861066103869105 0.07131407766744806 0 5.771533315458525E-8 6.313242982706787E-8 0.04997701946772597
-0.5228737105474611 0.469403410425903 0.0794598201715015 0 6.886220216135967E-8 6.927686692876688E-8 0.04997701956094002
-0.2326279902659774 0.402923498403311 0.06375456788963607 0 5.967373329436296E-8 3.760308129989671E-8 0.04997702340620814
-0.2807191746564195 0.3771430143239577 0.06401358518053686 0 6.075341548029255E-8 4.5609561499147534E-8 0.04997702981339244
-0.366851516506518 0.3914531813319968 0.06779342734587492 0 5.454656997910634E-8 6.019114693324736E-8 0.049977032911963426
-0.31784422091904324 0.3574692689417032 0.06445327462614314 0 5.835900839952283E-8 4.988151563785306E-8 0.049977040918481236
-0.19326570388917427 0.3347460184966118 0.05996054906425582 0 5.300343992673503E-8 3.0199559100372545E-8 0.04997701751195996
0.14969050843762158 0.2592715660247785 0.05657975437506353 0 4.465155671812078E-8 -6.217722427465831E-9 0.049977018589089775
-0.15073713287945018 0.26108437273446894 0.05665087411303694 0 4.154704784544249E-8 2.953050590429691E-8 0.04997701601022652
0.06630901180929023 0.250856535710505 0.0553186995326227 0 4.598194200625048E-8 6.26792132333642E-9 0.049977028488605836
0.017981432514459814 0.22651294475696923 0.05443142027174295 0 4.20173342066723E-8 1.2779183699650017E-8 0.04997704439811567
-0.07471068043782808 0.2615864764835527 0.0556965634877458 0 3.9640237655405146E-8 2.243766054053592E-8 0.049977023709106824
-0.014253461472862217 0.23459230484404994 0.05463523466770248 0 3.783950640399165E-8 1.7560431473610705E-8 0.04997704177468678
0.20062573683728832 0.09527047772396216 0.05430115527057267 0 2.980196467431942E-8 -1.5086797450162846E-8 0.04997704981813186
0.18890830540911194 0.1893292231980287 0.05555650018582656 0 3.711629685804842E-8 -8.045202171374547E-9 0.04997702867816034
0.18353225708574536 0.1263657612272312 0.05431954168807018 0 3.0668139702089717E-8 -7.825779234727637E-9 0.049977048868951254
0.4146151646677903 0.077681020975073 0.06157475739077052 0 1.7086217636069864E-8 -4.427865228989085E-8 0.04997703848725934
0.4636209692030302 1.4593888372567647E-16 0.06366862151549985 0 1.2832006710735498E-8 -4.660904446146067E-8 0.04997703683056336
0.5270134709035552 -0.12362075461980128 0.0680883893303861 0 5.5066662708294315E-9 -5.423706602313835E-8 0.049977047963417676
0.5078212312272355 -0.05773868566153319 0.06628756501631428 0 9.940657242861547E-9 -4.79772708448015E-8 0.0499770420183934
0.3331467524821928 0.0633273262949379 0.05801432008933982 0 1.9715879824288925E-8 -3.2222134623960804E-8 0.04997702461609773
0.2538184516803514 0.06940494742292715 0.05542696753822805 0 2.6982472029656107E-8 -2.2436400170912004E-8 0.04997703285110159
0.7635253857731481 -0.3782532475337201 0.0926398396720293 0 -2.627921710333141E-8 -8.17621129820613E-8 0.04997705942940545
0.8437752388147 -0.3790359438971111 0.09999999999999999 0 -2.5711075674442515E-8 -9.23078536049096E-8 0.0499770488823182
0.5898871014295897 -0.20776639827421509 0.07364495662277286 0 -1.0922372751619061E-8 -6.355152871471123E-8 0.04997703469185519
0.5408130551366508 -0.18150058753720788 0.06992281214701015 0 -3.6927642052653273E-9 -6.000415476973647E-8 0.04997704050258662
0.6777956079436661 -0.39290477214771746 0.08626804024189792 0 -3.7270972528730004E-8 -7.10139778021444E-8 0.04997706757317504
0.6346730356926773 -0.3174870091624343 0.08001946855914076 0 -2.954261132023307E-8 -6.344255477218576E-8 0.04997704572795429
0.5796784116794852 -0.2776116098201063 0.07488927562467991 0 -2.155554500572962E-8 -6.05873701089282E-8 0.04997703460664979
-0.7501326501074496 0.5412263004122693 0.09999999999999999 0 7.18272592767543E-8 1.0583292704728746E-7 0.04997702037954786
-0.7186415188607144 0.4635460562865767 0.09293928953994947 0 6.312172806307177E-8 1.016659556087824E-7 0.049977034109539915
-0.5580584193120213 0.42548332869284045 0.0793877523859349 0 6.514841119119415E-8 7.489147178003692E-8 0.04997701957771238
-0.6328963674406778 0.4470501467799965 0.08550954643040555 0 6.855177129399674E-8 8.752486406002234E-8 0.04997703169504122
-0.6767294999436545 0.3833870641168075 0.08576692861654717 0 5.984911441189326E-8 8.805335063575272E-8 0.0499770421149296
-0.4324706598932547 0.3595596935895599 0.06940707877592157 0 4.77583117752045E-8 6.296124874407185E-8 0.04997702289382161
-0.48200836859227103 0.4026983386005155 0.07383556549613608 0 5.763752834525602E-8 6.73986649889506E-8 0.04997701491645252
-0.5442886348821633 0.36830034160648034 0.07595460109733419 0 5.690276210709324E-8 7.360559720859983E-8 0.049977015456813365
-0.3182526738785638 0.31228528282505874 0.06275542647814243 0 5.275569989916943E-8 4.296545986242335E-8 0.04997703793727036
-0.25621859628623345 0.32661564029958035 0.06125711843708684 0 5.5485787502806936E-8 3.810510092953429E-8 0.04997702494774975
-0.37474174799433474 0.325215240573534 0.06543736846884436 0 4.48550248666284E-8 5.1977281061672836E-8 0.049977039671466765
-0.4300985673768074 0.3012630280350379 0.06711000127247038 0 4.167235527883677E-8 6.075898249138348E-8 0.0499770244641471
-0.22695325756190313 0.2565120405768185 0.058144911454045704 0 4.3649479513394054E-8 3.6355287841057744E-8 0.049977016698605055
-0.18350196867475074 0.18844743574056294 0.05542383280391715 0 3.2024872518287704E-8 3.670018013881956E-8 0.04997702626088211
0.11136664405289663 0.19289268576805546 0.0543171535525474 0 3.7736155413586065E-8 1.5625343392172127E-10 0.049977032674919174
-0.1122914677939212 0.19449452747555573 0.054363926326504504 0 3.244079680097271E-8 2.6852058740409985E-8 0.04997703059245323
7.833096257776418E-4 0.19069362679459012 0.05356840441819727 0 3.4865801710284344E-8 8.591014455443213E-9 0.0499770511280416
0.04520143550094839 0.18418512355280772 0.05354594410814683 0 3.8315347491925764E-8 3.95205541870141E-9 0.04997704424837524
0.017173734845246678 0.1662656573333219 0.05309215701680856 0 3.3603588850263923E-8 3.810357255604961E-9 0.04997704694610956
-0.04746651353754764 0.1829715324610284 0.053532622158623755 0 2.9665004938940743E-8 1.5057294440083516E-8 0.04997704290627861
0.1909210649037195 0.04684254353730668 0.05369730809312632 0 2.1319704821686813E-8 -1.7141065123445316E-8 0.04997704579080164
0.15384433041034729 0.09209874155024392 0.053330182368177645 0 2.104925394980458E-8 -1.0368731543341373E-8 0.04997705307356864
0.13647605991683223 0.1435082568468913 0.053729825805134857 0 2.8538213119624616E-8 -2.8306900141341587E-9 0.049977043073431794
0.38492668203237634 1.0023152680894796E-16 0.05989052034096669 0 9.95406084275021E-9 -3.726115548363403E-8 0.04997702862638386
0.4253355502182104 -0.06042681663517086 0.061949401873126426 0 1.7976785055010982E-9 -3.837506632481268E-8 0.04997704051630733
0.48600244774065643 -0.18106149615140063 0.0667271620082264 0 -5.741979534843002E-9 -5.5997676964421475E-8 0.04997704929352225
0.4535801009187721 -0.11979187747949692 0.06395953291420167 0 -4.921363403112505E-9 -4.430008946989182E-8 0.04997705886930255
0.30024351839566077 1.0287337474471442E-16 0.0566089984335615 0 1.5207054132530248E-8 -2.7219758963088062E-8 0.049977024833888405
0.2238875048948223 7.961310541061857E-17 0.054346295287657866 0 1.7487685045537847E-8 -1.8145590265981194E-8 0.04997703718668412
0.7176713367395706 -0.46521260674377907 0.09294805270739667 0 -4.005690315461537E-8 -8.293985397813641E-8 0.04997706134666607
0.8010709981238167 -0.46249419750242293 0.09999999999999998 0 -3.671639938758248E-8 -9.052694367744588E-8 0.04997705477609637
0.526450453306162 -0.2376825100162034 0.07038843476625323 0 -1.2776188448581547E-8 -5.804552961022816E-8 0.04997703541424203
0.4546475825643904 -0.23293628734368743 0.06627327609670221 0 -1.305576672861441E-8 -4.9719528669551394E-8 0.049977040818659786
0.5306797663003683 -0.29923675531161764 0.07251363051783592 0 -2.2159947264732363E-8 -5.576244562439289E-8 0.0499770331271417
0.6103906305879975 -0.40135765312469507 0.08172372928462608 0 -4.1626275221850916E-8 -6.327914803287846E-8 0.049977051843774004
0.6403517767463041 -0.46278562534170165 0.08686037768572827 0 -4.548922313105858E-8 -7.095309830539777E-8 0.04997705777921812
0.5664981365845182 -0.34007595181336636 0.07621962270586985 0 -3.0738776338349696E-8 -5.786572485173842E-8 0.04997703750401025
-0.8010558185062641 0.4625204886241073 0.09999999999999998 0 5.996392082744566E-8 1.093489454447054E-7 0.04997702602420089
-0.7603438011582597 0.3738096376808479 0.09217483686370775 0 4.937920870073829E-8 9.956743345062072E-8 0.049977034401027035
-0.6064827120561795 0.3683452405387546 0.0800133246078764 0 6.082163792642208E-8 7.949383873940535E-8 0.0499770249108143
-0.6554904399290363 0.3258387756938692 0.08184700708932659 0 5.3873891699767936E-8 8.327543803108722E-8 0.04997702894984166
-0.7173789460644423 0.3218656625868021 0.0865204629875929 0 4.8506368309760176E-8 9.164476709948254E-8 0.04997703301930752
-0.4490633670822638 0.262933614095089 0.06682964731028332 0 3.901981663387101E-8 6.474307828692626E-8 0.04997702247135918
-0.561964870759204 0.31624700130713357 0.07504348009682706 0 5.0289372809191976E-8 7.589048560675046E-8 0.04997701499648055
-0.4969688691845382 0.31115828345845914 0.070963541880969 0 4.544005095037876E-8 6.982910417192957E-8 0.04997701499180807
-0.3445240713159381 0.2767146512083848 0.0625551726814487 0 4.499288875604789E-8 4.519101822566068E-8 0.0499770319952169
-0.29822944351534514 0.2720284218761082 0.06072614652584281 0 4.7518301555537916E-8 4.071258472676935E-8 0.04997702642006493
-0.278960464150049 0.23105339123962187 0.058930977919053947 0 4.0593487223572366E-8 4.1023834662512554E-8 0.04997701953393129
-0.39866775255885006 0.2551376793832062 0.06418286265211672 0 3.981851197907927E-8 5.5824178100531225E-8 0.0499770269916172
-0.43855507291261625 0.22078311851591842 0.06514753629020965 0 3.6657274871989314E-8 6.506617455114915E-8 0.04997702719584385
-0.25569422992480945 0.18010642956677383 0.05704280655464758 0 3.0930108618589526E-8 4.166069022123735E-8 0.04997702078364311
-0.22047029564306936 0.14293411554993973 0.05541545974285534 0 2.3177064138793664E-8 3.997129592191414E-8 0.049977032608956105
-0.18680865935078536 0.12991541986645877 0.05443956342319764 0 2.3485030770290006E-8 3.6763434269850644E-8 0.04997704410756596
-0.13865734030206037 0.13413724110678016 0.05361667711440055 0 2.9251851508904646E-8 2.9666448463627934E-8 0.04997704309889856
-0.13558426904309848 0.09984465055515283 0.05311549222562181 0 2.7153877715988225E-8 2.520803579983145E-8 0.04997704685676288
-0.25161809751440434 0.1255049475699697 0.05598231997151887 0 2.091390673649932E-8 4.088657431237374E-8 0.0499770273664382
0.19420772375092543 -0.04676552312468657 0.05376845209193871 0 1.0587663520863994E-8 -1.1656803730827412E-8 0.04997704708119217
0.07844894660138703 0.13587756131386025 0.05290437550856243 0 2.812922925402768E-8 -9.373215639739133E-10 0.04997704003550423
0.1581850159804538 4.03666044625459E-17 0.05292729798071231 0 1.183563784582576E-8 -1.0332577150136489E-8 0.04997704347507852
-0.0793293077376864 0.13740239153093967 0.05293577949983721 0 2.8383158906522104E-8 1.8080805862497544E-8 0.04997703878066484
-0.10192189467460562 0.10267269443312377 0.05269596908601703 0 2.7311478059919546E-8 2.0173342681059043E-8 0.04997704046819789
-0.004334214649360648 0.15163914092247652 0.05281372846092682 0 2.9839547703673513E-8 4.973107483479992E-9 0.04997704435590779
0.035198297345602834 0.13784946141786308 0.05265706254873472 0 2.93533394966733E-8 1.213845277178481E-9 0.04997704083383812
-0.03647527919163236 0.1302798698937503 0.05254752074115307 0 2.706860029926609E-8 9.702375096227999E-9 0.049977038961100784
0.12737884186502524 0.04457914646124021 0.05254239887577797 0 1.4296071949908052E-8 -9.01798451597954E-9 0.049977042694805726
0.10177697427875258 0.08834048795367636 0.05253956863179542 0 1.9020372226843533E-8 -4.9601906507260104E-9 0.0499770415809921
0.34118511954802583 -0.062154607897978366 0.058312559079427444 0 3.955707058067878E-9 -3.085832541258963E-8 0.049977027629561944
0.37836392981717903 -0.12391451309547875 0.06047575124681005 0 -7.221565048590522E-9 -3.591425748070192E-8 0.0499770377535395
0.41238404925178007 -0.18021837395374024 0.06296662723972753 0 -1.2295526490475025E-8 -4.3568931701567624E-8 0.04997704436562049
0.1676578507312959 -0.08204581170599337 0.05348225864611659 0 2.5227073301999806E-9 -9.427734460141948E-9 0.049977056634467144
0.20181374228166962 -0.09141964150518621 0.05428754190491373 0 7.52788388127208E-9 -1.5296357768414947E-8 0.049977052843096316
0.25485064501553883 -0.06881848120103617 0.05545206946541742 0 1.0305271575887084E-8 -2.111030363078486E-8 0.04997703517795867
0.6644823007055147 -0.5389515943966049 0.09297818153954257 0 -4.903778731356038E-8 -7.430509013820597E-8 0.049977054066823234
0.7501545366059805 -0.541195963440213 0.09999999999999984 0 -4.853626829815537E-8 -8.694691817567018E-8 0.04997705114705172
0.6027366073062329 -0.5213223560235656 0.08747588350371878 0 -4.8697403531208165E-8 -6.307638070255534E-8 0.04997705499207048
0.3907221727608636 -0.23584567652234328 0.06329187670784996 0 -1.5432436337934057E-8 -3.75963886346627E-8 0.049977041513243343
0.47890979704271586 -0.2863984098188226 0.06912760288748078 0 -1.7913646732128663E-8 -5.0638730783529776E-8 0.049977035624314055
0.4250914842628162 -0.2904030737883922 0.06650384046370365 0 -1.698095830377366E-8 -4.211366454771027E-8 0.04997704270597794
0.5018045759598764 -0.3463645861940246 0.07254833341115846 0 -2.6979524757398225E-8 -5.1866037318164605E-8 0.04997703453058523
0.5395049675561714 -0.4037977139333864 0.07721405836956645 0 -3.797107822978714E-8 -5.477400869757868E-8 0.04997703946933105
0.5629289159938321 -0.47314451663551055 0.08212579004392509 0 -4.6115629008351975E-8 -5.67188440176704E-8 0.04997704860021946
-0.8437609348289447 0.37906778281416026 0.09999999999999995 0 4.901078052319162E-8 1.1111330506974839E-7 0.04997702259602699
-0.7888004165309437 0.2903760964571749 0.0915314985584158 0 4.204334064109E-8 1.0527933229737585E-7 0.04997702875893097
-0.6102329054490165 0.2953318100128198 0.07752504764743698 0 4.92784421232002E-8 8.029971284980063E-8 0.04997701893365492
-0.6672358697757713 0.2726523999513782 0.08092297245691278 0 4.644109384462254E-8 8.7025870762076E-8 0.049977024071759954
-0.7578216461505273 0.23114048963723496 0.08705889216020636 0 3.945225265228543E-8 1.035034006426482E-7 0.04997703314696846
-0.7250638207162802 0.2644091498704253 0.08523826785223539 0 4.3680238001690097E-8 9.603744143412964E-8 0.049977029071477864
-0.49761740681994665 0.2259943198914076 0.06840949555720777 0 3.4827098338327786E-8 7.338849030014462E-8 0.049977022670103004
-0.5531916805568725 0.2548390044927608 0.07250231820116229 0 4.012882495866511E-8 7.72620162577722E-8 0.04997701555207247
-0.3304177610769968 0.2075632873895256 0.060121873146272396 0 3.793680885915147E-8 4.7041886602677774E-8 0.04997702163702318
-0.40020050920329836 0.18553375498639196 0.06251643484045977 0 3.6445271006488593E-8 5.860081938603901E-8 0.04997702875397122
-0.4509389353459413 0.1806295394110867 0.06485872161226297 0 3.3614571782802656E-8 6.843524953883263E-8 0.04997703572563836
-0.3081655557366316 0.12979030410922685 0.057834162632571066 0 2.614956324360147E-8 4.5829840592026316E-8 0.04997701992386568
-0.21413652185417031 0.10501643106435352 0.05472829937040968 0 1.6929054705825702E-8 3.594623032447838E-8 0.04997704114526536
-0.1657690318723487 0.09663028560186343 0.05359396061230914 0 2.3407287554641255E-8 2.8676964025662337E-8 0.04997705172289609
-0.13208776332768432 0.07040426877471608 0.05277929135503944 0 2.3873488106848873E-8 2.2041549181925344E-8 0.049977044274864595
-0.2668792736165402 0.06671487334767569 0.05579077358601759 0 1.4197533320792554E-8 3.992371037783424E-8 0.04997702525004202
0.13394298555224937 -0.04272165979228181 0.052630185389843605 0 4.2184707527992285E-9 -4.968914253552753E-9 0.04997704526360154
0.04273067501608838 0.07401170016957918 0.05192584962618541 0 1.9015535215443406E-8 4.2196868805599455E-10 0.04997703190363474
-0.07427627943517315 0.042883429926301064 0.051928801697300825 0 2.036391732153638E-8 1.5576597090060872E-8 0.04997703158756543
0.08580268905133058 2.7924535741052085E-17 0.05192915349305607 0 8.343527472638856E-9 -1.6703043004047683E-9 0.04997703379815543
-0.04304287969149937 0.07455245452975151 0.0519319033593881 0 2.2625192903344317E-8 1.0640883564690904E-8 0.04997703126777858
-2.9796378738924766E-17 0.08577355466188762 0.05192886660175564 0 2.2218853355880047E-8 4.714069303642662E-9 0.04997703159072601
0.0741595043143772 0.04281600977887492 0.05192749553399362 0 1.3684369109800742E-8 -2.1846381759681428E-9 0.049977033061738584
0.12170874450296679 -0.07937873255132208 0.05270638285367756 0 -1.5439901991441613E-9 -4.1692505144364E-9 0.04997704821988716
0.1532214795718842 -0.1047515501973591 0.0534601593182905 0 -2.3121937826342294E-9 -1.119791066345552E-8 0.049977056571774495
0.2997814449763266 -0.13025461904441932 0.057552736756421516 0 -1.626862401023198E-9 -2.778633813032474E-8 0.049977030237872526
0.34046960443170665 -0.192505611563268 0.060162576700472446 0 -1.2480175858486865E-8 -3.1402235755874584E-8 0.04997703448171619
0.34557599933864525 -0.25420475687873284 0.06192004258218349 0 -1.8868442160925026E-8 -2.890411700931227E-8 0.04997704267924347
0.17846806103523252 -0.12182655323316931 0.05415222050793654 0 1.2830883140157155E-10 -1.7682401503389382E-8 0.04997705538622387
0.23090062297727748 -0.133798202671902 0.055538699139373295 0 2.412294619539139E-9 -2.2856065015216236E-8 0.04997704069207619
0.6050561438570468 -0.6036830020468081 0.09289418017943481 0 -5.354995657788861E-8 -6.482011189946328E-8 0.049977060036457875
0.6847899965302142 -0.6218349498910589 0.09999999999999994 0 -5.5970744323785593E-8 -7.601853673649163E-8 0.049977050798251196
0.5365057739834544 -0.6074638984061791 0.08871198704411519 0 -5.7502097879760225E-8 -5.508239423660317E-8 0.0499770710928981
0.5490740032503056 -0.5442731464552362 0.08535659345024513 0 -5.1363658623961764E-8 -5.263888215129721E-8 0.049977059126055885
0.3750627258693447 -0.2936858939923493 0.06434654814554322 0 -1.941374744061588E-8 -3.255039069166931E-8 0.04997705079456435
0.3969354899692888 -0.3460112170117684 0.06719703593166886 0 -2.1558944897576664E-8 -4.0426110627423055E-8 0.04997705249296812
0.4494990254251991 -0.34835776824770576 0.06980849106780326 0 -2.3437725764654592E-8 -4.662395373818845E-8 0.049977039792848704
0.4743994852003083 -0.40954268251415876 0.073738234339428 0 -3.460314412769896E-8 -4.873362203117502E-8 0.04997703744807054
0.5051728219418842 -0.4543425560441293 0.07763963571270259 0 -4.288921107494268E-8 -4.9765063291340456E-8 0.049977041359116556
0.5025098789806551 -0.515963207586209 0.08087711077114171 0 -5.114071167569874E-8 -4.6615397811002576E-8 0.049977051144990875
-0.8809225682293763 0.28211960771987943 0.09999999999999996 0 3.894645873612411E-8 1.1897260029204241E-7 0.04997702263405783
-0.828550120997359 0.21135039229983998 0.09293041569195869 0 3.178937027597077E-8 1.1375143926054006E-7 0.04997703545422462
-0.4876818695036711 0.16005919777938843 0.06641416297022892 0 2.6434407550938424E-8 7.286263684181628E-8 0.04997704045792756
-0.7583678808155521 0.178257805309045 0.085877514601274 0 3.570221180446052E-8 1.035652639688411E-7 0.0499770413099107
-0.6170663609123308 0.222189336538271 0.07585507468331582 0 3.849722285522309E-8 8.356333189001454E-8 0.04997701776427142
-0.6972424057138273 0.20430689657176634 0.08139617396721441 0 3.983156820845207E-8 9.400296580207075E-8 0.049977027657112684
-0.5518948161465875 0.17422255470543752 0.07046196471921623 0 2.657811384048428E-8 7.828917534786488E-8 0.04997702414929774
-0.36894201678212313 0.12798179161528736 0.06013540062401418 0 3.0895852777401016E-8 5.251758592617065E-8 0.049977025112822204
-0.4362515368769687 0.13236424219261816 0.06326633817399903 0 3.224043829801997E-8 6.173779284362579E-8 0.04997704211920731
-0.33947513674739144 0.06240362523718613 0.058248486325065116 0 1.9723309208695233E-8 4.8048627807863655E-8 0.049977019282314745
-0.18433654548332082 0.048222709230570565 0.05356505347436668 0 1.4582258284195747E-8 2.7327803994617048E-8 0.049977043496987596
-0.13330372693534312 0.03517105967265548 0.052587287930552964 0 1.8589025329266936E-8 2.2388199826278422E-8 0.049977040302056824
-0.08544796042127181 1.2633032021521531E-17 0.05192572029476935 0 1.5451922160686412E-8 1.879632637090058E-8 0.04997703206811439
-0.2993967149465731 5.4908359945213266E-18 0.05658028588283902 0 8.489668330367225E-9 4.446305931973853E-8 0.0499770196345788
-0.22270343343645202 -2.7398019802337882E-17 0.054316401779706945 0 6.400044226392788E-9 3.530562566104078E-8 0.049977033281542384
-0.27837086784154214 -0.12617379267311218 0.05679356136910862 0 -7.253810501543656E-9 4.088876352582918E-8 0.04997702644969666
0.07416648351753428 -0.04282003922369633 0.05192757354063934 0 3.4762013661718153E-9 1.6389913803932161E-9 0.0499770346196033
-0.07423701450489274 -0.04286076030823398 0.051928362278406685 0 1.01065692759803E-8 1.934129416501883E-8 0.049977033160300575
5.433302611002987E-16 -9.25534990736191E-16 0.051513083863437 0 1.191272097718025E-8 8.571643678810951E-9 0.04997702471539311
-0.10393602836491157 -0.0928684349452979 0.05261104654913398 0 4.31572961081702E-9 2.2099630970023604E-8 0.04997704363360359
0.09263290818595533 -0.09340215664313874 0.05249108753880629 0 -2.384452804298351E-9 -1.0476137151278225E-9 0.049977043677464035
0.13365633223327938 -0.131494330544841 0.053500013617672336 0 -5.559567711173467E-9 -1.1304045181978318E-8 0.04997705029855696
0.32685099627426545 -0.2905697969488598 0.06232853198902639 0 -2.4880547635459924E-8 -2.534087835026372E-8 0.04997704996683737
0.25568805190108224 -0.19009790761699052 0.05725179690059135 0 -8.889585928802383E-9 -2.403750466732815E-8 0.04997703122509713
0.2878012678865199 -0.2461068228137798 0.059620677596610265 0 -1.9426661062983415E-8 -2.358792306462689E-8 0.04997703533693917
0.17648242248939017 -0.17786432905826252 0.055061790182478074 0 -6.834827364052793E-9 -1.910056797723737E-8 0.04997703940927677
-0.2483235922732361 -0.18165056966040063 0.05686432272721823 0 -1.256145542478363E-8 3.55498132379864E-8 0.04997702733209211
0.5547456546446986 -0.6639301342123074 0.09391738389868397 0 -6.295489689795665E-8 -6.31165101200896E-8 0.04997706583207254
0.617759403950767 -0.688475338910477 0.09999999999999995 0 -6.415601282753899E-8 -6.916359779235806E-8 0.04997705782116825
0.5055257679581893 -0.637124600070996 0.08897493457515948 0 -6.504611711568057E-8 -5.520718159130839E-8 0.049977071038342015
0.4877536710430043 -0.5826751104622181 0.08420495651136725 0 -6.13059751124592E-8 -4.554399724532325E-8 0.049977065272832175
0.33633282409977666 -0.3398966968888034 0.06444423660906808 0 -3.00147361820298E-8 -3.148197624688552E-8 0.049977062934810974
0.3632772876174715 -0.38800374757803635 0.06749345504717459 0 -3.0827382818266E-8 -4.2049335759768264E-8 0.04997705420470739
0.41704203467651185 -0.4108303752912243 0.07090170067103964 0 -3.2566001554504136E-8 -4.53099651252702E-8 0.04997704207961181
0.4381086940659461 -0.4733073985449338 0.07505155127124846 0 -4.448718380927679E-8 -4.377889203023732E-8 0.04997703980660795
0.4531934148271225 -0.5420428192507506 0.07976926362259741 0 -5.661779260713018E-8 -4.149927832972346E-8 0.04997705026068589
-0.8565041007211142 0.12935729823844902 0.09401883827528355 0 1.9343035629098796E-8 1.1122986245658235E-7 0.049977039645749115
-0.9051192255768068 0.1907463267598074 0.09999999999999999 0 2.711617660500637E-8 1.2114913304257714E-7 0.04997703017241634
-0.7940808377677345 0.13178185399490336 0.08820577601429047 0 2.5885353362290282E-8 1.0333856729066964E-7 0.0499770487642271
-0.33304413722574716 -0.0693067767843958 0.05805530637396814 0 3.4445136625196863E-9 4.958024254249275E-8 0.0499770214346402
-0.4742240483662385 0.11256694280313873 0.06494853319711702 0 2.3559756761970883E-8 6.307597038157058E-8 0.04997704709095926
-0.5075730010734563 0.12513873893141758 0.06697106660603604 0 1.924227115292286E-8 6.986485231546692E-8 0.04997704102975219
-0.5430568755805907 0.10886676283437083 0.06886622733636953 0 1.7008418669566614E-8 7.278504236307766E-8 0.04997702989631117
-0.7200856347104287 0.12756375701027653 0.08178787314202199 0 3.28250521282697E-8 9.416184826091091E-8 0.049977035128354996
-0.6366216770914513 0.1480565042375733 0.07568897320024313 0 3.0013228728821815E-8 8.532211101280687E-8 0.049977020505561014
-0.5817364775186938 0.11498204866540508 0.07140762999266016 0 2.029549709361051E-8 7.812025150312482E-8 0.04997702236552502
-0.42774238996431574 0.06497482014443741 0.06209784320535726 0 2.270534270597232E-8 5.5889193710945726E-8 0.049977032202771485
-0.3847166606924661 5.007387460326135E-18 0.05988137680814879 0 1.3850620508474448E-8 5.466750659808076E-8 0.049977021818942105
-0.3349183900900527 -0.1391323925724424 0.05894927757126893 0 -3.689061174847764E-9 4.8803187613535716E-8 0.049977025175944205
-0.29014129297673835 -0.2192290809213992 0.05898973037684319 0 -1.3780305517942866E-8 4.4294931365883566E-8 0.04997702691951082
-0.30831506111577245 -0.17770170158565646 0.05867258259636438 0 -9.574477955165855E-9 4.5517955693399554E-8 0.049977025206223324
-0.8184909839211807 0.07533925376340875 0.08977629762126751 0 1.67294429175681E-8 1.0299330302967056E-7 0.049977039800760265
-0.15687445011428935 1.9896548115933566E-17 0.05290395974586269 0 1.2049953293160252E-8 2.738922602127847E-8 0.04997704035898026
-0.12783259126111396 -0.033275347967647646 0.05249920381841622 0 1.0713876936506996E-8 2.5865407803674933E-8 0.049977040512694096
-0.12619399745448542 -0.06614911525416546 0.05266041061116255 0 7.611620519785671E-9 2.6066084826483362E-8 0.04997704486808987
-0.24680219676358395 -0.07209570484823002 0.05524990662857362 0 -3.70389896699548E-9 3.885098156886271E-8 0.04997703260786609
-0.22815732549244763 -0.13366956667415794 0.05546555293618707 0 -1.0715420761333883E-8 3.195763931837644E-8 0.04997703680081037
-0.15093740406319942 -0.09389909648308085 0.053299030733839035 0 2.8172505745291983E-9 2.6960736559379845E-8 0.049977053118376816
-0.17405337917392047 -0.045794392161233266 0.053343830220451034 0 4.811102473903052E-9 3.2568701397979336E-8 0.049977045414708356
-0.18973296493485722 -0.18461798069110347 0.055474546986767154 0 -1.303944864402871E-8 2.5279154550212095E-8 0.049977032940571646
-0.1364384943575783 -0.14270773398924902 0.05371629461338726 0 -4.572378704149733E-9 1.9952203356141896E-8 0.049977045859482476
0.04273873390329096 -0.07402565857166638 0.05192600533605053 0 1.2847028494521335E-9 6.508792600758683E-9 0.049977034628987595
-0.04299754043112493 -0.07447392462720538 0.051931021483395706 0 4.7601517347948426E-9 1.6797556972135905E-8 0.04997703388390682
1.3904975238826412E-17 -0.08573627431625096 0.051928505242836896 0 1.6790342089005619E-9 1.2430018837744713E-8 0.04997703467676953
-0.07925046645516252 -0.13726583442387433 0.052932952804228266 0 -4.5459799378455545E-9 1.808652744929445E-8 0.04997704352129222
0.078463056828959 -0.135902000944921 0.052904876080197075 0 -4.430161819612331E-9 -6.894440559454354E-10 0.049977045028375945
0.11138757858716244 -0.19292894544503636 0.054318208030815426 0 -8.457336826619156E-9 -9.46111578222628E-9 0.04997703978107
0.2704412885460667 -0.32134890739138133 0.06148782850104338 0 -3.1650409397878524E-8 -2.179577517163952E-8 0.04997704386855802
0.21970172124605267 -0.2547036178054315 0.05790944965811469 0 -1.928789536373428E-8 -1.8569744979753165E-8 0.04997702944095795
0.06445906182530692 -0.2524774236880237 0.05535114833714504 0 -1.4372578806181415E-8 -4.653183231253834E-9 0.04997703771857036
0.14972579901011426 -0.2593326910893636 0.056582144341893334 0 -1.7453619099455624E-8 -1.2241209941664738E-8 0.049977028314638336
0.031363797849434556 -0.30517057546423765 0.0568332914109285 0 -2.3663268524729067E-8 1.0425287608036597E-9 0.04997703238355418
-0.03281109095750645 -0.303248501545522 0.0567724159885361 0 -2.5638336214089505E-8 8.567086386754766E-9 0.049977031909669026
-0.22974591189928226 -0.25639797529990704 0.058213734017978094 0 -1.769588975228596E-8 3.581048595147676E-8 0.04997702567362686
-0.15050660974349658 -0.260685094950677 0.05663516711153095 0 -2.0969348660889608E-8 2.3802834663684167E-8 0.04997702510703941
-0.0010639892128916778 -0.35571530812846325 0.05866683852382106 0 -3.0793375984082435E-8 8.752020085156346E-9 0.04997703126531533
0.4897167015298755 -0.6990669986722716 0.09278011319940965 0 -7.174428436105488E-8 -5.6395324662793706E-8 0.04997706112806183
0.5485314847714318 -0.7448023146284537 0.09999999999999996 0 -7.520016783496802E-8 -6.41018126360819E-8 0.04997705669938
0.4538946410105444 -0.6418290507487608 0.08650541722977732 0 -6.917194348167112E-8 -4.7567103807622445E-8 0.049977062395730805
0.43691576165411183 -0.5863880363863174 0.08178506492225697 0 -6.365276889497681E-8 -4.100622176178552E-8 0.049977054707454734
0.30008338071089913 -0.40108479031261085 0.06570468861303413 0 -3.792704913952306E-8 -3.319346356641599E-8 0.049977048286526
0.35656776116113886 -0.46142030598113837 0.07075125137743835 0 -4.229529816625286E-8 -3.902846973377907E-8 0.04997703906014626
0.38634553368626 -0.5411366135074784 0.07653244947706513 0 -5.519446173450869E-8 -3.6683872821979114E-8 0.04997704038905261
-0.8641324069088798 0.062174994255793294 0.09403348687291993 0 1.2632970951054891E-8 1.0992144157730054E-7 0.049977034061636574
-0.9192848102122441 0.10262901652303172 0.09999999999999998 0 1.6001736834787728E-8 1.1745739250681012E-7 0.04997703000940987
-0.7599167871431189 0.06070075634999409 0.08441733903220823 0 2.090757691790658E-8 9.597865925053706E-8 0.04997703571287662
-0.3798507417992421 -0.12110542276221137 0.06050058794352799 0 1.8098332776765595E-9 5.487671915465415E-8 0.049977031119618875
-0.40842759083875524 -0.05875232359605665 0.06114052778332879 0 7.954970971218904E-9 6.062068006263698E-8 0.04997702999592611
-0.5039157942187592 0.07056797810116018 0.06615707446286306 0 1.4901626463333054E-8 6.4418874971708E-8 0.04997703441187297
-0.5548238392163808 0.07638757137486703 0.0692570455361671 0 1.4519422188731854E-8 7.306886368493896E-8 0.04997702515672482
-0.6893460495224285 0.06354738512595373 0.07863780818203954 0 2.2445434239869483E-8 8.922630320039129E-8 0.04997702465283316
-0.6215823870108426 0.05940809814964494 0.0735747228508592 0 1.735516767073038E-8 8.203604788074308E-8 0.049977018376565104
-0.4662367643365183 -0.05429215722432917 0.06397307879016166 0 4.548337960356158E-9 6.935053587127928E-8 0.0499770356112106
-0.46385916918682774 -3.671115297680029E-17 0.06368112390889598 0 1.0860698385328548E-8 6.41978378302629E-8 0.049977028835374145
-0.3620108841151937 -0.17400839360604695 0.060635096430618034 0 -6.473171099166182E-9 5.177616226128707E-8 0.04997702940879006
-0.299671918215507 -0.26919022055739933 0.06068803798570996 0 -1.766630169504308E-8 4.8043291667132605E-8 0.049977034964237
-0.33027652289156045 -0.22443841547131757 0.060528990644305516 0 -1.3932699722694109E-8 5.033128638915573E-8 0.049977030138307836
-0.8245744171037561 3.2427437940114445E-20 0.09002147282184526 0 8.253720200129713E-9 1.0769614477983749E-7 0.049977034075541556
-0.19761019796705673 -0.10158906953187434 0.054303584925033156 0 -6.387030262126384E-9 3.091930604732511E-8 0.049977050467509734
-0.18403998396844498 -0.12735803584373423 0.05434432437859784 0 -7.058382941260157E-9 2.5089924328935554E-8 0.04997704960640104
0.002774404310843052 -0.26370741404826953 0.055444406431408536 0 -1.9380223770927944E-8 5.372721641343872E-10 0.049977041654123394
-0.11217260429255088 -0.1942886498520168 0.05435789315243198 0 -1.4130234325975011E-8 1.727379134268191E-8 0.04997703717330029
-0.059917909088264505 -0.2537684697083779 0.05535616729591674 0 -2.265488026021473E-8 1.0077772065962416E-8 0.049977036854604535
0.025874926118163173 -0.1326695098536581 0.05254567933671944 0 -3.3733235157097314E-9 9.266028016444652E-9 0.04997704500958107
-0.02524383979971824 -0.13300675455069116 0.05254892004091195 0 -4.665867419416531E-9 1.5443282090862172E-8 0.0499770444843788
0.05493858025113073 -0.18721166728009325 0.05366460039291042 0 -6.113363004384291E-9 3.5948022460079566E-10 0.04997704884343605
-0.053441146730527585 -0.1870910243981426 0.053652873989227134 0 -1.5053840596940212E-8 1.3431999028734526E-8 0.04997704800609691
-0.015811501710617765 -0.22080470166743846 0.05428292799461194 0 -1.7220293386055345E-8 4.779881720757995E-9 0.04997705396850756
0.001589553534327251 -0.18045943852644147 0.053353802929854637 0 -9.449056711678841E-9 1.0175882585077437E-8 0.049977056868397554
0.01713256069613923 -0.2191946756676691 0.054245341320781695 0 -1.1447952434029301E-8 1.1396803648182724E-9 0.04997705450318907
0.23193963455587202 -0.4017312313397281 0.06368217918749612 0 -3.5799179722419554E-8 -1.9754903631229833E-8 0.04997704192981978
0.1923608915779979 -0.3331788376023402 0.059881599761303035 0 -2.8990042813935595E-8 -1.2741712797084338E-8 0.04997703277556019
0.10559774308437371 -0.32641465451667345 0.058167036115944384 0 -2.630739248009222E-8 -3.3240777582036883E-9 0.04997703014453848
0.02839276411724587 -0.3973392921812579 0.060485401730235276 0 -3.693970546075425E-8 7.133275289384636E-9 0.049977036435884394
0.04349199689707277 -0.3606955682361924 0.05897556113419837 0 -3.177831440995933E-8 4.4144775861558155E-9 0.049977032596936054
-0.2724211583800272 -0.34021230275634196 0.06225471036920945 0 -2.387833186419607E-8 4.1775624490315876E-8 0.049977040680955986
-0.04975626500892476 -0.3592625346716331 0.05895024498757896 0 -3.077457454263078E-8 1.5719592578109602E-8 0.04997703164588786
-0.11115524588477288 -0.32319159740630654 0.058116751891295344 0 -2.7798207632744132E-8 2.2512529625350912E-8 0.04997702735218486
-0.1929576265867868 -0.33421241295621784 0.05993362613445384 0 -2.7215777024786175E-8 3.3458138203179195E-8 0.04997702907328033
-0.00580331192480529 -0.44141011755505605 0.06253303354413747 0 -4.0611350137875634E-8 9.71549958669028E-9 0.04997704032976432
-0.03317807935019408 -0.4000499580003111 0.06062434517611842 0 -3.4601577980319354E-8 1.4706228161680965E-8 0.04997703646824706
-0.4124914840826571 -0.7144562081206507 0.09005972521404425 0 -7.57772871118064E-8 5.541255052171268E-8 0.0499770478620495
-0.4625000000000001 -0.8010734985006056 0.09999999999999992 0 -8.811078420099438E-8 5.8324463432216566E-8 0.04997704166863969
-0.38371343710296635 -0.7748603000238191 0.09386619334345217 0 -8.665994709045136E-8 5.081210951247286E-8 0.04997704979528333
0.41226227881814503 -0.7140592129571534 0.09001680581831234 0 -7.222409978440705E-8 -4.3134804597460624E-8 0.04997705688736741
0.4625000000000003 -0.8010734985006056 0.09999999999999992 0 -8.090548968566294E-8 -5.2194854521643194E-8 0.04997705191259678
0.36763254236248355 -0.6367582418875386 0.08211785344170675 0 -6.572828713711272E-8 -3.293214939152639E-8 0.04997704965558759
0.2724100436150707 -0.4718280360333562 0.06830375115676082 0 -4.221423159423836E-8 -2.818069290878677E-8 0.049977038333343625
0.31808183532075857 -0.5509338997403103 0.07441383187593022 0 -5.400651293994961E-8 -2.9645426986397454E-8 0.04997703601659364
0.2111878992556696 -0.5199281931560845 0.06932845783235407 0 -4.535437619228337E-8 -2.105774232853531E-8 0.04997704188633373
0.021803385387518696 -0.48225449508691837 0.06469299319690376 0 -4.783793510848535E-8 3.448411856036559E-9 0.04997704270046289
-0.8627884197170683 -0.05512509329877387 0.09385473111979895 0 -1.1521307680891881E-9 1.1470107137465617E-7 0.04997703508351538
-0.9249999999999996 -3.487031299242896E-17 0.0999999999999999 0 4.437514840284204E-9 1.1992426798345345E-7 0.04997702625902944
-0.7353276040989696 -1.3378311327871067E-18 0.08212306732579755 0 1.4128350870551798E-8 9.692856892866691E-8 0.04997702920738812
-0.4256923062754768 -0.12215318657273537 0.06260425960749795 0 2.486332684974587E-9 6.037116395340305E-8 0.04997704325194688
-0.4043520178042478 -0.16901983470521803 0.062374130552393804 0 -4.792650931548077E-9 5.477999399906856E-8 0.04997703634395485
-0.46760448929491655 -0.09647351175034935 0.06440527405535054 0 -2.9676615183478706E-10 6.932059995327341E-8 0.04997704727837938
-0.5447672634209793 2.858524015158418E-17 0.06830049229574699 0 6.797700057331952E-9 7.400049155480176E-8 0.049977022850331815
-0.6361392415232948 1.0428654588114258E-18 0.074412070818866 0 1.1273909681376756E-8 8.496199181194229E-8 0.04997701813468895
-0.5124187514513647 -0.051847896831783355 0.06651654728017117 0 3.036340353026048E-10 7.387420711133712E-8 0.04997703145883554
-0.36799093114432163 -0.6373789894665451 0.08217765681431857 0 -6.354854712055758E-8 5.5018132476936465E-8 0.04997704185321999
-0.31827009850817745 -0.5512599811461146 0.07444098367382036 0 -5.46306021016453E-8 4.640701471485217E-8 0.0499770290953524
-0.31386332305040454 -0.40193360988060217 0.06622216379223078 0 -3.514556668101135E-8 3.921816405075719E-8 0.04997704334902793
-0.344912559069745 -0.4432246070018303 0.06935603931497553 0 -4.280679455492474E-8 4.3293190642550826E-8 0.04997703466360348
-0.3337091490042147 -0.3553876317528073 0.06495432896100803 0 -2.9533848200757575E-8 4.568933958382078E-8 0.049977055274806566
-0.383737195098482 -0.21760730691022415 0.06251779019199952 0 -1.3827856087785658E-8 5.451966160621499E-8 0.0499770329195758
-0.33230969380311975 -0.3125744339373021 0.06328313435425742 0 -2.405833442314961E-8 5.268479400180422E-8 0.0499770503301184
-0.3540195296480104 -0.26181915330723304 0.06247659304365877 0 -1.996452151786989E-8 5.479798429419836E-8 0.04997703756704801
-0.7962287177911112 -0.06074957956360479 0.08762354715881245 0 2.912178510266884E-9 1.0850250968356669E-7 0.04997703974215084
-0.7351410524947966 -0.06092685497728594 0.08231802271497875 0 7.724098227152942E-9 1.0031587396003236E-7 0.049977033996003555
-0.4839056580716607 -0.700569999447879 0.09257832058039935 0 -7.26922980053814E-8 6.017881747085678E-8 0.049977050176403366
-0.548567403595686 -0.7447758606713796 0.09999999999999995 0 -8.024075439206728E-8 6.705971253372954E-8 0.04997704488545385
-0.43547631470191006 -0.6351536187841573 0.08509247440255902 0 -6.028810110362188E-8 6.018211672070357E-8 0.04997704933626553
-0.4991515386320159 -0.6334110077816721 0.08834372866104905 0 -6.293794559474862E-8 6.553288517271895E-8 0.04997706027386363
0.19075484218748148 -0.47253116432229375 0.06620021711897693 0 -3.803733377847366E-8 -1.6407374709354938E-8 0.04997704969828472
0.04901016908663563 -0.43723836174505165 0.062459634223422635 0 -4.400483230640747E-8 4.263846740112112E-9 0.04997704430537225
0.06673635655852123 -0.4767204709635778 0.06461779605353515 0 -5.037797317707238E-8 -1.5946630407562603E-9 0.04997705081514893
0.08201071126761385 -0.3939388987243752 0.06066806698898625 0 -3.714000281069244E-8 2.937125675985285E-9 0.04997704065484557
0.15779399244920161 -0.40600143052169285 0.06224217224863409 0 -3.4705854149629925E-8 -5.475757689819577E-9 0.0499770462325527
-0.23228029263418432 -0.4023212684393739 0.06371797650698163 0 -3.689609845038621E-8 3.562014355708317E-8 0.0499770373554885
-0.272587327693687 -0.4721351010648927 0.06832563375196132 0 -4.733050816500155E-8 3.7038901617679206E-8 0.049977032399790254
-0.08918266806588586 -0.39015326021997454 0.06056960464965617 0 -3.344138168958238E-8 2.358663389090492E-8 0.04997703863357022
-0.15459594130071433 -0.39192658728762203 0.061550218588660825 0 -3.661956999521405E-8 3.1696702684300375E-8 0.04997703963067042
-0.18675532053812563 -0.43493251784630643 0.06418357757579085 0 -4.518042974870867E-8 3.2420735627556845E-8 0.04997704447502794
-0.21375905453868752 -0.4723463627877797 0.06671710658979704 0 -5.0632770916360834E-8 3.143767593950202E-8 0.049977040138419644
-0.030837599095424044 -0.4757419881377715 0.06436680609968097 0 -4.244759620672087E-8 1.0265294033770124E-8 0.04997704312416933
-0.05772042989369192 -0.4373202270026056 0.06251628812885628 0 -3.657540184732735E-8 1.749854691340538E-8 0.04997704473482922
-0.34485879204612635 -0.7195732958375974 0.08756922173357189 0 -7.900062762649265E-8 5.1155531029539405E-8 0.049977053583354525
-0.3147326423667731 -0.6679534491621227 0.08237892997106575 0 -6.96390785806348E-8 5.117569843786958E-8 0.049977046877016665
-0.23145619169988374 -0.5426436945370012 0.07120349698950756 0 -5.682899692959724E-8 3.336517106364544E-8 0.04997703303479215
-0.28415939775573246 -0.6153602706014173 0.07751426427315904 0 -6.238247480180054E-8 4.591816764580848E-8 0.04997703608478425
-0.32938286511096027 -0.7771045511687235 0.09186418681824757 0 -8.706645377968332E-8 4.432827974614851E-8 0.04997705857621084
-0.29287844997281653 -0.7560683801841978 0.08874412837590734 0 -8.179332510728894E-8 4.270333513135507E-8 0.049977065166945785
-0.3707535969478622 -0.8474426517245004 0.09999999999999994 0 -9.559969826020659E-8 4.75959070922988E-8 0.049977048446066166
0.3299132550602819 -0.6955796266909601 0.08507057911176502 0 -6.873582461256466E-8 -2.710338342569124E-8 0.04997705902821659
0.29721686832567656 -0.7486484838731736 0.08825580478820183 0 -7.489920740665025E-8 -2.6940172479339727E-8 0.049977070917005866
0.36329863298780996 -0.7692008953950569 0.09250410835033807 0 -7.485675415447049E-8 -3.790190515010004E-8 0.04997706081882441
0.37078540548822353 -0.84742873429503 0.09999999999999996 0 -8.45439349751879E-8 -4.1093425325553423E-8 0.04997705668660221
0.28831363121595577 -0.628175946475062 0.07855241106831119 0 -6.329471580689266E-8 -2.164681562348352E-8 0.04997704460007497
0.2593907519340379 -0.5686281064407216 0.07361593901057979 0 -5.4543972129934496E-8 -2.288558585500243E-8 0.049977036664651295
0.1909808398518187 -0.5616900805542804 0.07142639087555927 0 -5.263887948121222E-8 -1.846417657954073E-8 0.049977040365407295
0.17735047116299676 -0.5251479744589087 0.06889288845838194 0 -4.6303395473492964E-8 -1.882179390003807E-8 0.04997704679172474
-0.006975621790116347 -0.518397225687904 0.06671599267023105 0 -4.974469582729862E-8 4.812414364002899E-9 0.04997703944091293
-0.05196883438319561 -0.5240326103663052 0.06719869985797552 0 -4.79569503043241E-8 9.075084315818245E-9 0.04997704189526785
0.051893656645759574 -0.5409828050063739 0.06822031633188269 0 -5.5405054638030753E-8 -3.5177296800179976E-9 0.04997704043820309
-0.8393412000270999 -0.10211595922316324 0.09200820531311653 0 -7.041865859029306E-9 1.1218492763374319E-7 0.04997704361618782
-0.8023821229894582 -0.12465004703532731 0.08885408731398863 0 -6.238703401722071E-9 1.0670294269236408E-7 0.049977051068805366
-0.919283847116488 -0.10263764414409532 0.09999999999999995 0 -8.687509087725954E-9 1.210059907130489E-7 0.049977032709784264
-0.4286041911968902 -0.211604106404576 0.06443452009247352 0 -1.4091423550991603E-8 5.6517999373832565E-8 0.04997703510250851
-0.6752473549062171 -0.06099766201966174 0.07752927755735106 0 6.903686750666558E-9 9.15287176026532E-8 0.04997702429878982
-0.4690213191754545 -0.16282051739106812 0.06545407679976868 0 -9.225893273297286E-9 5.878771906633775E-8 0.04997704666061726
-0.5199939829281818 -0.12464895604080488 0.06768673130026925 0 -1.1543607412844679E-8 7.07280644618287E-8 0.04997704105757792
-0.5844196053235723 -0.07491703801282976 0.07115392026499068 0 -1.831245274690161E-9 8.025807878504039E-8 0.04997702301004215
-0.40158939943089916 -0.5697012631254147 0.07901179842938963 0 -5.288780543796456E-8 5.8762131514861723E-8 0.04997703721573169
-0.3629672679735455 -0.5093150093458657 0.0736457128337714 0 -4.8992345711449416E-8 5.03429320328273E-8 0.04997702906551362
-0.36195665189066545 -0.3775113144203722 0.06698450376718919 0 -3.7465984858746494E-8 4.569356353419476E-8 0.04997704994211474
-0.36626813150114046 -0.41664081435894 0.06892167223823108 0 -4.116043075132889E-8 4.531052005248624E-8 0.049977039261239746
-0.3903068178565833 -0.4466269881485596 0.07141764844659583 0 -4.409292065245747E-8 5.073502786926485E-8 0.049977032380772626
-0.38262787487786487 -0.34149739132768064 0.06638993492953274 0 -3.629569804800247E-8 5.3558031833457016E-8 0.04997704912686319
-0.4062559769371703 -0.26147495596378895 0.06471383725610919 0 -2.2838092100521108E-8 5.773255895302302E-8 0.04997703505748641
-0.379843340675863 -0.2969419115223147 0.06465963905911938 0 -2.8361815571180022E-8 5.733058886948429E-8 0.049977043548686526
-0.735100345459195 -0.11930462056175606 0.08291132970822639 0 2.85303570222281E-9 9.8773872088843E-8 0.04997704199382057
-0.5519968333853201 -0.6639303440969675 0.09374464706266032 0 -7.277677482796931E-8 6.914389296799885E-8 0.04997705429279767
-0.6178002971320175 -0.6884386430529175 0.09999999999999999 0 -7.776532058675732E-8 7.855333444191687E-8 0.04997704472637347
-0.4800125571007386 -0.5637645778356987 0.08255043176744221 0 -5.2449064556753336E-8 7.117634459319367E-8 0.04997704973680928
-0.5399346500949583 -0.6040123388311484 0.08868415026698905 0 -6.479268743580993E-8 7.40264381757326E-8 0.049977059257163475
0.1043605879990727 -0.5010308479370807 0.0663275801738497 0 -5.0955085855008966E-8 -1.0445569283551632E-8 0.049977056871078944
0.14556246178613041 -0.5017461145955597 0.0669511130546236 0 -4.486401600510327E-8 -1.5313515637869356E-8 0.04997705737504041
0.1399468089855873 -0.4672126633962517 0.06496624972127404 0 -4.1143086158237E-8 -8.545788741305912E-9 0.04997706214493053
0.10408488366078729 -0.44405468685268906 0.06327666735135784 0 -4.430906721964011E-8 -2.356069215933948E-10 0.04997705687832897
-0.1061373350373039 -0.43371612134398735 0.06278756375601147 0 -3.7868836101591E-8 2.594368826295012E-8 0.04997705223776252
-0.15386562481962193 -0.515523498759926 0.0678853449092873 0 -5.4033817440417736E-8 1.9728442916861098E-8 0.049977049524727396
-0.1533021139497205 -0.45854960024362473 0.06473399748772987 0 -4.7953386044024865E-8 2.778956890984914E-8 0.049977055878489336
-0.09527352708204248 -0.48999184724793526 0.06560563290386158 0 -4.2800718693609046E-8 1.532625896380809E-8 0.04997705548965199
-0.09590125636856876 -0.5619999312235504 0.06990127823248256 0 -5.419090520733475E-8 1.3157810290222752E-8 0.04997703941315473
-0.15663037176370528 -0.5733099421965812 0.07149707499548641 0 -5.834457480478028E-8 2.211292356770729E-8 0.04997703765671327
-0.2643961373711981 -0.69702971973395 0.0829765309474388 0 -7.07762467776733E-8 4.633509923578793E-8 0.049977055219905725
-0.19926692702634366 -0.6350324834465847 0.07658242747619838 0 -6.353188177914042E-8 3.408413156108225E-8 0.04997703751008799
-0.2937621218403118 -0.8161557505482272 0.0941366022415018 0 -8.857426712888867E-8 3.678478027737435E-8 0.049977058682917935
-0.2445064351501806 -0.7666415232960113 0.08818261063739219 0 -7.703517707471905E-8 3.558930153382299E-8 0.04997706387519782
-0.28738877712844163 -0.8792227618026947 0.09999999999999998 0 -9.44536240699304E-8 3.5463812996634436E-8 0.049977051086501856
0.24692814396934878 -0.6974874410583481 0.08250617855893734 0 -7.437785666015473E-8 -1.5226356484972937E-8 0.04997705950409576
0.2521627428797361 -0.7694593063835823 0.08864404636431372 0 -8.288205075231026E-8 -2.4278686273264013E-8 0.04997707017221244
0.297447604941039 -0.8106467532563326 0.09375141746476387 0 -8.288831208898871E-8 -3.360246597724652E-8 0.04997706588149274
0.28742318143973467 -0.8792115158194408 0.09999999999999996 0 -9.318356395810573E-8 -3.329644326471875E-8 0.049977057523540556
0.18957159845420457 -0.6243064952889011 0.07560329744867302 0 -6.348339504738316E-8 -1.3581326090783986E-8 0.04997704030663324
0.12475562378528372 -0.5650913910725972 0.07045918166236258 0 -5.593798560015094E-8 -1.2874271864606691E-8 0.04997704227521545
0.16970055881419605 -0.6915759378642314 0.08021607449160519 0 -7.387928140454336E-8 -9.041631762071707E-9 0.04997704739763923
-0.02127679909875186 -0.5862434400348021 0.07098260267248739 0 -5.789191118493713E-8 7.435262471999239E-9 0.049977033637416804
0.047679088889249585 -0.6125339534466792 0.07287094188782159 0 -6.232179196967314E-8 7.284908714273345E-10 0.049977034469108714
-0.8531067718150073 -0.15803750226362162 0.09415708085227006 0 -1.4865921142314661E-8 1.0909065538315304E-7 0.04997704369289684
-0.7842181949983064 -0.17459658052838975 0.08806681761589173 0 -9.79750019401545E-9 9.857009393782598E-8 0.04997704938937809
-0.9051158299750597 -0.19076243784282004 0.09999999999999996 0 -1.8696368850396703E-8 1.139437335279259E-7 0.04997703522614607
-0.47800098007166625 -0.2183882854981824 0.06713458210584479 0 -1.800691853290912E-8 6.036216837779908E-8 0.04997703288391369
-0.4503344724862791 -0.2539143429242661 0.06663047103760426 0 -2.2464016499496666E-8 5.999124138668503E-8 0.04997703096826829
-0.647719142022224 -0.1435812801370505 0.07642272847163623 0 -4.148952180222578E-9 8.634686653689022E-8 0.04997702559591917
-0.5329845388239062 -0.1985594752136453 0.0698139205090511 0 -1.7383889704229978E-8 6.781551613408025E-8 0.04997702958914357
-0.5744027965338088 -0.14938461510286838 0.07144252826293569 0 -1.1642101465287672E-8 7.607510711449585E-8 0.04997702727456627
-0.44626651447182913 -0.4769553831048422 0.07565680574632234 0 -4.541000078381293E-8 6.276636728837029E-8 0.04997703119691499
-0.5140310251048448 -0.4921578818310024 0.08018045280724437 0 -4.6652852360459457E-8 7.39127192964344E-8 0.049977036886663016
-0.4256087219342948 -0.3924588186076942 0.07047472570296819 0 -4.109500900905729E-8 5.6194213986295644E-8 0.049977033862872375
-0.44295395304453694 -0.3153758255937713 0.06823813858748431 0 -3.264974272109517E-8 6.084533959535094E-8 0.04997703169079309
-0.722493271850469 -0.18466121884148878 0.08299584497449673 0 -6.168486132521234E-9 9.303696100543115E-8 0.04997703889083681
-0.6008930547011089 -0.6092572756078648 0.09299302035398636 0 -6.877100205321361E-8 7.922471480984566E-8 0.049977048301707155
-0.684830613311738 -0.6217902179859557 0.09999999999999995 0 -6.998862739272302E-8 8.764607175114745E-8 0.0499770365578948
-0.5678213237459835 -0.5376676061363831 0.08613904983735729 0 -5.548394440775653E-8 7.959878738944229E-8 0.049977045655798163
-0.10379006268918359 -0.6311723493295895 0.07466578004946203 0 -6.327571867840526E-8 1.9847148210157093E-8 0.04997703471871108
-0.2012336657215405 -0.7196538123444206 0.08312630758513646 0 -7.022275949700504E-8 3.546786675304785E-8 0.04997705201054957
-0.14538614431124028 -0.6947291331504665 0.08002955113164488 0 -6.97599454737119E-8 2.8263431807427842E-8 0.04997704230855953
-0.2244810935107963 -0.8295744817427091 0.09335179876408069 0 -8.588024485462108E-8 2.878285691719124E-8 0.04997705474311708
-0.1948530319449167 -0.7756068237085788 0.08772926134592988 0 -7.753838696889327E-8 2.9753510280949108E-8 0.04997705530274596
-0.1961900777341867 -0.9039499420937565 0.09999999999999996 0 -9.63754687997286E-8 2.4944397702910155E-8 0.04997704607237309
0.18083964416846282 -0.7595104378227607 0.08602850609777067 0 -8.290909634412289E-8 -1.3457302712107623E-8 0.04997705698692003
0.22639239794839497 -0.823169454837357 0.09279966487488275 0 -8.921744567791556E-8 -2.5032836804295808E-8 0.04997706079337881
0.1962292603758944 -0.9039414372048344 0.1 0 -9.726324423057079E-8 -2.1992688683469966E-8 0.049977050452634744
0.115198487208555 -0.6531897985847656 0.07640980333620502 0 -6.724727753454176E-8 -4.709974508284711E-9 0.0499770387428097
0.13075868837865867 -0.7179080095003469 0.08165710231721485 0 -7.527044073399642E-8 -4.743921753829736E-9 0.049977047726211005
0.11581756539084577 -0.7588114009433137 0.08487399945221091 0 -7.829608574670983E-8 -4.190322475295926E-9 0.049977052527850924
0.049373389215154787 -0.6762514634930521 0.07753347573866784 0 -6.890530482002881E-8 5.688064094471089E-9 0.049977040261864
-0.018713178495829663 -0.6598847879456909 0.07617577755495697 0 -6.744789644313308E-8 1.3012020286365864E-8 0.049977037018035055
-0.6738902730202501 -0.2204985208373878 0.07997070091519397 0 -1.2180550475338492E-8 8.892288405739009E-8 0.04997702986379148
-0.8340398056073672 -0.21902107573341584 0.09363611174877712 0 -2.0158773492872973E-8 1.036685333165936E-7 0.049977039796791405
-0.7682837005378527 -0.21778108265977308 0.08762455506029669 0 -1.4660692164397714E-8 9.632406426988753E-8 0.04997704164779032
-0.8809151182252344 -0.2821428693025129 0.09999999999999996 0 -2.8772105644234802E-8 1.103453454754361E-7 0.04997703017635808
-0.5165019276401033 -0.27345997871285094 0.07083650833060155 0 -2.419420427501864E-8 6.804401319021694E-8 0.04997702389985149
-0.598583551544961 -0.22602979228178174 0.07467942546060534 0 -1.6304158193650028E-8 7.918976749051434E-8 0.04997702362245588
-0.5551101229584549 -0.47007014883430126 0.08146563252731462 0 -4.342504761378764E-8 7.713442776578106E-8 0.04997703636803037
-0.5105636494997625 -0.4275668331221898 0.07661161867134536 0 -3.961540984449664E-8 7.088099858546468E-8 0.04997702883622567
-0.504302912589223 -0.3476237550984314 0.07274022680505549 0 -3.251465198504027E-8 6.854563207226638E-8 0.04997702462721589
-0.7177089386751472 -0.2549295522420565 0.0843570467432338 0 -1.7881033259700957E-8 9.430813109383326E-8 0.04997703562790648
-0.6531660790226061 -0.2763311132584134 0.0799841441751332 0 -1.9254495181944712E-8 8.912342368052056E-8 0.04997703073066425
-0.8437556437212325 -0.37907955935377746 0.0999999999999999 0 -4.199448200234049E-8 1.0935692193655482E-7 0.049977032944456205
-0.8010515387579304 -0.4625279007956028 0.09999999999999996 0 -5.1105453492876086E-8 1.0090604872620808E-7 0.049977039035641956
-0.7501479603301011 -0.5412050791178039 0.09999999999999992 0 -5.8164563397033924E-8 9.235031504851876E-8 0.04997703602974265
-0.5998767009898777 -0.4788913706345559 0.08487289614566725 0 -4.464844417916144E-8 8.022231355792794E-8 0.049977040623450805
-0.6562422498346266 -0.5241856689594518 0.09146905933596002 0 -5.421896851482881E-8 8.367519127392658E-8 0.049977041501630945
-0.08839747535315964 -0.7039498716595032 0.08000538942626953 0 -7.330315245741644E-8 2.2408831459421464E-8 0.04997704284038203
-0.13806578705455586 -0.7497079460326577 0.08441541385599154 0 -7.729011642605516E-8 2.6087913242458887E-8 0.04997704887646811
-0.14308797449955213 -0.8318118172195702 0.0918642159103333 0 -8.896892445638417E-8 2.1353543278668672E-8 0.04997705104801237
-0.09361073890939048 -0.9202510142029422 0.09999999999999995 0 -1.0212808021502588E-7 1.3022384307084445E-8 0.0499770486256335
0.09365704332523053 -0.9202463037324216 0.1 0 -9.54762225078056E-8 -9.408526688917555E-9 0.0499770506728355
2.0711142119751377E-5 -0.9249949331376578 0.09999999999999996 0 -9.934891698812803E-8 9.998726749673777E-10 0.049977054380578284
0.12762107521700664 -0.8265826692803618 0.09113421310198927 0 -8.571317057171198E-8 -1.0447348472071843E-8 0.04997705467652435
0.08068135396090603 -0.7141673032968792 0.08075294753127603 0 -7.269538478562058E-8 2.5560907412845143E-9 0.04997704670087969
0.06358506183867194 -0.7827017733005066 0.08643167294964102 0 -7.787970478967665E-8 2.1640490423982895E-9 0.04997705967831084
0.02032803985547743 -0.7231235035279147 0.08113718206932351 0 -7.39708228010366E-8 1.1983343868440349E-8 0.049977051075726565
-0.03309170223836219 -0.7328034628470876 0.08197501691133365 0 -7.801926812354988E-8 1.8237557277589898E-8 0.04997705231411404
-0.7926496756412598 -0.2913333375023676 0.0919087000057277 0 -2.797330420063002E-8 1.0215656556387993E-7 0.04997703650819708
-0.5810426636905172 -0.3157640075984303 0.07626188231201679 0 -2.442528752439733E-8 7.95026262566145E-8 0.04997702614850861
-0.5773213056470615 -0.42632356756478973 0.08066830857907491 0 -3.606960761642978E-8 7.867494493858882E-8 0.04997703518423119
-0.5604495700519321 -0.38109429561078195 0.0775098294695611 0 -3.149550066808437E-8 7.68980713497544E-8 0.04997702924429988
-0.6449966839705538 -0.44452809810358646 0.08625924084344862 0 -3.87219690705047E-8 8.292046163268926E-8 0.04997704701126244
-0.6508158876168189 -0.3390076459058359 0.08199721983987755 0 -2.534298600199125E-8 9.098901715076177E-8 0.04997704022188863
-0.7091826270730177 -0.3233083988571452 0.08590988858162861 0 -2.8153213464033582E-8 9.769237193971065E-8 0.049977042372599804
-0.7619010673352372 -0.3837317836320327 0.09273617861998763 0 -4.188645916762996E-8 1.0020320035291211E-7 0.04997704541269106
-0.7143597851634016 -0.46065181317541964 0.09243904770387959 0 -4.758598630751239E-8 8.830367466018434E-8 0.049977048120236775
-0.07537530152887754 -0.7754914719888757 0.0858872030654022 0 -8.517314372947374E-8 1.8974536363630662E-8 0.04997705550113403
-0.048377865911234746 -0.8513117859798408 0.09269807273978156 0 -9.409826727622913E-8 8.453245214922891E-9 0.049977059844309106
0.043935839967012356 -0.8511210240129371 0.09265635168129686 0 -8.69281681869732E-8 -2.7574664155771895E-9 0.04997706145298395
-0.004822548609299441 -0.7855262944057825 0.08645491759740057 0 -8.313559923926105E-8 1.1287335142451322E-8 0.049977067380292006
-0.615323196863825 -0.38077552285640776 0.08115372829448383 0 -2.85581736694577E-8 8.443442700723209E-8 0.04997703917468499
-0.6821995337018092 -0.3893517946424338 0.0864501634511279 0 -3.377578986835097E-8 9.196101445303746E-8 0.04997705441329247
