% Model:
% Version:
% Dimension:          3
% Nodes:              691
% Expressions:        4
% Description:        Surface
% X                       Y                        Z                        Color                    DeformX                  DeformY                  DeformZ
0.7501545366059812 -0.5411959634402135 0.09999999999999992 0 -3.670415116422511E-8 -6.11005029293864E-8 -2.7613526313572634E-5
0.8010709981238165 -0.4624941975024229 0.09999999999999998 0 -2.8498034156908912E-8 -6.23836493172231E-8 -2.7609064780361274E-5
0.09365704332523052 -0.9202463037324213 0.1 0 -6.566280298412422E-8 -1.2940884784182697E-8 -2.7615180493117304E-5
0.1962292603758942 -0.9039414372048337 0.09999999999999995 0 -6.823239620298127E-8 -2.0900742176097214E-8 -2.7615913365004176E-5
0.2874231814397345 -0.8792115158194402 0.09999999999999994 0 -6.535182554460205E-8 -2.8113011489747203E-8 -2.7609228563306576E-5
0.6177594039507672 -0.6884753389104772 0.09999999999999995 0 -4.544845644749971E-8 -4.9239621389252506E-8 -2.7608426478513604E-5
0.6847899965302143 -0.621834949891059 0.09999999999999994 0 -4.039412582202473E-8 -5.3102968121248146E-8 -2.7614766932957964E-5
0.6644823007055147 -0.538951594396605 0.09297818153954257 0 -3.7237186590781225E-8 -5.229824323783404E-8 -2.7611271999735588E-5
2.0711142119768948E-5 -0.9249949331376585 0.09999999999999999 0 -6.93224460911761E-8 -6.776887418621638E-9 -2.7611037264833977E-5
0.04393583996701241 -0.8511210240129379 0.09265635168129693 0 -6.028348822976413E-8 -8.561345360634229E-9 -2.7604385279655248E-5
0.7176713367395712 -0.4652126067437795 0.09294805270739674 0 -3.1654977983438574E-8 -5.854529236983044E-8 -2.7603200691859286E-5
0.8437752388147 -0.3790359438971111 0.09999999999999999 0 -2.131223919248674E-8 -6.2249261886715E-8 -2.761416246752067E-5
0.7635253857731481 -0.3782532475337201 0.0926398396720293 0 -2.1855094199072472E-8 -5.5294519196401684E-8 -2.7604292866243554E-5
0.5547456546446984 -0.6639301342123076 0.09391738389868395 0 -4.5313110325937774E-8 -4.60042529436878E-8 -2.7600665223944194E-5
0.5485314847714319 -0.7448023146284535 0.09999999999999996 0 -5.382220304671468E-8 -4.7261955047479425E-8 -2.7610009111427204E-5
0.12762107521700677 -0.8265826692803626 0.09113421310198931 0 -6.020837643114275E-8 -1.2461553997756485E-8 -2.7611613588110158E-5
0.22639239794839497 -0.823169454837357 0.09279966487488275 0 -6.391943064868551E-8 -2.259471632886396E-8 -2.760588662022163E-5
0.3707854054882235 -0.84742873429503 0.09999999999999998 0 -5.8249819606076705E-8 -3.2181870178461426E-8 -2.761028125650552E-5
0.297447604941039 -0.8106467532563327 0.09375141746476388 0 -5.822313566479582E-8 -2.797524949549431E-8 -2.760101390345694E-5
0.6050561438570463 -0.6036830020468074 0.09289418017943475 0 -3.8730491767763704E-8 -4.5468235216927354E-8 -2.76059912319011E-5
0.5365057739834548 -0.6074638984061794 0.08871198704411523 0 -4.2437967205424083E-8 -3.878885164752742E-8 -2.7595358381392727E-5
0.640351776746304 -0.4627856253417016 0.08686037768572825 0 -3.714937730559617E-8 -5.0018388455684776E-8 -2.7607407138536343E-5
0.6027366073062329 -0.5213223560235656 0.08747588350371878 0 -3.7649910832984026E-8 -4.382741713399907E-8 -2.7610742010792106E-5
0.11581756539084577 -0.7588114009433137 0.08487399945221091 0 -5.5905998340524083E-8 -6.743155202661234E-9 -2.7613930300949975E-5
-0.09361073890939044 -0.9202510142029422 0.09999999999999994 0 -7.232333294853017E-8 9.8688061005012E-10 -2.761645138340679E-5
-0.19619007773418676 -0.9039499420937565 0.09999999999999996 0 -6.728044097782853E-8 8.219463556838255E-9 -2.7618684847498138E-5
-0.2873887771284415 -0.8792227618026944 0.09999999999999995 0 -6.642463179344064E-8 1.4550253929479084E-8 -2.7613348932471893E-5
0.06358506183867196 -0.7827017733005069 0.08643167294964106 0 -5.4376879788222803E-8 -2.7482927056792044E-9 -2.760647586672281E-5
-0.04837786591123471 -0.8513117859798404 0.09269807273978152 0 -6.745906755306377E-8 -1.5429985725429474E-9 -2.760561721475143E-5
-0.004822548609299431 -0.7855262944057821 0.08645491759740055 0 -5.9507248829859795E-8 3.2734470775368157E-9 -2.7598467884645608E-5
0.8809325145611795 -0.2820885484172241 0.09999999999999999 0 -1.5731012737379408E-8 -6.852999574390769E-8 -2.7615954321464198E-5
0.677795607943666 -0.39290477214771735 0.0862680402418979 0 -3.2139725324281055E-8 -4.838681810628063E-8 -2.759695844002269E-5
0.6103906305879976 -0.40135765312469535 0.08172372928462611 0 -3.606955744357326E-8 -4.367407200829005E-8 -2.7613341602507062E-5
0.8014927716328404 -0.2914410587712435 0.09271262928645595 0 -1.7821484715865925E-8 -6.057398818988882E-8 -2.7612230434472938E-5
0.7173493567573874 -0.31695962258024274 0.08634023460744475 0 -2.307967358597956E-8 -4.9024671385499175E-8 -2.7609068370864044E-5
0.8230806401765318 -0.20733638606092913 0.09232209730203018 0 -1.1641552093099127E-8 -6.556057440428744E-8 -2.7605163206988567E-5
0.5055257679581893 -0.637124600070996 0.08897493457515948 0 -4.858289215058732E-8 -4.029155306526308E-8 -2.759563093537284E-5
0.4897167015298755 -0.6990669986722716 0.09278011319940965 0 -5.241244696036148E-8 -4.217944323541589E-8 -2.760569430673591E-5
0.46249999999999986 -0.8010734985006049 0.09999999999999984 0 -5.684058875565633E-8 -3.918934811379777E-8 -2.7615065180913678E-5
0.18083964416846285 -0.7595104378227608 0.08602850609777069 0 -6.051619361688329E-8 -1.3078248055335317E-8 -2.7609708998277066E-5
0.2521627428797361 -0.7694593063835823 0.08864404636431371 0 -6.00790607901037E-8 -2.0689905455184936E-8 -2.75967060203142E-5
0.36329863298781023 -0.7692008953950572 0.09250410835033814 0 -5.216513984531194E-8 -2.9330108203373858E-8 -2.7606201424670752E-5
0.29721686832567656 -0.7486484838731736 0.08825580478820183 0 -5.3095368989040845E-8 -2.1332938132850514E-8 -2.7596082432405673E-5
0.566498136584519 -0.34007595181336675 0.07621962270586992 0 -2.7943304257147416E-8 -4.022832469690186E-8 -2.7627843147696746E-5
0.5490740032503059 -0.5442731464552364 0.08535659345024513 0 -3.921379712353659E-8 -3.578824667891593E-8 -2.7607068210887498E-5
0.4877536710430043 -0.5826751104622181 0.08420495651136725 0 -4.73267521454503E-8 -3.143065136189326E-8 -2.76013759441654E-5
0.5629289159938321 -0.47314451663551055 0.08212579004392509 0 -3.723833021470319E-8 -3.9245639551224856E-8 -2.7617259042219753E-5
0.5395049675561714 -0.4037977139333864 0.07721405836956645 0 -3.224542385709277E-8 -3.8343816813533036E-8 -2.76263445561426E-5
0.08068135396090602 -0.714167303296879 0.080752947531276 0 -5.234879841913369E-8 -1.5869412509815014E-9 -2.7619778875028673E-5
0.1307586883786586 -0.7179080095003467 0.08165710231721483 0 -5.47692160412841E-8 -6.626596499940961E-9 -2.7618925852406737E-5
-0.3707535969478622 -0.8474426517245004 0.09999999999999994 0 -6.8945971948456E-8 2.2844570082473903E-8 -2.7615602425964842E-5
-0.14308797449955207 -0.83181181721957 0.0918642159103333 0 -6.320354925574162E-8 7.041516205453891E-9 -2.7614131755031043E-5
-0.22448109351079631 -0.8295744817427092 0.09335179876408067 0 -6.017160159831251E-8 1.0747777503841862E-8 -2.761011123445719E-5
-0.2937621218403122 -0.816155750548228 0.09413660224150187 0 -6.342252778286507E-8 1.5569048864704818E-8 -2.760586765995785E-5
0.02032803985547743 -0.7231235035279147 0.08113718206932351 0 -5.320242422004392E-8 5.109639604406697E-9 -2.7615127701014174E-5
0.049373389215154835 -0.676251463493053 0.07753347573866787 0 -5.029276244455229E-8 1.2402413074963062E-10 -2.7626246386967967E-5
-0.07537530152887752 -0.7754914719888756 0.0858872030654022 0 -6.200335369437297E-8 7.747207264885076E-9 -2.761012290763338E-5
-0.03309170223836219 -0.7328034628470876 0.08197501691133365 0 -5.68043964506647E-8 8.936734370467806E-9 -2.7613636738515238E-5
0.9051251563026282 -0.1907181838739738 0.09999999999999992 0 -8.019820331762573E-9 -6.960688062503695E-8 -2.7610332706016717E-5
0.6346730356926771 -0.3174870091624341 0.08001946855914073 0 -2.7819763801151817E-8 -4.2749960579220395E-8 -2.7618877907892154E-5
0.7578046117703346 -0.24801668508133742 0.08751626752734717 0 -1.868165148068407E-8 -5.8014285014112145E-8 -2.7610909774181065E-5
0.6897625743522149 -0.264441860913035 0.0824063475266023 0 -2.2267465872197257E-8 -4.917452998323953E-8 -2.7617465477537747E-5
0.7597010793028803 -0.19500257071099417 0.08634694259141452 0 -1.7201519924698344E-8 -5.990073734255537E-8 -2.7605139942879656E-5
0.7883546035916825 -0.1648885681025431 0.08824892692988197 0 -1.2263038529496082E-8 -6.116673648155134E-8 -2.759766096376497E-5
0.8374232558848942 -0.12934172138602965 0.09218338983550128 0 -3.771848224685318E-9 -6.073336721899023E-8 -2.7600373633692687E-5
0.7880045515761319 -0.1291017367769672 0.0876205822064691 0 -1.011378997167101E-8 -5.6421832241121395E-8 -2.759659629016207E-5
0.45389464101054455 -0.6418290507487612 0.08650541722977734 0 -5.2435793866624856E-8 -3.4956569387637916E-8 -2.760447711388982E-5
0.4122622788181451 -0.7140592129571535 0.09001680581831237 0 -5.212207323402118E-8 -3.2378142597941256E-8 -2.7610120983899753E-5
0.1697005588141962 -0.6915759378642319 0.08021607449160523 0 -5.460947507474573E-8 -9.173335400776972E-9 -2.7619461892540157E-5
0.24692814396934865 -0.6974874410583478 0.08250617855893733 0 -5.488786102360572E-8 -1.1886523716752071E-8 -2.760751603895553E-5
0.3299132550602819 -0.6955796266909601 0.08507057911176502 0 -4.9408326255604003E-8 -2.0038834166714466E-8 -2.7608055452838326E-5
0.5796784116794852 -0.2776116098201063 0.07488927562467991 0 -2.1615723413233313E-8 -4.2374185525598346E-8 -2.7630352238630944E-5
0.5306797663003683 -0.29923675531161764 0.07251363051783592 0 -2.120223407204483E-8 -3.973947847776641E-8 -2.7632398974333865E-5
0.5018045759598764 -0.34636458619402455 0.07254833341115845 0 -2.384779989454797E-8 -3.7128338096390895E-8 -2.7631423633765597E-5
0.43691576165411183 -0.5863880363863174 0.08178506492225697 0 -4.9449598050371336E-8 -2.9162923895467515E-8 -2.761216784384418E-5
0.5025098789806555 -0.5159632075862093 0.08087711077114174 0 -4.0242571620689356E-8 -3.184549175674793E-8 -2.7615269430042397E-5
0.4531934148271225 -0.5420428192507506 0.07976926362259741 0 -4.4471038521935085E-8 -2.893276613516797E-8 -2.761648425729503E-5
0.5051728219418842 -0.4543425560441293 0.07763963571270259 0 -3.4819749539412133E-8 -3.487393045403877E-8 -2.7624876490536293E-5
0.4743994852003083 -0.40954268251415876 0.073738234339428 0 -2.855791675631585E-8 -3.521940179910639E-8 -2.762890197294277E-5
0.115198487208555 -0.6531897985847656 0.07640980333620502 0 -4.9717709887633287E-8 -7.302715554855693E-9 -2.7628082041643885E-5
-0.4625000000000001 -0.8010734985006056 0.09999999999999992 0 -6.347969099417751E-8 2.9344683389581793E-8 -2.762180536440709E-5
-0.3837134371029664 -0.7748603000238192 0.09386619334345218 0 -6.33067995136996E-8 2.5454459046902724E-8 -2.7614279054733826E-5
-0.3293828651109605 -0.7771045511687245 0.09186418681824765 0 -6.366247120014484E-8 2.146846419226519E-8 -2.76058522826705E-5
-0.4839056580716607 -0.700569999447879 0.09257832058039935 0 -5.262698575258868E-8 3.020146927288584E-8 -2.7613171887930425E-5
0.04767908888924959 -0.6125339534466794 0.07287094188782159 0 -4.6631589185512466E-8 -4.9227198782929424E-9 -2.7632291045323546E-5
-0.19485303194491674 -0.7756068237085788 0.08772926134592987 0 -5.431350790061109E-8 1.3065039469670904E-8 -2.760984215397076E-5
-0.1380657870545559 -0.7497079460326577 0.08441541385599156 0 -5.5276330190730516E-8 1.1993846032483916E-8 -2.7616595033531004E-5
-0.24450643515018045 -0.7666415232960108 0.08818261063739213 0 -5.4184196516583855E-8 1.66234028805956E-8 -2.760106067002896E-5
-0.29287844997281653 -0.7560683801841976 0.08874412837590734 0 -5.938176097810737E-8 2.1515027852861268E-8 -2.7599529308408862E-5
-0.018713178495829663 -0.6598847879456907 0.07617577755495693 0 -4.9568268442175435E-8 4.354173495851328E-9 -2.762929093544237E-5
-0.08839747535315964 -0.7039498716595032 0.08000538942626953 0 -5.339368546587877E-8 1.0579809435520505E-8 -2.7623003318781603E-5
0.8548200389796248 -0.0652462727687064 0.09314675085287963 0 1.3713442318635575E-10 -5.970304885453934E-8 -2.7609459727681805E-5
0.9192877606928158 -0.10260258091221079 0.10000000000000002 0 -9.65380633703708E-10 -6.551803374489641E-8 -2.761228640475848E-5
0.6384778628041976 -0.2349189996283244 0.07770845629712514 0 -1.9783379969536372E-8 -4.6523657174096723E-8 -2.762615178457555E-5
0.7040732060431756 -0.2032143579310842 0.08191372549943252 0 -1.966614694601474E-8 -5.318812503255618E-8 -2.7616127824521206E-5
0.5898871014295897 -0.20776639827421509 0.07364495662277284 0 -1.4172027808067979E-8 -4.4917654998526584E-8 -2.7629798367300827E-5
0.7325342916850157 -0.13408386908087772 0.08291013088256632 0 -1.669505305908047E-8 -5.295297816484434E-8 -2.7607344450123875E-5
0.8252770499196602 1.9257059754862352E-16 0.09008727174442388 0 2.30734916277376E-9 -6.048685676195611E-8 -2.7612938418526086E-5
0.7859407931602105 -0.07401767626946823 0.08680140328934058 0 -6.284284262042573E-9 -5.274872453697556E-8 -2.760594735169125E-5
-0.499151538632016 -0.6334110077816723 0.08834372866104906 0 -4.5923794502385546E-8 3.4842905437007825E-8 -2.7602945087410462E-5
-0.539934650094959 -0.6040123388311489 0.08868415026698911 0 -4.9077060584360105E-8 4.145566412544072E-8 -2.760354063208036E-5
-0.55199683338532 -0.6639303440969675 0.09374464706266032 0 -5.430954001872055E-8 3.602712811983638E-8 -2.760841025380868E-5
-0.5485674035956859 -0.7447758606713794 0.09999999999999995 0 -5.808512460291289E-8 3.411106849105614E-8 -2.7617877586976857E-5
0.36763254236248405 -0.6367582418875392 0.08211785344170683 0 -4.914265913040187E-8 -2.418335770073662E-8 -2.7617429619247824E-5
0.18957159845420457 -0.6243064952889011 0.07560329744867302 0 -4.732301590544221E-8 -1.282675337348973E-8 -2.762679191610082E-5
0.28831363121595577 -0.628175946475062 0.0785524110683112 0 -4.703282704843744E-8 -1.645608569149082E-8 -2.7622568319040253E-5
0.526450453306162 -0.23768251001620336 0.07038843476625324 0 -1.4624568946549305E-8 -4.2236705812979806E-8 -2.7629888649385E-5
0.47890979704271586 -0.2863984098188226 0.06912760288748078 0 -1.7505395654146215E-8 -3.694125051818645E-8 -2.763034106008263E-5
0.4494990254251993 -0.3483577682477059 0.06980849106780328 0 -2.0172585471350308E-8 -3.423056377391222E-8 -2.7626607785666125E-5
0.38634553368626057 -0.5411366135074791 0.07653244947706521 0 -4.302533237614071E-8 -2.7106095374044226E-8 -2.7626641612389313E-5
0.43810869406594616 -0.47330739854493387 0.07505155127124848 0 -3.5484219215123276E-8 -3.1888345010361504E-8 -2.7626911839278325E-5
0.4170420346765119 -0.4108303752912244 0.07090170067103962 0 -2.6410470542659745E-8 -3.436501615011704E-8 -2.762467721022882E-5
0.1909808398518187 -0.5616900805542806 0.07142639087555928 0 -3.936010232232403E-8 -1.765149532222707E-8 -2.7626909315609002E-5
0.12475562378528363 -0.5650913910725969 0.07045918166236254 0 -4.246102429556113E-8 -1.5046989788257866E-8 -2.7624887823560934E-5
0.05189365664575958 -0.5409828050063739 0.06822031633188272 0 -4.299474873855317E-8 -8.9874492489979E-9 -2.762662699024618E-5
-0.41249148408265685 -0.71445620812065 0.0900597252140442 0 -5.51519979137159E-8 2.872165135933607E-8 -2.7616073644128825E-5
-0.34485879204612635 -0.7195732958375974 0.08756922173357189 0 -5.820551886181018E-8 2.757241034626974E-8 -2.7610847613155345E-5
-0.4354763147019103 -0.6351536187841577 0.08509247440255904 0 -4.326155898565697E-8 3.2420353816248427E-8 -2.7614472532626045E-5
-0.02127679909875187 -0.5862434400348023 0.07098260267248742 0 -4.3376272448154265E-8 -1.3512621169975456E-9 -2.7632967978140957E-5
-0.20123366572154053 -0.7196538123444207 0.08312630758513646 0 -4.954527565913604E-8 1.8475095614458792E-8 -2.761327313669758E-5
-0.1453861443112404 -0.6947291331504667 0.08002955113164492 0 -5.024862238371483E-8 1.3825541162675763E-8 -2.762331998328732E-5
-0.26439613737119816 -0.6970297197339501 0.08297653094743883 0 -5.1081282984456065E-8 2.6438876751544583E-8 -2.760978077399263E-5
-0.314732642366773 -0.6679534491621226 0.08237892997106575 0 -5.1225442205451956E-8 2.8964606274648072E-8 -2.7617854353279163E-5
-0.10379006268918363 -0.6311723493295898 0.07466578004946206 0 -4.667764435472637E-8 7.302447372791313E-9 -2.763133450744446E-5
0.7822439697509947 0.07342341173252223 0.08646750245519458 0 4.303816152254478E-9 -6.203799696788103E-8 -2.7607634182281042E-5
0.9249999999999998 2.358937726024754E-16 0.09999999999999994 0 5.8691076666722395E-9 -6.7783206119173E-8 -2.761803736159722E-5
0.851370675269602 0.07427003550197267 0.09288407134507307 0 1.0634432911784457E-8 -6.551823596032172E-8 -2.760921852398696E-5
0.8038717607621603 0.12213857484508564 0.0889547066003148 0 1.0963696695219555E-8 -6.089058299036261E-8 -2.759922672222409E-5
0.5408130551366507 -0.18150058753720788 0.06992281214701015 0 -8.113457336703875E-9 -4.3586097215196316E-8 -2.762434581820723E-5
0.7247257834183621 0.0852066297502373 0.08165698245211614 0 7.390511049291718E-10 -5.6388680380314776E-8 -2.7615774518796953E-5
0.6510493529215736 -0.15514133280147802 0.07686356365481603 0 -1.4342269610588375E-8 -4.782646133948961E-8 -2.7625680746142928E-5
0.5770279320473081 -0.15184347618041535 0.07165568912865208 0 -6.917522199476384E-9 -4.351517377599184E-8 -2.7627166917318585E-5
0.6918887433807659 -0.06772116765551027 0.07886795692620667 0 -9.312112524433936E-9 -4.849267180053269E-8 -2.7623326298990834E-5
0.7364981201835382 1.7871933341171726E-16 0.08222076644985389 0 -3.361466258247113E-9 -5.399106498184638E-8 -2.761981991700099E-5
-0.48001255710073826 -0.5637645778356982 0.08255043176744216 0 -3.863620234922589E-8 4.135217446114459E-8 -2.7613661939926088E-5
-0.5678213237459834 -0.537667606136383 0.08613904983735729 0 -4.277435903134641E-8 4.573948361530154E-8 -2.7616783783502904E-5
-0.600893054701109 -0.6092572756078649 0.09299302035398636 0 -5.2750806311159953E-8 4.385311775558988E-8 -2.7613848133246578E-5
-0.6178002971320171 -0.688438643052917 0.09999999999999995 0 -5.810569255381938E-8 4.2413925330547856E-8 -2.7617323961249462E-5
0.31808183532075807 -0.5509338997403093 0.07441383187593008 0 -4.132525437694697E-8 -2.3124399956230116E-8 -2.7631206229593634E-5
0.2593907519340379 -0.5686281064407216 0.07361593901057979 0 -4.099853765006897E-8 -1.8996727886132935E-8 -2.7630608377757807E-5
0.4250914842628162 -0.2904030737883922 0.06650384046370365 0 -1.6349039093946852E-8 -3.082880623089486E-8 -2.7623754022475032E-5
0.4860024477406568 -0.1810614961514008 0.06672716200822644 0 -1.015024047140411E-8 -4.2035125694380937E-8 -2.761613464039373E-5
0.4546475825643904 -0.2329362873436874 0.0662732760967022 0 -1.507338755641428E-8 -3.713212168594095E-8 -2.76251770770711E-5
0.39693548996928896 -0.3460112170117685 0.06719703593166886 0 -1.8356737165820185E-8 -3.0390138560582525E-8 -2.761430847750555E-5
0.3565677611611388 -0.4614203059811383 0.07075125137743832 0 -3.376392038070529E-8 -3.0788636357053704E-8 -2.7628070963349465E-5
0.36327728761747163 -0.38800374757803646 0.06749345504717459 0 -2.567160090919275E-8 -3.351701175987857E-8 -2.761286516457525E-5
0.3750627258693446 -0.2936858939923492 0.0643465481455432 0 -1.8591032482930972E-8 -2.3510291127967074E-8 -2.7616083547526002E-5
0.14556246178613044 -0.5017461145955597 0.06695111305462358 0 -3.4307932731478625E-8 -1.6553008050770935E-8 -2.7610040925860352E-5
0.1773504711629968 -0.5251479744589087 0.06889288845838194 0 -3.469458501398028E-8 -1.8625740414245235E-8 -2.762057767564612E-5
0.2111878992556696 -0.5199281931560845 0.06932845783235407 0 -3.401073524178509E-8 -1.9338312631060177E-8 -2.762550675620718E-5
0.10436058799907272 -0.5010308479370807 0.0663275801738497 0 -4.040530344455729E-8 -1.3545925154216498E-8 -2.7610485211367556E-5
0.06673635655852131 -0.4767204709635782 0.06461779605353521 0 -4.0917252972717095E-8 -6.4003584846723924E-9 -2.7616552538190906E-5
-0.006975621790116399 -0.5183972256879046 0.06671599267023115 0 -3.8335592359114966E-8 -3.333061377400203E-9 -2.7627507898909126E-5
0.021803385387518696 -0.4822544950869184 0.06469299319690378 0 -3.809644321587442E-8 -3.3946958034288222E-9 -2.762450813147327E-5
-0.05196883438319561 -0.5240326103663052 0.06719869985797552 0 -3.6266249538686655E-8 -1.1193908063038004E-9 -2.7624831740123276E-5
-0.3679909311443217 -0.6373789894665455 0.08217765681431859 0 -4.648266489586321E-8 3.0357004760367553E-8 -2.7622523173291907E-5
-0.40158939943089916 -0.5697012631254147 0.07901179842938963 0 -3.8878540856574945E-8 3.2544948981943665E-8 -2.762693538148691E-5
-0.09590125636856872 -0.5619999312235502 0.06990127823248253 0 -4.074730275401352E-8 9.62577322509536E-10 -2.7626943525027625E-5
-0.19926692702634366 -0.6350324834465847 0.07658242747619838 0 -4.670749782135017E-8 1.716639097780642E-8 -2.7628032535657766E-5
-0.2841593977557326 -0.6153602706014176 0.07751426427315905 0 -4.639115658419537E-8 2.510203087458403E-8 -2.7628962423345033E-5
-0.15663037176370528 -0.5733099421965812 0.07149707499548641 0 -4.435455219576449E-8 7.140326030693432E-9 -2.7628326136658966E-5
0.6892086201904363 0.11760753932384704 0.079182235454291 0 3.2386344355739492E-9 -5.176405645234676E-8 -2.7621747881814572E-5
0.7461230180043805 0.1326560288062978 0.08402816782270867 0 3.886105106622289E-9 -5.557250186870694E-8 -2.760579676666087E-5
0.6908574756839181 0.1584953945063365 0.07995126254637963 0 6.1086962219059274E-9 -5.0148062181902516E-8 -2.762070662630806E-5
0.9192877608705788 0.10260257931928718 0.09999999999999994 0 1.4250814940767832E-8 -6.927296536395234E-8 -2.7613808510180726E-5
0.8510855832446352 0.14814580550682163 0.09378949781498243 0 1.7411013768026082E-8 -6.123468903354593E-8 -2.7604673254864383E-5
0.7902639371481001 0.17887268414595758 0.08869278761371624 0 1.3580167295842064E-8 -5.330928091501545E-8 -2.760247875504581E-5
0.5270134709035552 -0.12362075461980128 0.0680883893303861 0 -1.5502368686992894E-9 -3.8482043220242937E-8 -2.7616640906206864E-5
0.660910431014522 0.06111123862815046 0.0764443497197492 0 2.0675094440286806E-9 -4.986074222714985E-8 -2.7629846654546323E-5
0.5965173615012839 -0.07939251741876008 0.07200225824383245 0 -3.079812618303723E-9 -4.229607364315861E-8 -2.763089996116261E-5
0.6371682462297272 1.7636191275501287E-16 0.07448630903843244 0 -4.010610758360375E-10 -4.663893882311125E-8 -2.763347688187187E-5
-0.5998767009898777 -0.47889137063455584 0.08487289614566726 0 -3.4602559090892304E-8 4.4892180471393556E-8 -2.7621380377846115E-5
-0.4462665144718288 -0.4769553831048419 0.07565680574632232 0 -3.558973515068321E-8 3.4484425431844124E-8 -2.763253026674146E-5
-0.514031025104845 -0.49215788183100256 0.08018045280724438 0 -3.607700918696827E-8 4.25202674654551E-8 -2.762611113123835E-5
-0.5551101229584549 -0.4700701488343014 0.08146563252731463 0 -3.3822355146139105E-8 4.385737676530666E-8 -2.7626144549061888E-5
-0.6562422498346266 -0.5241856689594518 0.09146905933596002 0 -4.204651010212056E-8 4.575996892126965E-8 -2.761991428171764E-5
-0.6848306133117381 -0.6217902179859557 0.09999999999999995 0 -5.330640355009302E-8 4.842510945074564E-8 -2.762468201145735E-5
0.27241004361507065 -0.4718280360333558 0.06830375115676078 0 -3.3131730541828046E-8 -2.3713573865455394E-8 -2.762907964162724E-5
0.4535801009187721 -0.11979187747949692 0.06395953291420167 0 -1.210665695651687E-8 -3.18377938571058E-8 -2.760652769846303E-5
0.39072217276086296 -0.23584567652234287 0.06329187670784985 0 -1.726899304031285E-8 -2.787667456162287E-8 -2.7625088098311467E-5
0.41238404925178007 -0.18021837395374024 0.06296662723972753 0 -1.669136413587349E-8 -3.2907115382983246E-8 -2.7621813007787356E-5
0.33633282409977633 -0.33989669688880314 0.06444423660906805 0 -2.7042021917257787E-8 -2.4166736127032664E-8 -2.760426940361182E-5
0.30008338071089913 -0.40108479031261085 0.06570468861303413 0 -3.211637491520275E-8 -2.7492540217891178E-8 -2.7619108049641402E-5
0.32685099627426545 -0.2905697969488598 0.06232853198902638 0 -2.415924826797425E-8 -1.846739495445504E-8 -2.761725683952731E-5
0.34557599933864525 -0.25420475687873284 0.06192004258218349 0 -1.9828889681844843E-8 -2.120377439063949E-8 -2.762434651658541E-5
0.13994680898558723 -0.4672126633962515 0.06496624972127402 0 -3.216788810941706E-8 -1.0043226385385069E-8 -2.7605384366355348E-5
0.19075484218748176 -0.4725311643222945 0.06620021711897697 0 -2.8856622484829695E-8 -1.561218386357075E-8 -2.7617825124095558E-5
0.04901016908663563 -0.43723836174505165 0.062459634223422635 0 -3.6337561270927095E-8 -1.3529571060057464E-9 -2.762317061381891E-5
0.10408488366078726 -0.44405468685268895 0.0632766673513578 0 -3.636816246963126E-8 -3.3577143441381343E-9 -2.76106911660103E-5
-0.03083759909542402 -0.4757419881377713 0.06436680609968096 0 -3.297224852912088E-8 1.026829503052105E-9 -2.762389988387551E-5
-0.0058033119248053185 -0.4414101175550563 0.06253303354413749 0 -3.271816349369168E-8 1.6102635839415832E-9 -2.7626941370515322E-5
-0.39030681785658333 -0.4466269881485597 0.07141764844659583 0 -3.570158491612807E-8 2.502019729119402E-8 -2.7631936769873264E-5
-0.09527352708204243 -0.48999184724793493 0.06560563290386152 0 -3.263749172566159E-8 3.1496558543289997E-9 -2.7611148338148606E-5
-0.31827009850817745 -0.5512599811461146 0.07444098367382036 0 -4.153064902044699E-8 2.4015778215328514E-8 -2.763580246818114E-5
-0.36296726797354567 -0.5093150093458659 0.07364571283377143 0 -3.776652561252031E-8 2.5892089043964044E-8 -2.7635486370446185E-5
-0.1538656248196219 -0.515523498759926 0.0678853449092873 0 -4.267466817594975E-8 4.874743873719933E-9 -2.761666872918689E-5
-0.23145619169988374 -0.5426436945370011 0.07120349698950754 0 -4.418589144128861E-8 1.495863116903658E-8 -2.7632553900797484E-5
0.02839276411724586 -0.3973392921812578 0.06048540173023527 0 -3.108131610665282E-8 5.717411172961129E-10 -2.7631129616984267E-5
0.6359863797306674 0.13411282944887548 0.07542020319546493 0 8.803876363481396E-9 -4.674562136796754E-8 -2.763002542658629E-5
0.7226994437477957 0.1997352924878217 0.08334138075756291 0 1.0149912974440803E-8 -5.036722451915458E-8 -2.7615591477773026E-5
0.6524176664552398 0.20477109599706128 0.07797707686621592 0 1.2170797507185272E-8 -4.729683514227204E-8 -2.762842361065974E-5
0.9051251569294585 0.19071818089926676 0.09999999999999994 0 2.0137095337423768E-8 -6.294059805198991E-8 -2.7613246773511732E-5
0.8318102133114379 0.22322523392999097 0.09353078509252784 0 2.0668884784293906E-8 -5.5851863495587545E-8 -2.7611468228247604E-5
0.7561533810021175 0.2511688924028691 0.08746370240455802 0 1.835180090878255E-8 -5.30661049162813E-8 -2.76153553765046E-5
0.5078212312272354 -0.05773868566153316 0.06628756501631425 0 -1.1784762331374324E-10 -3.314373379944066E-8 -2.7622244759365503E-5
0.580043566339009 0.07440259297015442 0.07086095755136954 0 9.556057657531943E-9 -4.404955617564914E-8 -2.763139421648383E-5
0.5449077695259106 1.435041058529122E-16 0.06830916124377966 0 4.169969151205963E-9 -3.97954386403353E-8 -2.7631128083885668E-5
-0.6449966839705535 -0.4445280981035864 0.08625924084344859 0 -3.0216984968133294E-8 4.5524973722774465E-8 -2.761441522809438E-5
-0.5773213056470615 -0.42632356756478973 0.08066830857907491 0 -2.8452330449516906E-8 4.438150948599206E-8 -2.7627021620092677E-5
-0.42560872193429483 -0.3924588186076942 0.07047472570296821 0 -3.51480862361388E-8 2.8853196689639998E-8 -2.7630074464528983E-5
-0.5105636494997626 -0.4275668331221898 0.07661161867134533 0 -3.199657460726905E-8 3.964642379343287E-8 -2.7634151745806645E-5
-0.6821995337018094 -0.3893517946424338 0.08645016345112792 0 -2.778666928717011E-8 5.2875583890737775E-8 -2.7606504218533655E-5
-0.7143597851634019 -0.46065181317541976 0.09243904770387963 0 -3.8294146462905106E-8 4.773354974706457E-8 -2.7612527781814494E-5
-0.7501479603301018 -0.5412050791178046 0.09999999999999998 0 -4.512196777823324E-8 5.014015492604031E-8 -2.7624337417934225E-5
0.23193963455587194 -0.401731231339728 0.06368217918749611 0 -2.990109942916322E-8 -1.7116997479082956E-8 -2.7625694006781545E-5
0.4253355502182103 -0.060426816635170834 0.06194940187312641 0 -8.082347242339457E-9 -2.7233751091178935E-8 -2.76247216172174E-5
0.3783639298171796 -0.12391451309547895 0.06047575124681011 0 -1.4165504595935486E-8 -2.6821870838757E-8 -2.7628458181636244E-5
0.3404696044317066 -0.192505611563268 0.06016257670047243 0 -1.6259632281142785E-8 -2.396309340952098E-8 -2.7632410812722862E-5
0.2704412885460664 -0.32134890739138106 0.06148782850104334 0 -2.9469220965255177E-8 -1.7446256627199696E-8 -2.7623696724338507E-5
0.28780126788651955 -0.24610682281377952 0.05962067759661022 0 -2.070860091830041E-8 -1.8487530623386526E-8 -2.763208568823125E-5
0.15779399244920164 -0.4060014305216929 0.062242172248634084 0 -2.8551340605646935E-8 -6.179712700384833E-9 -2.762148930715813E-5
0.08201071126761389 -0.3939388987243753 0.060668066988986274 0 -3.1476360070023525E-8 -1.1946006501057778E-9 -2.7627054626669312E-5
0.04349199689707277 -0.3606955682361924 0.05897556113419837 0 -2.7604823392082215E-8 -1.4714374316743862E-9 -2.7635140365962887E-5
-0.05772042989369192 -0.4373202270026056 0.06251628812885628 0 -2.8836043475998186E-8 7.026856113635498E-9 -2.762231226419816E-5
-0.03317807935019408 -0.4000499580003112 0.06062434517611841 0 -2.8577116019436907E-8 5.344691116576701E-9 -2.763084168052914E-5
-0.3619566518906658 -0.37751131442037245 0.06698450376718922 0 -3.224595365128151E-8 2.1270600781629573E-8 -2.7614698098540926E-5
-0.36626813150114024 -0.4166408143589399 0.06892167223823106 0 -3.415373031399793E-8 2.0695527799385538E-8 -2.7625318477177346E-5
-0.3449125590697449 -0.44322460700183025 0.06935603931497553 0 -3.4604303185916735E-8 1.9662839395356523E-8 -2.7630117922950286E-5
-0.1061373350373039 -0.43371612134398735 0.06278756375601147 0 -3.0262336194670126E-8 1.3258882316049574E-8 -2.76145470826102E-5
-0.1533021139497205 -0.45854960024362473 0.06473399748772989 0 -3.918502634031514E-8 1.2952794415701199E-8 -2.7610510815804974E-5
-0.27258732769368704 -0.47213510106489254 0.06832563375196132 0 -3.786433615859203E-8 1.6735149523522274E-8 -2.7633018503519685E-5
-0.2137590545386873 -0.47234636278777903 0.06671710658979699 0 -4.119743407845936E-8 1.3833747773248991E-8 -2.7625764001563688E-5
-0.18675532053812582 -0.4349325178463068 0.06418357757579088 0 -3.746350973371731E-8 1.604703352605821E-8 -2.7621738600051974E-5
-0.3826278748778653 -0.34149739132768103 0.06638993492953281 0 -3.270345673513809E-8 2.8180333789608804E-8 -2.7615286639110524E-5
-0.0010639892128916778 -0.35571530812846325 0.05866683852382106 0 -2.6813155787797087E-8 8.405083951175363E-10 -2.7636340657973273E-5
0.5665181445886517 0.15558354761445173 0.07104008880031383 0 1.663389953093367E-8 -3.959104668887167E-8 -2.7628586582089698E-5
0.5953591891669738 0.1936606882201294 0.07369160395615945 0 1.5712340186368157E-8 -4.189915646000011E-8 -2.7632567243007305E-5
0.5192463818471629 0.12824117265253684 0.06769417632898124 0 1.7074456763712723E-8 -3.7335001982997717E-8 -2.7616487079046057E-5
0.5285393108936259 0.16518893231571916 0.06885934434787161 0 1.8500415350762663E-8 -3.457559431895843E-8 -2.7622680461147167E-5
0.6744856330743806 0.25899543825752414 0.08106282636378111 0 1.6184438654428516E-8 -5.067817051444618E-8 -2.7624219512848814E-5
0.5964895386590124 0.24538252217967127 0.07505456752399722 0 1.7552699725059655E-8 -4.3053578895644215E-8 -2.7634027443454095E-5
0.8809325160784339 0.2820885436790224 0.09999999999999994 0 2.6095669465766048E-8 -6.048461503806453E-8 -2.7620541885403946E-5
0.7133503615870089 0.32015636681811027 0.08613118221459619 0 2.4039882107908554E-8 -5.5950265182092896E-8 -2.761390173032789E-5
0.7978472984237357 0.3041762806928354 0.09281227257926788 0 2.673592844107805E-8 -5.728998067264963E-8 -2.7617090936999613E-5
0.4636209692030302 1.4593888372567647E-16 0.06366862151549985 0 1.6156015365480673E-10 -3.3812960252989955E-8 -2.7627354413992876E-5
0.4938126220450951 0.06489296717588176 0.06554297030555511 0 8.257123803761846E-9 -4.095799761667129E-8 -2.7620123110118725E-5
-0.6153231968638251 -0.38077552285640803 0.08115372829448388 0 -2.3002821499141233E-8 4.8405223841347646E-8 -2.7622527508109413E-5
-0.560449570051932 -0.3810942956107818 0.0775098294695611 0 -2.5965697785483025E-8 4.3378062278431866E-8 -2.763311457559446E-5
-0.4429539530445369 -0.3153758255937713 0.06823813858748431 0 -3.020994275580187E-8 3.269657881168105E-8 -2.763200632812281E-5
-0.5043029125892239 -0.34762375509843185 0.07274022680505556 0 -2.855933363527919E-8 3.759291864825295E-8 -2.763836858991209E-5
-0.6508158876168189 -0.3390076459058359 0.08199721983987755 0 -2.168774501836207E-8 5.333879547935334E-8 -2.762101709119305E-5
-0.7091826270730176 -0.32330839885714513 0.08590988858162861 0 -2.519127273086204E-8 5.737470992557968E-8 -2.7618185524072032E-5
-0.7619010673352372 -0.3837317836320327 0.09273617861998763 0 -3.6113373125062764E-8 5.747853356103588E-8 -2.7614619837421925E-5
-0.8010515387579304 -0.4625279007956028 0.09999999999999996 0 -4.165424386999079E-8 5.6383746612200516E-8 -2.7620649658633313E-5
0.19236089157799777 -0.33317883760233996 0.059881599761303 0 -2.6200233270842528E-8 -1.1903518235464044E-8 -2.7635057926707944E-5
0.38492668203237634 1.0023152680894796E-16 0.05989052034096669 0 -2.659984219392211E-9 -2.7993335592654857E-8 -2.763646605105365E-5
0.2997814449763267 -0.1302546190444194 0.057552736756421544 0 -8.222171506836688E-9 -2.221928663381245E-8 -2.7636736506625464E-5
0.3411851195480258 -0.06215460789797836 0.058312559079427444 0 -5.785663584072546E-9 -2.3491545506450138E-8 -2.763851641937101E-5
0.25568805190108224 -0.19009790761699052 0.05725179690059135 0 -1.2708625486818938E-8 -2.0411606189834918E-8 -2.7636298262786767E-5
0.21970172124605264 -0.25470361780543144 0.057909449658114676 0 -2.0116564139843145E-8 -1.65284807046309E-8 -2.763835815472776E-5
0.23090062297727731 -0.13379820267190193 0.05553869913937325 0 -3.961303254068582E-9 -2.038664347910194E-8 -2.7626815699517584E-5
0.10559774308437374 -0.32641465451667345 0.0581670361159444 0 -2.3752443152226576E-8 -6.405828696409193E-9 -2.7637788823646814E-5
0.031363797849434556 -0.30517057546423765 0.0568332914109285 0 -2.2015073929490535E-8 -5.411500542612627E-9 -2.763548456491417E-5
-0.08918266806588585 -0.39015326021997465 0.06056960464965617 0 -2.7829186190972872E-8 1.166625817629494E-8 -2.7628404692522986E-5
-0.049756265008924744 -0.359262534671633 0.05895024498757894 0 -2.659683460351475E-8 5.591065141575083E-9 -2.7635720851758664E-5
-0.33370914900421456 -0.3553876317528072 0.06495432896100803 0 -2.5340421792372898E-8 2.255837612823849E-8 -2.7609680364974702E-5
-0.31386332305040454 -0.4019336098806021 0.0662221637922308 0 -2.8844614098835504E-8 1.700731863838316E-8 -2.7621780891318468E-5
-0.15459594130071444 -0.3919265872876224 0.06155021858866086 0 -3.0880659247230935E-8 1.6784942378619998E-8 -2.7626949648635648E-5
-0.2322802926341843 -0.4023212684393738 0.06371797650698165 0 -3.063215137737055E-8 1.7153244863027768E-8 -2.762855342788119E-5
-0.33230969380311987 -0.31257443393730217 0.06328313435425743 0 -2.181600017648363E-8 2.960646597713038E-8 -2.7614651490011492E-5
-0.37984334067586323 -0.29694191152231486 0.06465963905911942 0 -2.6802243363514346E-8 3.2068562610353486E-8 -2.7620881175183977E-5
-0.03281109095750644 -0.303248501545522 0.05677241598853609 0 -2.4024488874066693E-8 -8.076519889810331E-10 -2.763570850527724E-5
0.002774404310843052 -0.26370741404826953 0.055444406431408536 0 -1.9598331442361422E-8 -7.233817018958446E-9 -2.7626213199515306E-5
-0.4503344724862791 -0.2539143429242661 0.06663047103760426 0 -2.2828430493052385E-8 3.148487969053157E-8 -2.763256629047535E-5
-0.40625597693717014 -0.2614749559637888 0.06471383725610917 0 -2.2881385359270482E-8 3.1248084267625383E-8 -2.7629023908147996E-5
0.4615326701397575 0.12346215125476942 0.06442192515091573 0 7.546297015651887E-9 -3.428547560277449E-8 -2.7607370366931814E-5
0.5387084587482873 0.20560708274998704 0.07032262751622614 0 1.932176150287159E-8 -3.515363965011905E-8 -2.7630594602376218E-5
0.4879508039440348 0.17532903328848173 0.06671893154849401 0 1.656434474651183E-8 -2.922302473538323E-8 -2.7617974847493677E-5
0.532509259731304 0.25445661626164345 0.07121936353097057 0 2.109300595873664E-8 -3.6092488100071305E-8 -2.7635679548041673E-5
0.6341588941531792 0.31283518999890103 0.07981624453248937 0 1.901383352507966E-8 -4.98615381977385E-8 -2.7624932116033527E-5
0.5661686439840169 0.30314954318445153 0.07485251919573685 0 2.114001594568553E-8 -4.173599441545164E-8 -2.76355020798401E-5
0.8437752416466553 0.3790359375932063 0.09999999999999998 0 3.483556987886154E-8 -6.129087417879868E-8 -2.7620347753088007E-5
0.6719229666176102 0.38840511082381185 0.08561888827579653 0 2.490467257358585E-8 -5.0940695405811504E-8 -2.7604898804884034E-5
0.7564175363077813 0.38622567562379634 0.09237249347625182 0 3.481233878390348E-8 -5.5599658791618025E-8 -2.7609230711597694E-5
0.41461516466779025 0.07768102097507298 0.06157475739077051 0 9.029572076393734E-10 -3.3766418087829125E-8 -2.7625295858128494E-5
0.41609697408913526 0.13788398400008967 0.062378681269293045 0 4.154212863742525E-9 -2.954362102573413E-8 -2.7619972140504077E-5
0.3331467524821928 0.06332732629493788 0.0580143200893398 0 4.248664920340311E-9 -2.5353368704362387E-8 -2.764026788483658E-5
-0.47800098007166614 -0.21838828549818234 0.06713458210584479 0 -1.9981757979652014E-8 3.057330030088802E-8 -2.7630243508705128E-5
-0.581042663690517 -0.3157640075984302 0.07626188231201678 0 -2.1880386063668302E-8 4.503484498277787E-8 -2.7635892367561452E-5
-0.516501927640104 -0.27345997871285144 0.07083650833060166 0 -2.362793170532505E-8 3.65155668873455E-8 -2.7638859978408976E-5
-0.6531660790226061 -0.2763311132584134 0.0799841441751332 0 -1.848151830864264E-8 5.135025652773137E-8 -2.7630411472187484E-5
-0.7177089386751481 -0.25492955224205677 0.08435704674323387 0 -1.805798673368164E-8 5.357509426003882E-8 -2.7624759988459973E-5
-0.7682837005378522 -0.21778108265977297 0.08762455506029665 0 -1.651335997335733E-8 5.3253265075972935E-8 -2.7618134540368398E-5
-0.7926496756412593 -0.29133333750236745 0.09190870000572768 0 -2.643075515128297E-8 5.8009687484398744E-8 -2.762312033278042E-5
-0.8437556437212325 -0.37907955935377746 0.0999999999999999 0 -3.636477201986777E-8 6.28894491703751E-8 -2.7626216817764754E-5
0.14972579901011426 -0.2593326910893636 0.056582144341893334 0 -1.8007052269721572E-8 -1.33529304416387E-8 -2.7639700952144805E-5
0.30024351839566077 1.0287337474471442E-16 0.0566089984335615 0 2.6566872936841938E-9 -2.175879679964877E-8 -2.7641138694463685E-5
0.25485064501553867 -0.06881848120103613 0.0554520694654174 0 9.375392481513552E-10 -1.7622369863304294E-8 -2.7631798857113195E-5
0.2018137422816696 -0.09141964150518621 0.054287541904913736 0 -7.532368807018839E-10 -1.4179124594600834E-8 -2.7614646558215296E-5
0.1764824224893901 -0.17786432905826247 0.05506179018247805 0 -1.1139082365699475E-8 -1.9050227574004537E-8 -2.7628502585571946E-5
0.17846806103523252 -0.12182655323316927 0.054152220507936534 0 -6.7372664771562964E-9 -1.7589079156129075E-8 -2.7612367138637162E-5
0.06445906182530688 -0.2524774236880236 0.055351148337145016 0 -1.5160583364258554E-8 -9.627600221071455E-9 -2.7630328607404947E-5
0.01713256069613923 -0.2191946756676691 0.054245341320781695 0 -1.3708658916488794E-8 -6.005427367984998E-9 -2.761347447457996E-5
-0.015811501710617768 -0.22080470166743846 0.054282927994611936 0 -1.937575043276188E-8 -3.8633687590842245E-9 -2.7613877345013454E-5
-0.11115524588477288 -0.32319159740630654 0.058116751891295344 0 -2.5216675742515562E-8 9.568740284592976E-9 -2.7639729069797102E-5
-0.2724211583800276 -0.34021230275634257 0.06225471036920954 0 -2.041468763832135E-8 2.1452282898734763E-8 -2.762493283012253E-5
-0.19295762658678686 -0.33421241295621795 0.059933626134453855 0 -2.407587406394453E-8 1.6774944609844368E-8 -2.7637316422051206E-5
-0.299671918215507 -0.26919022055739933 0.06068803798570996 0 -1.7418970010172858E-8 2.6445579684097738E-8 -2.763037815584844E-5
-0.35401952964801076 -0.2618191533072333 0.0624765930436588 0 -2.002137814893802E-8 3.070687285682829E-8 -2.7627140753966315E-5
-0.059917909088264505 -0.2537684697083779 0.05535616729591674 0 -2.3270195656051858E-8 -5.543406773694325E-10 -2.7630711205699085E-5
-0.4286041911968905 -0.21160410640457614 0.06443452009247358 0 -1.6400542951438892E-8 2.8988166473767515E-8 -2.7628619147241875E-5
-0.3837371950984817 -0.21760730691022395 0.06251779019199943 0 -1.58852494221907E-8 2.9047798056360955E-8 -2.763136712470667E-5
0.44078820931890417 0.17778853409565737 0.06428879605061415 0 1.1174574062051128E-8 -2.7130628507994518E-8 -2.761974880125199E-5
0.4759951064045458 0.23047538821939026 0.0673334019397155 0 1.9889798031936897E-8 -2.99945740810573E-8 -2.7629756971679863E-5
0.5023235944487765 0.29151864533540206 0.07059623054924213 0 2.4338289020049408E-8 -3.485495371752222E-8 -2.7636927953057217E-5
0.5853609901656723 0.37038384021673393 0.07867156144500055 0 2.2496038590602954E-8 -4.4585579468526515E-8 -2.7628149654562892E-5
0.5293785213896149 0.3388907230126146 0.07386902220939724 0 2.5047959045017118E-8 -3.867762627531553E-8 -2.763706749101837E-5
0.8010710017272104 0.46249419126110125 0.09999999999999991 0 4.020684228861181E-8 -5.478743814532071E-8 -2.761684431705675E-5
0.626960623589047 0.4522983371432033 0.08535306995964971 0 2.9552262317976886E-8 -4.3664926374619045E-8 -2.7616437201227235E-5
0.7061350528834721 0.4673278645716987 0.09212747065803699 0 3.670352795689479E-8 -4.540556933592837E-8 -2.7610969912598727E-5
0.3592371994727271 0.12552401442410036 0.05970040660633737 0 5.730074573144292E-9 -2.6700817232201274E-8 -2.7634518625438727E-5
0.39449037889125516 0.17177804019933995 0.06198157459134765 0 8.68333821192427E-9 -2.717043662482403E-8 -2.762742528282705E-5
0.2907007887888551 0.1297941048796961 0.057242741237689944 0 1.1780690649642702E-8 -2.0478784212287263E-8 -2.763875760673813E-5
0.2538184516803514 0.06940494742292715 0.05542696753822805 0 1.1303511448907895E-8 -1.9147848467966822E-8 -2.7632711539509102E-5
0.20062573683728857 0.09527047772396227 0.054301155270572714 0 1.3000446477363677E-8 -1.4231737810969461E-8 -2.7615786196655252E-5
-0.4690213191754545 -0.16282051739106812 0.06545407679976868 0 -1.3747006991753937E-8 2.937966323786864E-8 -2.7616426526764254E-5
-0.5329845388239064 -0.1985594752136454 0.06981392050905111 0 -2.0240896700927853E-8 3.5499904903375014E-8 -2.7632819065278037E-5
-0.5985835515449605 -0.2260297922817816 0.07467942546060531 0 -1.787005225550797E-8 4.3888628930300816E-8 -2.7638067948234792E-5
-0.6738902730202506 -0.22049852083738797 0.07997070091519404 0 -1.396307467142178E-8 5.017527055278918E-8 -2.7630950804600707E-5
-0.7224932718504692 -0.1846612188414888 0.08299584497449673 0 -9.570423023693634E-9 5.204046017343843E-8 -2.7621310095379396E-5
-0.784218194998307 -0.17459658052838994 0.0880668176158918 0 -1.362158237292252E-8 5.473565801977315E-8 -2.7610130711020602E-5
-0.8340398056073667 -0.21902107573341573 0.09363611174877708 0 -2.1909471991240703E-8 5.758221828401402E-8 -2.761930060210214E-5
-0.8809151182252344 -0.2821428693025129 0.09999999999999996 0 -2.7581427657635574E-8 6.214016433634663E-8 -2.7628531855790532E-5
0.11138757858716244 -0.19292894544503636 0.054318208030815426 0 -1.2008825599757973E-8 -1.2344697825430603E-8 -2.762830176960986E-5
0.2238875048948224 7.238912562247948E-17 0.054346295287657886 0 5.00748628036182E-9 -1.612626693215617E-8 -2.762943561072675E-5
0.19420772375092543 -0.04676552312468657 0.053768452091938715 0 2.753214935994148E-10 -1.0930680432288239E-8 -2.762015395240224E-5
0.16765785073129597 -0.0820458117059934 0.0534822586461166 0 -6.145641000233768E-9 -9.864770644407498E-9 -2.7610975830142665E-5
0.1532214795718842 -0.1047515501973591 0.0534601593182905 0 -9.926642231917464E-9 -1.2263044095643841E-8 -2.7611209774787873E-5
0.13365633223327952 -0.1314943305448411 0.053500013617672364 0 -1.193288125455113E-8 -1.3227446496262949E-8 -2.761763796027874E-5
0.1909210649037196 0.04684254353730671 0.053697308093126346 0 6.738926103207123E-9 -1.6660667627052554E-8 -2.7620529368129687E-5
0.05493858025113072 -0.1872116672800932 0.053664600392910426 0 -9.871320982660353E-9 -5.090840114597012E-9 -2.761922384432034E-5
0.0015895535343272628 -0.18045943852644164 0.053353802929854664 0 -1.3459397232229432E-8 2.2931360146625657E-9 -2.7611053174503182E-5
-0.053441146730527564 -0.18709102439814254 0.05365287398922711 0 -1.8708182855722635E-8 3.051187132401406E-9 -2.7619634027717668E-5
-0.15050660974349658 -0.260685094950677 0.05663516711153095 0 -2.120186816799588E-8 9.03518052261772E-9 -2.7641761444264292E-5
-0.22974591189928226 -0.256397975299907 0.05821373401797809 0 -1.80721944726709E-8 1.7412554796515388E-8 -2.7640429875731294E-5
-0.2901412929767384 -0.21922908092139923 0.05898973037684318 0 -1.5813551786447133E-8 2.3111626839236957E-8 -2.763849279671136E-5
-0.3302765228915605 -0.22443841547131757 0.06052899064430553 0 -1.570646774649526E-8 2.7311893162502922E-8 -2.7634807734956808E-5
-0.11217260429255088 -0.1942886498520168 0.05435789315243198 0 -1.741093063295104E-8 4.220763068556686E-9 -2.7630038999453706E-5
-0.4043520178042477 -0.16901983470521795 0.062374130552393804 0 -9.058449532923843E-9 2.833797505542859E-8 -2.7627568889956486E-5
-0.36201088411519367 -0.17400839360604692 0.060635096430618034 0 -1.053050844980467E-8 2.7276370731141096E-8 -2.7635045331386596E-5
-0.42569230627547644 -0.12215318657273527 0.06260425960749791 0 -3.911912217338576E-9 3.292052661369412E-8 -2.762022538474923E-5
-0.467604489294916 -0.09647351175034927 0.06440527405535047 0 -7.851618192338121E-9 3.9930278789293137E-8 -2.7615559701299653E-5
0.40159415937487924 0.2222711945652258 0.06342742714419668 0 1.6051797727183852E-8 -2.8319033082777394E-8 -2.7628918588500607E-5
0.4374027432196876 0.28280425722564984 0.06685837267776952 0 2.5602789946669922E-8 -3.1161813251569554E-8 -2.7630666699036498E-5
0.4716692828943538 0.34325991058700284 0.07076541111671204 0 2.971694111966274E-8 -3.326087148657163E-8 -2.7635518349847185E-5
0.5572755215547438 0.4510872900080022 0.08061070588876619 0 3.053375126265112E-8 -4.220428150071413E-8 -2.7627573626302523E-5
0.5201731653431543 0.38799390136202994 0.0753439569886662 0 2.8144671370561333E-8 -3.8473729673451684E-8 -2.7635685288362453E-5
0.7501545426059838 0.541195955123228 0.09999999999999998 0 4.357311880543832E-8 -4.849926571097593E-8 -2.762254870506222E-5
0.5828756184496425 0.5332115379316271 0.0868511630159933 0 4.117673584097641E-8 -4.436461420763426E-8 -2.7618562594058026E-5
0.650470548607775 0.5465931881196748 0.09240305490818579 0 4.361496984043285E-8 -4.4612332170244E-8 -2.762027187909583E-5
0.33827356631260735 0.19741612693850677 0.06018657141513714 0 1.2742685072013213E-8 -2.5485199173023437E-8 -2.763579752809369E-5
0.2643297840462276 0.19520810401833616 0.057617277126140565 0 1.5211138915747047E-8 -1.7911569274884836E-8 -2.7639945213914524E-5
0.23462332403576286 0.13422621113694244 0.055643167928538385 0 1.582440106872419E-8 -1.3482975108771093E-8 -2.763013874541859E-5
0.1835322570857455 0.12636576122723128 0.05431954168807021 0 1.2468342544798209E-8 -7.785789472342328E-9 -2.761635138044554E-5
0.15384433041034717 0.09209874155024383 0.0533301823681776 0 4.450150906089656E-9 -1.1622860024374305E-8 -2.7612830564988184E-5
-0.5199939829281822 -0.124648956040805 0.06768673130026932 0 -1.7789675678265912E-8 3.896033206112753E-8 -2.762126290970288E-5
-0.5744027965338087 -0.14938461510286838 0.07144252826293566 0 -1.6733681815291106E-8 4.1833687476808444E-8 -2.763448924143953E-5
-0.6477191420222239 -0.14358128013705043 0.07642272847163621 0 -9.474011306754017E-9 4.8743468296426306E-8 -2.7635304651843492E-5
-0.735100345459195 -0.11930462056175606 0.08291132970822637 0 -3.539161301381014E-9 5.71426842317926E-8 -2.761786902995641E-5
-0.8023821229894582 -0.12465004703532732 0.08885408731398864 0 -1.2339863813568586E-8 6.198771930132018E-8 -2.7608109079262696E-5
-0.8531067718150073 -0.15803750226362165 0.09415708085227005 0 -1.9401657272547757E-8 6.207721150608099E-8 -2.7615068826303522E-5
-0.9051158299750595 -0.19076243784282 0.09999999999999995 0 -2.169095077588814E-8 6.45586311184391E-8 -2.7623097146789975E-5
-0.8393412000271001 -0.10211595922316327 0.09200820531311653 0 -1.4150305723831913E-8 6.574880854410696E-8 -2.7615095456456866E-5
-0.5124187514513647 -0.05184789683178334 0.06651654728017117 0 -9.273305682075715E-9 4.239491453545699E-8 -2.7630584789979683E-5
-0.4662367643365183 -0.05429215722432917 0.06397307879016166 0 -4.933379541321978E-9 3.998871677680167E-8 -2.7627010755160083E-5
0.07846305682895906 -0.1359020009449211 0.0529048760801971 0 -1.054728348512993E-8 -5.114130597278003E-9 -2.7622969400575235E-5
0.1581850159804538 4.03666044625459E-17 0.05292729798071231 0 -5.670024968356374E-10 -1.1281307084766082E-8 -2.7623524570533766E-5
0.1339429855522494 -0.042721659792281826 0.052630185389843626 0 -6.204148571301784E-9 -6.972322168497206E-9 -2.7622192383575803E-5
0.12170874450296679 -0.07937873255132208 0.05270638285367756 0 -1.0278856228479363E-8 -6.688296628959964E-9 -2.7619509715522487E-5
0.0926329081859553 -0.0934021566431387 0.052491087538806276 0 -1.0450021275421019E-8 -4.869912651992539E-9 -2.762415606267796E-5
-0.07925046645516257 -0.1372658344238745 0.05293295280422828 0 -1.0451201420378301E-8 6.489895046733511E-9 -2.762385861047873E-5
0.12737884186502532 0.04457914646124025 0.052542398875778 0 -1.0248691522237123E-10 -1.1407733701941882E-8 -2.762392508249792E-5
0.025874926118163208 -0.13266950985365822 0.05254567933671947 0 -9.585832422241623E-9 2.445831281839112E-9 -2.7622897569483504E-5
-0.025243839799718233 -0.13300675455069116 0.052548920040911946 0 -1.081199177528408E-8 6.298513544055791E-9 -2.762322098202467E-5
-0.18973296493485722 -0.18461798069110355 0.055474546986767154 0 -1.6706781327493432E-8 8.67491226781868E-9 -2.763353799940992E-5
-0.2483235922732361 -0.1816505696604007 0.05686432272721824 0 -1.6328920135633405E-8 1.626125700551951E-8 -2.7638503300538645E-5
-0.30831506111577245 -0.17770170158565643 0.058672582596364375 0 -1.3489582652371603E-8 2.3479421931649007E-8 -2.763991522491248E-5
-0.13643849435757827 -0.142707733989249 0.05371629461338724 0 -1.0186069888095582E-8 5.7544032970663156E-9 -2.762106322352187E-5
-0.184039983968445 -0.12735803584373426 0.05434432437859786 0 -1.3338003539442332E-8 8.705430625876078E-9 -2.7616804519716703E-5
-0.10393602836491156 -0.0928684349452979 0.05261104654913399 0 -3.596084632721619E-9 9.339790653645075E-9 -2.7623394912050516E-5
-0.33491839009005275 -0.13913239257244242 0.05894927757126896 0 -9.350039324342764E-9 2.5522223933162384E-8 -2.7639504762760873E-5
-0.379850741799242 -0.12110542276221135 0.060500587943527986 0 -4.6540516186945976E-9 2.9525270404293357E-8 -2.763292890952328E-5
-0.40842759083875496 -0.05875232359605658 0.061140527783328784 0 -1.344198844247022E-9 3.391126360090356E-8 -2.7633373127617638E-5
0.36282250283673584 0.2686598783514224 0.06303900336729046 0 2.0638749612136616E-8 -3.0469036221848865E-8 -2.7625677547153325E-5
0.4058790843317993 0.3317218591300756 0.06705525860874961 0 3.172905196113082E-8 -2.9255189320266172E-8 -2.7622898545864878E-5
0.4678168231247622 0.39722837411780604 0.07282402579327739 0 3.2193744189998915E-8 -3.296629377102559E-8 -2.7635652987285837E-5
0.43228391685071293 0.3802988180284773 0.07026687195777441 0 3.375485817291079E-8 -2.867547647776261E-8 -2.763094671479765E-5
0.5096255127299391 0.5106912413470729 0.08097857821614195 0 3.625077602389526E-8 -4.176942155801155E-8 -2.7624352968372905E-5
0.49005227512439575 0.44470401859070535 0.07629562530822705 0 3.269300750210716E-8 -3.6833575748658294E-8 -2.7634255075726258E-5
0.5354804188313992 0.5793968081607486 0.0867593250488703 0 4.45729053149895E-8 -4.269204779643355E-8 -2.7608871227730432E-5
0.6847900044003186 0.621834941224156 0.09999999999999994 0 5.1819809707003716E-8 -4.680663732033038E-8 -2.7625087988644054E-5
0.5876935447112426 0.6161088910778022 0.09257893706827944 0 5.18781856577405E-8 -4.126841281839673E-8 -2.7613363017833978E-5
0.2968769596322443 0.26583446546620604 0.06049214663587174 0 1.6487548792964574E-8 -2.5030163662890256E-8 -2.7632439896179117E-5
0.22703812963746217 0.26409762190385 0.058370438456053005 0 1.7639350345959972E-8 -1.6429946200724334E-8 -2.7642007555287922E-5
0.18890830540911197 0.18932922319802872 0.05555650018582656 0 1.6037903865173544E-8 -7.843525135063989E-9 -2.7635378922768876E-5
0.10177697427875262 0.08834048795367637 0.05253956863179544 0 2.6525109219478742E-9 -8.56312610802615E-9 -2.762452035183622E-5
0.13647605991683223 0.1435082568468913 0.053729825805134857 0 9.609349168125914E-9 -4.940417558588921E-9 -2.7622072770325174E-5
0.14969050843762163 0.2592715660247786 0.05657975437506356 0 2.0424068678078134E-8 -7.874200303344242E-9 -2.7644237396220606E-5
-0.5844196053235717 -0.07491703801282973 0.07115392026499065 0 -1.032750681143587E-8 4.549937686546306E-8 -2.7638313991851757E-5
-0.7351410524947968 -0.060926854977285956 0.08231802271497875 0 -1.3401290918682514E-9 5.862682541600269E-8 -2.7625603640477587E-5
-0.6752473549062168 -0.060997662019661704 0.07752927755735102 0 -2.1903478062337796E-9 5.259114420574851E-8 -2.7635938209534E-5
-0.7962287177911108 -0.06074957956360477 0.08762354715881242 0 -6.120125800290183E-9 6.400545795465484E-8 -2.7619223458010384E-5
-0.8627884197170684 -0.055125093298773874 0.09385473111979895 0 -1.0397583733033795E-8 6.713606120613281E-8 -2.7623182680435862E-5
-0.9192838471164881 -0.10263764414409532 0.09999999999999994 0 -1.5717192547956148E-8 7.08839705862954E-8 -2.7625211329254115E-5
-0.5447672634209793 2.858524015158418E-17 0.06830049229574699 0 -5.1388661531189855E-9 4.0992428554203524E-8 -2.7638462288496416E-5
-0.4638591691868275 2.797468827787367E-18 0.06368112390889594 0 -1.101540620512561E-9 3.4898775721305847E-8 -2.7633439563127634E-5
0.04273067501608843 0.07401170016957923 0.051925849626185475 0 3.361977708065992E-9 -5.835562203774785E-9 -2.7634394780914292E-5
0.04273873390329096 -0.07402565857166639 0.05192600533605054 0 -7.614857688603883E-9 4.0264562535532774E-10 -2.7633059958347614E-5
0.08580268905133058 2.7616060966210454E-17 0.05192915349305607 0 -3.9747439062468625E-9 -5.89565517998953E-9 -2.7633360306120024E-5
0.07416648351753428 -0.042820039223696336 0.051927573540639343 0 -6.876643835934125E-9 -3.0711592280449632E-9 -2.7632901048660312E-5
-0.04299754043112494 -0.07447392462720538 0.05193102148339571 0 -4.0397633395497955E-9 6.795235945300442E-9 -2.763347460266898E-5
0.07415950431437714 0.04281600977887487 0.051927495533993596 0 -5.755123271823835E-10 -6.982881495438661E-9 -2.763364498820354E-5
1.3904975238826412E-17 -0.08573627431625096 0.051928505242836896 0 -6.646281248436844E-9 4.3924016099143895E-9 -2.763295054230244E-5
-2.9796378738924766E-17 0.08577355466188762 0.05192886660175564 0 6.0694873574876326E-9 -3.4941107527409286E-9 -2.763445224847098E-5
-0.22815732549244747 -0.13366956667415786 0.05546555293618704 0 -1.6678609534826854E-8 1.356034336416767E-8 -2.7629144304434297E-5
-0.27837086784154214 -0.12617379267311213 0.056793561369108604 0 -1.3531269481135374E-8 2.0187451593544175E-8 -2.763887775431247E-5
-0.15093740406319933 -0.09389909648308081 0.05329903073383901 0 -5.0125480437695605E-9 1.2058164399448394E-8 -2.7613499526298338E-5
-0.19761019796705667 -0.10158906953187431 0.054303584925033135 0 -1.3830573885165644E-8 1.3892631312887734E-8 -2.7615702583575403E-5
-0.12619399745448537 -0.06614911525416545 0.052660410611162535 0 -1.5014931478373199E-9 1.2266184541958655E-8 -2.7621833222683977E-5
-0.07423701450489274 -0.042860760308234 0.05192836227840669 0 -1.0874286214914008E-10 7.887983003264814E-9 -2.7633801864173485E-5
-0.4277423899643161 0.06497482014443749 0.06209784320535729 0 7.764302832331515E-9 2.818727589376926E-8 -2.762994006362241E-5
-0.33304413722574777 -0.06930677678439595 0.058055306373968225 0 -5.400193832498483E-9 2.633189822731537E-8 -2.7642945731386484E-5
-0.3847166606924661 9.345124501562139E-19 0.059881376808148805 0 1.8624615005983598E-9 2.8994270083898526E-8 -2.7641433167933423E-5
0.3329058545937796 0.33325924236807375 0.06406157186555389 0 2.2113398020393465E-8 -2.5817457104692196E-8 -2.761082481304998E-5
0.49825230464030634 0.6040689738251999 0.08623250303750961 0 4.1879004889511486E-8 -3.758953952829881E-8 -2.760661626554674E-5
0.3818998921620359 0.39282083230988174 0.06849211870683777 0 3.3799639269967194E-8 -2.1287037704900434E-8 -2.7623633918081445E-5
0.4314021965681312 0.42876752259718576 0.07244484890584979 0 3.424411673808517E-8 -2.885469176577026E-8 -2.7634348719277067E-5
0.4723939921181883 0.5653277489130144 0.08223903081434109 0 3.716558295612523E-8 -3.894809262549348E-8 -2.7617601132499562E-5
0.44736034083495346 0.4974141441538552 0.07684191432450417 0 3.497835360164011E-8 -3.4328747054358966E-8 -2.7632497701141932E-5
0.5230354883414245 0.6422697488364204 0.0903707538749386 0 4.8721774625655154E-8 -3.3728838785727315E-8 -2.7606445078196578E-5
0.6177594130735138 0.6884753307245898 0.09999999999999995 0 5.667605376840411E-8 -4.068024118500313E-8 -2.7620068714490783E-5
0.5518007966248653 0.6760563257947593 0.09465507346897212 0 5.3521773842234524E-8 -3.3864958927490316E-8 -2.761330679260695E-5
0.2625418688185837 0.33648330779519714 0.06181290503458571 0 1.972090878095339E-8 -1.99519438369403E-8 -2.7630089056037743E-5
0.10763513709501461 0.3224957272318108 0.058047784011843594 0 2.4460461870774288E-8 -8.165095008969776E-9 -2.7643701314730264E-5
0.19231764390950024 0.3331039304431938 0.059877835485628014 0 2.3199387267610394E-8 -1.56681021625431E-8 -2.7640777359546592E-5
0.11136664405289663 0.19289268576805546 0.0543171535525474 0 1.6575116243936322E-8 -3.152353909718786E-9 -2.76316418896759E-5
0.07844894660138711 0.13587756131386042 0.05290437550856248 0 9.609506537145902E-9 -5.6569976376494265E-9 -2.762536184130334E-5
0.03519829734560284 0.13784946141786306 0.05265706254873472 0 1.0787444863328343E-8 -5.4618588586589135E-9 -2.762452216043136E-5
0.06630901180929025 0.2508565357105051 0.05531869953262273 0 2.2219720150006736E-8 8.477160042687342E-10 -2.7634727659055264E-5
-0.017053837843317182 0.27836069099312905 0.05590951428308119 0 1.9157476352370054E-8 7.905044088040324E-9 -2.7635576658748048E-5
0.011677278178983168 0.25977319628253465 0.05533524160416193 0 2.0119825986283713E-8 7.0847561222659355E-9 -2.7629875930171812E-5
-0.036475279191632355 0.1302798698937502 0.052547520741153056 0 8.922790234043615E-9 -2.1443869117081366E-10 -2.7626297982321207E-5
-0.004334214649360648 0.15163914092247652 0.05281372846092682 0 1.0685889352528065E-8 -3.5096455205213067E-9 -2.7620690928656814E-5
-0.5548238392163805 0.07638757137486699 0.06925704553616709 0 -9.064209238946985E-10 3.952696427879916E-8 -2.763540130879327E-5
-0.6361392415232946 1.3179599374821288E-17 0.07441207081886599 0 -6.288903345929052E-10 4.776174830552983E-8 -2.7642153785003555E-5
-0.7353276040989696 1.376885046738379E-19 0.08212306732579755 0 2.276915599102133E-9 5.5170755807738456E-8 -2.763003422915422E-5
-0.8245744171037558 1.994957568951944E-17 0.09002147282184524 0 -3.53952668282955E-9 6.183074042207337E-8 -2.76242621244337E-5
-0.9249999999999996 -3.487031299242896E-17 0.0999999999999999 0 -7.2897336414457346E-9 6.942266648051851E-8 -2.7631106539186212E-5
-0.6215823870108426 0.05940809814964494 0.0735747228508592 0 2.729714176007716E-9 4.544510087721419E-8 -2.764160897186173E-5
-0.5039157942187592 0.07056797810116018 0.06615707446286308 0 -2.7309288471084776E-10 3.321817003287192E-8 -2.7626775862452392E-5
-0.4742240483662385 0.11256694280313873 0.06494853319711702 0 6.458767645877356E-9 3.319879407332325E-8 -2.7614006839756436E-5
-0.4362515368769683 0.13236424219261794 0.06326633817399899 0 1.4225234145578224E-8 3.358434511342991E-8 -2.7619197961837462E-5
-0.3689420167821231 0.1279817916152874 0.06013540062401418 0 1.3057475090471488E-8 2.744849122415986E-8 -2.7637038132714512E-5
-0.40020050920329836 0.18553375498639205 0.06251643484045978 0 1.598837161338926E-8 3.2047543044684303E-8 -2.763230888725807E-5
-0.11902524067374867 0.3280525016025783 0.058398241089487615 0 2.3229682802278993E-8 7.940794067070041E-9 -2.764486887170388E-5
-0.278960464150049 0.23105339123962187 0.058930977919053947 0 1.8004608728835553E-8 1.996247246970003E-8 -2.7642142007112155E-5
5.529796886260846E-16 -9.523255661324038E-16 0.05151308386343702 0 -3.213370603309593E-10 4.5374110434801535E-10 -2.764229696180705E-5
-0.043042879691499385 0.0745524545297515 0.0519319033593881 0 7.027752447763576E-9 4.891627492680811E-10 -2.7634736676318807E-5
-0.24680219676358373 -0.07209570484822997 0.055249906628573604 0 -1.2460248640896966E-8 1.9550506832445427E-8 -2.7632849383701332E-5
-0.1740533791739203 -0.0457943921612332 0.05334383022045102 0 -5.191661113810804E-9 1.6565416990889767E-8 -2.7620699777299214E-5
-0.12783259126111418 -0.033275347967647695 0.052499203818416273 0 1.0446543094985843E-10 1.1960169287027626E-8 -2.762595740473234E-5
-0.08544796042127181 1.2633032021521531E-17 0.05192572029476935 0 3.291633482694059E-9 6.7917244799087155E-9 -2.7634473547328896E-5
-0.33947513674739144 0.06240362523718613 0.058248486325065116 0 4.87029230291775E-9 2.438894414074821E-8 -2.7643957313272995E-5
-0.30816555573663146 0.12979030410922676 0.05783416263257108 0 8.205602360743781E-9 2.3536365406998468E-8 -2.7642906452996008E-5
-0.22695325756190307 0.2565120405768185 0.05814491145404571 0 1.986748690091693E-8 1.763427137164975E-8 -2.764503294348668E-5
-0.25569422992480956 0.1801064295667739 0.05704280655464759 0 1.0661623368991574E-8 2.1711076256710864E-8 -2.7641919776360007E-5
-0.07471068043782807 0.26158647648355277 0.05569656348774581 0 1.552219712676961E-8 1.0618117551489024E-8 -2.76389860219142E-5
-0.15073713287945018 0.26108437273446883 0.05665087411303693 0 1.7508932116532784E-8 1.4265193952810246E-8 -2.7646241012037733E-5
-0.0793293077376864 0.13740239153093972 0.052935779499837216 0 9.949987029691276E-9 6.204608793558893E-9 -2.7626129931082897E-5
-0.299396714946573 6.0549876586637245E-18 0.05658028588283899 0 -3.529394922817877E-9 2.269385183474294E-8 -2.7644679173564724E-5
-0.39181543828090004 0.55445735722153 0.07760084140770424 0 4.371463942907219E-8 2.8221494052559827E-8 -2.7639043964391007E-5
-0.42125713605646403 0.6077940464059373 0.08247265847688973 0 4.9433724822609026E-8 3.050638818645272E-8 -2.76287546679278E-5
-0.4499036574234317 0.6597655574984553 0.0876254316161508 0 5.160374755728714E-8 3.719042423564271E-8 -2.762298630010022E-5
-0.4789401191209052 0.7197628636157833 0.09385470752197607 0 5.2159856133194335E-8 4.2657943046975225E-8 -2.7627025529934173E-5
0.30693864167133966 0.4042133776050551 0.06608285286906407 0 2.799525915588222E-8 -1.5806755504744037E-8 -2.7625843102288325E-5
0.45341996389119593 0.6343388790419371 0.0859386615701075 0 4.168110067046296E-8 -3.158702485365511E-8 -2.7615209863801744E-5
0.36186279370904106 0.47199806236141656 0.0715259330567936 0 3.5218569754595154E-8 -2.2199172810052975E-8 -2.763699721189049E-5
0.400949758946052 0.5652131577221655 0.07869394977656127 0 3.7833173804795925E-8 -3.104257092089736E-8 -2.7631503299086662E-5
0.4904238791693691 0.6985151762406319 0.09277567976728547 0 5.125029421030928E-8 -2.891499806707801E-8 -2.7617374147669786E-5
0.5485314952955888 0.74480230687788 0.1000000000000001 0 5.661628894944444E-8 -3.245609935738494E-8 -2.76225250193684E-5
-0.157502577302292 0.4062797025959702 0.06224976286168574 0 2.7624066226243662E-8 7.156629998323384E-9 -2.7630235250942033E-5
-0.04439277195221168 0.328710102628296 0.0577329050528648 0 2.3568201249718525E-8 4.888041644808062E-9 -2.7643175664458145E-5
0.025557696189703685 0.3104658173674805 0.05699894508193312 0 2.342316887267933E-8 1.9677094662540116E-9 -2.7641159027102296E-5
0.05891091878969271 0.3561813785904501 0.05888183035860122 0 2.567145704204448E-8 -5.4038506865252124E-9 -2.7641274876849606E-5
-0.07539656272461737 0.3826387268002811 0.060112744280339386 0 2.9444986228205772E-8 2.5045368621753988E-9 -2.763757910275538E-5
-0.19156331121345582 0.4731617410648756 0.06625147072173321 0 2.810417370994281E-8 1.6893730024559335E-8 -2.7628303394369913E-5
-0.31860245148696237 0.5518356333914171 0.0744889558881298 0 4.045445970022243E-8 2.4372054496145518E-8 -2.7644655191315734E-5
0.23188989210585279 0.40164507488900236 0.06367695651733306 0 2.9744142700160105E-8 -1.6117379471425507E-8 -2.7632431982422593E-5
0.18545604713463834 0.43047399478074116 0.06393784680976809 0 3.5937050775802495E-8 -1.5264240268828882E-8 -2.7626944628743228E-5
0.15384627156060351 0.3839117365891883 0.06118533303935759 0 2.909120704991118E-8 -1.556530507743022E-8 -2.763358761359979E-5
0.08567704016096148 0.3934342712802923 0.06068036954612458 0 2.7035242503533662E-8 -1.0471697212465703E-8 -2.7633403882944387E-5
-0.04746651353754765 0.1829715324610284 0.053532622158623755 0 9.12484415882556E-9 4.572562218451518E-9 -2.762143070802864E-5
0.01717373484524668 0.1662656573333219 0.053092157016808576 0 1.3756726621660498E-8 -3.7177044657070616E-9 -2.761790690447592E-5
7.833096257776418E-4 0.19069362679459012 0.05356840441819727 0 1.392125078382094E-8 2.857695533897701E-10 -2.761325197241665E-5
-0.014253461472862217 0.23459230484404994 0.05463523466770248 0 1.4903519371041057E-8 8.511807634222032E-9 -2.7621705907590572E-5
0.04520143550094837 0.1841851235528076 0.053545944108146816 0 1.761795793874413E-8 -2.3345997158683637E-9 -2.7620312081648897E-5
0.017981432514459814 0.22651294475696923 0.05443142027174295 0 1.94157112344417E-8 5.201323088943691E-9 -2.761931565436921E-5
-0.4509389353459413 0.18062953941108667 0.06485872161226297 0 1.3399197447124064E-8 3.9564814800868226E-8 -2.7624840711027164E-5
-0.43855507291261625 0.22078311851591842 0.06514753629020965 0 1.4603451666712651E-8 3.672451035785326E-8 -2.76329778902911E-5
-0.5430568755805911 0.1088667628343709 0.0688662273363696 0 9.453661720174522E-11 3.97526600397889E-8 -2.7630472072513196E-5
-0.5075730010734566 0.12513873893141766 0.06697106660603608 0 1.5740099025253932E-9 3.844733003120459E-8 -2.761955594466056E-5
-0.4876818695036711 0.16005919777938846 0.06641416297022892 0 7.1679989927516965E-9 4.232789642493142E-8 -2.761995272059658E-5
-0.5817364775186938 0.11498204866540508 0.07140762999266016 0 3.1158752272479307E-9 4.330475367476893E-8 -2.7637524452241655E-5
-0.6893460495224288 0.06354738512595376 0.07863780818203957 0 7.661799921420257E-9 4.9516491998706054E-8 -2.7634591847197214E-5
-0.7599167871431189 0.060700756349994105 0.08441733903220823 0 6.295728034777243E-9 5.3024889583826E-8 -2.7622844387278466E-5
-0.8184909839211809 0.07533925376340878 0.08977629762126756 0 1.4883155537327442E-9 5.732170563791237E-8 -2.761806401419332E-5
-0.8641324069088798 0.06217499425579329 0.09403348687291993 0 -1.977018636569278E-9 6.215892386118077E-8 -2.762346321256738E-5
-0.919284810212244 0.10262901652303173 0.09999999999999994 0 -4.213314131412894E-10 6.709274489678338E-8 -2.762668208288065E-5
-0.7200856347104291 0.1275637570102766 0.08178787314202204 0 1.5132739872901575E-8 5.2963643417980523E-8 -2.762323735860888E-5
-0.6366216770914513 0.14805650423757327 0.07568897320024312 0 1.1346216286259884E-8 4.794689624793599E-8 -2.7638475136344415E-5
-0.5083123257938114 0.6756675576578803 0.09200745306162258 0 4.89105798040968E-8 4.506073615138429E-8 -2.7619205078737505E-5
-0.5084523869045262 0.6310249340793687 0.08870435188239581 0 4.669505383755234E-8 4.1118913478624696E-8 -2.7612219843483352E-5
-0.5485031394581954 0.7448231888659755 0.09999999999999998 0 5.263297070048641E-8 4.895614696498977E-8 -2.7629643973964214E-5
-0.47303326379715877 0.5791284533565413 0.08316905076856485 0 4.702613010655247E-8 3.185373065396819E-8 -2.762089735847028E-5
-0.45509595152323223 0.4866404390645807 0.07663670286639768 0 3.648834648647567E-8 3.27560483994118E-8 -2.7638801190220283E-5
-0.4180330375357138 0.4186106610386911 0.07131407766744807 0 2.6601867719519277E-8 3.554071440525546E-8 -2.7637878080375124E-5
-0.35805699391726126 0.4725541821277961 0.0714004969823895 0 3.3956626265679697E-8 3.135093310866714E-8 -2.7641657427049037E-5
-0.3304177610769968 0.2075632873895256 0.060121873146272396 0 1.644598326990133E-8 2.36567463295584E-8 -2.7639873655999593E-5
-0.3986677525588505 0.2551376793832065 0.06418286265211677 0 1.6178808939996134E-8 2.927495942953645E-8 -2.763310766960904E-5
-0.19326570388917413 0.3347460184966116 0.05996054906425581 0 2.5613954241506132E-8 1.2925083586824672E-8 -2.7643018874737368E-5
-0.2326279902659774 0.402923498403311 0.06375456788963607 0 2.9178288637121223E-8 1.8465221262957426E-8 -2.7635522796969878E-5
-0.2730034360466582 0.4728558218736924 0.06837705113188595 0 3.230074453784577E-8 2.498860009499339E-8 -2.7640853080137787E-5
-0.30165136280488025 0.41841452971898935 0.0665620091821718 0 3.1417469837043924E-8 2.9136055749588293E-8 -2.7633025908949632E-5
-0.2982294435153453 0.2720284218761083 0.06072614652584282 0 2.306209737820683E-8 1.8732275448495353E-8 -2.7634400204156947E-5
-0.28071917465641966 0.3771430143239578 0.06401358518053687 0 3.146891298381371E-8 2.4316708533076716E-8 -2.762929238907531E-5
-0.25621859628623345 0.3266156402995803 0.061257118437086824 0 2.8505715163402028E-8 1.79801597131663E-8 -2.763527948747862E-5
-0.07427627943517316 0.042883429926301085 0.05192880169730083 0 6.2379621081707905E-9 4.037732112826318E-9 -2.7634604606960244E-5
-0.10192189467460559 0.10267269443312377 0.05269596908601702 0 1.048000242654228E-8 7.3100423107631435E-9 -2.7624792177119392E-5
-0.22270343343645202 -2.7398019802337882E-17 0.054316401779706945 0 -5.656831416872067E-9 1.7040892300780363E-8 -2.76319484509051E-5
-0.1568744501142894 1.9427769320198104E-18 0.05290395974586273 0 -5.292314335682168E-11 1.2128920670605005E-8 -2.762557253733272E-5
-0.1333037269353432 0.03517105967265549 0.05258728793055297 0 4.862728465249781E-9 8.169374997037086E-9 -2.7625513503315353E-5
-0.2668792736165403 0.06671487334767572 0.055790773586017584 0 -8.821016504849202E-10 1.95771213481721E-8 -2.763881228381069E-5
-0.25161809751440434 0.1255049475699697 0.05598231997151887 0 3.1404631262015575E-9 2.117798631693774E-8 -2.7636155027760876E-5
-0.2204702956430696 0.1429341155499399 0.055415459742855375 0 4.590666342867205E-9 2.1664289657276713E-8 -2.7631005068438945E-5
-0.18350196867475072 0.18844743574056294 0.05542383280391714 0 1.1334841253632327E-8 2.0026326174785128E-8 -2.7637013374978723E-5
-0.1122914677939212 0.19449452747555573 0.054363926326504504 0 1.1425681766435858E-8 1.3406936956602994E-8 -2.7633150951591387E-5
-0.13865734030206042 0.13413724110678021 0.05361667711440056 0 1.1012867929318606E-8 1.50928829713418E-8 -2.7621421162175917E-5
-0.3679940573528883 0.637384404218618 0.08217817873449762 0 4.818435448651529E-8 2.5598466897356715E-8 -2.763292360111461E-5
-0.4124740638930545 0.7144260354671818 0.09005646238462257 0 5.0928335007397855E-8 3.3984511703257346E-8 -2.762762869126744E-5
-0.4625000000000002 0.8010734985006057 0.09999999999999998 0 5.5525462099014066E-8 4.097531143562338E-8 -2.76348955154373E-5
0.41227210451772545 0.7140762315680472 0.09001864521731297 0 5.375948525004358E-8 -2.7209093603943126E-8 -2.7622297470725472E-5
0.27234892372669683 0.47172217328134014 0.06829621029644013 0 3.6856599665103914E-8 -1.5599096465811377E-8 -2.7637113287129894E-5
0.36764043700660404 0.6367719158122639 0.08211917016769554 0 4.530917885747673E-8 -2.8924138872712732E-8 -2.7628213276234778E-5
0.31803615984503875 0.5508547874957042 0.07440724687637126 0 4.042319655752844E-8 -2.283478226310168E-8 -2.764046283085204E-5
0.46250000000000013 0.8010734985006064 0.09999999999999999 0 6.202582922648003E-8 -2.7685305072063982E-8 -2.762871772495288E-5
0.3836506929290541 0.7746515411716932 0.09384509082801112 0 6.190095036303419E-8 -2.389210240739579E-8 -2.762201464558804E-5
-0.14030890931253803 0.4679836164169959 0.06501280116403946 0 3.133609312291207E-8 1.1340525807669025E-8 -2.7615050543165362E-5
-0.10294114607188212 0.4464085827438704 0.06338188130081227 0 3.594802174490666E-8 4.658786991610997E-9 -2.7619229949275232E-5
0.013052198219917906 0.38970549808144683 0.06010955939350729 0 2.8112385928328993E-8 -2.2587892104734044E-9 -2.7639616426870063E-5
-0.04037960269203984 0.44085703180834646 0.06259577733066987 0 3.554389558934131E-8 2.187353516866384E-9 -2.7632075915892966E-5
0.06533055038853267 0.4354649165439312 0.06247764990259344 0 2.7821956267319093E-8 -7.022288533308687E-9 -2.7627903032540206E-5
0.21079455863719812 0.4693257584201238 0.0664848367230654 0 4.011620194565945E-8 -1.2750345859366433E-8 -2.7630329539958006E-5
-0.2117215867706234 0.5198781223671348 0.06933829044213057 0 3.310204199290006E-8 2.0607254616746687E-8 -2.7637156825666077E-5
-0.1460434120132441 0.503264073058023 0.06704541835555092 0 3.3470061024794624E-8 1.7930247888471935E-8 -2.7620923321582033E-5
-0.17773060720916653 0.5259463281585314 0.0689480477972893 0 3.3875804175856284E-8 1.973514475298125E-8 -2.7631934083351534E-5
-0.2900329026458535 0.6297052539110424 0.07871782471366953 0 4.604853971686195E-8 1.8082109836257002E-8 -2.7636679586842056E-5
-0.2598642375444073 0.5690891545970852 0.07365958600480058 0 4.01175834062156E-8 2.0244701690928644E-8 -2.7643633417188505E-5
0.1498593825176401 0.45279307874260616 0.06437801254812758 0 3.7211230681769774E-8 -1.2850488934169079E-8 -2.7616311192344694E-5
0.11053788187593885 0.4306223745782792 0.0626902062642271 0 2.979376786620158E-8 -1.290989764051455E-8 -2.7620959169298528E-5
-0.4490633670822637 0.26293361409508886 0.06682964731028329 0 1.5043649068357173E-8 3.588014546237004E-8 -2.763700612630213E-5
-0.4300985673768074 0.3012630280350379 0.0671100012724704 0 1.5935391910929108E-8 3.27281883705492E-8 -2.7634636064221618E-5
-0.49761740681994665 0.2259943198914076 0.06840949555720777 0 1.2556091143320447E-8 4.233399683483766E-8 -2.7636815371333705E-5
-0.5518948161465873 0.17422255470543743 0.07046196471921622 0 6.685555361914388E-9 4.4789453711358645E-8 -2.7635409114408036E-5
-0.4324706598932548 0.35955969358955997 0.06940707877592157 0 1.93552593664545E-8 3.4767663966078616E-8 -2.7635284549909343E-5
-0.7940808377677345 0.13178185399490336 0.08820577601429047 0 8.049911637907013E-9 5.872200172783383E-8 -2.7608849767779405E-5
-0.8565041007211139 0.12935729823844902 0.09401883827528355 0 1.6596912214649943E-9 6.373340840958247E-8 -2.7617395008912556E-5
-0.9051192255768065 0.19074632675980735 0.09999999999999998 0 6.662647687175239E-9 7.132426431751021E-8 -2.762583441428363E-5
-0.7583678808155521 0.178257805309045 0.085877514601274 0 1.5722133376149884E-8 6.053767875616229E-8 -2.7616173060684433E-5
-0.6170663609123308 0.222189336538271 0.07585507468331582 0 1.6445693041405606E-8 4.7012684360537136E-8 -2.7640563547237805E-5
-0.6972424057138269 0.20430689657176623 0.08139617396721441 0 1.863030672132772E-8 5.376873498360137E-8 -2.763011026316259E-5
-0.5596851197575441 0.6634042603718276 0.09419033697962355 0 4.385316658322326E-8 4.7831864959684634E-8 -2.761959859347167E-5
-0.5445828559277583 0.5931276201062036 0.08823074690283748 0 3.973602175459385E-8 3.9355488926895165E-8 -2.761472963419982E-5
-0.6177328508859395 0.6884991641819085 0.09999999999999992 0 4.412560140398148E-8 5.0945192535541497E-8 -2.7628197572295344E-5
-0.5240933648557363 0.5322322969179639 0.08310069903157469 0 3.9232525974481074E-8 3.451495655752545E-8 -2.7625905290950216E-5
-0.482008368592271 0.40269833860051546 0.07383556549613608 0 2.729079387890377E-8 3.6894147246846805E-8 -2.7642168540895386E-5
-0.5228737105474611 0.469403410425903 0.07945982017150148 0 3.5494716548661955E-8 3.6829228652278035E-8 -2.7636167488832544E-5
-0.3178442209190435 0.3574692689417035 0.06445327462614317 0 2.999655128672403E-8 2.6921284075615112E-8 -2.7618258859679665E-5
-0.3668515165065182 0.391453181331997 0.06779342734587494 0 2.464967970944183E-8 3.496454392964273E-8 -2.7625284357501095E-5
-0.37474174799433474 0.32521524057353407 0.06543736846884436 0 1.7996556088196468E-8 2.6454198272466084E-8 -2.7619564601196607E-5
-0.3445240713159381 0.2767146512083848 0.0625551726814487 0 2.034333865113427E-8 2.1094532806944537E-8 -2.7628308005083397E-5
-0.31825267387856393 0.31228528282505885 0.06275542647814246 0 2.6464534884103003E-8 2.0032296260971105E-8 -2.7622021530789315E-5
-0.13208776332768443 0.07040426877471616 0.05277929135503948 0 8.537790961268225E-9 7.84156210103256E-9 -2.7621158273820267E-5
-0.13558426904309848 0.09984465055515283 0.05311549222562181 0 1.0476958354892026E-8 1.0815137264779254E-8 -2.7618173878080932E-5
-0.18433654548332082 0.04822270923057056 0.05356505347436668 0 3.0018599763373606E-10 1.0768987828302876E-8 -2.762168939007492E-5
-0.2141365218541703 0.10501643106435352 0.054728299370409676 0 7.222246338857347E-11 1.7967973987707667E-8 -2.7623052277405196E-5
-0.18680865935078547 0.12991541986645883 0.054439563423197654 0 5.4732884089029645E-9 2.000310765142882E-8 -2.7620033105767845E-5
-0.1657690318723488 0.09663028560186346 0.05359396061230915 0 6.900339074792279E-9 1.2913008650736991E-8 -2.7613077056897512E-5
-0.3275435087421515 0.689022237889938 0.08446715933764735 0 4.821929438380679E-8 2.104293626164388E-8 -2.7625339484491253E-5
-0.3440235561346144 0.746753392646391 0.089798396197132 0 4.946377289203149E-8 2.7252605553040605E-8 -2.762079655645972E-5
-0.3781299746230488 0.7796968295885027 0.09405159466762453 0 5.195207073324897E-8 3.273137443779079E-8 -2.762650698517885E-5
-0.37078556224583165 0.8474286657041803 0.09999999999999998 0 5.692982801856653E-8 3.38720793441612E-8 -2.7629665357670052E-5
0.33139114289377414 0.7785556133621918 0.09206768166444738 0 6.248490900069796E-8 -1.987268806072114E-8 -2.7614810378060856E-5
0.3464548928541494 0.7191482470167311 0.08759713317592265 0 5.696710731204484E-8 -2.6197214064729866E-8 -2.761843393564634E-5
0.31546555307223767 0.6681703741372863 0.08242156072081934 0 5.0100619877679957E-8 -2.7512024993227856E-8 -2.762483492265048E-5
0.22784343961994072 0.5451094489255655 0.0712614275403811 0 4.334021186535449E-8 -1.344332249965642E-8 -2.7638312029260742E-5
0.28413345033548576 0.6165726819630529 0.0775980862421621 0 4.540167108681825E-8 -2.3682724669037552E-8 -2.7635247113944615E-5
0.290977677915208 0.7546407636986492 0.08855875058870188 0 5.782230660778203E-8 -2.0027988272819133E-8 -2.760827469559429E-5
0.37075219693550476 0.8474432642497914 0.09999999999999995 0 6.750580409908758E-8 -2.1105149481469992E-8 -2.7624777077263124E-5
-0.10596501162257625 0.5041773372256164 0.06652572871029448 0 3.9448509453828206E-8 1.5097498822627482E-8 -2.762080360103001E-5
-0.07102778036707863 0.4813038479979327 0.06489977746314218 0 4.053675915093685E-8 8.429056246475727E-9 -2.7624679230341038E-5
0.019795838688718658 0.4703114259817324 0.06404440608297313 0 3.263219197682678E-8 4.927573292062789E-10 -2.7632651622663908E-5
-0.028427878816465992 0.4894039605592073 0.06510500934199118 0 3.836888243645257E-8 5.5586892070128535E-9 -2.7632718149386854E-5
0.09307018049889713 0.4870154223859189 0.06541754354915294 0 3.097072180771963E-8 -2.4767088395497995E-9 -2.7618479178543702E-5
0.15223360853370174 0.5114589799667827 0.06762073099832455 0 4.144034017050098E-8 -3.7091869487589817E-9 -2.7621966475440252E-5
-0.19168892528151515 0.5624523066487594 0.07149027116733256 0 3.849080670204249E-8 1.8844949576297856E-8 -2.7639038733489337E-5
-0.12546868182070262 0.5661421054611622 0.07053660282173835 0 4.148218081692579E-8 1.6514519408363297E-8 -2.7636265065119597E-5
-0.25001651455608004 0.6877574831582879 0.0818288600417976 0 5.2633743556550007E-8 1.3337319941244759E-8 -2.762495648802887E-5
-0.19051431605916905 0.626194724144322 0.07575740850014469 0 4.656228300703549E-8 1.4067116831506704E-8 -2.7639761517086007E-5
-0.496968869184538 0.31115828345845903 0.07096354188096898 0 1.928260582188983E-8 3.872391738189532E-8 -2.7643327009925844E-5
-0.5531916805568735 0.25483900449276115 0.07250231820116239 0 1.6564573673445757E-8 4.362449104732247E-8 -2.764299331362805E-5
-0.8285501209973593 0.21135039229984 0.09293041569195869 0 1.0347002311188924E-8 6.744056218272542E-8 -2.76210191259587E-5
-0.8809225682293763 0.28211960771987943 0.09999999999999996 0 1.4316366969626803E-8 7.015253593419808E-8 -2.7632571319131753E-5
-0.7578216461505274 0.23114048963723496 0.08705889216020636 0 1.7063401524756003E-8 6.043883554725342E-8 -2.7623744677189073E-5
-0.5442886348821633 0.36830034160648034 0.07595460109733419 0 2.816443778374624E-8 4.0272490556030274E-8 -2.7641598873517222E-5
-0.6102329054490169 0.29533181001281994 0.07752504764743703 0 2.389684317192424E-8 4.399239949202322E-8 -2.7638523110414325E-5
-0.6672358697757713 0.2726523999513782 0.08092297245691278 0 2.21166199199673E-8 4.810608233872748E-8 -2.763314420899266E-5
-0.7250638207162802 0.2644091498704253 0.08523826785223539 0 1.97588493843528E-8 5.445156812575588E-8 -2.7627716009751016E-5
-0.6071515389330133 0.6092519905512257 0.0934219469334025 0 3.7828197839757E-8 4.7454158108951664E-8 -2.7624406858440935E-5
-0.5735399527378838 0.553508622043815 0.08749015204644302 0 3.702668528648483E-8 4.0879988036977206E-8 -2.7623303842260762E-5
-0.6847646792234087 0.6218628292777222 0.09999999999999995 0 3.909024181350085E-8 5.48791710181977E-8 -2.763419368476866E-5
-0.5770660846669927 0.4836246905463882 0.08360849061752018 0 3.651491549041095E-8 4.221697386802088E-8 -2.7630529739148524E-5
-0.5580584193120216 0.42548332869284067 0.07938775238593494 0 3.381097917262296E-8 4.0871728265866804E-8 -2.7636522298515548E-5
-0.28374056147924315 0.7514739211838952 0.0880520415280374 0 5.372845270323064E-8 2.2053593224845713E-8 -2.7611150382767535E-5
-0.3165497745723784 0.8071051679018629 0.09409208829712741 0 5.5259675692852297E-8 3.049032103842835E-8 -2.7620062768177073E-5
-0.28739394850298333 0.8792210714939998 0.09999999999999995 0 6.413028421521268E-8 2.986437194516511E-8 -2.762809989236873E-5
0.29491717071644896 0.8166669280321706 0.09422261270086467 0 6.220853757257991E-8 -1.4022682479883033E-8 -2.761578505471316E-5
0.15199695343335898 0.5713443637747507 0.07128864354870555 0 4.310065787460323E-8 -5.227118505211092E-9 -2.76355925602912E-5
0.2647361318881631 0.6988930987695543 0.08313425830297129 0 5.0058743869399725E-8 -2.502463499386117E-8 -2.761756504440531E-5
0.19363779692619498 0.6392946953673742 0.07676490405819379 0 4.5858334772301434E-8 -1.537093643578737E-8 -2.7635883115035003E-5
0.23873623781901862 0.7680602578468166 0.08814793343306232 0 5.2754015108822815E-8 -1.460583996377773E-8 -2.7611830126617552E-5
0.28735785633849587 0.8792328678266585 0.09999999999999996 0 6.509352605949766E-8 -1.2878101886647067E-8 -2.7624287344883248E-5
0.045020558010702406 0.5239593119206281 0.06715619876796416 0 3.5645929266913304E-8 2.5746588269213147E-9 -2.7634025922826138E-5
-0.05203180167969757 0.5443357511275837 0.06842717285738563 0 4.226912434783795E-8 1.0119794602773265E-8 -2.76370068595924E-5
0.00125333399408392 0.5186888782774369 0.06673044987207258 0 3.7964395674846745E-8 4.932804146090566E-9 -2.763640157532599E-5
0.09263905094403112 0.5551170207203664 0.06943102413110942 0 3.904947698363295E-8 5.573615733608227E-10 -2.7634290250864E-5
-0.22520922840433807 0.7458968973346561 0.08588793599516027 0 5.952651242355886E-8 1.6651902817413E-8 -2.7617911921716695E-5
-0.056365569894855645 0.6123374883168232 0.07290850863136553 0 4.5710413119294545E-8 6.99432062102894E-9 -2.7643176411396907E-5
-0.11459365381122652 0.6489796043007032 0.07609123122821615 0 4.834639293463127E-8 8.941612199253313E-9 -2.764103359510895E-5
-0.17201424223952635 0.7059350940103869 0.08139872432652714 0 5.504269313530311E-8 1.0815937479903919E-8 -2.7631370638886305E-5
-0.5619648707592039 0.31624700130713346 0.07504348009682706 0 2.3932378891638768E-8 4.179090104750257E-8 -2.764263402957802E-5
-0.7888004165309431 0.29037609645717466 0.09153149855841576 0 1.697616016745051E-8 6.071628224913262E-8 -2.762713848588947E-5
-0.8437609348289447 0.37906778281416026 0.09999999999999995 0 1.9950415576666032E-8 6.390955222830942E-8 -2.7631706709451264E-5
-0.6064827120561797 0.3683452405387546 0.08001332460787643 0 3.211795704358236E-8 4.3293845894353406E-8 -2.763157880387569E-5
-0.6554904399290363 0.3258387756938692 0.08184700708932659 0 2.7126826972115685E-8 4.4847042444265775E-8 -2.7627673989202914E-5
-0.7173789460644423 0.321865662586802 0.08652046298759287 0 2.196712072537358E-8 5.035584400135613E-8 -2.762309934943348E-5
-0.6465139113454262 0.538316822314734 0.09160194260007758 0 3.6145921684530903E-8 5.150984938230922E-8 -2.7628380387052207E-5
-0.7501326501074496 0.5412263004122692 0.09999999999999996 0 3.534726724195723E-8 6.282288691410598E-8 -2.7632514385776855E-5
-0.8010558185062641 0.4625204886241073 0.09999999999999998 0 2.7090105539953907E-8 6.405277568840538E-8 -2.7627522417569065E-5
-0.6328963674406779 0.44705014677999644 0.08550954643040555 0 3.6280064204713323E-8 5.0038175244454364E-8 -2.7623453924286667E-5
-0.2313025414788286 0.8233581280344338 0.09294490463014164 0 6.26527285141842E-8 2.4734848954254058E-8 -2.7622766934203716E-5
-0.19616860770583666 0.9039546015730862 0.09999999999999994 0 6.691951373382214E-8 2.2663327336155544E-8 -2.7634043012120365E-5
0.2216527773738334 0.8287572231622684 0.0932031971273528 0 5.880244954287092E-8 -9.023824782782855E-9 -2.7621266601052238E-5
0.10414931811684251 0.6209165315731189 0.07394244219969823 0 4.487214424466024E-8 -5.140388310984788E-9 -2.7640714838539334E-5
0.1942511971230704 0.716812779625243 0.08273823779707914 0 4.8549508841021134E-8 -1.642337885852955E-8 -2.7624380079023147E-5
0.14442364609626682 0.6895139486023729 0.07960445430492032 0 4.887069039500362E-8 -1.24284098763613E-8 -2.7633958119588416E-5
0.1913914876174544 0.7797285375111098 0.08801717214843206 0 5.3575013293824694E-8 -1.1098534580826596E-8 -2.762095848897245E-5
0.196130597538861 0.9039628493277602 0.09999999999999998 0 6.58810807687638E-8 -6.439558334901255E-9 -2.7631470752256387E-5
0.020086990102898373 0.582926818943489 0.07076019404513119 0 4.218516760442023E-8 2.9254584822208106E-9 -2.764251860096633E-5
-0.17894546311077822 0.7718277883825889 0.08706002927260566 0 5.989539641721626E-8 1.5407000047492552E-8 -2.762500736933262E-5
0.04599891718688658 0.6542488180254783 0.07585611859697282 0 4.805689044308239E-8 -4.267171124114957E-9 -2.7640758319747057E-5
-0.007855133722757698 0.6491499078369714 0.07536310530979572 0 4.767956627505969E-8 -2.73403391658777E-10 -2.76417448109196E-5
-0.13380906082414654 0.7600240739879767 0.08523325950883376 0 5.62122170768332E-8 1.0100729447959568E-8 -2.7628560396931168E-5
-0.04850890629174576 0.6781878024575423 0.07767733236817918 0 4.934775590907897E-8 1.034308327242914E-9 -2.763822155988611E-5
-0.09794458893422112 0.7138796015511557 0.08090449857215169 0 5.1856063410691066E-8 4.898623374655913E-9 -2.76337244934172E-5
-0.7603438011582597 0.3738096376808479 0.09217483686370775 0 2.0499778060452917E-8 5.6241327356289886E-8 -2.762066017904112E-5
-0.6767294999436547 0.3833870641168077 0.0857669286165472 0 3.049663242922697E-8 4.859308255739818E-8 -2.7613528770281597E-5
-0.7186415188607147 0.46354605628657686 0.09293928953994947 0 3.014623952651875E-8 6.020003296988991E-8 -2.7620092642617126E-5
-0.14285595486183847 0.8282574032154251 0.09152546819348935 0 6.009959360409325E-8 1.5608142573228027E-8 -2.7628093194267465E-5
-0.09363126894349026 0.9202489260084377 0.09999999999999998 0 6.428508005880817E-8 1.4655315899714215E-8 -2.763221281258747E-5
0.09361324045256657 0.9202507597854978 0.09999999999999996 0 7.09181765288288E-8 7.620656692058283E-10 -2.7631027891869692E-5
0.14341620299378274 0.8294494640794721 0.09164675622284839 0 6.165623282496818E-8 -5.6141922561968326E-9 -2.7626320968804875E-5
0.08739963386816947 0.6969472503405287 0.07943927986118828 0 5.1619547697011064E-8 -8.937080965518487E-9 -2.7634940607256614E-5
0.1332242410665833 0.7460807458646898 0.0840331591986956 0 5.413904727852593E-8 -1.0502030633097047E-8 -2.7628054043244205E-5
0.011531729957052445 0.7092408490309093 0.07999382505294728 0 5.2546820420800306E-8 -5.939683673969092E-9 -2.7630855751913777E-5
-0.08028628936017151 0.7814679591465112 0.08645850584417021 0 5.365210951309079E-8 6.002286235358246E-9 -2.7623604329456472E-5
-0.04561230651596534 0.7294921334214546 0.08175631121749642 0 5.152505993591956E-8 -1.0543781096185081E-9 -2.7627883110183466E-5
-2.6622719632600497E-6 0.924994933365257 0.09999999999999994 0 6.796494112865616E-8 8.612921516335008E-9 -2.7627153525547894E-5
-0.057540995049113024 0.8423979795604504 0.0918960227632853 0 5.765123316469749E-8 1.0258452492708125E-8 -2.7620609740834032E-5
0.04284010489062188 0.8515402282381707 0.09269147861274166 0 6.613189335408907E-8 3.7136151179596912E-9 -2.761909802587779E-5
0.06678793864290467 0.7745216917616873 0.0857326633705871 0 6.093325321787606E-8 -6.031020495436115E-9 -2.762133103507978E-5
-0.010066347156763605 0.7750831353836388 0.08553470969702802 0 5.574598683357227E-8 -2.2154685251177797E-9 -2.761386720223312E-5
