% Model:
% Version:
% Dimension:          3
% Nodes:              691
% Expressions:        4
% Description:        Surface
% X                       Y                        Z                        Color                    DeformX                  DeformY                  DeformZ
0.09361324045256657 0.9202507597854978 0.09999999999999996 0 1.4467973779135167E-7 1.3066100850956101E-8 0.04997702064821194
0.19613059753886136 0.9039628493277616 0.10000000000000006 0 1.3872384255720511E-7 -3.55912861255489E-10 0.04997702181650891
0.2873578563384961 0.8792328678266589 0.09999999999999998 0 1.365370676932047E-7 -1.2348718353653097E-8 0.049977030539643294
0.6177594130735132 0.6884753307245892 0.0999999999999999 0 1.1713532642086214E-7 -6.030966094034212E-8 0.04997704031687871
0.684790004400319 0.6218349412241562 0.09999999999999998 0 1.0835014230418274E-7 -7.049267710654784E-8 0.04997703643905036
-2.6622719632544978E-6 0.924994933365257 0.09999999999999995 0 1.4199379879078292E-7 2.6574650428802772E-8 0.049977023251726614
0.042840104890621886 0.8515402282381707 0.09269147861274166 0 1.3581591978524168E-7 1.892572648321349E-8 0.04997703355273338
0.37075219693550476 0.8474432642497914 0.09999999999999995 0 1.3713983702172522E-7 -2.5662032012298067E-8 0.04997703148434364
0.14341620299378263 0.8294494640794716 0.09164675622284833 0 1.3006523883164787E-7 3.4919802892739948E-9 0.04997702808346967
0.2216527773738334 0.8287572231622684 0.09320319712735281 0 1.2721625017502792E-7 -4.635877761331564E-9 0.049977034033891136
0.29491717071644885 0.8166669280321706 0.09422261270086468 0 1.2996370381156452E-7 -1.4073603255297732E-8 0.04997704051354592
0.5485314952955888 0.74480230687788 0.1000000000000001 0 1.2034749979858745E-7 -4.786486267321308E-8 0.04997703673415235
0.5518007966248653 0.6760563257947593 0.09465507346897212 0 1.131949602807946E-7 -4.958418657160981E-8 0.04997704727258031
0.5876935447112426 0.6161088910778022 0.09257893706827944 0 1.0801857073931345E-7 -5.92190857261052E-8 0.04997704835665521
0.750154542605984 0.541195955123228 0.09999999999999999 0 9.525283872446643E-8 -7.608199013417958E-8 0.0499770403679241
0.6504705486077746 0.5465931881196746 0.09240305490818576 0 9.561695554063954E-8 -6.636043650222759E-8 0.04997704266375149
0.8010710017272109 0.46249419126110153 0.09999999999999994 0 8.706429824027377E-8 -8.534688659927621E-8 0.04997704766672274
0.8437752416466553 0.3790359375932063 0.09999999999999998 0 7.65586335230931E-8 -9.435522496099001E-8 0.04997704618180068
-0.09363126894349026 0.9202489260084377 0.09999999999999998 0 1.3800968931765126E-7 3.8261883674699873E-8 0.049977017166045995
-0.057540995049113 0.8423979795604501 0.09189602276328529 0 1.2678405323369712E-7 3.1512833397207043E-8 0.04997703101994746
0.06678793864290467 0.7745216917616872 0.08573266337058709 0 1.2605880816825213E-7 7.597443753449724E-9 0.04997703344837626
-0.010066347156763604 0.7750831353836388 0.085534709697028 0 1.2089321540236655E-7 1.6056187804454796E-8 0.04997703993737917
0.33139114289377414 0.7785556133621918 0.09206768166444738 0 1.280201807670339E-7 -2.2192575234355378E-8 0.04997704264410428
0.46249999999999974 0.8010734985006057 0.09999999999999991 0 1.2900154259243786E-7 -3.784239751270552E-8 0.04997702910858259
0.3836506929290542 0.7746515411716933 0.09384509082801115 0 1.2725037201614834E-7 -2.93627718379689E-8 0.04997703589926369
0.1913914876174544 0.7797285375111098 0.08801717214843206 0 1.190691798939408E-7 -4.980937604943847E-9 0.04997703515605906
0.13322424106658332 0.7460807458646898 0.0840331591986956 0 1.1760903303702781E-7 -9.360759442195418E-10 0.04997702820520971
0.290977677915208 0.7546407636986491 0.08855875058870188 0 1.2190894964748502E-7 -1.9960054043157082E-8 0.049977049386841256
0.23873623781901876 0.768060257846817 0.08814793343306236 0 1.1759085915520749E-7 -1.1364912350852564E-8 0.04997704504634144
0.0873996338681695 0.6969472503405288 0.07943927986118829 0 1.1215748265599468E-7 3.3124817050158456E-9 0.0499770219718648
0.5230354883414245 0.6422697488364205 0.0903707538749386 0 1.0635938339969992E-7 -4.777886268988372E-8 0.04997705475598221
0.4904238791693691 0.6985151762406319 0.09277567976728547 0 1.1219148419284454E-7 -4.092284805196622E-8 0.04997704263625426
0.49825230464030656 0.6040689738252 0.08623250303750964 0 9.721586261807669E-8 -5.021911087585968E-8 0.04997705529822967
0.5828756184496425 0.5332115379316272 0.08685116301599329 0 9.235305296220261E-8 -6.212536454574548E-8 0.049977044696953764
0.5354804188313992 0.5793968081607486 0.0867593250488703 0 9.847932014194647E-8 -5.758315774045013E-8 0.04997705354688359
0.706135052883472 0.46732786457169856 0.09212747065803698 0 8.389241157465605E-8 -7.046616084844024E-8 0.049977053407579304
0.626960623589047 0.4522983371432033 0.08535306995964971 0 7.58691175553883E-8 -6.40824257867649E-8 0.049977048303983675
0.7564175363077812 0.3862256756237963 0.09237249347625182 0 7.7008762750576E-8 -8.357899369877347E-8 0.049977056922477815
0.7978472984237353 0.3041762806928352 0.09281227257926786 0 6.390677176272006E-8 -8.773749223004209E-8 0.049977051130806624
0.5572755215547441 0.4510872900080025 0.08061070588876622 0 7.676683703210277E-8 -5.8499703027883176E-8 0.04997703728621963
0.8809325160784339 0.2820885436790224 0.09999999999999994 0 6.187142254598131E-8 -9.583448233645483E-8 0.04997704850077865
0.8318102133114372 0.22322523392999072 0.09353078509252773 0 5.289541812044865E-8 -8.841414734859031E-8 0.0499770587920757
-0.19616860770583672 0.9039546015730862 0.09999999999999996 0 1.3960082212060476E-7 5.2427563998581926E-8 0.04997701443705934
-0.14285595486183858 0.8282574032154257 0.09152546819348939 0 1.283432252130178E-7 4.199163981451071E-8 0.04997702280955724
-0.08028628936017151 0.7814679591465112 0.08645850584417021 0 1.191571217286941E-7 2.851984140229124E-8 0.049977029185291025
-0.04561230651596534 0.7294921334214545 0.08175631121749641 0 1.1395079084025125E-7 1.928284784098592E-8 0.04997702659323405
0.011531729957052473 0.70924084903091 0.0799938250529473 0 1.1378642703961517E-7 1.0915051809874252E-8 0.0499770248332223
0.3464548928541494 0.7191482470167311 0.08759713317592265 0 1.1900053630402616E-7 -2.9531670869236695E-8 0.049977040434735415
0.41227210451772556 0.7140762315680476 0.090018645217313 0 1.1554857204036663E-7 -3.450506407962714E-8 0.04997703707067002
0.19425119712307035 0.7168127796252429 0.08273823779707913 0 1.1032144237468549E-7 -1.0593804459781527E-8 0.04997703323993437
0.1444236460962668 0.6895139486023729 0.07960445430492033 0 1.0899619374705579E-7 -3.636992472970714E-9 0.04997702378165423
0.26473613188816314 0.6988930987695542 0.08313425830297129 0 1.1082211088664403E-7 -2.3478650949048122E-8 0.04997704113505771
0.31546555307223756 0.6681703741372859 0.0824215607208193 0 1.0908525735919063E-7 -2.907070560066133E-8 0.049977034944326156
0.04599891718688658 0.6542488180254783 0.07585611859697282 0 1.0604227980430844E-7 1.0412916846041401E-8 0.049977016710031436
0.1041493181168425 0.6209165315731189 0.07394244219969821 0 1.0090667767010826E-7 5.9733585137491456E-9 0.049977018245897196
0.4534199638911959 0.634338879041937 0.0859386615701075 0 9.87716957310133E-8 -4.148149300596315E-8 0.04997704598872802
0.4723939921181885 0.5653277489130147 0.08223903081434113 0 9.017047929193199E-8 -5.00862739464633E-8 0.04997704502837228
0.5096255127299391 0.5106912413470729 0.08097857821614195 0 8.603093469129912E-8 -5.519249537670183E-8 0.04997703937209369
0.49005227512439603 0.44470401859070546 0.07629562530822705 0 7.850748835981698E-8 -4.913756966047676E-8 0.04997703077788107
0.6719229666176102 0.3884051108238118 0.08561888827579651 0 6.73224098441525E-8 -7.399120729701912E-8 0.04997706110219816
0.585360990165672 0.3703838402167338 0.07867156144500052 0 6.385724494534277E-8 -6.256495765373653E-8 0.049977038332031404
0.7133503615870089 0.32015636681811027 0.08613118221459616 0 6.225028931457382E-8 -8.143989520691311E-8 0.04997705372231556
0.7561533810021166 0.25116889240286866 0.08746370240455795 0 5.2327619656380275E-8 -8.114413227581127E-8 0.049977054008814324
0.4678168231247622 0.39722837411780604 0.07282402579327739 0 7.514325937628462E-8 -4.397678342446654E-8 0.04997703035887614
0.5201731653431543 0.38799390136202994 0.0753439569886662 0 7.056060833737247E-8 -5.259851302728263E-8 0.04997703049278619
0.9051251569294584 0.19071818089926673 0.09999999999999992 0 5.033050482359696E-8 -9.989971859508716E-8 0.04997705802938599
0.7902639371480997 0.1788726841459575 0.08869278761371618 0 4.314034655839566E-8 -8.352331206180981E-8 0.04997706863425468
0.8510855832446352 0.14814580550682155 0.0937894978149824 0 4.5068807327903454E-8 -9.51022976920331E-8 0.049977067286712674
-0.2873939485029833 0.8792210714939994 0.09999999999999992 0 1.3523293845016714E-7 6.508657850275642E-8 0.04997701969630252
-0.23130254147882853 0.8233581280344335 0.09294490463014163 0 1.3051449925982641E-7 5.645409370367228E-8 0.04997702706799369
-0.31654977457237843 0.8071051679018628 0.09409208829712742 0 1.2203588636211122E-7 6.733141353749807E-8 0.04997702886972335
-0.17894546311077822 0.7718277883825889 0.08706002927260566 0 1.2474938203901956E-7 4.386242312832488E-8 0.0499770267284137
-0.13380906082414656 0.7600240739879769 0.08523325950883374 0 1.2040396389346602E-7 3.5809640119579015E-8 0.04997702405421097
-0.09794458893422107 0.7138796015511553 0.08090449857215165 0 1.1332290522463875E-7 2.8363540048086157E-8 0.04997702045817471
-0.048508906291745806 0.6781878024575432 0.07767733236817927 0 1.0871442699989009E-7 2.1458259904983195E-8 0.04997701747213594
-0.0078551337227577 0.6491499078369712 0.07536310530979572 0 1.0533606649762481E-7 1.7649967596237164E-8 0.04997701518465894
-0.22520922840433794 0.7458968973346558 0.08588793599516023 0 1.2278395265605985E-7 4.785278808713989E-8 0.049977033766514876
0.3676404370066046 0.6367719158122648 0.08211917016769558 0 1.0247205523813355E-7 -3.3668516282712546E-8 0.04997703256835231
0.1936377969261951 0.6392946953673746 0.07676490405819383 0 1.030371800367649E-7 -9.633417948056532E-9 0.04997702355533398
0.2841334503354857 0.6165726819630527 0.07759808624216208 0 1.012985938909599E-7 -2.3435535738362732E-8 0.04997702546619875
0.15199695343335892 0.5713443637747505 0.07128864354870554 0 9.62174371232686E-8 2.923636799869662E-9 0.049977025070276244
0.020086990102898376 0.582926818943489 0.07076019404513119 0 9.591172029572338E-8 1.905910713534511E-8 0.04997701640186432
0.09263905094403112 0.5551170207203663 0.06943102413110944 0 9.116440867834002E-8 1.2269769065928058E-8 0.0499770261606009
0.40094975894605217 0.5652131577221657 0.07869394977656125 0 9.076972507822654E-8 -3.789258020824382E-8 0.04997703094124127
0.44736034083495335 0.4974141441538551 0.07684191432450417 0 8.391529862802616E-8 -4.404081508094917E-8 0.04997703144867667
0.43140219656813134 0.4287675225971859 0.07244484890584983 0 7.90654041859877E-8 -3.767070349088723E-8 0.0499770309947161
0.6341588941531795 0.31283518999890125 0.0798162445324894 0 5.6849908515604804E-8 -7.072806589584998E-8 0.0499770427925165
0.5293785213896149 0.3388907230126146 0.07386902220939724 0 6.449558680586914E-8 -5.337424314488643E-8 0.04997703013675136
0.5661686439840169 0.30314954318445153 0.07485251919573685 0 5.841424211481057E-8 -5.862443213716651E-8 0.049977032448960394
0.6744856330743808 0.25899543825752414 0.08106282636378112 0 5.070309891258648E-8 -7.3961780084518E-8 0.04997704477291088
0.7226994437477959 0.19973529248782174 0.08334138075756292 0 4.101828264754908E-8 -7.657124497099618E-8 0.049977054845378725
0.432283916850713 0.3802988180284773 0.07026687195777442 0 7.566795680524991E-8 -3.75818574329175E-8 0.04997703541521961
0.471669282894354 0.34325991058700306 0.07076541111671207 0 6.94161308843614E-8 -4.453757573361845E-8 0.04997703162396035
0.9192877608705788 0.10260257931928718 0.09999999999999994 0 3.907669461501954E-8 -1.0728074569645493E-7 0.04997705929978306
0.8038717607621602 0.12213857484508563 0.08895470660031483 0 3.7074219523040925E-8 -9.204498058829147E-8 0.04997707307906387
0.7461230180043805 0.13265602880629776 0.08402816782270865 0 3.065971140355195E-8 -8.329833330354765E-8 0.04997706610659134
0.8513706752696019 0.07427003550197267 0.09288407134507307 0 3.380676005850641E-8 -9.958257012019362E-8 0.049977064098503006
-0.37078556224583165 0.8474286657041801 0.09999999999999998 0 1.2601656763374092E-7 7.407355845903983E-8 0.04997701754782397
-0.2837405614792432 0.7514739211838952 0.08805204152803742 0 1.1723758870699644E-7 5.6803052275666455E-8 0.049977039515616946
-0.34402355613461416 0.7467533926463904 0.08979839619713195 0 1.1260015657983713E-7 6.564169564045508E-8 0.049977028983124436
-0.37812997462304876 0.7796968295885027 0.09405159466762453 0 1.169979183085127E-7 7.324753844697006E-8 0.04997702199960802
-0.1720142422395265 0.7059350940103875 0.08139872432652721 0 1.1597450701436575E-7 3.873377694656792E-8 0.04997702199057051
-0.11459365381122653 0.6489796043007033 0.07609123122821615 0 1.0592566069513355E-7 3.330142927710606E-8 0.04997701448246536
-0.05636556989485568 0.6123374883168238 0.07290850863136557 0 1.011427100883018E-7 2.778585073617781E-8 0.04997701402896239
-0.25001651455608 0.6877574831582878 0.0818288600417976 0 1.1238860510414525E-7 4.5931847995029354E-8 0.04997702765155912
-0.052031801679697585 0.5443357511275841 0.06842717285738567 0 9.364124946532312E-8 3.0549960876537506E-8 0.049977021930778714
0.3180361598450387 0.5508547874957042 0.07440724687637126 0 9.244145584321468E-8 -2.4718768281662284E-8 0.049977021928732455
0.22784343961994075 0.5451094489255655 0.0712614275403811 0 9.494881981361275E-8 -9.902601058471787E-9 0.04997702363100345
0.15223360853370177 0.5114589799667827 0.06762073099832457 0 9.099360860987256E-8 4.3476261685524686E-9 0.04997704014771861
0.001253333994083932 0.5186888782774371 0.06673044987207258 0 8.784456383769321E-8 2.2113447208288953E-8 0.04997702387975992
0.04502055801070238 0.5239593119206278 0.06715619876796415 0 8.587230224595718E-8 1.7120443720468265E-8 0.04997702666060842
0.09307018049889716 0.48701542238591894 0.06541754354915293 0 7.902617410829176E-8 9.120185579916163E-9 0.04997704365822608
-0.028427878816465992 0.4894039605592073 0.06510500934199118 0 8.647517438056118E-8 2.4491327769286085E-8 0.04997702789917226
0.3618627937090411 0.47199806236141684 0.07152593305679358 0 8.257397920088375E-8 -2.6809271515254872E-8 0.04997702730028002
0.3818998921620359 0.39282083230988174 0.06849211870683777 0 7.643442605608527E-8 -2.7173167377065254E-8 0.04997704241519809
0.5964895386590119 0.24538252217967105 0.07505456752399718 0 5.129595580661717E-8 -6.17811565820042E-8 0.049977035182198544
0.5023235944487768 0.2915186453354023 0.07059623054924216 0 6.09122446407022E-8 -4.7988079071095116E-8 0.04997703129540241
0.5325092597313041 0.25445661626164345 0.07121936353097057 0 5.5413493679088584E-8 -5.104360747598399E-8 0.04997703331979594
0.6524176664552401 0.20477109599706136 0.07797707686621597 0 4.340076935801572E-8 -6.936713953502184E-8 0.049977041730855834
0.6908574756839181 0.1584953945063365 0.07995126254637963 0 3.4490614015710844E-8 -7.456187842375069E-8 0.04997705050321352
0.5953591891669738 0.1936606882201294 0.07369160395615945 0 4.630579261440066E-8 -6.062968268762706E-8 0.04997703773163245
0.6892086201904363 0.11760753932384704 0.079182235454291 0 2.9137847164351024E-8 -7.61630509864348E-8 0.04997705024258993
0.405879084331799 0.3317218591300754 0.06705525860874957 0 7.070650074291311E-8 -3.662755298114953E-8 0.04997704447945684
0.4374027432196878 0.28280425722565 0.06685837267776955 0 6.164031474275198E-8 -4.045433800987967E-8 0.049977037746770536
0.9249999999999994 2.4083227273235917E-16 0.09999999999999988 0 2.4459376373536565E-8 -1.0635357784272903E-7 0.04997705673694261
0.7822439697509949 0.07342341173252223 0.08646750245519459 0 2.746932640185201E-8 -9.20309435792838E-8 0.049977065444496524
0.7247257834183622 0.08520662975023731 0.08165698245211614 0 2.464905887966403E-8 -8.295531552649262E-8 0.04997705690345644
0.8252770499196596 2.2719212644267835E-16 0.09008727174442381 0 2.0990046935545855E-8 -9.316418388858715E-8 0.04997706139493608
0.8548200389796248 -0.0652462727687064 0.09314675085287963 0 1.4834318568708995E-8 -9.424285857949536E-8 0.04997706580994478
-0.4625 0.8010734985006055 0.09999999999999995 0 1.2169532273649418E-7 8.664644804975678E-8 0.04997701169201963
-0.4789401191209053 0.7197628636157833 0.09385470752197606 0 1.1345705390784351E-7 8.918091581883073E-8 0.049977020837610985
-0.5083123257938114 0.6756675576578802 0.09200745306162256 0 1.0752294320350296E-7 9.329405221497658E-8 0.04997702890730897
-0.32754350874215143 0.6890222378899378 0.08446715933764734 0 1.0793691450791633E-7 5.833063918337659E-8 0.04997702595038899
-0.41247406389305447 0.7144260354671815 0.09005646238462256 0 1.1202590989112684E-7 7.646457896001954E-8 0.04997702160540367
-0.19051431605916905 0.626194724144322 0.07575740850014469 0 1.0270837858739767E-7 4.2970475858488376E-8 0.04997701517480938
-0.12546868182070262 0.5661421054611622 0.07053660282173835 0 9.409812057321096E-8 4.140443421341664E-8 0.049977021080510144
-0.19168892528151546 0.5624523066487603 0.07149027116733264 0 9.081963038771661E-8 4.772614954383284E-8 0.04997701735234655
-0.29003290264585363 0.6297052539110426 0.07871782471366957 0 1.0227837248718717E-7 5.300322743686169E-8 0.04997701653774001
-0.10596501162257628 0.5041773372256166 0.0665257287102945 0 8.837150598968049E-8 3.872672824110048E-8 0.04997703833038082
-0.0710277803670786 0.4813038479979327 0.0648997774631422 0 8.812225774394105E-8 2.992134439088768E-8 0.04997703553651673
0.27234892372669683 0.47172217328134014 0.06829621029644013 0 8.412897765413932E-8 -1.482727327552082E-8 0.049977026815951425
0.21079455863719812 0.4693257584201238 0.06648483672306539 0 8.720082933999142E-8 -8.27472073242434E-9 0.049977033271442345
0.14985938251764008 0.45279307874260605 0.06437801254812757 0 8.326609539939075E-8 -4.722958193670818E-9 0.04997704720840859
0.18545604713463826 0.4304739947807409 0.06393784680976806 0 8.06856840970575E-8 -9.308485518346283E-9 0.04997703739472964
0.11053788187593885 0.4306223745782792 0.0626902062642271 0 7.449375328981765E-8 -2.4391488736988935E-9 0.04997704274028729
0.019795838688718648 0.4703114259817322 0.0640444060829731 0 7.963470696836947E-8 1.6490565501233314E-8 0.04997702906409676
0.06533055038853271 0.4354649165439313 0.06247764990259347 0 7.277575024820201E-8 6.182992033587113E-9 0.049977035208185645
-0.04037960269203985 0.4408570318083466 0.0625957773306699 0 8.073458650615484E-8 2.1778535752608325E-8 0.04997702957002433
0.3329058545937796 0.33325924236807375 0.06406157186555389 0 6.114267077009076E-8 -2.8827769416235022E-8 0.049977056421664647
0.30693864167133966 0.4042133776050551 0.06608285286906407 0 7.126056608472731E-8 -1.7186653807989876E-8 0.049977039767712596
0.5387084587482874 0.20560708274998704 0.07032262751622614 0 5.067050022301524E-8 -5.052686674721656E-8 0.04997703941581054
0.47599510640454495 0.23047538821938993 0.06733340193971542 0 5.276153075382263E-8 -4.162919731080128E-8 0.04997703973435442
0.5285393108936259 0.16518893231571916 0.06885934434787161 0 4.7395947397592014E-8 -4.940143617037701E-8 0.04997704811786275
0.6359863797306671 0.1341128294488754 0.07542020319546491 0 3.574678883155755E-8 -6.797040856130959E-8 0.04997704151566737
0.5665181445886517 0.15558354761445173 0.07104008880031383 0 4.4927862970106616E-8 -5.667641064391952E-8 0.04997704243018923
0.660910431014522 0.06111123862815046 0.0764443497197492 0 2.456133900948166E-8 -7.269190312009895E-8 0.04997704301931474
0.3628225028367361 0.2686598783514226 0.06303900336729049 0 5.5797555827377655E-8 -3.533448346157664E-8 0.049977042981061
0.40159415937487913 0.22227119456522582 0.06342742714419668 0 4.8420885201487605E-8 -3.554277264935824E-8 0.04997704071044894
0.8374232558848936 -0.1293417213860296 0.09218338983550127 0 7.048081806053078E-9 -9.434304021781749E-8 0.04997707547240453
0.9192877606928149 -0.10260258091221071 0.09999999999999994 0 1.1403504699152664E-8 -1.0393425600858317E-7 0.04997706369545436
0.736498120183538 1.9461726324828643E-16 0.0822207664498539 0 1.537953218570941E-8 -8.141217333464254E-8 0.049977054179013845
0.7859407931602105 -0.07401767626946824 0.08680140328934059 0 7.934156529888797E-9 -8.322017799615296E-8 0.04997706913023922
0.7880045515761323 -0.12910173677696724 0.08762058220646912 0 7.58533528269169E-10 -8.709758370106188E-8 0.04997707903242404
0.7883546035916829 -0.16488856810254315 0.08824892692988198 0 -3.5645616461743737E-9 -9.191182186495632E-8 0.04997707826690054
0.7597010793028802 -0.19500257071099414 0.08634694259141451 0 -1.0312882011964618E-8 -8.89781930819962E-8 0.04997707087855951
-0.5485031394581955 0.7448231888659758 0.09999999999999998 0 1.1528829034867144E-7 9.97508902624819E-8 0.04997701636464385
-0.5596851197575441 0.6634042603718276 0.09419033697962353 0 1.0163284906587884E-7 9.91695830258578E-8 0.04997702765556594
-0.4499036574234318 0.6597655574984556 0.08762543161615084 0 1.0937611222459291E-7 8.184997436730377E-8 0.04997702661417951
-0.5084523869045262 0.6310249340793687 0.08870435188239581 0 1.0264348755708085E-7 8.928885793414777E-8 0.04997703672152654
-0.3679940573528886 0.6373844042186184 0.08217817873449768 0 1.0475681360431245E-7 6.52526489574447E-8 0.04997701871370112
-0.42125713605646403 0.6077940464059373 0.08247265847688973 0 1.0415229426210017E-7 7.334458096999684E-8 0.049977022438115255
-0.5445828559277581 0.5931276201062035 0.08823074690283744 0 9.335175767381943E-8 8.966514067130002E-8 0.049977034110574504
-0.2598642375444073 0.5690891545970852 0.07365958600480058 0 9.27609782189376E-8 5.325352836963592E-8 0.049977011441700504
-0.146043412013244 0.5032640730580226 0.06704541835555089 0 8.23000197642387E-8 4.397671507539374E-8 0.04997703759998404
-0.17773060720916645 0.5259463281585312 0.06894804779728927 0 8.403245280085944E-8 4.77240710153955E-8 0.04997702553487993
-0.21172158677062325 0.5198781223671345 0.06933829044213057 0 8.285597119714136E-8 5.064119211255269E-8 0.04997701987173542
-0.31860245148696237 0.5518356333914171 0.07448895588812982 0 9.19834897700271E-8 6.09094853808661E-8 0.04997700970433012
-0.14030890931253803 0.4679836164169959 0.06501280116403946 0 7.805556258519246E-8 3.699524684998653E-8 0.04997704440568744
-0.1029411460718821 0.44640858274387013 0.06338188130081228 0 8.141284583664355E-8 2.8030154311539455E-8 0.04997704134671405
0.2318898921058528 0.4016450748890024 0.06367695651733307 0 7.280278374223234E-8 -1.2989277312238882E-8 0.04997703288729498
0.15384627156060382 0.38391173658918915 0.06118533303935767 0 7.103235593312376E-8 -7.7606282448676E-9 0.04997703161415043
0.08567704016096146 0.39343427128029224 0.06068036954612458 0 6.949109702235138E-8 1.4540059044940813E-9 0.04997703094829482
0.05891091878969271 0.3561813785904501 0.05888183035860122 0 6.587411769244653E-8 8.092776595236293E-9 0.049977023683286485
0.013052198219917915 0.38970549808144694 0.060109559393507296 0 7.028448091313887E-8 1.4044714197358295E-8 0.049977023991341525
-0.07539656272461731 0.38263872680028077 0.06011274428033935 0 7.11105634303503E-8 2.413444041881515E-8 0.04997702494596619
0.29687695963224414 0.26583446546620587 0.06049214663587172 0 5.144310749182703E-8 -2.595393573848322E-8 0.04997703614792185
0.2625418688185837 0.33648330779519714 0.06181290503458571 0 5.889720077312787E-8 -1.873890847973561E-8 0.04997703686072169
0.4879508039440347 0.1753290332884817 0.06671893154849401 0 4.608793850213429E-8 -4.163132780108136E-8 0.049977052606677175
0.44078820931890456 0.1777885340956575 0.06428879605061416 0 4.085257117418665E-8 -3.673593923619374E-8 0.0499770507631164
0.5192463818471629 0.12824117265253684 0.06769417632898124 0 4.3729165793546056E-8 -5.16626167485908E-8 0.04997705498333608
0.5800435663390094 0.07440259297015445 0.07086095755136958 0 3.2910962415692686E-8 -6.206355557457382E-8 0.049977041067922154
0.637168246229727 1.7636191275501274E-16 0.07448630903843242 0 1.8403137180346506E-8 -6.816264157056622E-8 0.04997704020164354
0.394490378891255 0.17177804019933987 0.06198157459134764 0 3.799527330947681E-8 -3.402803459702614E-8 0.049977043164764444
0.33827356631260735 0.19741612693850674 0.060186571415137134 0 4.3593135819423616E-8 -2.895932059362558E-8 0.049977034242831626
0.823080640176532 -0.2073363860609292 0.09232209730203018 0 -5.5482027546355396E-9 -9.842087484605032E-8 0.049977071231915735
0.9051251563026288 -0.19071818387397393 0.09999999999999996 0 -9.85507816545253E-10 -1.0731093727476658E-7 0.04997706635949242
0.6918887433807663 -0.06772116765551028 0.07886795692620671 0 5.3483195066900915E-9 -7.336964265370882E-8 0.049977051327850526
0.7325342916850162 -0.13408386908087777 0.08291013088256638 0 -6.08997386391987E-9 -8.033882641281004E-8 0.04997706809868816
0.7578046117703348 -0.24801668508133748 0.08751626752734717 0 -1.5012601885231634E-8 -8.702959717950939E-8 0.04997706542091596
0.7040732060431756 -0.2032143579310842 0.08191372549943252 0 -1.3238877581386103E-8 -7.895918561181664E-8 0.049977059702374795
-0.6177328508859397 0.6884991641819087 0.09999999999999995 0 1.03283094260189E-7 1.0586266056706948E-7 0.04997701735634779
-0.6071515389330133 0.6092519905512257 0.0934219469334025 0 9.228221505276713E-8 1.0160084722857168E-7 0.04997702274047355
-0.5735399527378838 0.553508622043815 0.08749015204644302 0 8.822079755807913E-8 9.289764506447973E-8 0.04997702556601343
-0.47303326379715877 0.5791284533565412 0.08316905076856485 0 9.994124027995018E-8 7.779122829919825E-8 0.0499770297672079
-0.39181543828090004 0.55445735722153 0.07760084140770421 0 9.529035825511603E-8 6.919632790174328E-8 0.04997701380242214
-0.5240933648557364 0.532232296917964 0.0831006990315747 0 8.924904312985227E-8 8.349184099628862E-8 0.0499770244741972
-0.2730034360466586 0.47285582187369307 0.06837705113188602 0 7.915592003012663E-8 5.866600679036636E-8 0.049977016079840876
-0.19156331121345604 0.4731617410648762 0.06625147072173328 0 7.507799741653113E-8 4.56503104675274E-8 0.04997703014986412
-0.3580569939172612 0.4725541821277962 0.07140049698238948 0 8.067481598515462E-8 7.017400763523092E-8 0.04997701353196781
-0.30165136280488036 0.4184145297189895 0.06656200918217181 0 7.496575139168537E-8 6.448035794848787E-8 0.04997702447146748
-0.157502577302292 0.4062797025959702 0.06224976286168573 0 7.062013548867685E-8 3.377046386176907E-8 0.04997703036243505
0.1923176439095004 0.3331039304431941 0.059877835485628056 0 6.212641522564843E-8 -1.0236405177281825E-8 0.04997702587780788
0.10763513709501452 0.32249572723181036 0.058047784011843524 0 6.26861521957482E-8 2.355251829872047E-9 0.04997702254254491
0.02555769618970364 0.3104658173674803 0.05699894508193309 0 6.085318386602786E-8 1.742343006469262E-8 0.04997702447980415
-0.04439277195221167 0.328710102628296 0.0577329050528648 0 6.202516464598004E-8 2.4584785896406335E-8 0.04997702108227162
-0.11902524067374878 0.32805250160257865 0.05839824108948766 0 6.156715315078458E-8 3.213916070949451E-8 0.04997701818103775
-0.017053837843317182 0.27836069099312905 0.05590951428308119 0 5.461491940583002E-8 2.5893734307763857E-8 0.049977030223083176
0.011677278178983168 0.25977319628253465 0.05533524160416193 0 5.448989300718974E-8 2.3318787906174177E-8 0.04997703672812229
0.26432978404622737 0.19520810401833602 0.05761727712614054 0 4.5898911529990124E-8 -1.6960415105565287E-8 0.049977029963143134
0.22703812963746223 0.26409762190385005 0.058370438456053005 0 5.244946158765938E-8 -1.3162466639606101E-8 0.04997702635840631
0.4615326701397575 0.12346215125476942 0.06442192515091573 0 3.39276248734951E-8 -4.519398343872392E-8 0.049977064134150824
0.41609697408913515 0.13788398400008958 0.06237868126929303 0 3.1413476065264455E-8 -3.772992403805351E-8 0.049977051246677555
0.493812622045095 0.06489296717588176 0.06554297030555511 0 3.107707562924899E-8 -5.386634352989188E-8 0.04997705235818793
0.5965173615012843 -0.07939251741876009 0.07200225824383245 0 1.0931418843782615E-8 -6.151307517992097E-8 0.04997704357058479
0.5449077695259101 1.790659953385319E-16 0.06830916124377963 0 2.3029412107170496E-8 -5.583297398177984E-8 0.049977042331451116
0.35923719947272786 0.12552401442410066 0.05970040660633742 0 3.22384846314284E-8 -3.151178902220581E-8 0.0499770368467295
0.23462332403576253 0.13422621113694225 0.05564316792853833 0 4.282028079743427E-8 -1.0820211377578947E-8 0.04997704078119505
0.29070078878885497 0.12979410487969603 0.05724274123768994 0 3.853329431851902E-8 -2.1184716470492848E-8 0.04997703240781727
0.8014927716328408 -0.29144105877124366 0.09271262928645599 0 -1.6824416076106528E-8 -9.22252035810107E-8 0.04997706454166233
0.8809325145611795 -0.2820885484172241 0.09999999999999999 0 -1.4223496539968104E-8 -1.048973847251556E-7 0.04997706119568009
0.6510493529215736 -0.15514133280147802 0.07686356365481603 0 -4.962408457912661E-9 -7.038433018261711E-8 0.04997704961418231
0.5770279320473077 -0.1518434761804153 0.07165568912865206 0 2.7053992090744405E-9 -6.165142184695815E-8 0.049977047856265146
0.7173493567573875 -0.3169596225802428 0.08634023460744476 0 -2.3573517247742028E-8 -7.567029855820404E-8 0.04997706739545648
0.6897625743522149 -0.264441860913035 0.0824063475266023 0 -1.954868101003755E-8 -7.414217344998268E-8 0.049977058640015434
0.6384778628041973 -0.23491899962832427 0.0777084562971251 0 -1.523859413712065E-8 -6.840493771733298E-8 0.049977049595769894
-0.6847646792234083 0.6218628292777221 0.09999999999999995 0 9.413549403681562E-8 1.1379074507580224E-7 0.0499770109599321
-0.6465139113454264 0.538316822314734 0.09160194260007758 0 8.629328509713553E-8 1.0796370336542768E-7 0.049977019025172605
-0.5770660846669927 0.4836246905463882 0.08360849061752018 0 8.352823949939976E-8 9.436368806668418E-8 0.04997701943653109
-0.45509595152323246 0.486640439064581 0.0766367028663977 0 8.389854079617263E-8 7.748132528676112E-8 0.04997701397401526
-0.41803303753571375 0.41861066103869105 0.07131407766744806 0 6.999301280448462E-8 7.793686235435624E-8 0.04997701701165214
-0.5228737105474611 0.469403410425903 0.0794598201715015 0 8.17553662221731E-8 8.565664718369041E-8 0.04997701533830352
-0.2326279902659774 0.402923498403311 0.06375456788963607 0 7.188523235509416E-8 4.96155377470852E-8 0.04997702372590735
-0.2807191746564195 0.3771430143239577 0.06401358518053686 0 7.256643920917274E-8 5.834508963098603E-8 0.04997702950492992
-0.366851516506518 0.3914531813319968 0.06779342734587492 0 6.648670182775953E-8 7.422528768974105E-8 0.04997703130585255
-0.31784422091904324 0.3574692689417032 0.06445327462614314 0 6.986190816074928E-8 6.317339057402452E-8 0.04997704011562071
-0.19326570388917427 0.3347460184966118 0.05996054906425582 0 6.426913863008641E-8 4.161465106221002E-8 0.04997701848383117
0.14969050843762158 0.2592715660247785 0.05657975437506353 0 5.4889931490415425E-8 4.1538917099818335E-11 0.049977023769967995
-0.15073713287945018 0.26108437273446894 0.05665087411303694 0 5.177712554437392E-8 4.0301459057023815E-8 0.0499770176447851
0.06630901180929023 0.250856535710505 0.0553186995326227 0 5.610890676710863E-8 1.3776638892300832E-8 0.04997703271722398
0.017981432514459814 0.22651294475696923 0.05443142027174295 0 5.179232347417407E-8 2.1013068556215778E-8 0.049977048084452046
-0.07471068043782808 0.2615864764835527 0.0556965634877458 0 4.99069016436841E-8 3.2065539447081274E-8 0.0499770262817387
-0.014253461472862217 0.23459230484404994 0.05463523466770248 0 4.772911533661503E-8 2.6278426606406672E-8 0.0499770450843519
0.20062573683728832 0.09527047772396216 0.05430115527057267 0 3.7620565510595583E-8 -9.578274136567365E-9 0.049977055622380084
0.18890830540911194 0.1893292231980287 0.05555650018582656 0 4.632557738118514E-8 -2.3676348184012112E-9 0.049977034318076145
0.18353225708574536 0.1263657612272312 0.05431954168807018 0 3.8953415220346074E-8 -2.065028738516723E-9 0.04997705446475305
0.4146151646677903 0.077681020975073 0.06157475739077052 0 2.4514064819730704E-8 -4.1942472927082316E-8 0.049977046901847136
0.4636209692030302 1.4593888372567647E-16 0.06366862151549985 0 1.9053155290704098E-8 -4.500833811730283E-8 0.04997704596614204
0.5270134709035552 -0.12362075461980128 0.0680883893303861 0 9.810854781714983E-9 -5.3603265846108055E-8 0.04997705802937293
0.5078212312272355 -0.05773868566153319 0.06628756501631428 0 1.5253531758086552E-8 -4.704556221956455E-8 0.04997705179670335
0.3331467524821928 0.0633273262949379 0.05801432008933982 0 2.6990593415457097E-8 -2.868084090634336E-8 0.04997703201835489
0.2538184516803514 0.06940494742292715 0.05542696753822805 0 3.4393181629922326E-8 -1.771780460218365E-8 0.04997703929114164
0.7635253857731481 -0.3782532475337201 0.0926398396720293 0 -2.611401120383457E-8 -8.471320497701372E-8 0.049977072651832516
0.8437752388147 -0.3790359438971111 0.09999999999999999 0 -2.5666146850981166E-8 -9.646114648609297E-8 0.0499770632312781
0.5898871014295897 -0.20776639827421509 0.07364495662277286 0 -7.951499419775705E-9 -6.387248472589023E-8 0.049977045623619785
0.5408130551366508 -0.18150058753720788 0.06992281214701015 0 -2.7445880228516966E-10 -5.958509859853604E-8 0.04997705076199484
0.6777956079436661 -0.39290477214771746 0.08626804024189792 0 -3.7223059193132145E-8 -7.26767243866736E-8 0.04997707959563311
0.6346730356926773 -0.3174870091624343 0.08001946855914076 0 -2.8288575517378166E-8 -6.444964222110193E-8 0.049977057221358874
0.5796784116794852 -0.2776116098201063 0.07488927562467991 0 -1.9633961986836072E-8 -6.07637489477423E-8 0.04997704537148198
-0.7501326501074496 0.5412263004122693 0.09999999999999999 0 8.545621314064386E-8 1.2563752181320964E-7 0.049977012364893623
-0.7186415188607144 0.4635460562865767 0.09293928953994947 0 7.570524741921497E-8 1.2098960682082877E-7 0.04997702674687182
-0.5580584193120213 0.42548332869284045 0.0793877523859349 0 7.738247551552916E-8 9.179762661103232E-8 0.0499770148792728
-0.6328963674406778 0.4470501467799965 0.08550954643040555 0 8.100724798717426E-8 1.0555624668084384E-7 0.04997702574623474
-0.6767294999436545 0.3833870641168075 0.08576692861654717 0 7.13500310692974E-8 1.0674290251829814E-7 0.049977035584909124
-0.4324706598932547 0.3595596935895599 0.06940707877592157 0 5.918059513622484E-8 7.79762197925735E-8 0.04997702033834384
-0.48200836859227103 0.4026983386005155 0.07383556549613608 0 6.962680973236455E-8 8.316169485510944E-8 0.04997701148428181
-0.5442886348821633 0.36830034160648034 0.07595460109733419 0 6.833780879981245E-8 9.030143394681022E-8 0.049977011098793
-0.3182526738785638 0.31228528282505874 0.06275542647814243 0 6.36115344511816E-8 5.6254954331436814E-8 0.049977037213701545
-0.25621859628623345 0.32661564029958035 0.06125711843708684 0 6.659596896743013E-8 5.0465692413544214E-8 0.0499770250775372
-0.37474174799433474 0.325215240573534 0.06543736846884436 0 5.584189441731409E-8 6.611823842064736E-8 0.04997703808322449
-0.4300985673768074 0.3012630280350379 0.06711000127247038 0 5.2263067459466194E-8 7.572988249350032E-8 0.04997702206475719
-0.22695325756190313 0.2565120405768185 0.058144911454045704 0 5.3770058296888724E-8 4.826933999113847E-8 0.04997701734408489
-0.18350196867475074 0.18844743574056294 0.05542383280391715 0 4.1183869070515044E-8 4.795693417081474E-8 0.049977027575865834
0.11136664405289663 0.19289268576805546 0.0543171535525474 0 4.701652923065094E-8 6.99161697487367E-9 0.04997703743542769
-0.1122914677939212 0.19449452747555573 0.054363926326504504 0 4.1724063788604774E-8 3.7041103405173774E-8 0.04997703278582315
7.833096257776418E-4 0.19069362679459012 0.05356840441819727 0 4.411994661781962E-8 1.7083006164925795E-8 0.04997705464040549
0.04520143550094839 0.18418512355280772 0.05354594410814683 0 4.7475241042815624E-8 1.177819204246246E-8 0.0499770482673825
0.017173734845246678 0.1662656573333219 0.05309215701680856 0 4.250221333526215E-8 1.20563629078889E-8 0.049977050659617356
-0.04746651353754764 0.1829715324610284 0.053532622158623755 0 3.880047997722793E-8 2.4272593408070088E-8 0.0499770458734749
0.1909210649037195 0.04684254353730668 0.05369730809312632 0 2.842356281891651E-8 -1.1486460684427985E-8 0.049977051508212696
0.15384433041034729 0.09209874155024392 0.053330182368177645 0 2.883902979801586E-8 -4.163627296510897E-9 0.04997705834619552
0.13647605991683223 0.1435082568468913 0.053729825805134857 0 3.70907895030725E-8 3.630870604909718E-9 0.049977048132022465
0.38492668203237634 1.0023152680894796E-16 0.05989052034096669 0 1.6244621012070487E-8 -3.449160149763029E-8 0.04997703672808353
0.4253355502182104 -0.06042681663517086 0.061949401873126426 0 7.148617497381243E-9 -3.6213727624767444E-8 0.04997704918386881
0.48600244774065643 -0.18106149615140063 0.0667271620082264 0 -2.2637086079552563E-9 -5.475686857594597E-8 0.04997705880771016
0.4535801009187721 -0.11979187747949692 0.06395953291420167 0 -4.880804723851064E-10 -4.256760904844576E-8 0.049977067936325434
0.30024351839566077 1.0287337474471442E-16 0.0566089984335615 0 2.155674935575454E-8 -2.3191958472753202E-8 0.049977031875521036
0.2238875048948223 7.961310541061857E-17 0.054346295287657866 0 2.3878344712767982E-8 -1.2982311306979806E-8 0.049977043313102536
0.7176713367395706 -0.46521260674377907 0.09294805270739667 0 -4.117317622746057E-8 -8.520860390306458E-8 0.049977073843101114
0.8010709981238167 -0.46249419750242293 0.09999999999999998 0 -3.7896387367788805E-8 -9.40469631727773E-8 0.049977068421652227
0.526450453306162 -0.2376825100162034 0.07038843476625323 0 -1.0194176646746E-8 -5.7418161226166466E-8 0.04997704547018169
0.4546475825643904 -0.23293628734368743 0.06627327609670221 0 -1.0335522194336068E-8 -4.8015268890577974E-8 0.04997704991738004
0.5306797663003683 -0.29923675531161764 0.07251363051783592 0 -2.051906098524683E-8 -5.5205549241374615E-8 0.04997704322121239
0.6103906305879975 -0.40135765312469507 0.08172372928462608 0 -4.163226583035428E-8 -6.392920644815397E-8 0.04997706294622453
0.6403517767463041 -0.46278562534170165 0.08686037768572827 0 -4.647701109905759E-8 -7.205840497404042E-8 0.04997706923316611
0.5664981365845182 -0.34007595181336636 0.07621962270586985 0 -2.9757697879986698E-8 -5.78507256827426E-8 0.04997704805827546
-0.8010558185062641 0.4625204886241073 0.09999999999999998 0 7.241907623075015E-8 1.2991909333438225E-7 0.049977017338213074
-0.7603438011582597 0.3738096376808479 0.09217483686370775 0 6.063848956810127E-8 1.1951732079258857E-7 0.04997702654893451
-0.6064827120561795 0.3683452405387546 0.0800133246078764 0 7.218924629496429E-8 9.712504844607869E-8 0.04997701954826699
-0.6554904399290363 0.3258387756938692 0.08184700708932659 0 6.457851957914819E-8 1.0164151138505873E-7 0.04997702288404761
-0.7173789460644423 0.3218656625868021 0.0865204629875929 0 5.90799899796616E-8 1.109429362529489E-7 0.049977025965339116
-0.4490633670822638 0.262933614095089 0.06682964731028332 0 4.904131305904132E-8 7.999444843340384E-8 0.04997701984848681
-0.561964870759204 0.31624700130713357 0.07504348009682706 0 6.096094158875587E-8 9.2847553982187E-8 0.04997701046259045
-0.4969688691845382 0.31115828345845914 0.070963541880969 0 5.610636753608856E-8 8.580788464829975E-8 0.04997701151317031
-0.3445240713159381 0.2767146512083848 0.0625551726814487 0 5.531291407804482E-8 5.886989452518841E-8 0.04997703094768813
-0.29822944351534514 0.2720284218761082 0.06072614652584281 0 5.781113367953707E-8 5.3696296359856536E-8 0.04997702605291646
-0.278960464150049 0.23105339123962187 0.058930977919053947 0 5.030796756119003E-8 5.3713930024443304E-8 0.04997701950378052
-0.39866775255885006 0.2551376793832062 0.06418286265211672 0 4.9776974196483964E-8 7.031520835010808E-8 0.04997702516499619
-0.43855507291261625 0.22078311851591842 0.06514753629020965 0 4.608121711398394E-8 8.015357249640114E-8 0.04997702481442435
-0.25569422992480945 0.18010642956677383 0.05704280655464758 0 3.991928929432539E-8 5.399595393999036E-8 0.04997702114833793
-0.22047029564306936 0.14293411554993973 0.05541545974285534 0 3.16454753740744E-8 5.1774485988676116E-8 0.04997703349582486
-0.18680865935078536 0.12991541986645877 0.05443956342319764 0 3.178482905677916E-8 4.806124252405747E-8 0.04997704545006294
-0.13865734030206037 0.13413724110678016 0.05361667711440055 0 3.764290805201294E-8 4.024410084608335E-8 0.049977045037345603
-0.13558426904309848 0.09984465055515283 0.05311549222562181 0 3.5042427496228215E-8 3.573275228592469E-8 0.04997704885968381
-0.25161809751440434 0.1255049475699697 0.05598231997151887 0 2.9105073257500072E-8 5.315165458414074E-8 0.049977027849535935
0.19420772375092543 -0.04676552312468657 0.05376845209193871 0 1.629050619724452E-8 -6.053685341530343E-9 0.049977052884249785
0.07844894660138703 0.13587756131386025 0.05290437550856243 0 3.658016200244587E-8 6.391489760883989E-9 0.04997704444956291
0.1581850159804538 4.03666044625459E-17 0.05292729798071231 0 1.825304227847678E-8 -4.191808930411944E-9 0.049977048842319925
-0.0793293077376864 0.13740239153093967 0.05293577949983721 0 3.684498720552006E-8 2.776985662648683E-8 0.049977041417838576
-0.10192189467460562 0.10267269443312377 0.05269596908601703 0 3.52557681847435E-8 3.0195590242220536E-8 0.04997704286762461
-0.004334214649360648 0.15163914092247652 0.05281372846092682 0 3.852341314351175E-8 1.3540796435149268E-8 0.04997704783677512
0.035198297345602834 0.13784946141786308 0.05265706254873472 0 3.783611477256668E-8 9.18935234107457E-9 0.049977044765498246
-0.03647527919163236 0.1302798698937503 0.05254752074115307 0 3.543548860629894E-8 1.874958512828396E-8 0.04997704209381308
0.12737884186502524 0.04457914646124021 0.05254239887577797 0 2.1387996602662137E-8 -2.4180054320093716E-9 0.04997704769347558
0.10177697427875258 0.08834048795367636 0.05253956863179542 0 2.676742701336397E-8 2.020771092589613E-9 0.0499770462748336
0.34118511954802583 -0.062154607897978366 0.058312559079427444 0 9.346515052474054E-9 -2.744354670873316E-8 0.04997703521607627
0.37836392981717903 -0.12391451309547875 0.06047575124681005 0 -2.7876221936268168E-9 -3.3059022546875386E-8 0.04997704584054563
0.41238404925178007 -0.18021837395374024 0.06296662723972753 0 -8.739616406711625E-9 -4.12267916091268E-8 0.049977052907406255
0.1676578507312959 -0.08204581170599337 0.05348225864611659 0 7.704891828297828E-9 -3.4311475720983693E-9 0.04997706214417698
0.20181374228166962 -0.09141964150518621 0.05428754190491373 0 1.2555240050789443E-8 -9.808330188221501E-9 0.049977058753498005
0.25485064501553883 -0.06881848120103617 0.05545206946541742 0 1.5648136474649258E-8 -1.6410588141965834E-8 0.049977041707933205
0.6644823007055147 -0.5389515943966049 0.09297818153954257 0 -5.123609593950376E-8 -7.577904464959707E-8 0.049977065772753106
0.7501545366059805 -0.541195963440213 0.09999999999999984 0 -5.086956706321164E-8 -8.970741760494234E-8 0.04997706400004305
0.6027366073062329 -0.5213223560235656 0.08747588350371878 0 -5.055390541588959E-8 -6.36205292606916E-8 0.04997706589693878
0.3907221727608636 -0.23584567652234328 0.06329187670784996 0 -1.2704678213272338E-8 -3.49359981755992E-8 0.04997704978316266
0.47890979704271586 -0.2863984098188226 0.06912760288748078 0 -1.6028963551294192E-8 -4.930386731014532E-8 0.04997704503523225
0.4250914842628162 -0.2904030737883922 0.06650384046370365 0 -1.5112208068753092E-8 -3.9972858320665866E-8 0.04997705141489058
0.5018045759598764 -0.3463645861940246 0.07254833341115846 0 -2.6032908496660564E-8 -5.0880511551447794E-8 0.049977044222732574
0.5395049675561714 -0.4037977139333864 0.07721405836956645 0 -3.7942777398367856E-8 -5.4359490961397405E-8 0.049977049627661745
0.5629289159938321 -0.47314451663551055 0.08212579004392509 0 -4.7182636553436455E-8 -5.6661524686545014E-8 0.04997705901996641
-0.8437609348289447 0.37906778281416026 0.09999999999999995 0 6.022408833222095E-8 1.3232365809333233E-7 0.0499770133983739
-0.7888004165309437 0.2903760964571749 0.0915314985584158 0 5.207133981734746E-8 1.2565181182824596E-7 0.049977020628488
-0.6102329054490165 0.2953318100128198 0.07752504764743698 0 5.9596938056684994E-8 9.798117787708155E-8 0.04997701366330301
-0.6672358697757713 0.2726523999513782 0.08092297245691278 0 5.636836236588847E-8 1.0556323464261922E-7 0.04997701792803217
-0.7578216461505273 0.23114048963723496 0.08705889216020636 0 4.866845269323735E-8 1.2340149496286348E-7 0.049977025634976385
-0.7250638207162802 0.2644091498704253 0.08523826785223539 0 5.341865472388926E-8 1.1544536038759884E-7 0.04997702201506326
-0.49761740681994665 0.2259943198914076 0.06840949555720777 0 4.4266234580803057E-8 8.936625621040397E-8 0.04997701934969884
-0.5531916805568725 0.2548390044927608 0.07250231820116229 0 4.9926329528649127E-8 9.407996212259947E-8 0.049977011285289114
-0.3304177610769968 0.2075632873895256 0.060121873146272396 0 4.726881354955832E-8 6.050025647452036E-8 0.04997702090632636
-0.40020050920329836 0.18553375498639196 0.06251643484045977 0 4.5395772417287034E-8 7.310495799048405E-8 0.04997702701895832
-0.4509389353459413 0.1806295394110867 0.06485872161226297 0 4.2444466536622863E-8 8.370309508746505E-8 0.049977033220620824
-0.3081655557366316 0.12979030410922685 0.057834162632571066 0 3.436342599117341E-8 5.894217658480467E-8 0.049977019611859984
-0.21413652185417031 0.10501643106435352 0.05472829937040968 0 2.4843601624378058E-8 4.764643763322284E-8 0.049977042152556
-0.1657690318723487 0.09663028560186343 0.05359396061230914 0 3.123127955047142E-8 3.965180793655648E-8 0.04997705335950772
-0.13208776332768432 0.07040426877471608 0.05277929135503944 0 3.132822285521324E-8 3.250832357328326E-8 0.049977046334425804
-0.2668792736165402 0.06671487334767569 0.05579077358601759 0 2.151250311183741E-8 5.240603314077438E-8 0.04997702556677567
0.13394298555224937 -0.04272165979228181 0.052630185389843605 0 1.0003050422092535E-8 1.53083953457214E-9 0.04997705037392263
0.04273067501608838 0.07401170016957918 0.05192584962618541 0 2.6557103993877233E-8 8.283132427836836E-9 0.04997703595052301
-0.07427627943517315 0.042883429926301064 0.051928801697300825 0 2.7430570312252827E-8 2.5178954086632232E-8 0.049977034333943904
0.08580268905133058 2.7924535741052085E-17 0.05192915349305607 0 1.4779049243519926E-8 5.54708813844046E-9 0.04997703835230627
-0.04304287969149937 0.07455245452975151 0.0519319033593881 0 3.016918775946949E-8 1.9780998617681885E-8 0.04997703435790986
-2.9796378738924766E-17 0.08577355466188762 0.05192886660175564 0 2.9934064065451826E-8 1.3213135912389171E-8 0.04997703515806561
0.0741595043143772 0.04281600977887492 0.05192749553399362 0 2.0760260943880275E-8 5.207335869043342E-9 0.04997703746966944
0.12170874450296679 -0.07937873255132208 0.05270638285367756 0 3.6923712039277974E-9 2.511066438156264E-9 0.049977053203978695
0.1532214795718842 -0.1047515501973591 0.0534601593182905 0 2.5323682672637146E-9 -4.987211338064544E-9 0.04997706192281258
0.2997814449763266 -0.13025461904441932 0.057552736756421516 0 2.7642793251919804E-9 -2.37595597804294E-8 0.04997703734124858
0.34046960443170665 -0.192505611563268 0.060162576700472446 0 -9.0577415072829E-9 -2.798720069164657E-8 0.04997704210941062
0.34557599933864525 -0.25420475687873284 0.06192004258218349 0 -1.6388724351888635E-8 -2.557058138168985E-8 0.04997705037930878
0.17846806103523252 -0.12182655323316931 0.05415222050793654 0 4.70574207627949E-9 -1.1847858644726423E-8 0.04997706103458083
0.23090062297727748 -0.133798202671902 0.055538699139373295 0 6.786416142453147E-9 -1.7802902764346824E-8 0.04997704696248455
0.6050561438570468 -0.6036830020468081 0.09289418017943481 0 -5.669570140283294E-8 -6.540339557046807E-8 0.04997707090306866
0.6847899965302142 -0.6218349498910589 0.09999999999999994 0 -5.948535734218582E-8 -7.780136075768236E-8 0.049977062690313726
0.5365057739834544 -0.6074638984061791 0.08871198704411519 0 -6.0639670542582E-8 -5.46346097643272E-8 0.049977081074335086
0.5490740032503056 -0.5442731464552362 0.08535659345024513 0 -5.352417373367046E-8 -5.2378024318068616E-8 0.049977069313592255
0.3750627258693447 -0.2936858939923493 0.06434654814554322 0 -1.75576164759126E-8 -2.966116328862175E-8 0.04997705886486183
0.3969354899692888 -0.3460112170117684 0.06719703593166886 0 -2.0521051401690855E-8 -3.786864126170876E-8 0.0499770608319677
0.4494990254251991 -0.34835776824770576 0.06980849106780326 0 -2.2476601070592145E-8 -4.485418253485236E-8 0.04997704880318403
0.4743994852003083 -0.40954268251415876 0.073738234339428 0 -3.4604651400182737E-8 -4.734237490571485E-8 0.049977046755368036
0.5051728219418842 -0.4543425560441293 0.07763963571270259 0 -4.36102105818331E-8 -4.883907036375424E-8 0.04997705103976458
0.5025098789806551 -0.515963207586209 0.08087711077114171 0 -5.281649758919541E-8 -4.565352808597598E-8 0.04997706075383394
-0.8809225682293763 0.28211960771987943 0.09999999999999996 0 4.871940588188353E-8 1.4073509785389606E-7 0.04997701305459883
-0.828550120997359 0.21135039229983998 0.09293041569195869 0 4.062247571679632E-8 1.3471586181672875E-7 0.04997702685783165
-0.4876818695036711 0.16005919777938843 0.06641416297022892 0 3.4926422382535504E-8 8.868016130863885E-8 0.04997703741205848
-0.7583678808155521 0.178257805309045 0.085877514601274 0 4.415118616070183E-8 1.2346540474092922E-7 0.04997703389571213
-0.6170663609123308 0.222189336538271 0.07585507468331582 0 4.775295344243991E-8 1.0133853140776165E-7 0.049977012531854687
-0.6972424057138273 0.20430689657176634 0.08139617396721441 0 4.873520390159155E-8 1.1298396309738512E-7 0.04997702116912909
-0.5518948161465875 0.17422255470543752 0.07046196471921623 0 3.520816884625769E-8 9.507569223184876E-8 0.04997702005590906
-0.36894201678212313 0.12798179161528736 0.06013540062401418 0 3.903488614483974E-8 6.654135540670785E-8 0.04997702392095076
-0.4362515368769687 0.13236424219261816 0.06326633817399903 0 4.038252663793498E-8 7.677446431168086E-8 0.04997703991213769
-0.33947513674739144 0.06240362523718613 0.058248486325065116 0 2.6921702189736448E-8 6.161866711874276E-8 0.04997701857770353
-0.18433654548332082 0.048222709230570565 0.05356505347436668 0 2.1678079548151406E-8 3.857044757231456E-8 0.049977044917741416
-0.13330372693534312 0.03517105967265548 0.052587287930552964 0 2.551911877996722E-8 3.286838762862563E-8 0.0499770423564603
-0.08544796042127181 1.2633032021521531E-17 0.05192572029476935 0 2.187532249540527E-8 2.8561176793378155E-8 0.049977034693967894
-0.2993967149465731 5.4908359945213266E-18 0.05658028588283902 0 1.4793796794617152E-8 5.742375649602498E-8 0.04997701952525487
-0.22270343343645202 -2.7398019802337882E-17 0.054316401779706945 0 1.275577152750961E-8 4.711744561828455E-8 0.049977034211810205
-0.27837086784154214 -0.12617379267311218 0.05679356136910862 0 -2.823479271644137E-9 5.352635709718269E-8 0.049977026628467994
0.07416648351753428 -0.04282003922369633 0.05192757354063934 0 9.27134137465432E-9 9.02782518358314E-9 0.0499770390581641
-0.07423701450489274 -0.04286076030823398 0.051928362278406685 0 1.5890452740452294E-8 2.893680615442016E-8 0.049977035919261385
5.433302611002987E-16 -9.25534990736191E-16 0.051513083863437 0 1.835217854502595E-8 1.706544885837698E-8 0.04997702831442782
-0.10393602836491157 -0.0928684349452979 0.05261104654913398 0 9.3373252717955E-9 3.213484395724443E-8 0.049977046038475886
0.09263290818595533 -0.09340215664313874 0.05249108753880629 0 2.646171902320265E-9 6.064666571546937E-9 0.049977048336567874
0.13365633223327938 -0.131494330544841 0.053500013617672336 0 -1.113831048888613E-9 -4.803098075358416E-9 0.04997705543303693
0.32685099627426545 -0.2905697969488598 0.06232853198902639 0 -2.2944812405123336E-8 -2.1730556892188332E-8 0.04997705743434487
0.25568805190108224 -0.19009790761699052 0.05725179690059135 0 -5.381180516729485E-9 -1.935726294509203E-8 0.049977037810097234
0.2878012678865199 -0.2461068228137798 0.059620677596610265 0 -1.6788303511483954E-8 -1.9390838328861544E-8 0.049977042321990885
0.17648242248939017 -0.17786432905826252 0.055061790182478074 0 -3.1065547143752874E-9 -1.3239079925874664E-8 0.04997704505096484
-0.2483235922732361 -0.18165056966040063 0.05686432272721823 0 -8.951219568777043E-9 4.773632695755958E-8 0.04997702789734644
0.5547456546446986 -0.6639301342123074 0.09391738389868397 0 -6.69970867760681E-8 -6.294432370268226E-8 0.049977076008297004
0.617759403950767 -0.688475338910477 0.09999999999999995 0 -6.864551073209792E-8 -6.99403468309792E-8 0.04997706878150621
0.5055257679581893 -0.637124600070996 0.08897493457515948 0 -6.862129379618283E-8 -5.4294029846414675E-8 0.04997708061001626
0.4877536710430043 -0.5826751104622181 0.08420495651136725 0 -6.401070073488469E-8 -4.436326938544637E-8 0.0499770746530708
0.33633282409977666 -0.3398966968888034 0.06444423660906808 0 -2.884175502077991E-8 -2.801718208828594E-8 0.04997707051570436
0.3632772876174715 -0.38800374757803635 0.06749345504717459 0 -3.0412750570751296E-8 -3.8990943038651476E-8 0.04997706211134393
0.41704203467651185 -0.4108303752912243 0.07090170067103964 0 -3.254158492948669E-8 -4.305860045037188E-8 0.049977050654263146
0.4381086940659461 -0.4733073985449338 0.07505155127124846 0 -4.544627281404315E-8 -4.1847656128286715E-8 0.049977048621430306
0.4531934148271225 -0.5420428192507506 0.07976926362259741 0 -5.8658763027839316E-8 -3.979813152605541E-8 0.04997705923048621
-0.8565041007211142 0.12935729823844902 0.09401883827528355 0 2.6944459398144667E-8 1.326086609102102E-7 0.04997703077825862
-0.9051192255768068 0.1907463267598074 0.09999999999999999 0 3.5534418469671835E-8 1.4326735925033785E-7 0.04997702040949202
-0.7940808377677345 0.13178185399490336 0.08820577601429047 0 3.3610524729408906E-8 1.237735370164969E-7 0.04997704087507209
-0.33304413722574716 -0.0693067767843958 0.05805530637396814 0 8.690418874096093E-9 6.30397544172162E-8 0.04997702086402816
-0.4742240483662385 0.11256694280313873 0.06494853319711702 0 3.137292489958261E-8 7.867953047400202E-8 0.04997704432427932
-0.5075730010734563 0.12513873893141758 0.06697106660603604 0 2.7203344699691016E-8 8.597400344819385E-8 0.04997703772268016
-0.5430568755805907 0.10886676283437083 0.06886622733636953 0 2.4694315451633554E-8 8.942590728326341E-8 0.04997702604820205
-0.7200856347104287 0.12756375701027653 0.08178787314202199 0 4.05839138460918E-8 1.1347804199354815E-7 0.04997702842182759
-0.6366216770914513 0.1480565042375733 0.07568897320024313 0 3.8169762299090425E-8 1.0338111022985414E-7 0.04997701509696215
-0.5817364775186938 0.11498204866540508 0.07140762999266016 0 2.802970960280787E-8 9.534588358573653E-8 0.04997701789142572
-0.42774238996431574 0.06497482014443741 0.06209784320535726 0 2.98661380893822E-8 7.078451595806586E-8 0.049977030194549014
-0.3847166606924661 5.007387460326135E-18 0.05988137680814879 0 2.0088310212123845E-8 6.890825586705316E-8 0.04997702049029631
-0.3349183900900527 -0.1391323925724424 0.05894927757126893 0 5.068708419874576E-10 6.228753797842252E-8 0.049977024578255355
-0.29014129297673835 -0.2192290809213992 0.05898973037684319 0 -1.0766435937135202E-8 5.7106307254901645E-8 0.04997702691791552
-0.30831506111577245 -0.17770170158565646 0.05867258259636438 0 -5.942407977897869E-9 5.860243173584759E-8 0.049977024969069306
-0.8184909839211807 0.07533925376340875 0.08977629762126751 0 2.3595243545876307E-8 1.237913803831218E-7 0.049977031638149164
-0.15687445011428935 1.9896548115933566E-17 0.05290395974586269 0 1.8443823665567526E-8 3.8217567471254333E-8 0.04997704212900252
-0.12783259126111396 -0.033275347967647646 0.05249920381841622 0 1.6623218650050998E-8 3.625895503791335E-8 0.049977042636913174
-0.12619399745448542 -0.06614911525416546 0.05266041061116255 0 1.3027766739940609E-8 3.643366395529389E-8 0.04997704700919286
-0.24680219676358395 -0.07209570484823002 0.05524990662857362 0 1.5595439370691905E-9 5.101851285232999E-8 0.04997703321765368
-0.22815732549244763 -0.13366956667415794 0.05546555293618707 0 -6.367489203885353E-9 4.3843829295103923E-8 0.049977037644248
-0.15093740406319942 -0.09389909648308085 0.053299030733839035 0 7.80493984485495E-9 3.769587430858805E-8 0.04997705495249472
-0.17405337917392047 -0.045794392161233266 0.053343830220451034 0 1.0510926219330879E-8 4.365056249938663E-8 0.04997704696871471
-0.18973296493485722 -0.18461798069110347 0.055474546986767154 0 -9.443056091701018E-9 3.659030873308328E-8 0.049977034262362004
-0.1364384943575783 -0.14270773398924902 0.05371629461338726 0 -3.165786693811999E-10 3.0469712083800584E-8 0.04997704786006824
0.04273873390329096 -0.07402565857166638 0.05192600533605053 0 6.612745369838385E-9 1.4363710341560064E-8 0.049977038722376334
-0.04299754043112493 -0.07447392462720538 0.051931021483395706 0 1.0075109438097652E-8 2.5927109179905943E-8 0.04997703700441424
1.3904975238826412E-17 -0.08573627431625096 0.051928505242836896 0 6.82960393320787E-9 2.0919893420608517E-8 0.04997703828899515
-0.07925046645516252 -0.13726583442387433 0.052932952804228266 0 -1.8895040024274926E-10 2.7752992277278652E-8 0.049977046212172
0.078463056828959 -0.135902000944921 0.052904876080197075 0 -4.069569391421774E-11 6.631999509130474E-9 0.04997704953497091
0.11138757858716244 -0.19292894544503636 0.054318208030815426 0 -4.940407624248291E-9 -2.6317677271959883E-9 0.04997704467113142
0.2704412885460667 -0.32134890739138133 0.06148782850104338 0 -3.015534450370551E-8 -1.7344958950038388E-8 0.04997705064421921
0.21970172124605267 -0.2547036178054315 0.05790944965811469 0 -1.674787387587788E-8 -1.3357165922342415E-8 0.04997703560550567
0.06445906182530692 -0.2524774236880237 0.05535114833714504 0 -1.1759360916854466E-8 2.8714379083062395E-9 0.049977042066671466
0.14972579901011426 -0.2593326910893636 0.056582144341893334 0 -1.4960392179865794E-8 -5.986056001347263E-9 0.049977033653998984
0.031363797849434556 -0.30517057546423765 0.0568332914109285 0 -2.1858318073940482E-8 9.057442338232958E-9 0.04997703633683551
-0.03281109095750645 -0.303248501545522 0.0567724159885361 0 -2.3808325725978037E-8 1.7537379427820468E-8 0.04997703510654624
-0.22974591189928226 -0.25639797529990704 0.058213734017978094 0 -1.5213528095185796E-8 4.771786643650521E-8 0.04997702645510132
-0.15050660974349658 -0.260685094950677 0.05663516711153095 0 -1.8516546081322896E-8 3.4527525312908556E-8 0.049977026892231574
-0.0010639892128916778 -0.35571530812846325 0.05866683852382106 0 -2.9769502451194722E-8 1.7247961283825273E-8 0.049977034821494584
0.4897167015298755 -0.6990669986722716 0.09278011319940965 0 -7.628356374196723E-8 -5.524646982636717E-8 0.04997707046981798
0.5485314847714318 -0.7448023146284537 0.09999999999999996 0 -8.05136051652183E-8 -6.383876122716039E-8 0.04997706674525148
0.4538946410105444 -0.6418290507487608 0.08650541722977732 0 -7.277870588825515E-8 -4.587881705436142E-8 0.0499770713227437
0.43691576165411183 -0.5863880363863174 0.08178506492225697 0 -6.637508341773977E-8 -3.906209501216832E-8 0.049977063451650164
0.30008338071089913 -0.40108479031261085 0.06570468861303413 0 -3.767673260753668E-8 -2.9190536540348622E-8 0.04997705541214184
0.35656776116113886 -0.46142030598113837 0.07075125137743835 0 -4.301294184736158E-8 -3.587427624971126E-8 0.04997704686287286
0.38634553368626 -0.5411366135074784 0.07653244947706513 0 -5.717324455651009E-8 -3.3979768262027474E-8 0.049977048529180376
-0.8641324069088798 0.062174994255793294 0.09403348687291993 0 1.9239549375268164E-8 1.3140844574837675E-7 0.04997702521073947
-0.9192848102122441 0.10262901652303172 0.09999999999999998 0 2.3115524715334286E-8 1.3978032128066116E-7 0.04997702021350548
-0.7599167871431189 0.06070075634999409 0.08441733903220823 0 2.7637120575369523E-8 1.158890166764952E-7 0.04997702849783095
-0.3798507417992421 -0.12110542276221137 0.06050058794352799 0 6.242556406371458E-9 6.903582037458773E-8 0.04997702988922918
-0.40842759083875524 -0.05875232359605665 0.06114052778332879 0 1.3297938841227105E-8 7.521255972395078E-8 0.04997702834155148
-0.5039157942187592 0.07056797810116018 0.06615707446286306 0 2.206765658541611E-8 8.046183895473662E-8 0.0499770312285681
-0.5548238392163808 0.07638757137486703 0.0692570455361671 0 2.1717568593723057E-8 8.988157983945463E-8 0.0499770211652726
-0.6893460495224285 0.06354738512595373 0.07863780818203954 0 2.9304502299514907E-8 1.0806984645626733E-7 0.04997701854692382
-0.6215823870108426 0.05940809814964494 0.0735747228508592 0 2.4231563837209527E-8 9.985485279815283E-8 0.04997701335038
-0.4662367643365183 -0.05429215722432917 0.06397307879016166 0 9.905478254429593E-9 8.481218368978171E-8 0.049977033098948985
-0.46385916918682774 -3.671115297680029E-17 0.06368112390889598 0 1.702656463424138E-8 7.962840903939618E-8 0.04997702632787965
-0.3620108841151937 -0.17400839360604695 0.060635096430618034 0 -2.8240091198569638E-9 6.566557913366722E-8 0.04997702843035546
-0.299671918215507 -0.26919022055739933 0.06068803798570996 0 -1.5420234678277892E-8 6.099620231547208E-8 0.04997703482014538
-0.33027652289156045 -0.22443841547131757 0.060528990644305516 0 -1.1025011705045421E-8 6.374360875257952E-8 0.04997702959179595
-0.8245744171037561 3.2427437940114445E-20 0.09002147282184526 0 1.400130986912297E-8 1.2857755756044764E-7 0.04997702595857384
-0.19761019796705673 -0.10158906953187434 0.054303584925033156 0 -1.538215248319715E-9 4.235037982920592E-8 0.04997705171361243
-0.18403998396844498 -0.12735803584373423 0.05434432437859784 0 -2.5914242389338022E-9 3.631751691853873E-8 0.049977051018640535
0.002774404310843052 -0.26370741404826953 0.055444406431408536 0 -1.6938771440353692E-8 8.979076772064122E-9 0.0499770452822611
-0.11217260429255088 -0.1942886498520168 0.05435789315243198 0 -1.0649711416837543E-8 2.742860100741561E-8 0.04997703945435655
-0.059917909088264505 -0.2537684697083779 0.05535616729591674 0 -2.0069526608435398E-8 1.9452929947938602E-8 0.04997703974514457
0.025874926118163173 -0.1326695098536581 0.05254567933671944 0 1.068225029369206E-9 1.7369496147890415E-8 0.04997704891833774
-0.02524383979971824 -0.13300675455069116 0.05254892004091195 0 -2.3328610360024424E-10 2.4306740610330838E-8 0.04997704780736209
0.05493858025113073 -0.18721166728009325 0.05366460039291042 0 -2.501829864252898E-9 8.028583531848698E-9 0.04997705308511271
-0.053441146730527585 -0.1870910243981426 0.053652873989227134 0 -1.1448410930311798E-8 2.271290491132467E-8 0.04997705099195119
-0.015811501710617765 -0.22080470166743846 0.05428292799461194 0 -1.4123466373266082E-8 1.3499713338118109E-8 0.04997705738891178
0.001589553534327251 -0.18045943852644147 0.053353802929854637 0 -5.734845890972376E-9 1.8638608163096296E-8 0.04997706049729435
0.01713256069613923 -0.2191946756676691 0.054245341320781695 0 -8.324031003144083E-9 9.369609295514496E-9 0.049977058307111154
0.23193963455587202 -0.4017312313397281 0.06368217918749612 0 -3.552713386420124E-8 -1.4734069813745636E-8 0.04997704823222583
0.1923608915779979 -0.3331788376023402 0.059881599761303035 0 -2.764430236072555E-8 -7.126313960060558E-9 0.04997703861520652
0.10559774308437371 -0.32641465451667345 0.058167036115944384 0 -2.4835739130683186E-8 3.5847303510466225E-9 0.04997703496308062
0.02839276411724587 -0.3973392921812579 0.060485401730235276 0 -3.65595527937074E-8 1.5188899778596403E-8 0.049977040327213694
0.04349199689707277 -0.3606955682361924 0.05897556113419837 0 -3.083051380166578E-8 1.2246662813742825E-8 0.04997703667837742
-0.2724211583800272 -0.34021230275634196 0.06225471036920945 0 -2.2705511754707158E-8 5.4318830197072827E-8 0.04997704087163311
-0.04975626500892476 -0.3592625346716331 0.05895024498757896 0 -2.9811355483904985E-8 2.4940776538593737E-8 0.04997703461963831
-0.11115524588477288 -0.32319159740630654 0.058116751891295344 0 -2.6292508108513955E-8 3.264949347997365E-8 0.0499770295965371
-0.1929576265867868 -0.33421241295621784 0.05993362613445384 0 -2.591022499438303E-8 4.4814728048564125E-8 0.049977030292593205
-0.00580331192480529 -0.44141011755505605 0.06253303354413747 0 -4.091778986939976E-8 1.8278907195897672E-8 0.04997704379674391
-0.03317807935019408 -0.4000499580003111 0.06062434517611842 0 -3.4267718974535065E-8 2.3679101205761583E-8 0.04997703962449006
-0.4124914840826571 -0.7144562081206507 0.09005972521404425 0 -8.055469537625123E-8 7.004819980876614E-8 0.049977046062766074
-0.4625000000000001 -0.8010734985006056 0.09999999999999992 0 -9.430941158580516E-8 7.370846934899967E-8 0.04997703919875323
-0.38371343710296635 -0.7748603000238191 0.09386619334345217 0 -9.238129433168392E-8 6.501669061126243E-8 0.0499770483574713
0.41226227881814503 -0.7140592129571534 0.09001680581831234 0 -7.694410899095169E-8 -4.0824419550900766E-8 0.04997706527181031
0.4625000000000003 -0.8010734985006056 0.09999999999999992 0 -8.704560484163312E-8 -5.064160731266505E-8 0.049977060869363786
0.36763254236248355 -0.6367582418875386 0.08211785344170675 0 -6.919731470124608E-8 -2.995065856073483E-8 0.049977057528237424
0.2724100436150707 -0.4718280360333562 0.06830375115676082 0 -4.304834160565757E-8 -2.3768091992599286E-8 0.04997704510674678
0.31808183532075857 -0.5509338997403103 0.07441383187593022 0 -5.609875816945357E-8 -2.5919337379776195E-8 0.04997704331872226
0.2111878992556696 -0.5199281931560845 0.06932845783235407 0 -4.691566925190597E-8 -1.5732787795733883E-8 0.049977047910839054
0.021803385387518696 -0.48225449508691837 0.06469299319690376 0 -4.8780567721664914E-8 1.1598847442838188E-8 0.04997704648032688
-0.8627884197170683 -0.05512509329877387 0.09385473111979895 0 3.723080539221683E-9 1.361548776172972E-7 0.0499770264736291
-0.9249999999999996 -3.487031299242896E-17 0.0999999999999999 0 1.0034003739917416E-8 1.423220760023493E-7 0.04997701658541313
-0.7353276040989696 -1.3378311327871067E-18 0.08212306732579755 0 1.9994869574424558E-8 1.1645966954493613E-7 0.04997702248074906
-0.4256923062754768 -0.12215318657273537 0.06260425960749795 0 6.865080398176154E-9 7.521880431928643E-8 0.049977041361488186
-0.4043520178042478 -0.16901983470521803 0.062374130552393804 0 -1.1016269736695227E-9 6.930503963205775E-8 0.04997703476692019
-0.46760448929491655 -0.09647351175034935 0.06440527405535054 0 4.429352975995527E-9 8.480001463974095E-8 0.04997704476453843
-0.5447672634209793 2.858524015158418E-17 0.06830049229574699 0 1.2882091640353694E-8 9.065116901481859E-8 0.049977019100970695
-0.6361392415232948 1.0428654588114258E-18 0.074412070818866 0 1.7258917956093752E-8 1.0299326929749356E-7 0.049977012959956005
-0.5124187514513647 -0.051847896831783355 0.06651654728017117 0 5.652262416098873E-9 9.003189305591573E-8 0.04997702824812922
-0.36799093114432163 -0.6373789894665451 0.08217765681431857 0 -6.707286014619393E-8 6.898683864778587E-8 0.04997704065857115
-0.31827009850817745 -0.5512599811461146 0.07444098367382036 0 -5.676722546283672E-8 5.963130964690521E-8 0.04997702858607337
-0.31386332305040454 -0.40193360988060217 0.06622216379223078 0 -3.4951066471676544E-8 5.237880406537981E-8 0.04997704296582857
-0.344912559069745 -0.4432246070018303 0.06935603931497553 0 -4.32729357438714E-8 5.691742074872454E-8 0.0499770338492098
-0.3337091490042147 -0.3553876317528073 0.06495432896100803 0 -2.8633104870244332E-8 5.9148724741093716E-8 0.04997705464581806
-0.383737195098482 -0.21760730691022415 0.06251779019199952 0 -1.0855968678428496E-8 6.873371328559106E-8 0.04997703163363127
-0.33230969380311975 -0.3125744339373021 0.06328313435425742 0 -2.2498311479680066E-8 6.612513323431814E-8 0.04997704973398
-0.3540195296480104 -0.26181915330723304 0.06247659304365877 0 -1.7643229404668735E-8 6.856516671117257E-8 0.049977036687606086
-0.7962287177911112 -0.06074957956360479 0.08762354715881245 0 7.798139102913404E-9 1.2894841944834463E-7 0.049977032167053424
-0.7351410524947966 -0.06092685497728594 0.08231802271497875 0 1.268746375527766E-8 1.198374974683325E-7 0.04997702736420271
-0.4839056580716607 -0.700569999447879 0.09257832058039935 0 -7.730401538602599E-8 7.588484836615237E-8 0.04997704743736037
-0.548567403595686 -0.7447758606713796 0.09999999999999995 0 -8.561241451372792E-8 8.373429933227828E-8 0.04997704128370329
-0.43547631470191006 -0.6351536187841573 0.08509247440255902 0 -6.382525980057151E-8 7.516207155838181E-8 0.04997704725096582
-0.4991515386320159 -0.6334110077816721 0.08834372866104905 0 -6.64985847017979E-8 8.146782643876536E-8 0.04997705733841971
0.19075484218748148 -0.47253116432229375 0.06620021711897693 0 -3.885137720445285E-8 -1.077542770898288E-8 0.049977055492552026
0.04901016908663563 -0.43723836174505165 0.062459634223422635 0 -4.424518777058407E-8 1.2010649625514293E-8 0.0499770484273315
0.06673635655852123 -0.4767204709635778 0.06461779605353515 0 -5.1235011638680645E-8 5.886351695538312E-9 0.049977055133257876
0.08201071126761385 -0.3939388987243752 0.06066806698898625 0 -3.6709646252080905E-8 1.0194141167304066E-8 0.04997704518136213
0.15779399244920161 -0.40600143052169285 0.06224217224863409 0 -3.44759165316867E-8 6.51195536834762E-10 0.049977051651544604
-0.23228029263418432 -0.4023212684393739 0.06371797650698163 0 -3.6662123939841736E-8 4.756191422205756E-8 0.04997703803894773
-0.272587327693687 -0.4721351010648927 0.06832563375196132 0 -4.820319780064412E-8 4.95809322557579E-8 0.049977032525344
-0.08918266806588586 -0.39015326021997454 0.06056960464965617 0 -3.2964757991203245E-8 3.339458903344966E-8 0.049977041117057655
-0.15459594130071433 -0.39192658728762203 0.061550218588660825 0 -3.619088246038881E-8 4.2479836385915226E-8 0.049977041305749
-0.18675532053812563 -0.43493251784630643 0.06418357757579085 0 -4.543258389419205E-8 4.368223387314612E-8 0.049977045723540295
-0.21375905453868752 -0.4723463627877797 0.06671710658979704 0 -5.147970726952457E-8 4.3100953453752994E-8 0.04997704102307986
-0.030837599095424044 -0.4757419881377715 0.06436680609968097 0 -4.329215993543877E-8 1.9200417054165795E-8 0.04997704627495118
-0.05772042989369192 -0.4373202270026056 0.06251628812885628 0 -3.682467703492245E-8 2.6835910219554484E-8 0.04997704757903212
-0.34485879204612635 -0.7195732958375974 0.08756922173357189 0 -8.381418525384317E-8 6.477829250686982E-8 0.04997705266409442
-0.3147326423667731 -0.6679534491621227 0.08237892997106575 0 -7.361438767742138E-8 6.434717971716087E-8 0.04997704636550198
-0.23145619169988374 -0.5426436945370012 0.07120349698950756 0 -5.878413842118858E-8 4.529144989015076E-8 0.04997703365473207
-0.28415939775573246 -0.6153602706014173 0.07751426427315904 0 -6.550869570455647E-8 5.863200201778287E-8 0.04997703599042058
-0.32938286511096027 -0.7771045511687235 0.09186418681824757 0 -9.278940270798191E-8 5.771966602815173E-8 0.04997705783959689
-0.29287844997281653 -0.7560683801841978 0.08874412837590734 0 -8.715923879529735E-8 5.554846213120799E-8 0.049977064905150276
-0.3707535969478622 -0.8474426517245004 0.09999999999999994 0 -1.0247763657409638E-7 6.160596487983987E-8 0.04997704715921472
0.3299132550602819 -0.6955796266909601 0.08507057911176502 0 -7.311511582940177E-8 -2.3558976010377257E-8 0.04997706642234227
0.29721686832567656 -0.7486484838731736 0.08825580478820183 0 -8.010787545697029E-8 -2.2908701008327814E-8 0.04997707789876764
0.36329863298780996 -0.7692008953950569 0.09250410835033807 0 -8.042525336185859E-8 -3.486016355081484E-8 0.04997706858806278
0.37078540548822353 -0.84742873429503 0.09999999999999996 0 -9.136978532166421E-8 -3.81669846151189E-8 0.04997706451505408
0.28831363121595577 -0.628175946475062 0.07855241106831119 0 -6.658764143521192E-8 -1.7477929110592198E-8 0.04997705151605364
0.2593907519340379 -0.5686281064407216 0.07361593901057979 0 -5.68868129147469E-8 -1.828246172532208E-8 0.049977043252116035
0.1909808398518187 -0.5616900805542804 0.07142639087555927 0 -5.4849356334329825E-8 -1.2839147367150205E-8 0.04997704613496719
0.17735047116299676 -0.5251479744589087 0.06889288845838194 0 -4.793651756295184E-8 -1.2992038511019625E-8 0.049977052410318974
-0.006975621790116347 -0.518397225687904 0.06671599267023105 0 -5.1254804172128194E-8 1.3390397424010873E-8 0.04997704285899232
-0.05196883438319561 -0.5240326103663052 0.06719869985797552 0 -4.956100844882747E-8 1.8323361642943698E-8 0.04997704476607107
0.051893656645759574 -0.5409828050063739 0.06822031633188269 0 -5.726839681810163E-8 4.182237407222521E-9 0.049977044553154916
-0.8393412000270999 -0.10211595922316324 0.09200820531311653 0 -2.8326966909743947E-9 1.332794711467096E-7 0.049977035445695685
-0.8023821229894582 -0.12465004703532731 0.08885408731398863 0 -2.3147353097814835E-9 1.2723613388835124E-7 0.049977043497644584
-0.919283847116488 -0.10263764414409532 0.09999999999999995 0 -4.606399890903481E-9 1.4330709904819563E-7 0.049977023318437605
-0.4286041911968902 -0.211604106404576 0.06443452009247352 0 -1.1064821382731223E-8 7.140574128548426E-8 0.049977033181798504
-0.6752473549062171 -0.06099766201966174 0.07752927755735106 0 1.1939211364544647E-8 1.1014467969812569E-7 0.049977018593043786
-0.4690213191754545 -0.16282051739106812 0.06545407679976868 0 -5.4973794424193915E-9 7.428501229165029E-8 0.04997704414808481
-0.5199939829281818 -0.12464895604080488 0.06768673130026925 0 -7.289675439281743E-9 8.699489845678551E-8 0.049977037776272805
-0.5844196053235723 -0.07491703801282976 0.07115392026499068 0 3.0996093673047036E-9 9.750037867988521E-8 0.049977018718071926
-0.40158939943089916 -0.5697012631254147 0.07901179842938963 0 -5.536892966390707E-8 7.323392111284331E-8 0.04997703559851264
-0.3629672679735455 -0.5093150093458657 0.0736457128337714 0 -5.050045722000701E-8 6.423649615567225E-8 0.04997702798366864
-0.36195665189066545 -0.3775113144203722 0.06698450376718919 0 -3.6926219449782426E-8 5.9574934397241916E-8 0.04997704892416021
-0.36626813150114046 -0.41664081435894 0.06892167223823108 0 -4.1228721366823194E-8 5.925517717455003E-8 0.049977038170848864
-0.3903068178565833 -0.4466269881485596 0.07141764844659583 0 -4.464345862180424E-8 6.503912898045733E-8 0.04997703095524143
-0.38262787487786487 -0.34149739132768064 0.06638993492953274 0 -3.521634350884141E-8 6.77508854962308E-8 0.04997704783771984
-0.4062559769371703 -0.26147495596378895 0.06471383725610919 0 -2.0551485628184905E-8 7.228304200941185E-8 0.04997703345270547
-0.379843340675863 -0.2969419115223147 0.06465963905911938 0 -2.659664912818012E-8 7.148369564897166E-8 0.04997704230710517
-0.735100345459195 -0.11930462056175606 0.08291132970822639 0 6.945415449436039E-9 1.1828960266304929E-7 0.04997703544244651
-0.5519968333853201 -0.6639303440969675 0.09374464706266032 0 -7.686681756240582E-8 8.587150776351346E-8 0.04997705064653256
-0.6178002971320175 -0.6884386430529175 0.09999999999999999 0 -8.23079999336067E-8 9.626759515545019E-8 0.04997704019444507
-0.4800125571007386 -0.5637645778356987 0.08255043176744221 0 -5.489756333247041E-8 8.682388859346244E-8 0.04997704706827026
-0.5399346500949583 -0.6040123388311484 0.08868415026698905 0 -6.792546301805143E-8 9.057342427834024E-8 0.04997705577436575
0.1043605879990727 -0.5010308479370807 0.0663275801738497 0 -5.219602738781216E-8 -3.5263187243139342E-9 0.04997706162804995
0.14556246178613041 -0.5017461145955597 0.0669511130546236 0 -4.6123144242940354E-8 -9.008664763430359E-9 0.049977062622284976
0.1399468089855873 -0.4672126633962517 0.06496624972127404 0 -4.186144128386608E-8 -2.155703378006355E-9 0.049977067336362715
0.10408488366078729 -0.44405468685268906 0.06327666735135784 0 -4.4660316259086665E-8 6.690191717259982E-9 0.04997706165129974
-0.1061373350373039 -0.43371612134398735 0.06278756375601147 0 -3.807337862703232E-8 3.600311129264354E-8 0.04997705449350289
-0.15386562481962193 -0.515523498759926 0.0678853449092873 0 -5.5531836269087006E-8 3.049629810235016E-8 0.04997705114379843
-0.1533021139497205 -0.45854960024362473 0.06473399748772987 0 -4.856052167389784E-8 3.85512687410768E-8 0.04997705753637493
-0.09527352708204248 -0.48999184724793526 0.06560563290386158 0 -4.3880377481442685E-8 2.5221120643550077E-8 0.04997705785009855
-0.09590125636856876 -0.5619999312235504 0.06990127823248256 0 -5.640110208849254E-8 2.30600155262143E-8 0.04997704172564983
-0.15663037176370528 -0.5733099421965812 0.07149707499548641 0 -6.075122100606742E-8 3.292113374420633E-8 0.049977039208061305
-0.2643961373711981 -0.69702971973395 0.0829765309474388 0 -7.518630440757837E-8 5.875368904707766E-8 0.04997705534436246
-0.19926692702634366 -0.6350324834465847 0.07658242747619838 0 -6.692901822436562E-8 4.55289740751111E-8 0.049977038491532205
-0.2937621218403118 -0.8161557505482272 0.0941366022415018 0 -9.490360772997692E-8 4.964326709008703E-8 0.049977058391127725
-0.2445064351501806 -0.7666415232960113 0.08818261063739219 0 -8.254617713263535E-8 4.771107153331937E-8 0.04997706422630959
-0.28738877712844163 -0.8792227618026947 0.09999999999999998 0 -1.0179544564932367E-7 4.8226546816566965E-8 0.04997705085790317
0.24692814396934878 -0.6974874410583481 0.08250617855893734 0 -7.875271481156146E-8 -1.0441091513761362E-8 0.049977065899104084
0.2521627428797361 -0.7694593063835823 0.08864404636431372 0 -8.840609231156849E-8 -1.957448269079965E-8 0.04997707660511928
0.297447604941039 -0.8106467532563326 0.09375141746476387 0 -8.908873482974987E-8 -2.9576982461302046E-8 0.04997707284310725
0.28742318143973467 -0.8792115158194408 0.09999999999999996 0 -1.0048329729713654E-7 -2.912334338185008E-8 0.04997706433942241
0.18957159845420457 -0.6243064952889011 0.07560329744867302 0 -6.668062933684496E-8 -7.937244636558442E-9 0.04997704603818081
0.12475562378528372 -0.5650913910725972 0.07045918166236258 0 -5.818745721921068E-8 -6.261349418170358E-9 0.04997704725211957
0.16970055881419605 -0.6915759378642314 0.08021607449160519 0 -7.813835248119636E-8 -3.1029742874408487E-9 0.04997705286710512
-0.02127679909875186 -0.5862434400348021 0.07098260267248739 0 -6.047097492156789E-8 1.6224622342554467E-8 0.04997703684942558
0.047679088889249585 -0.6125339534466792 0.07287094188782159 0 -6.53129756859731E-8 8.489384916368112E-9 0.04997703850259267
-0.8531067718150073 -0.15803750226362162 0.09415708085227006 0 -1.1514434934110587E-8 1.3038862832334643E-7 0.049977035401705804
-0.7842181949983064 -0.17459658052838975 0.08806681761589173 0 -6.598737232890527E-9 1.1882448966583792E-7 0.04997704216478027
-0.9051158299750597 -0.19076243784282004 0.09999999999999996 0 -1.591487749163764E-8 1.3602235626145167E-7 0.049977026200572434
-0.47800098007166625 -0.2183882854981824 0.06713458210584479 0 -1.5126409245342392E-8 7.5992024730911E-8 0.04997703025413807
-0.4503344724862791 -0.2539143429242661 0.06663047103760426 0 -2.009869530548078E-8 7.520376649962323E-8 0.049977028740402975
-0.647719142022224 -0.1435812801370505 0.07642272847163623 0 -3.1485661126244887E-10 1.0453981825298088E-7 0.04997702040298848
-0.5329845388239062 -0.1985594752136453 0.0698139205090511 0 -1.4255219720664796E-8 8.427394094409413E-8 0.049977026150439814
-0.5744027965338088 -0.14938461510286838 0.07144252826293569 0 -7.81473436571853E-9 9.316079344262302E-8 0.04997702319277359
-0.44626651447182913 -0.4769553831048422 0.07565680574632234 0 -4.647453170695006E-8 7.79089400111695E-8 0.04997702900334779
-0.5140310251048448 -0.4921578818310024 0.08018045280724437 0 -4.801106415880132E-8 9.007237231010599E-8 0.04997703376330416
-0.4256087219342948 -0.3924588186076942 0.07047472570296819 0 -4.083366711572674E-8 7.102944982610735E-8 0.04997703197063428
-0.44295395304453694 -0.3153758255937713 0.06823813858748431 0 -3.1216920248920446E-8 7.594434717355195E-8 0.04997702956761388
-0.722493271850469 -0.18466121884148878 0.08299584497449673 0 -3.0414360093254574E-9 1.123569967838569E-7 0.04997703261068109
-0.6008930547011089 -0.6092572756078648 0.09299302035398636 0 -7.204518427386914E-8 9.668734061830151E-8 0.04997704399171597
-0.684830613311738 -0.6217902179859557 0.09999999999999995 0 -7.35504988627829E-8 1.0636961022009764E-7 0.04997703110170565
-0.5678213237459835 -0.5376676061363831 0.08613904983735729 0 -5.760209909653853E-8 9.656573990339153E-8 0.04997704179302869
-0.10379006268918359 -0.6311723493295895 0.07466578004946203 0 -6.658007145100229E-8 2.9866482047105936E-8 0.04997703689661227
-0.2012336657215405 -0.7196538123444206 0.08312630758513646 0 -7.496473953363756E-8 4.694248381884199E-8 0.04997705292786436
-0.14538614431124028 -0.6947291331504665 0.08002955113164488 0 -7.408493314424529E-8 3.8903677118652145E-8 0.04997704393802243
-0.2244810935107963 -0.8295744817427091 0.09335179876408069 0 -9.239203183705259E-8 4.0605303076522134E-8 0.04997705532575723
-0.1948530319449167 -0.7756068237085788 0.08772926134592988 0 -8.317185432048287E-8 4.113306721877442E-8 0.04997705627780901
-0.1961900777341867 -0.9039499420937565 0.09999999999999996 0 -1.0407599986568393E-7 3.6343509267386454E-8 0.04997704698652878
0.18083964416846282 -0.7595104378227607 0.08602850609777067 0 -8.82538605616884E-8 -7.687081115756852E-9 0.04997706256588644
0.22639239794839497 -0.823169454837357 0.09279966487488275 0 -9.559410354141519E-8 -1.994533201689059E-8 0.049977066897008406
0.1962292603758944 -0.9039414372048344 0.1 0 -1.0493434187194624E-7 -1.6456620549682677E-8 0.04997705616488739
0.115198487208555 -0.6531897985847656 0.07640980333620502 0 -7.0887260469129E-8 2.043019022398302E-9 0.04997704357184209
0.13075868837865867 -0.7179080095003469 0.08165710231721485 0 -7.994158612177864E-8 1.775223111066119E-9 0.049977052717811
0.11581756539084577 -0.7588114009433137 0.08487399945221091 0 -8.361830524880418E-8 2.5508085246925297E-9 0.0499770573240789
0.049373389215154787 -0.6762514634930521 0.07753347573866784 0 -7.290661793120245E-8 1.3422385752103394E-8 0.049977044288536054
-0.018713178495829663 -0.6598847879456909 0.07617577755495697 0 -7.119228779782697E-8 2.1762080330234484E-8 0.049977040225859345
-0.6738902730202501 -0.2204985208373878 0.07997070091519397 0 -9.53543814399081E-9 1.0750579186949996E-7 0.04997702434887884
-0.8340398056073672 -0.21902107573341584 0.09363611174877712 0 -1.7698998592462196E-8 1.2467298819540812E-7 0.04997703188286373
-0.7682837005378527 -0.21778108265977308 0.08762455506029669 0 -1.2092114379244682E-8 1.1633404400555774E-7 0.04997703471824954
-0.8809151182252344 -0.2821428693025129 0.09999999999999996 0 -2.7337121879445584E-8 1.3205064781986499E-7 0.04997702165025789
-0.5165019276401033 -0.27345997871285094 0.07083650833060155 0 -2.218607718073412E-8 8.425050777342306E-8 0.0499770207262715
-0.598583551544961 -0.22602979228178174 0.07467942546060534 0 -1.3658257158303377E-8 9.663550824631253E-8 0.049977019230133014
-0.5551101229584549 -0.47007014883430126 0.08146563252731462 0 -4.447765327932487E-8 9.391242330459113E-8 0.04997703267705437
-0.5105636494997625 -0.4275668331221898 0.07661161867134536 0 -3.996796842978744E-8 8.699084963263469E-8 0.04997702576329523
-0.504302912589223 -0.3476237550984314 0.07274022680505549 0 -3.1629466830025294E-8 8.456497650490454E-8 0.04997702163956255
-0.7177089386751472 -0.2549295522420565 0.0843570467432338 0 -1.5810429190768372E-8 1.1355074716363937E-7 0.04997702949331949
-0.6531660790226061 -0.2763311132584134 0.0799841441751332 0 -1.743220966209206E-8 1.0738973467878792E-7 0.049977025567374246
-0.8437556437212325 -0.37907955935377746 0.0999999999999999 0 -4.198663234601593E-8 1.3049270636802641E-7 0.04997702508488592
-0.8010515387579304 -0.4625279007956028 0.09999999999999996 0 -5.232506831014032E-8 1.213902985184406E-7 0.04997703187098205
-0.7501479603301011 -0.5412050791178039 0.09999999999999992 0 -6.054101186470453E-8 1.1206123175364476E-7 0.04997702963672543
-0.5998767009898777 -0.4788913706345559 0.08487289614566725 0 -4.5882535035514644E-8 9.767355928626325E-8 0.04997703631056087
-0.6562422498346266 -0.5241856689594518 0.09146905933596002 0 -5.621884076649866E-8 1.019731594095162E-7 0.049977036414055966
-0.08839747535315964 -0.7039498716595032 0.08000538942626953 0 -7.775963339079359E-8 3.2198289250411544E-8 0.04997704517297947
-0.13806578705455586 -0.7497079460326577 0.08441541385599154 0 -8.248970325449407E-8 3.6618962212735494E-8 0.049977050572779645
-0.14308797449955213 -0.8318118172195702 0.0918642159103333 0 -9.548692346934367E-8 3.19595568717449E-8 0.04997705264950726
-0.09361073890939048 -0.9202510142029422 0.09999999999999995 0 -1.1006164336570237E-7 2.2888480610216326E-8 0.0499770508094114
0.09365704332523053 -0.9202463037324216 0.1 0 -1.0339548184729966E-7 -2.3400377460639225E-9 0.04997705514284732
2.0711142119751377E-5 -0.9249949331376578 0.09999999999999996 0 -1.073453603201353E-7 9.467109695163923E-9 0.04997705771158144
0.12762107521700664 -0.8265826692803618 0.09113421310198927 0 -9.212366880703285E-8 -3.8841264291165E-9 0.04997705959008912
0.08068135396090603 -0.7141673032968792 0.08075294753127603 0 -7.730149691757294E-8 9.822608862149938E-9 0.04997705109030432
0.06358506183867194 -0.7827017733005066 0.08643167294964102 0 -8.35804408391191E-8 9.684402456798506E-9 0.049977063834209065
0.02032803985547743 -0.7231235035279147 0.08113718206932351 0 -7.871892130436182E-8 2.0150206725704558E-8 0.04997705473064778
-0.03309170223836219 -0.7328034628470876 0.08197501691133365 0 -8.29262541618736E-8 2.720143360772844E-8 0.04997705531355735
-0.7926496756412598 -0.2913333375023676 0.0919087000057277 0 -2.6553354396454347E-8 1.2252935436074714E-7 0.04997702930180171
-0.5810426636905172 -0.3157640075984303 0.07626188231201679 0 -2.3126105967092177E-8 9.667880851515315E-8 0.04997702205715698
-0.5773213056470615 -0.42632356756478973 0.08066830857907491 0 -3.646612431511312E-8 9.578912965107643E-8 0.049977031177333396
-0.5604495700519321 -0.38109429561078195 0.0775098294695611 0 -3.117767499749263E-8 9.376055383507342E-8 0.049977025466566544
-0.6449966839705538 -0.44452809810358646 0.08625924084344862 0 -3.947134406859645E-8 1.0105296865556033E-7 0.04997704205580052
-0.6508158876168189 -0.3390076459058359 0.08199721983987755 0 -2.447455959064143E-8 1.0921594253894221E-7 0.049977035133436556
-0.7091826270730177 -0.3233083988571452 0.08590988858162861 0 -2.7113450928302814E-8 1.1680146215781648E-7 0.04997703642441995
-0.7619010673352372 -0.3837317836320327 0.09273617861998763 0 -4.183952531309458E-8 1.2010407799774207E-7 0.049977038747398915
-0.7143597851634016 -0.46065181317541964 0.09243904770387959 0 -4.8666032301539386E-8 1.074810719245381E-7 0.049977042189884045
-0.07537530152887754 -0.7754914719888757 0.0858872030654022 0 -9.076978090703562E-8 2.8569373981570796E-8 0.04997705796325086
-0.048377865911234746 -0.8513117859798408 0.09269807273978156 0 -1.0090877744850722E-7 1.764438388188669E-8 0.04997706260907276
0.043935839967012356 -0.8511210240129371 0.09265635168129686 0 -9.372831112061393E-8 5.055040858485956E-9 0.049977065344850635
-0.004822548609299441 -0.7855262944057825 0.08645491759740057 0 -8.888330496521135E-8 1.9828809435704706E-8 0.04997707070342147
-0.615323196863825 -0.38077552285640776 0.08115372829448383 0 -2.8291616188631745E-8 1.021235286560966E-7 0.049977034616522434
-0.6821995337018092 -0.3893517946424338 0.0864501634511279 0 -3.3716280325188137E-8 1.1065816771905281E-7 0.04997704890212944
