% Model:
% Version:
% Dimension:          3
% Nodes:              691
% Expressions:        4
% Description:        Surface
% X                       Y                        Z                        Color                    DeformX                  DeformY                  DeformZ
0.09361324045256657 0.9202507597854978 0.09999999999999996 0 1.344852424645106E-7 -4.2313726394924765E-9 0.04997700937916351
0.19613059753886136 0.9039628493277616 0.10000000000000006 0 1.2851709320128494E-7 -1.758338599736363E-8 0.04997700880319729
0.2873578563384961 0.8792328678266589 0.09999999999999998 0 1.263196569648876E-7 -2.9514946923801647E-8 0.04997701613300091
0.6177594130735132 0.6884753307245892 0.0999999999999999 0 1.0684483380656648E-7 -7.728125143252415E-8 0.04997702268071406
0.684790004400319 0.6218349412241562 0.09999999999999998 0 9.806331315997165E-8 -8.745801021549076E-8 0.04997701865582718
-2.6622719632544978E-6 0.924994933365257 0.09999999999999995 0 1.3181250473850089E-7 9.212441672771307E-9 0.04997701372038692
0.042840104890621886 0.8515402282381707 0.09269147861274166 0 1.2552896113986584E-7 1.513525618643994E-9 0.0499770239699827
0.37075219693550476 0.8474432642497914 0.09999999999999995 0 1.2691181348014608E-7 -4.277368757936148E-8 0.04997701595746413
0.14341620299378263 0.8294494640794716 0.09164675622284833 0 1.19751114933734E-7 -1.3863910363204803E-8 0.04997701684751645
0.2216527773738334 0.8287572231622684 0.09320319712735281 0 1.1691445380016058E-7 -2.1922620247076462E-8 0.04997702136872982
0.29491717071644885 0.8166669280321706 0.09422261270086468 0 1.1966673690158235E-7 -3.1300849029628086E-8 0.04997702666390135
0.5485314952955888 0.74480230687788 0.1000000000000001 0 1.1008026384951231E-7 -6.487034209749883E-8 0.04997701945636578
0.5518007966248653 0.6760563257947593 0.09465507346897212 0 1.0284674408175851E-7 -6.665171864379135E-8 0.04997703075878147
0.5876935447112426 0.6161088910778022 0.09257893706827944 0 9.763839834871557E-8 -7.629418552443193E-8 0.0499770320250359
0.750154542605984 0.541195955123228 0.09999999999999999 0 8.502508377175093E-8 -9.30919252309557E-8 0.049977022555291996
0.6504705486077746 0.5465931881196746 0.09240305490818576 0 8.526165349487558E-8 -8.343857088393126E-8 0.04997702624620908
0.8010710017272109 0.46249419126110153 0.09999999999999994 0 7.694139015455332E-8 -1.0243741316045112E-7 0.0499770297957862
0.8437752416466553 0.3790359375932063 0.09999999999999998 0 6.655353025760684E-8 -1.1151664859653272E-7 0.04997702814991935
-0.09363126894349026 0.9202489260084377 0.09999999999999998 0 1.2784483144425826E-7 2.0833898995431767E-8 0.04997700949906888
-0.057540995049113 0.8423979795604501 0.09189602276328529 0 1.1650168181771678E-7 1.402317225605757E-8 0.04997702345046495
0.06678793864290467 0.7745216917616872 0.08573266337058709 0 1.1567339050037314E-7 -9.874339166917901E-9 0.049977024219519314
-0.010066347156763604 0.7750831353836388 0.085534709697028 0 1.1051535263289288E-7 -1.4699472321294842E-9 0.049977032150381545
0.33139114289377414 0.7785556133621918 0.09206768166444738 0 1.1768954979207991E-7 -3.942075576061196E-8 0.049977028575572256
0.46249999999999974 0.8010734985006057 0.09999999999999991 0 1.1875848749279455E-7 -5.489692359879007E-8 0.04997701255213444
0.3836506929290542 0.7746515411716933 0.09384509082801115 0 1.1693584756405889E-7 -4.653770342210043E-8 0.04997702097284799
0.1913914876174544 0.7797285375111098 0.08801717214843206 0 1.087008729924086E-7 -2.234480943275259E-8 0.04997702357164916
0.13322424106658332 0.7460807458646898 0.0840331591986956 0 1.0719362323214238E-7 -1.8381752736480714E-8 0.04997701804423713
0.290977677915208 0.7546407636986491 0.08855875058870188 0 1.1153719105398828E-7 -3.725323133639082E-8 0.049977036291305905
0.23873623781901876 0.768060257846817 0.08814793343306236 0 1.0721941434633446E-7 -2.869636992857252E-8 0.04997703273250452
0.0873996338681695 0.6969472503405288 0.07943927986118829 0 1.0168669007572327E-7 -1.421353914828186E-8 0.04997701317103912
0.5230354883414245 0.6422697488364205 0.0903707538749386 0 9.596782502893118E-8 -6.491353562421381E-8 0.04997703907094545
0.4904238791693691 0.6985151762406319 0.09277567976728547 0 1.0184068192451998E-7 -5.804839785347397E-8 0.049977026812714105
0.49825230464030656 0.6040689738252 0.08623250303750964 0 8.678664192099472E-8 -6.741103651156181E-8 0.049977040441412976
0.5828756184496425 0.5332115379316272 0.08685116301599329 0 8.19283121781356E-8 -7.928472271602416E-8 0.04997702941603229
0.5354804188313992 0.5793968081607486 0.0867593250488703 0 8.804633234349958E-8 -7.474939126332227E-8 0.04997703841665028
0.706135052883472 0.46732786457169856 0.09212747065803698 0 7.36157606226383E-8 -8.759673531076007E-8 0.04997703701212724
0.626960623589047 0.4522983371432033 0.08535306995964971 0 6.547351511355176E-8 -8.129423506558218E-8 0.049977033268513826
0.7564175363077812 0.3862256756237963 0.09237249347625182 0 6.68553047126849E-8 -1.007985432020711E-7 0.049977040380239514
0.7978472984237353 0.3041762806928352 0.09281227257926786 0 5.3857499181352474E-8 -1.0499371775747989E-7 0.04997703434334643
0.5572755215547441 0.4510872900080025 0.08061070588876622 0 6.63004644278543E-8 -7.577615746789343E-8 0.04997702330376396
0.8809325160784339 0.2820885436790224 0.09999999999999994 0 5.198258112519662E-8 -1.1300266974653582E-7 0.04997703029588461
0.8318102133114372 0.22322523392999072 0.09353078509252773 0 4.293428578635101E-8 -1.0564040216678529E-7 0.049977041810999684
-0.19616860770583672 0.9039546015730862 0.09999999999999996 0 1.2946074204945972E-7 3.49271104199077E-8 0.049977008952145005
-0.14285595486183858 0.8282574032154257 0.09152546819348939 0 1.1807412735388317E-7 2.443861076331984E-8 0.04997701703717983
-0.08028628936017151 0.7814679591465112 0.08645850584417021 0 1.0880398817535374E-7 1.0955632963511584E-8 0.049977022673005696
-0.04561230651596534 0.7294921334214545 0.08175631121749641 0 1.035280906047059E-7 1.6915657510227502E-9 0.04997701994455999
0.011531729957052473 0.70924084903091 0.0799938250529473 0 1.0333180430763263E-7 -6.656311781409902E-9 0.04997701731375629
0.3464548928541494 0.7191482470167311 0.08759713317592265 0 1.0861056346637226E-7 -4.6800652668805573E-8 0.04997702676871969
0.41227210451772556 0.7140762315680476 0.090018645217313 0 1.0518068471066927E-7 -5.1707253761995166E-8 0.04997702234640776
0.19425119712307035 0.7168127796252429 0.08273823779707913 0 9.988367167156366E-8 -2.8013132435906395E-8 0.04997702228142431
0.1444236460962668 0.6895139486023729 0.07960445430492033 0 9.852233446887891E-8 -2.112311632731023E-8 0.04997701401662755
0.26473613188816314 0.6988930987695542 0.08313425830297129 0 1.0038370553172243E-7 -4.084782175331609E-8 0.04997702911536531
0.31546555307223756 0.6681703741372859 0.0824215607208193 0 9.863429553588959E-8 -4.641575966305041E-8 0.04997702238054061
0.04599891718688658 0.6542488180254783 0.07585611859697282 0 9.553027944292993E-8 -7.179803084028413E-9 0.049977009114702486
0.1041493181168425 0.6209165315731189 0.07394244219969821 0 9.036530135351547E-8 -1.1601124533713487E-8 0.04997700993425005
0.4534199638911959 0.634338879041937 0.0859386615701075 0 8.835023886579069E-8 -5.8704968351755E-8 0.04997703149524678
0.4723939921181885 0.5653277489130147 0.08223903081434113 0 7.970376289482802E-8 -6.733753982066085E-8 0.04997703103546758
0.5096255127299391 0.5106912413470729 0.08097857821614195 0 7.554931610601036E-8 -7.24513407282719E-8 0.04997702544351043
0.49005227512439603 0.44470401859070546 0.07629562530822705 0 6.799231479789191E-8 -6.648374990610835E-8 0.04997701788804406
0.6719229666176102 0.3884051108238118 0.08561888827579651 0 5.7006596066177446E-8 -9.126358805875393E-8 0.04997704597650057
0.585360990165672 0.3703838402167338 0.07867156144500052 0 5.342391672325597E-8 -7.991417209536765E-8 0.04997702471145877
0.7133503615870089 0.32015636681811027 0.08613118221459616 0 5.20440675008388E-8 -9.875950798166786E-8 0.04997703836593142
0.7561533810021166 0.25116889240286866 0.08746370240455795 0 4.2226078597585075E-8 -9.84528312312959E-8 0.049977038278509855
0.4678168231247622 0.39722837411780604 0.07282402579327739 0 6.460691947895413E-8 -6.138927793841394E-8 0.049977018315311754
0.5201731653431543 0.38799390136202994 0.0753439569886662 0 6.0062548677322E-8 -6.997637324260336E-8 0.04997701772240758
0.9051251569294584 0.19071818089926673 0.09999999999999992 0 4.052518422071651E-8 -1.1700478063097167E-7 0.04997703986008046
0.7902639371480997 0.1788726841459575 0.08869278761371618 0 3.3123153200040235E-8 -1.0077929350061223E-7 0.049977052681824834
0.8510855832446352 0.14814580550682155 0.0937894978149824 0 3.516488850116107E-8 -1.1225660743507022E-7 0.04997705040426407
-0.2873939485029833 0.8792210714939994 0.09999999999999992 0 1.2512146581312685E-7 4.752011390703058E-8 0.04997701627842292
-0.23130254147882853 0.8233581280344335 0.09294490463014163 0 1.2028984968957962E-7 3.885376762407126E-8 0.049977023083022404
-0.31654977457237843 0.8071051679018628 0.09409208829712742 0 1.1185727335235536E-7 4.968221414819039E-8 0.049977026744771016
-0.17894546311077822 0.7718277883825889 0.08706002927260566 0 1.1442793529096347E-7 2.6236100861850988E-8 0.049977022222753936
-0.13380906082414656 0.7600240739879769 0.08523325950883374 0 1.100460059023665E-7 1.81951939285348E-8 0.049977018788539516
-0.09794458893422107 0.7138796015511553 0.08090449857215165 0 1.0289914294508896E-7 1.0727207694460514E-8 0.049977014962605544
-0.048508906291745806 0.6781878024575432 0.07767733236817927 0 9.82391976951831E-8 3.820953347082915E-9 0.049977011395144294
-0.0078551337227577 0.6491499078369712 0.07536310530979572 0 9.482492986193149E-8 1.5325549974641E-11 0.04997700863873144
-0.22520922840433794 0.7458968973346558 0.08588793599516023 0 1.1246044385267213E-7 3.0181396572678656E-8 0.04997703042139988
0.3676404370066046 0.6367719158122648 0.08211917016769558 0 9.201435373066797E-8 -5.0984781923565E-8 0.04997701946760831
0.1936377969261951 0.6392946953673746 0.07676490405819383 0 9.252433369868854E-8 -2.7118074058631897E-8 0.049977013442981257
0.2841334503354857 0.6165726819630527 0.07759808624216208 0 9.079161386032551E-8 -4.0853308749636044E-8 0.049977014015731694
0.15199695343335892 0.5713443637747505 0.07128864354870554 0 8.564154972924421E-8 -1.4648755182706023E-8 0.049977016422981906
0.020086990102898376 0.582926818943489 0.07076019404513119 0 8.534048843560322E-8 1.3930289946956086E-9 0.049977010009917125
0.09263905094403112 0.5551170207203663 0.06943102413110944 0 8.057040401354467E-8 -5.3625038929821844E-9 0.04997701874025087
0.40094975894605217 0.5652131577221657 0.07869394977656125 0 8.027108939547055E-8 -5.522732708424965E-8 0.04997701810082915
0.44736034083495335 0.4974141441538551 0.07684191432450417 0 7.339624730314213E-8 -6.138033717925727E-8 0.049977018638246724
0.43140219656813134 0.4287675225971859 0.07244484890584983 0 6.851214242551359E-8 -5.508763875876898E-8 0.04997701919530201
0.6341588941531795 0.31283518999890125 0.0798162445324894 0 4.650880156336543E-8 -8.810305415991789E-8 0.049977028842917486
0.5293785213896149 0.3388907230126146 0.07386902220939724 0 5.4014142044812604E-8 -7.079089487454802E-8 0.049977017681834435
0.5661686439840169 0.30314954318445153 0.07485251919573685 0 4.798575863744939E-8 -7.604477540262044E-8 0.04997701970159558
0.6744856330743808 0.25899543825752414 0.08106282636378112 0 4.0458109423242156E-8 -9.133527174346113E-8 0.0499770304844376
0.7226994437477959 0.19973529248782174 0.08334138075756292 0 3.0885808728468605E-8 -9.390456385777299E-8 0.049977040039341
0.432283916850713 0.3802988180284773 0.07026687195777442 0 6.510722064111175E-8 -5.503933026984531E-8 0.04997702410873632
0.471669282894354 0.34325991058700306 0.07076541111671207 0 5.888386053250395E-8 -6.199309553579764E-8 0.04997702005270031
0.9192877608705788 0.10260257931928718 0.09999999999999994 0 2.9334483459816013E-8 -1.2429493509114524E-7 0.04997704147442093
0.8038717607621602 0.12213857484508563 0.08895470660031483 0 2.7098433359705102E-8 -1.0923614236462415E-7 0.049977057259049246
0.7461230180043805 0.13265602880629776 0.08402816782270865 0 2.059609586086594E-8 -1.0056935030446114E-7 0.04997705130181328
0.8513706752696019 0.07427003550197267 0.09288407134507307 0 2.3934355366993917E-8 -1.1667277387402905E-7 0.04997704778584508
-0.37078556224583165 0.8474286657041801 0.09999999999999998 0 1.159366778210128E-7 5.6445582005379004E-8 0.04997701612712832
-0.2837405614792432 0.7514739211838952 0.08805204152803742 0 1.0696386539189306E-7 3.9113131375126904E-8 0.04997703727317879
-0.34402355613461416 0.7467533926463904 0.08979839619713195 0 1.0237343203021705E-7 4.7926681444957264E-8 0.04997702799173808
-0.37812997462304876 0.7796968295885027 0.09405159466762453 0 1.0684309090356964E-7 5.5552813212318904E-8 0.04997702138157227
-0.1720142422395265 0.7059350940103875 0.08139872432652721 0 1.0557544966217358E-7 2.1051475905632004E-8 0.04997701799834852
-0.11459365381122653 0.6489796043007033 0.07609123122821615 0 9.544387750751065E-8 1.5601383682423153E-8 0.04997700994607936
-0.05636556989485568 0.6123374883168238 0.07290850863136557 0 9.060932169906672E-8 1.0091223671144287E-8 0.04997700875604694
-0.25001651455608 0.6877574831582878 0.0818288600417976 0 1.0201979418676162E-7 2.8199210311870928E-8 0.04997702535635464
-0.052031801679697585 0.5443357511275841 0.06842717285738567 0 8.305413135572293E-8 1.2808635342852851E-8 0.049977017246308576
0.3180361598450387 0.5508547874957042 0.07440724687637126 0 8.189737693191883E-8 -4.2152440395788904E-8 0.04997701062945805
0.22784343961994075 0.5451094489255655 0.0712614275403811 0 8.437062070368474E-8 -2.7427477215582224E-8 0.04997701393570224
0.15223360853370177 0.5114589799667827 0.06762073099832457 0 8.037692949093255E-8 -1.3266952537475784E-8 0.04997703212721491
0.001253333994083932 0.5186888782774371 0.06673044987207258 0 7.722967693239877E-8 4.389328995768894E-9 0.04997701847339213
0.04502055801070238 0.5239593119206278 0.06715619876796415 0 7.52567561566261E-8 -5.694096700638213E-10 0.04997702041202275
0.09307018049889716 0.48701542238591894 0.06541754354915293 0 6.838802581808287E-8 -8.55836496190752E-9 0.04997703692909646
-0.028427878816465992 0.4894039605592073 0.06510500934199118 0 7.584726734986956E-8 6.728398546169075E-9 0.049977023317805874
0.3618627937090411 0.47199806236141684 0.07152593305679358 0 7.200198947016277E-8 -4.425841823132782E-8 0.049977016149070554
0.3818998921620359 0.39282083230988174 0.06849211870683777 0 6.58458687259388E-8 -4.466485530664431E-8 0.0499770317901438
0.5964895386590119 0.24538252217967105 0.07505456752399718 0 4.09369102384521E-8 -7.921002100092671E-8 0.04997702236270167
0.5023235944487768 0.2915186453354023 0.07059623054924216 0 5.0418602468671676E-8 -6.5457713649021E-8 0.04997701969760308
0.5325092597313041 0.25445661626164345 0.07121936353097057 0 4.496690344086763E-8 -6.85115830099704E-8 0.049977021528837616
0.6524176664552401 0.20477109599706136 0.07797707686621597 0 3.3149659861969886E-8 -8.675969641703033E-8 0.04997702819676422
0.6908574756839181 0.1584953945063365 0.07995126254637963 0 2.43266128562347E-8 -9.190847559455946E-8 0.049977036570438636
0.5953591891669738 0.1936606882201294 0.07369160395615945 0 3.597284114983349E-8 -7.806680269179819E-8 0.04997702531130102
0.6892086201904363 0.11760753932384704 0.079182235454291 0 1.8988947351002554E-8 -9.349083402668099E-8 0.049977036642382046
0.405879084331799 0.3317218591300754 0.06705525860874957 0 6.012755556475536E-8 -5.4144105750616565E-8 0.04997703408331859
0.4374027432196878 0.28280425722565 0.06685837267776955 0 5.109049147082958E-8 -5.797678310482133E-8 0.049977027296883025
0.9249999999999994 2.4083227273235917E-16 0.09999999999999988 0 1.4775808657277287E-8 -1.2328518177581521E-7 0.04997703971384365
0.7822439697509949 0.07342341173252223 0.08646750245519459 0 1.7480190700560846E-8 -1.092103518773318E-7 0.049977050433493014
0.7247257834183622 0.08520662975023731 0.08165698245211614 0 1.4568462465279397E-8 -1.002195874441632E-7 0.0499770428852759
0.8252770499196596 2.2719212644267835E-16 0.09008727174442381 0 1.1106612451121827E-8 -1.1024160279585957E-7 0.04997704625502401
0.8548200389796248 -0.0652462727687064 0.09314675085287963 0 5.0417349972918525E-9 -1.1124192906375723E-7 0.04997705077246783
-0.4625 0.8010734985006055 0.09999999999999995 0 1.1165437443448766E-7 6.894855965285919E-8 0.049977012589924236
-0.4789401191209053 0.7197628636157833 0.09385470752197606 0 1.033441526827499E-7 7.140720419636468E-8 0.04997702283491842
-0.5083123257938114 0.6756675576578802 0.09200745306162256 0 9.739956707633906E-8 7.547681916637886E-8 0.04997703190878359
-0.32754350874215143 0.6890222378899378 0.08446715933764734 0 9.76320365004009E-8 4.057021139112274E-8 0.04997702517732334
-0.41247406389305447 0.7144260354671815 0.09005646238462256 0 1.0183121328619892E-7 5.87010803214009E-8 0.049977022300649314
-0.19051431605916905 0.626194724144322 0.07575740850014469 0 9.224297514621577E-8 2.5213711896830498E-8 0.04997701231181762
-0.12546868182070262 0.5661421054611622 0.07053660282173835 0 8.355163291006863E-8 2.3635689711973015E-8 0.049977017553224604
-0.19168892528151546 0.5624523066487603 0.07149027116733264 0 8.030338652906056E-8 2.992112839872099E-8 0.049977015115428604
-0.29003290264585363 0.6297052539110426 0.07871782471366957 0 9.188458784200556E-8 3.520742182384712E-8 0.04997701557895167
-0.10596501162257628 0.5041773372256166 0.0665257287102945 0 7.777487072849278E-8 2.0926440437033286E-8 0.04997703502862905
-0.0710277803670786 0.4813038479979327 0.0648997774631422 0 7.750026831696573E-8 1.2126788942782885E-8 0.04997703180859976
0.27234892372669683 0.47172217328134014 0.06829621029644013 0 7.352088297364538E-8 -3.2363308412717024E-8 0.049977017153950046
0.21079455863719812 0.4693257584201238 0.06648483672306539 0 7.657279414323286E-8 -2.5868134498946263E-8 0.049977024680280716
0.14985938251764008 0.45279307874260605 0.06437801254812757 0 7.261655542647654E-8 -2.2378960230041458E-8 0.049977039838289106
0.18545604713463826 0.4304739947807409 0.06393784680976806 0 7.003308972428207E-8 -2.6949274821723444E-8 0.04997702964248315
0.11053788187593885 0.4306223745782792 0.0626902062642271 0 6.382847367042351E-8 -2.0140094344929843E-8 0.049977036276365454
0.019795838688718648 0.4703114259817322 0.0640444060829731 0 6.898883333245842E-8 -1.252198676452181E-9 0.04997702380159963
0.06533055038853271 0.4354649165439313 0.06247764990259347 0 6.211030826370166E-8 -1.1548771402603552E-8 0.04997702948412961
-0.04037960269203985 0.4408570318083466 0.0625957773306699 0 7.008326137415853E-8 3.978256257783885E-9 0.049977025670625314
0.3329058545937796 0.33325924236807375 0.06406157186555389 0 5.051898180403377E-8 -4.6404143848864007E-8 0.049977047203909046
0.30693864167133966 0.4042133776050551 0.06608285286906407 0 6.063805133499239E-8 -3.473787334021005E-8 0.0499770302488869
0.5387084587482874 0.20560708274998704 0.07032262751622614 0 4.025425178101685E-8 -6.80054184289222E-8 0.04997702790821958
0.47599510640454495 0.23047538821938993 0.06733340193971542 0 4.226252469007308E-8 -5.914690427484639E-8 0.049977029101472344
0.5285393108936259 0.16518893231571916 0.06885934434787161 0 3.698627144906685E-8 -6.689306004841011E-8 0.04997703711202172
0.6359863797306671 0.1341128294488754 0.07542020319546491 0 2.5504840900006736E-8 -8.536189034714157E-8 0.049977028793379626
0.5665181445886517 0.15558354761445173 0.07104008880031383 0 3.457340470940632E-8 -7.413643025795746E-8 0.04997703081973921
0.660910431014522 0.06111123862815046 0.0764443497197492 0 1.4389012583090703E-8 -9.002625580774163E-8 0.04997703041896428
0.3628225028367361 0.2686598783514226 0.06303900336729049 0 4.51937801998426E-8 -5.292340980703721E-8 0.04997703389484024
0.40159415937487913 0.22227119456522582 0.06342742714419668 0 3.7855089577873083E-8 -5.31211718139372E-8 0.04997703140386262
0.8374232558848936 -0.1293417213860296 0.09218338983550127 0 -2.738279595277389E-9 -1.1133767169566382E-7 0.04997706144516718
0.9192877606928149 -0.10260258091221071 0.09999999999999994 0 1.7622851378481694E-9 -1.2081700018379994E-7 0.04997704783929681
0.736498120183538 1.9461726324828643E-16 0.0822207664498539 0 5.34768341994721E-9 -9.861548255449043E-8 0.04997704070764032
0.7859407931602105 -0.07401767626946824 0.08680140328934059 0 -1.9794094740954848E-9 -1.003180692382877E-7 0.04997705547449869
0.7880045515761323 -0.12910173677696724 0.08762058220646912 0 -9.1180752813967E-9 -1.0416846174825444E-7 0.049977065923040596
0.7883546035916829 -0.16488856810254315 0.08824892692988198 0 -1.3416346127006491E-8 -1.0896688546959737E-7 0.04997706554049057
0.7597010793028802 -0.19500257071099414 0.08634694259141451 0 -2.0192409100407148E-8 -1.0606387855748982E-7 0.04997705901094646
-0.5485031394581955 0.7448231888659758 0.09999999999999998 0 1.0528907346897619E-7 8.198433810330844E-8 0.04997701955782734
-0.5596851197575441 0.6634042603718276 0.09419033697962353 0 9.156515619585127E-8 8.13340239695002E-8 0.049977031818166595
-0.4499036574234318 0.6597655574984556 0.08762543161615084 0 9.916646340949657E-8 6.403102124100771E-8 0.049977028572496085
-0.5084523869045262 0.6310249340793687 0.08870435188239581 0 9.247710883926144E-8 7.143493316479889E-8 0.04997704012752014
-0.3679940573528886 0.6373844042186184 0.08217817873449768 0 9.443908051512493E-8 4.743671140605564E-8 0.04997701922919394
-0.42125713605646403 0.6077940464059373 0.08247265847688973 0 9.386287497179486E-8 5.549078770680345E-8 0.049977024289323754
-0.5445828559277581 0.5931276201062035 0.08823074690283744 0 8.319916310066059E-8 7.177595585629212E-8 0.04997703858488513
-0.2598642375444073 0.5690891545970852 0.07365958600480058 0 8.229408077256395E-8 3.542351394762037E-8 0.04997701045582524
-0.146043412013244 0.5032640730580226 0.06704541835555089 0 7.171979770452333E-8 2.615399204813011E-8 0.04997703505276308
-0.17773060720916645 0.5259463281585312 0.06894804779728927 0 7.348282026740741E-8 2.9900376391778795E-8 0.049977023373088424
-0.21172158677062325 0.5198781223671345 0.06933829044213057 0 7.232208721020565E-8 3.27974448948967E-8 0.04997701841172844
-0.31860245148696237 0.5518356333914171 0.07448895588812982 0 8.155018609203231E-8 4.3045079033582753E-8 0.04997701002138946
-0.14030890931253803 0.4679836164169959 0.06501280116403946 0 6.74522370960749E-8 1.9153366337549333E-8 0.04997704207818403
-0.1029411460718821 0.44640858274387013 0.06338188130081228 0 7.078276620551999E-8 1.019578604096827E-8 0.04997703853008073
0.2318898921058528 0.4016450748890024 0.06367695651733307 0 6.215164979427086E-8 -3.060876269926909E-8 0.04997702464596371
0.15384627156060382 0.38391173658918915 0.06118533303935767 0 6.03555385213205E-8 -2.545527707568504E-8 0.04997702487458853
0.08567704016096146 0.39343427128029224 0.06068036954612458 0 5.8809046132372213E-8 -1.6287267319953264E-8 0.04997702528446869
0.05891091878969271 0.3561813785904501 0.05888183035860122 0 5.517931705602841E-8 -9.687750300936301E-9 0.04997701884312917
0.013052198219917915 0.38970549808144694 0.060109559393507296 0 5.960269816555377E-8 -3.74970578673803E-9 0.04997701962904991
-0.07539656272461731 0.38263872680028077 0.06011274428033935 0 6.044382000309337E-8 6.280291927871597E-9 0.049977022217526985
0.29687695963224414 0.26583446546620587 0.06049214663587172 0 4.0799371165487285E-8 -4.359690602638148E-8 0.0499770281796562
0.2625418688185837 0.33648330779519714 0.06181290503458571 0 4.824067701614762E-8 -3.637206269869799E-8 0.04997702877098052
0.4879508039440347 0.1753290332884817 0.06671893154849401 0 3.5624223058351726E-8 -5.9154350666856E-8 0.04997704223205434
0.44078820931890456 0.1777885340956575 0.06428879605061416 0 3.033666323139083E-8 -5.429639559172468E-8 0.04997704118257337
0.5192463818471629 0.12824117265253684 0.06769417632898124 0 3.332505358069705E-8 -6.916319636659567E-8 0.04997704444373603
0.5800435663390094 0.07440259297015445 0.07086095755136958 0 2.2613149504873217E-8 -7.949657888549197E-8 0.0499770298655838
0.637168246229727 1.7636191275501274E-16 0.07448630903843242 0 8.21981028353904E-9 -8.550192283304633E-8 0.04997702859361846
0.394490378891255 0.17177804019933987 0.06198157459134764 0 2.743791502311904E-8 -5.162774214301227E-8 0.04997703442589932
0.33827356631260735 0.19741612693850674 0.060186571415137134 0 3.2985008043822E-8 -4.659694312789753E-8 0.049977026221486996
0.823080640176532 -0.2073363860609292 0.09232209730203018 0 -1.5305934590375963E-8 -1.1540185140093208E-7 0.049977058335842366
0.9051251563026288 -0.19071818387397393 0.09999999999999996 0 -1.0598927608814403E-8 -1.2417321959223647E-7 0.04997705175040801
0.6918887433807663 -0.06772116765551028 0.07886795692620671 0 -4.72161250419423E-9 -9.060742426093452E-8 0.0499770393577708
0.7325342916850162 -0.13408386908087777 0.08291013088256638 0 -1.6057545905020268E-8 -9.749079095466754E-8 0.04997705606796251
0.7578046117703348 -0.24801668508133748 0.08751626752734717 0 -2.4852823691393377E-8 -1.0409394782804942E-7 0.04997705417942233
0.7040732060431756 -0.2032143579310842 0.08191372549943252 0 -2.3203078483629324E-8 -9.612428135941786E-8 0.04997704893921866
-0.6177328508859397 0.6884991641819087 0.09999999999999995 0 9.332126177097275E-8 8.803772946516978E-8 0.04997702248824
-0.6071515389330133 0.6092519905512257 0.0934219469334025 0 8.223217443276307E-8 8.371660788904348E-8 0.04997702835169749
-0.5735399527378838 0.553508622043815 0.08749015204644302 0 7.807679478356409E-8 7.497570028927583E-8 0.04997703096939341
-0.47303326379715877 0.5791284533565412 0.08316905076856485 0 8.96867074906133E-8 5.990389307416065E-8 0.04997703291478173
-0.39181543828090004 0.55445735722153 0.07760084140770421 0 8.492734221633596E-8 5.131083145419537E-8 0.049977015541244826
-0.5240933648557364 0.532232296917964 0.0831006990315747 0 7.902267972656029E-8 6.556172914633823E-8 0.049977029056452266
-0.2730034360466586 0.47285582187369307 0.06837705113188602 0 6.863552493999992E-8 4.076598195133048E-8 0.04997701621532124
-0.19156331121345604 0.4731617410648762 0.06625147072173328 0 6.450404502031349E-8 2.77858917200989E-8 0.04997702873337796
-0.3580569939172612 0.4725541821277962 0.07140049698238948 0 7.022586611844526E-8 5.2243806400364964E-8 0.049977015318964736
-0.30165136280488036 0.4184145297189895 0.06656200918217181 0 6.444060385696669E-8 4.653700532492225E-8 0.049977025627137024
-0.157502577302292 0.4062797025959702 0.06224976286168573 0 5.999543753118014E-8 1.5883835636259206E-8 0.049977028912106626
0.1923176439095004 0.3331039304431941 0.059877835485628056 0 5.144551428704634E-8 -2.7928490653670418E-8 0.049977018993446025
0.10763513709501452 0.32249572723181036 0.058047784011843524 0 5.1986363032223085E-8 -1.5406961433941508E-8 0.049977017191389916
0.02555769618970364 0.3104658173674803 0.05699894508193309 0 5.0148220200730865E-8 -4.0217594191726405E-10 0.04997702064424972
-0.04439277195221167 0.328710102628296 0.0577329050528648 0 5.1333763233654464E-8 6.722393104380633E-9 0.04997701829394763
-0.11902524067374878 0.32805250160257865 0.05839824108948766 0 5.089885334784535E-8 1.4232657088364513E-8 0.04997701672017683
-0.017053837843317182 0.27836069099312905 0.05590951428308119 0 4.3908616099437925E-8 8.026057133790935E-9 0.04997702741169023
0.011677278178983168 0.25977319628253465 0.05533524160416193 0 4.3778469638911285E-8 5.462215573428405E-9 0.04997703359149124
0.26432978404622737 0.19520810401833602 0.05761727712614054 0 3.5246476080046397E-8 -3.4656941345415855E-8 0.04997702319507867
0.22703812963746223 0.26409762190385005 0.058370438456053005 0 4.17736929859804E-8 -3.086116331823211E-8 0.049977019564993876
0.4615326701397575 0.12346215125476942 0.06442192515091573 0 2.3455693003599714E-8 -6.274576487977842E-8 0.049977054658103905
0.41609697408913515 0.13788398400008958 0.06237868126929303 0 2.0887895466791527E-8 -5.531869389073098E-8 0.04997704243464484
0.493812622045095 0.06489296717588176 0.06554297030555511 0 2.067003028755363E-8 -7.138710072866064E-8 0.049977042806204804
0.5965173615012843 -0.07939251741876009 0.07200225824383245 0 7.296478302679254E-10 -7.887584137304791E-8 0.049977033472516856
0.5449077695259101 1.790659953385319E-16 0.06830916124377963 0 1.2717896134169036E-8 -7.328520088700915E-8 0.04997703242507759
0.35923719947272786 0.12552401442410066 0.05970040660633742 0 2.1667481343586646E-8 -4.9150084321028545E-8 0.04997702911304374
0.23462332403576253 0.13422621113694225 0.05564316792853833 0 3.21665690505323E-8 -2.855665436127156E-8 0.049977035060218236
0.29070078878885497 0.12979410487969603 0.05724274123768994 0 2.7912129940772893E-8 -3.88781011691381E-8 0.04997702579112605
0.8014927716328408 -0.29144105877124366 0.09271262928645599 0 -2.6550550220848475E-8 -1.0919990283539965E-7 0.049977053000386816
0.8809325145611795 -0.2820885484172241 0.09999999999999999 0 -2.3812524796307486E-8 -1.217534433466758E-7 0.04997704809178029
0.6510493529215736 -0.15514133280147802 0.07686356365481603 0 -1.5041289454754657E-8 -8.764480284348263E-8 0.049977039296570124
0.5770279320473077 -0.1518434761804153 0.07165568912865206 0 -7.477932297881545E-9 -7.901293482744152E-8 0.049977038839192606
0.7173493567573875 -0.3169596225802428 0.08634023460744476 0 -3.3417960564039765E-8 -9.276301125968378E-8 0.049977057662770344
0.6897625743522149 -0.264441860913035 0.0824063475266023 0 -2.9484995844483144E-8 -9.1300892251461E-8 0.04997704881037795
0.6384778628041973 -0.23491899962832427 0.0777084562971251 0 -2.5276116913623297E-8 -8.565015660156058E-8 0.04997704035791034
-0.6847646792234083 0.6218628292777221 0.09999999999999995 0 8.42163362985768E-8 9.590756237194055E-8 0.049977018058438495
-0.6465139113454264 0.538316822314734 0.09160194260007758 0 7.624758109581196E-8 9.00248061052571E-8 0.04997702604395571
-0.5770660846669927 0.4836246905463882 0.08360849061752018 0 7.334252609427158E-8 7.63943609020707E-8 0.04997702549419641
-0.45509595152323246 0.486640439064581 0.0766367028663977 0 7.355852775852169E-8 5.953415474107488E-8 0.049977017557595836
-0.41803303753571375 0.41861066103869105 0.07131407766744806 0 5.957699998761924E-8 5.995743329483794E-8 0.04997702042658901
-0.5228737105474611 0.469403410425903 0.0794598201715015 0 7.148804248649651E-8 6.768575351381421E-8 0.04997702042069842
-0.2326279902659774 0.402923498403311 0.06375456788963607 0 6.130263770317345E-8 3.169128208024767E-8 0.04997702370301285
-0.2807191746564195 0.3771430143239577 0.06401358518053686 0 6.200832293841512E-8 4.038698405927446E-8 0.049977030608085726
-0.366851516506518 0.3914531813319968 0.06779342734587492 0 5.60079551732276E-8 5.6245016986140517E-8 0.049977033943167014
-0.31784422091904324 0.3574692689417032 0.06445327462614314 0 5.9327239873726164E-8 4.5191252134071206E-8 0.04997704208638061
-0.19326570388917427 0.3347460184966118 0.05996054906425582 0 5.3638948051220636E-8 2.3673078138263972E-8 0.04997701831044395
0.14969050843762158 0.2592715660247785 0.05657975437506353 0 4.41901278039738E-8 -1.7718125113046765E-8 0.04997701831149263
-0.15073713287945018 0.26108437273446894 0.05665087411303694 0 4.111009694135874E-8 2.2348300553336008E-8 0.04997701731488199
0.06630901180929023 0.250856535710505 0.0553186995326227 0 4.539672469676383E-8 -4.046606780287227E-9 0.049977028736041734
0.017981432514459814 0.22651294475696923 0.05443142027174295 0 4.107861546728272E-8 3.1477142290421307E-9 0.04997704513659611
-0.07471068043782808 0.2615864764835527 0.0556965634877458 0 3.921083463231141E-8 1.4155154292993998E-8 0.049977024612647726
-0.014253461472862217 0.23459230484404994 0.05463523466770248 0 3.701810524849199E-8 8.395032847146935E-9 0.049977042610984575
0.20062573683728832 0.09527047772396216 0.05430115527057267 0 2.6962231949344377E-8 -2.7348755833148615E-8 0.04997705081093765
0.18890830540911194 0.1893292231980287 0.05555650018582656 0 3.564075464829689E-8 -2.0123662254152898E-8 0.04997702885634101
0.18353225708574536 0.1263657612272312 0.05431954168807018 0 2.8278858233901355E-8 -1.9842016727094205E-8 0.04997704966035056
0.4146151646677903 0.077681020975073 0.06157475739077052 0 1.4012485306638456E-8 -5.9537887618488616E-8 0.04997703863578909
0.4636209692030302 1.4593888372567647E-16 0.06366862151549985 0 8.642137495155059E-9 -6.254918739172883E-8 0.049977037521682144
0.5270134709035552 -0.12362075461980128 0.0680883893303861 0 -4.5438297101620703E-10 -7.103788511858658E-8 0.04997704962122647
0.5078212312272355 -0.05773868566153319 0.06628756501631428 0 4.925260661936965E-9 -6.452392230217039E-8 0.04997704309454389
0.3331467524821928 0.0633273262949379 0.05801432008933982 0 1.6423829654075848E-8 -4.634765390921137E-8 0.04997702527446425
0.2538184516803514 0.06940494742292715 0.05542696753822805 0 2.377090687048945E-8 -3.544987561847641E-8 0.04997703382557266
0.7635253857731481 -0.3782532475337201 0.0926398396720293 0 -3.581989786674458E-8 -1.0170420438642733E-7 0.0499770627969359
0.8437752388147 -0.3790359438971111 0.09999999999999999 0 -3.523341096020448E-8 -1.1332741307636458E-7 0.049977051946083394
0.5898871014295897 -0.20776639827421509 0.07364495662277286 0 -1.8077516078767E-8 -8.11953656886354E-8 0.049977036959292793
0.5408130551366508 -0.18150058753720788 0.06992281214701015 0 -1.0482963571404826E-8 -7.698187676919035E-8 0.049977042692909604
0.6777956079436661 -0.39290477214771746 0.08626804024189792 0 -4.705177136021569E-8 -8.979150649585979E-8 0.04997707142077796
0.6346730356926773 -0.3174870091624343 0.08001946855914076 0 -3.825831098723809E-8 -8.166296889476458E-8 0.04997704895585088
0.5796784116794852 -0.2776116098201063 0.07488927562467991 0 -2.9715287653583302E-8 -7.807082471072137E-8 0.049977037631742174
-0.7501326501074496 0.5412263004122693 0.09999999999999999 0 7.558662935684824E-8 1.0769490710693706E-7 0.049977021488428815
-0.7186415188607144 0.4635460562865767 0.09293928953994947 0 6.573276744452149E-8 1.0299980936632252E-7 0.04997703584739617
-0.5580584193120213 0.42548332869284045 0.0793877523859349 0 6.7139785302333E-8 7.379535491412118E-8 0.04997702102300684
-0.6328963674406778 0.4470501467799965 0.08550954643040555 0 7.088424712259559E-8 8.755936058310555E-8 0.04997703322937603
-0.6767294999436545 0.3833870641168075 0.08576692861654717 0 6.126911846549954E-8 8.870752857686572E-8 0.049977044450688776
-0.4324706598932547 0.3595596935895599 0.06940707877592157 0 4.8758015762749464E-8 5.996110904117771E-8 0.049977024509293824
-0.48200836859227103 0.4026983386005155 0.07383556549613608 0 5.927649065775496E-8 6.515887071593362E-8 0.04997701629097962
-0.5442886348821633 0.36830034160648034 0.07595460109733419 0 5.805390773222702E-8 7.226948344837193E-8 0.04997701741370464
-0.3182526738785638 0.31228528282505874 0.06275542647814243 0 5.30652552179296E-8 3.825053612719671E-8 0.04997703955270095
-0.25621859628623345 0.32661564029958035 0.06125711843708684 0 5.600434364667156E-8 3.2491984613419175E-8 0.04997702613566232
-0.37474174799433474 0.325215240573534 0.06543736846884436 0 4.535012986017713E-8 4.810154923793439E-8 0.04997704140065663
-0.4300985673768074 0.3012630280350379 0.06711000127247038 0 4.1823268982849396E-8 5.7686700921461305E-8 0.04997702663636097
-0.22695325756190313 0.2565120405768185 0.058144911454045704 0 4.314565246385744E-8 3.027720906338853E-8 0.04997701842224259
-0.18350196867475074 0.18844743574056294 0.05542383280391715 0 3.053000580556034E-8 2.996057383252276E-8 0.04997702840107092
0.11136664405289663 0.19289268576805546 0.0543171535525474 0 3.6310161607744823E-8 -1.0820668820243527E-8 0.04997703322624034
-0.1122914677939212 0.19449452747555573 0.054363926326504504 0 3.103690792529822E-8 1.908453622102592E-8 0.04997703232252481
7.833096257776418E-4 0.19069362679459012 0.05356840441819727 0 3.340729445355804E-8 -8.063346047327942E-10 0.04997705229208381
0.04520143550094839 0.18418512355280772 0.05354594410814683 0 3.676231712413904E-8 -6.0835436073501526E-9 0.04997704523399807
0.017173734845246678 0.1662656573333219 0.05309215701680856 0 3.179045243885863E-8 -5.829571944307385E-9 0.049977048245988885
-0.04746651353754764 0.1829715324610284 0.053532622158623755 0 2.809473684536162E-8 6.350458423862892E-9 0.049977044399937026
0.1909210649037195 0.04684254353730668 0.05369730809312632 0 1.7777924843882522E-8 -2.9270190245241278E-8 0.04997704727918375
0.15384433041034729 0.09209874155024392 0.053330182368177645 0 1.816241640195012E-8 -2.196994225342892E-8 0.049977054331025075
0.13647605991683223 0.1435082568468913 0.053729825805134857 0 2.639632971729025E-8 -1.4177024603230656E-8 0.0499770439494457
0.38492668203237634 1.0023152680894796E-16 0.05989052034096669 0 5.752459623536599E-9 -5.2109701466734016E-8 0.0499770296593126
0.4253355502182104 -0.06042681663517086 0.061949401873126426 0 -3.2703328954807507E-9 -5.3781243417795995E-8 0.04997704196358635
0.48600244774065643 -0.18106149615140063 0.0667271620082264 0 -1.2537060922173117E-8 -7.222075833232565E-8 0.0499770516949595
0.4535801009187721 -0.11979187747949692 0.06395953291420167 0 -1.0840259872076217E-8 -6.008881643432251E-8 0.049977060785171015
0.30024351839566077 1.0287337474471442E-16 0.0566089984335615 0 1.0995255038442943E-8 -4.088643716540777E-8 0.04997702624646285
0.2238875048948223 7.961310541061857E-17 0.054346295287657866 0 1.3269486175985192E-8 -3.074059924232113E-8 0.04997703895159448
0.7176713367395706 -0.46521260674377907 0.09294805270739667 0 -5.0856014890189686E-8 -1.0222456552360259E-7 0.04997706579051774
0.8010709981238167 -0.46249419750242293 0.09999999999999998 0 -4.744762029279812E-8 -1.1093602693926708E-7 0.04997705887856951
0.526450453306162 -0.2376825100162034 0.07038843476625323 0 -2.0376109894823693E-8 -7.481097625914182E-8 0.0499770382339298
0.4546475825643904 -0.23293628734368743 0.06627327609670221 0 -2.0601602600190603E-8 -6.549626157224649E-8 0.049977043868710005
0.5306797663003683 -0.29923675531161764 0.07251363051783592 0 -3.064134217561226E-8 -7.256680177167308E-8 0.049977036560120376
0.6103906305879975 -0.40135765312469507 0.08172372928462608 0 -5.154854163651101E-8 -8.113598150571111E-8 0.049977056027527784
0.6403517767463041 -0.46278562534170165 0.08686037768572827 0 -5.6278830929670814E-8 -8.919002645400564E-8 0.04997706248269025
0.5664981365845182 -0.34007595181336636 0.07621962270586985 0 -3.979639731224678E-8 -7.514695933054973E-8 0.04997704122094204
-0.8010558185062641 0.4625204886241073 0.09999999999999998 0 6.259633408110075E-8 1.1192713012897236E-7 0.049977028140806685
-0.7603438011582597 0.3738096376808479 0.09217483686370775 0 5.070042334102609E-8 1.0147571636578012E-7 0.049977037190155636
-0.6064827120561795 0.3683452405387546 0.0800133246078764 0 6.199305466020165E-8 7.908600987025537E-8 0.049977027108998325
-0.6554904399290363 0.3258387756938692 0.08184700708932659 0 5.444546922431237E-8 8.357701871328856E-8 0.049977031748114444
-0.7173789460644423 0.3218656625868021 0.0865204629875929 0 4.9049098349725904E-8 9.287405885776392E-8 0.04997703611055608
-0.4490633670822638 0.262933614095089 0.06682964731028332 0 3.861691969379557E-8 6.19294141401469E-8 0.049977025070745085
-0.561964870759204 0.31624700130713357 0.07504348009682706 0 5.0686852489876385E-8 7.478683295583389E-8 0.04997701752128305
-0.4969688691845382 0.31115828345845914 0.070963541880969 0 4.574633490116671E-8 6.775493489378314E-8 0.04997701732082305
-0.3445240713159381 0.2767146512083848 0.0625551726814487 0 4.478337311979005E-8 4.084032895164212E-8 0.04997703405888811
-0.29822944351534514 0.2720284218761082 0.06072614652584281 0 4.7241033614137255E-8 3.568112632302833E-8 0.04997702832724471
-0.278960464150049 0.23105339123962187 0.058930977919053947 0 3.9718563197317995E-8 3.568961140342537E-8 0.04997702173053237
-0.39866775255885006 0.2551376793832062 0.06418286265211672 0 3.9297273285176256E-8 5.2259799324770714E-8 0.04997702946984804
-0.43855507291261625 0.22078311851591842 0.06514753629020965 0 3.564214819545511E-8 6.207344859804855E-8 0.04997703013159325
-0.25569422992480945 0.18010642956677383 0.05704280655464758 0 2.931195618160868E-8 3.596339822052887E-8 0.04997702332576971
-0.22047029564306936 0.14293411554993973 0.05541545974285534 0 2.1016730919183818E-8 3.3746940282771856E-8 0.049977035312303
-0.18680865935078536 0.12991541986645877 0.05443956342319764 0 2.113714140236711E-8 3.004691776104306E-8 0.04997704677111193
-0.13865734030206037 0.13413724110678016 0.05361667711440055 0 2.6970496464720747E-8 2.2256125029885977E-8 0.049977045497668446
-0.13558426904309848 0.09984465055515283 0.05311549222562181 0 2.437388621087634E-8 1.77395467981106E-8 0.04997704952684793
-0.25161809751440434 0.1255049475699697 0.05598231997151887 0 1.849960685980233E-8 3.510556187961044E-8 0.049977030343518775
0.19420772375092543 -0.04676552312468657 0.05376845209193871 0 5.69118358888537E-9 -2.383241929934956E-8 0.04997704941702595
0.07844894660138703 0.13587756131386025 0.05290437550856243 0 2.587551642020597E-8 -1.1460239138912124E-8 0.04997704128589348
0.1581850159804538 4.03666044625459E-17 0.05292729798071231 0 7.614082060563183E-9 -2.200132099077865E-8 0.04997704555125654
-0.0793293077376864 0.13740239153093967 0.05293577949983721 0 2.6150935353948135E-8 9.816378311357754E-9 0.04997704084921173
-0.10192189467460562 0.10267269443312377 0.05269596908601703 0 2.457396791086393E-8 1.2221899061570017E-8 0.04997704294843361
-0.004334214649360648 0.15163914092247652 0.05281372846092682 0 2.7814242516321537E-8 -4.363116113530219E-9 0.049977045902997785
0.035198297345602834 0.13784946141786308 0.05265706254873472 0 2.7127794023968482E-8 -8.691749355333877E-9 0.04997704229503575
-0.03647527919163236 0.1302798698937503 0.05254752074115307 0 2.4733052815054688E-8 8.203951241605233E-10 0.04997704086817404
0.12737884186502524 0.04457914646124021 0.05254239887577797 0 1.0719294138717462E-8 -2.0249263669146128E-8 0.04997704451774271
0.10177697427875258 0.08834048795367636 0.05253956863179542 0 1.6077506159356952E-8 -1.582373861764171E-8 0.04997704313944488
0.34118511954802583 -0.062154607897978366 0.058312559079427444 0 -1.1490812781092285E-9 -4.509347753809766E-8 0.04997702945571974
0.37836392981717903 -0.12391451309547875 0.06047575124681005 0 -1.3211484727387355E-8 -5.065871536389654E-8 0.04997704002314362
0.41238404925178007 -0.18021837395374024 0.06296662723972753 0 -1.9090723054181157E-8 -5.8774039478275694E-8 0.04997704705343844
0.1676578507312959 -0.08204581170599337 0.05348225864611659 0 -2.8852308919226358E-9 -2.1225591943001015E-8 0.04997705941514742
0.20181374228166962 -0.09141964150518621 0.05428754190491373 0 1.986450435519676E-9 -2.757436930443415E-8 0.04997705555852835
0.25485064501553883 -0.06881848120103617 0.05545206946541742 0 5.094610581930031E-9 -3.413655029324314E-8 0.04997703744710599
0.6644823007055147 -0.5389515943966049 0.09297818153954257 0 -6.090399863755428E-8 -9.282751286339243E-8 0.04997705946109619
0.7501545366059805 -0.541195963440213 0.09999999999999984 0 -6.040739234621922E-8 -1.066281629534282E-7 0.04997705625317533
0.6027366073062329 -0.5213223560235656 0.08747588350371878 0 -6.033047133578452E-8 -8.076767421593095E-8 0.04997706042841345
0.3907221727608636 -0.23584567652234328 0.06329187670784996 0 -2.303055078630262E-8 -5.248645545399372E-8 0.04997704484357861
0.47890979704271586 -0.2863984098188226 0.06912760288748078 0 -2.622184359330633E-8 -6.67344058153292E-8 0.04997703912285215
0.4250914842628162 -0.2904030737883922 0.06650384046370365 0 -2.5356260925503253E-8 -5.7463715524225994E-8 0.04997704645057471
0.5018045759598764 -0.3463645861940246 0.07254833341115846 0 -3.614162931378081E-8 -6.825607676059242E-8 0.04997703855295783
0.5395049675561714 -0.4037977139333864 0.07721405836956645 0 -4.7945644186738336E-8 -7.165900644505503E-8 0.04997704393768055
0.5629289159938321 -0.47314451663551055 0.08212579004392509 0 -5.707326723385905E-8 -7.389197917043784E-8 0.049977053689467324
-0.8437609348289447 0.37906778281416026 0.09999999999999995 0 5.0448766635531986E-8 1.1428476501456598E-7 0.04997702571288974
-0.7888004165309437 0.2903760964571749 0.0915314985584158 0 4.2163573010615764E-8 1.07566604171651E-7 0.049977032448479945
-0.6102329054490165 0.2953318100128198 0.07752504764743698 0 4.93878952030855E-8 7.990508462732813E-8 0.04997702183813412
-0.6672358697757713 0.2726523999513782 0.08092297245691278 0 4.624413022333307E-8 8.747208821925512E-8 0.04997702740760363
-0.7578216461505273 0.23114048963723496 0.08705889216020636 0 3.869526616549664E-8 1.0528737365928281E-7 0.04997703722416061
-0.7250638207162802 0.2644091498704253 0.08523826785223539 0 4.339038161047333E-8 9.734781467991011E-8 0.049977032718683076
-0.49761740681994665 0.2259943198914076 0.06840949555720777 0 3.389683462221005E-8 7.127512044741886E-8 0.049977025779287816
-0.5531916805568725 0.2548390044927608 0.07250231820116229 0 3.963089146328607E-8 7.59918440618674E-8 0.0499770186098882
-0.3304177610769968 0.2075632873895256 0.060121873146272396 0 3.672132049223063E-8 4.244767798119223E-8 0.04997702426073082
-0.40020050920329836 0.18553375498639196 0.06251643484045977 0 3.491559391328707E-8 5.5021810926299766E-8 0.049977031843262326
-0.4509389353459413 0.1806295394110867 0.06485872161226297 0 3.201982059396455E-8 6.560442092532484E-8 0.0499770390497782
-0.3081655557366316 0.12979030410922685 0.057834162632571066 0 2.3801242059134788E-8 4.0873283420640935E-8 0.04997702309689987
-0.21413652185417031 0.10501643106435352 0.05472829937040968 0 1.421611339887791E-8 2.9613379553481593E-8 0.04997704412941186
-0.1657690318723487 0.09663028560186343 0.05359396061230914 0 2.057745140501337E-8 2.1641734079777948E-8 0.04997705456238892
-0.13208776332768432 0.07040426877471608 0.05277929135503944 0 2.06644427645224E-8 1.451275124998685E-8 0.04997704716316572
-0.2668792736165402 0.06671487334767569 0.05579077358601759 0 1.092882039054961E-8 3.434145547120863E-8 0.04997702873478645
0.13394298555224937 -0.04272165979228181 0.052630185389843605 0 -6.228245902679462E-10 -1.6294027972234458E-8 0.049977047841089924
0.04273067501608838 0.07401170016957918 0.05192584962618541 0 1.5863246405555382E-8 -9.604140769869832E-9 0.04997703389274827
-0.07427627943517315 0.042883429926301064 0.051928801697300825 0 1.6755563941941852E-8 7.214421450894652E-9 0.049977034420225865
0.08580268905133058 2.7924535741052085E-17 0.05192915349305607 0 4.118542212475566E-9 -1.2314526611203335E-8 0.04997703622297923
-0.04304287969149937 0.07455245452975151 0.0519319033593881 0 1.9479121136954085E-8 1.8383809412732693E-9 0.04997703368737319
-2.9796378738924766E-17 0.08577355466188762 0.05192886660175564 0 1.923668199706211E-8 -4.700855471190375E-9 0.049977033696075285
0.0741595043143772 0.04281600977887492 0.05192749553399362 0 1.0080123377766321E-8 -1.2661396150318E-8 0.04997703516632839
0.12170874450296679 -0.07937873255132208 0.05270638285367756 0 -6.9163663003334545E-9 -1.531806947658425E-8 0.04997705118347692
0.1532214795718842 -0.1047515501973591 0.0534601593182905 0 -8.049083854240862E-9 -2.2788651704684588E-8 0.04997705962507928
0.2997814449763266 -0.13025461904441932 0.057552736756421516 0 -7.718803970697595E-9 -4.143322223747399E-8 0.04997703290031072
0.34046960443170665 -0.192505611563268 0.060162576700472446 0 -1.9462804642160255E-8 -4.5604266518065045E-8 0.04997703758310595
0.34557599933864525 -0.25420475687873284 0.06192004258218349 0 -2.6736850444226064E-8 -4.316041639409837E-8 0.04997704637004646
0.17846806103523252 -0.12182655323316931 0.05415222050793654 0 -5.853575515871003E-9 -2.962640790246562E-8 0.04997705848676059
0.23090062297727748 -0.133798202671902 0.055538699139373295 0 -3.7382341952471E-9 -3.553615748212412E-8 0.04997704368051979
0.6050561438570468 -0.6036830020468081 0.09289418017943481 0 -6.635155153055008E-8 -8.24892528560503E-8 0.04997706630329032
0.6847899965302142 -0.6218349498910589 0.09999999999999994 0 -6.900747649879267E-8 -9.476201497099839E-8 0.04997705696669915
0.5365057739834544 -0.6074638984061791 0.08871198704411519 0 -7.037358322713747E-8 -7.180815468131338E-8 0.049977077640258855
0.5490740032503056 -0.5442731464552362 0.08535659345024513 0 -6.333591729834538E-8 -6.958068883690552E-8 0.049977064987130185
0.3750627258693447 -0.2936858939923493 0.06434654814554322 0 -2.7844121572728792E-8 -4.7204645081772694E-8 0.04997705476393989
0.3969354899692888 -0.3460112170117684 0.06719703593166886 0 -3.073517563285769E-8 -5.536518807556507E-8 0.04997705690362278
0.4494990254251991 -0.34835776824770576 0.06980849106780326 0 -3.26384742836129E-8 -6.229097545188718E-8 0.049977044030527704
0.4743994852003083 -0.40954268251415876 0.073738234339428 0 -4.467321466464173E-8 -6.471902457906652E-8 0.04997704221310489
0.5051728219418842 -0.4543425560441293 0.07763963571270259 0 -5.3591791451352515E-8 -6.615363959202619E-8 0.04997704646610977
0.5025098789806551 -0.515963207586209 0.08087711077114171 0 -6.272056455099276E-8 -6.293344043947303E-8 0.04997705688555968
-0.8809225682293763 0.28211960771987943 0.09999999999999996 0 3.899524755157488E-8 1.226460274966869E-7 0.049977026815486936
-0.828550120997359 0.21135039229983998 0.09293041569195869 0 3.078298742607209E-8 1.1659159708525501E-7 0.049977040009360825
-0.4876818695036711 0.16005919777938843 0.06641416297022892 0 2.454668394075591E-8 7.05651931627737E-8 0.04997704408605399
-0.7583678808155521 0.178257805309045 0.085877514601274 0 3.417808931038862E-8 1.0532690148896908E-7 0.04997704583229117
-0.6170663609123308 0.222189336538271 0.07585507468331582 0 3.75469263228886E-8 8.322838550206175E-8 0.049977021349523996
-0.6972424057138273 0.20430689657176634 0.08139617396721441 0 3.865566089696241E-8 9.485991700948327E-8 0.04997703171043214
-0.5518948161465875 0.17422255470543752 0.07046196471921623 0 2.491039243747174E-8 7.695389355330779E-8 0.0499770278946542
-0.36894201678212313 0.12798179161528736 0.06013540062401418 0 2.852802905639299E-8 4.8449425742531686E-8 0.049977028539728116
-0.4362515368769687 0.13236424219261816 0.06326633817399903 0 2.994560156749038E-8 5.8662750021543E-8 0.04997704577293837
-0.33947513674739144 0.06240362523718613 0.058248486325065116 0 1.639877722754498E-8 4.35221666113332E-8 0.04997702307416066
-0.18433654548332082 0.048222709230570565 0.05356505347436668 0 1.1045264382811618E-8 2.054418703372169E-8 0.04997704678601001
-0.13330372693534312 0.03517105967265548 0.052587287930552964 0 1.4865444657204898E-8 1.4868881750814459E-8 0.04997704346714572
-0.08544796042127181 1.2633032021521531E-17 0.05192572029476935 0 1.1217685031781603E-8 1.0588734762972705E-8 0.049977035291338616
-0.2993967149465731 5.4908359945213266E-18 0.05658028588283902 0 4.2536494274013276E-9 3.9337360494610496E-8 0.0499770237006615
-0.22270343343645202 -2.7398019802337882E-17 0.054316401779706945 0 2.1605693771317895E-9 2.9068351941094598E-8 0.0499770370660328
-0.27837086784154214 -0.12617379267311218 0.05679356136910862 0 -1.3327428866646164E-8 3.546241127269678E-8 0.04997703126631061
0.07416648351753428 -0.04282003922369633 0.05192757354063934 0 -1.370449156471708E-9 -8.839418915633735E-9 0.049977037475401304
-0.07423701450489274 -0.04286076030823398 0.051928362278406685 0 5.248293212045388E-9 1.0973480138151746E-8 0.049977036670217766
5.433302611002987E-16 -9.25534990736191E-16 0.051513083863437 0 7.683209339151349E-9 -8.537472151843112E-10 0.049977027549231015
-0.10393602836491157 -0.0928684349452979 0.05261104654913398 0 -1.272903117248269E-9 1.4160836075965927E-8 0.049977047645684045
0.09263290818595533 -0.09340215664313874 0.05249108753880629 0 -7.962160423787662E-9 -1.1783012745521635E-8 0.049977046896124235
0.13365633223327938 -0.131494330544841 0.053500013617672336 0 -1.1684336775779502E-8 -2.2613843330619E-8 0.049977053682117585
0.32685099627426545 -0.2905697969488598 0.06232853198902639 0 -3.3273327515768544E-8 -3.93241605393472E-8 0.04997705409070199
0.25568805190108224 -0.19009790761699052 0.05725179690059135 0 -1.5848256520466316E-8 -3.705388035461029E-8 0.049977034648898994
0.2878012678865199 -0.2461068228137798 0.059620677596610265 0 -2.7186638666328137E-8 -3.703940209191618E-8 0.04997703917554909
0.17648242248939017 -0.17786432905826252 0.055061790182478074 0 -1.3625230509876734E-8 -3.100544288716837E-8 0.04997704304219904
-0.2483235922732361 -0.18165056966040063 0.05686432272721823 0 -1.944380360182605E-8 2.9704922536709303E-8 0.04997703244458516
0.5547456546446986 -0.6639301342123074 0.09391738389868397 0 -7.662150411846055E-8 -8.005020458813112E-8 0.049977072891591846
0.617759403950767 -0.688475338910477 0.09999999999999995 0 -7.815423095463727E-8 -8.694247942261063E-8 0.049977064908759444
0.5055257679581893 -0.637124600070996 0.08897493457515948 0 -7.834399454128324E-8 -7.148359772141717E-8 0.049977077997631236
0.4877536710430043 -0.5826751104622181 0.08420495651136725 0 -7.383569362143631E-8 -6.161530814152583E-8 0.04997707174131276
0.33633282409977666 -0.3398966968888034 0.06444423660906808 0 -3.911281043321499E-8 -4.557946610268271E-8 0.04997706751194481
0.3632772876174715 -0.38800374757803635 0.06749345504717459 0 -4.0609297853381944E-8 -5.650237224503414E-8 0.04997705916133327
0.41704203467651185 -0.4108303752912243 0.07090170067103964 0 -4.2664923792853706E-8 -6.050038319779535E-8 0.049977047067776
0.4381086940659461 -0.4733073985449338 0.07505155127124846 0 -5.547274072732365E-8 -5.9230208345719576E-8 0.049977045347876725
0.4531934148271225 -0.5420428192507506 0.07976926362259741 0 -6.857765835089327E-8 -5.7119368437369514E-8 0.049977056441594656
-0.8565041007211142 0.12935729823844902 0.09401883827528355 0 1.716395047291415E-8 1.1444423263998395E-7 0.0499770449860713
-0.9051192255768068 0.1907463267598074 0.09999999999999999 0 2.585466539431942E-8 1.2513291161979906E-7 0.04997703524958303
-0.7940808377677345 0.13178185399490336 0.08820577601429047 0 2.3706629243367345E-8 1.0561268172762885E-7 0.04997705380836237
-0.33304413722574716 -0.0693067767843958 0.05805530637396814 0 -1.7970910274978205E-9 4.4938270176259465E-8 0.049977026056701006
-0.4742240483662385 0.11256694280313873 0.06494853319711702 0 2.098289606442333E-8 6.055118172939473E-8 0.049977051035149385
-0.5075730010734563 0.12513873893141758 0.06697106660603604 0 1.6852608090344418E-8 6.78421141126689E-8 0.04997704500112068
-0.5430568755805907 0.10886676283437083 0.06886622733636953 0 1.4392908728486303E-8 7.128102030068207E-8 0.0499770341154888
-0.7200856347104287 0.12756375701027653 0.08178787314202199 0 3.0548382898092516E-8 9.531954723996193E-8 0.04997703989280799
-0.6366216770914513 0.1480565042375733 0.07568897320024313 0 2.7997019786946166E-8 8.523794357068791E-8 0.04997702477755828
-0.5817364775186938 0.11498204866540508 0.07140762999266016 0 1.7780911898490808E-8 7.7196638820503E-8 0.04997702668199214
-0.42774238996431574 0.06497482014443741 0.06209784320535726 0 1.9431602224894686E-8 5.265604062957355E-8 0.04997703630636188
-0.3847166606924661 5.007387460326135E-18 0.05988137680814879 0 9.62503192858336E-9 5.0784300312036234E-8 0.04997702618659623
-0.3349183900900527 -0.1391323925724424 0.05894927757126893 0 -9.948518386639977E-9 4.419630532467497E-8 0.04997703023646017
-0.29014129297673835 -0.2192290809213992 0.05898973037684319 0 -2.1209498757365005E-8 3.9065443991290114E-8 0.04997703239775348
-0.30831506111577245 -0.17770170158565646 0.05867258259636438 0 -1.6398133117738935E-8 4.053644734448533E-8 0.04997703044471363
-0.8184909839211807 0.07533925376340875 0.08977629762126751 0 1.3746133798902178E-8 1.0560252909867008E-7 0.04997704537151868
-0.15687445011428935 1.9896548115933566E-17 0.05290395974586269 0 7.811998736613787E-9 2.0203585973810897E-8 0.04997704388536713
-0.12783259126111396 -0.033275347967647646 0.05249920381841622 0 5.992027532380626E-9 1.826269121870479E-8 0.049977044166459664
-0.12619399745448542 -0.06614911525416546 0.05266041061116255 0 2.4106522863634748E-9 1.8441864035869076E-8 0.04997704875973602
-0.24680219676358395 -0.07209570484823002 0.05524990662857362 0 -8.990968652178349E-9 3.296102891032551E-8 0.04997703696605107
-0.22815732549244763 -0.13366956667415794 0.05546555293618707 0 -1.6899077046992898E-8 2.58095598579928E-8 0.049977041518935464
-0.15093740406319942 -0.09389909648308085 0.053299030733839035 0 -2.7888362157805225E-9 1.9694665231261148E-8 0.04997705730291038
-0.17405337917392047 -0.045794392161233266 0.053343830220451034 0 -9.452519782214913E-11 2.562861762525314E-8 0.04997704933582754
-0.18973296493485722 -0.18461798069110347 0.055474546986767154 0 -1.9964376601120026E-8 1.8592610645264976E-8 0.04997703791861176
-0.1364384943575783 -0.14270773398924902 0.05371629461338726 0 -1.088734893243461E-8 1.2488980085253797E-8 0.049977050362838886
0.04273873390329096 -0.07402565857166638 0.05192600533605053 0 -4.016870639413541E-9 -3.5212368516946813E-9 0.04997703789711711
-0.04299754043112493 -0.07447392462720538 0.051931021483395706 0 -5.558391793071937E-10 7.986871228941371E-9 0.049977037517570946
1.3904975238826412E-17 -0.08573627431625096 0.051928505242836896 0 -3.796508063016807E-9 3.008649032272785E-9 0.049977038226943465
-0.07925046645516252 -0.13726583442387433 0.052932952804228266 0 -1.0777688573361653E-8 9.803446897526648E-9 0.04997704779427944
0.078463056828959 -0.135902000944921 0.052904876080197075 0 -1.0623982960773647E-8 -1.1217199265426917E-8 0.04997704868575021
0.11138757858716244 -0.19292894544503636 0.054318208030815426 0 -1.54712552408721E-8 -2.0443086013348022E-8 0.04997704381835089
0.2704412885460667 -0.32134890739138133 0.06148782850104338 0 -4.049224327759567E-8 -3.497856953247935E-8 0.049977048510585376
0.21970172124605267 -0.2547036178054315 0.05790944965811469 0 -2.7179649202673884E-8 -3.106289027737811E-8 0.04997703363032481
0.06445906182530692 -0.2524774236880237 0.05535114833714504 0 -2.225062974316615E-8 -1.4953332631093423E-8 0.04997704247435245
0.14972579901011426 -0.2593326910893636 0.056582144341893334 0 -2.5419931067140553E-8 -2.3746578764645525E-8 0.04997703281761062
0.031363797849434556 -0.30517057546423765 0.0568332914109285 0 -3.2304462922770886E-8 -8.767726351348431E-9 0.04997703772750586
-0.03281109095750645 -0.303248501545522 0.0567724159885361 0 -3.426148350640735E-8 -3.2747190282370716E-10 0.04997703743325074
-0.22974591189928226 -0.25639797529990704 0.058213734017978094 0 -2.5664156070190703E-8 2.9726160779444644E-8 0.04997703129395924
-0.15050660974349658 -0.260685094950677 0.05663516711153095 0 -2.899400828060524E-8 1.6579770251377038E-8 0.04997703058044108
-0.0010639892128916778 -0.35571530812846325 0.05866683852382106 0 -4.0165069759183655E-8 -5.730295053414342E-10 0.04997703716717856
0.4897167015298755 -0.6990669986722716 0.09278011319940965 0 -8.592192861444602E-8 -7.240414283670831E-8 0.049977068776741906
0.5485314847714318 -0.7448023146284537 0.09999999999999996 0 -9.001081910939508E-8 -8.088315819308366E-8 0.049977064608873446
0.4538946410105444 -0.6418290507487608 0.08650541722977732 0 -8.25467864797455E-8 -6.312609371573936E-8 0.049977069586118264
0.43691576165411183 -0.5863880363863174 0.08178506492225697 0 -7.624502969136078E-8 -5.6370823701239104E-8 0.049977061394987754
0.30008338071089913 -0.40108479031261085 0.06570468861303413 0 -4.790564508006583E-8 -4.675783879019732E-8 0.049977053604915236
0.35656776116113886 -0.46142030598113837 0.07075125137743835 0 -5.312583235834343E-8 -5.3352003125049014E-8 0.04997704477582907
0.38634553368626 -0.5411366135074784 0.07653244947706513 0 -6.715407894529495E-8 -5.137576076459219E-8 0.049977046799194534
-0.8641324069088798 0.062174994255793294 0.09403348687291993 0 9.484154642382862E-9 1.132091687713825E-7 0.049977039927261886
-0.9192848102122441 0.10262901652303172 0.09999999999999998 0 1.347315020928671E-8 1.216018808759819E-7 0.04997703583982415
-0.7599167871431189 0.06070075634999409 0.08441733903220823 0 1.7683548537131798E-8 9.769864548190381E-8 0.049977041134187154
-0.3798507417992421 -0.12110542276221137 0.06050058794352799 0 -4.181826296832034E-9 5.091711401727861E-8 0.049977036196500756
-0.40842759083875524 -0.05875232359605665 0.06114052778332879 0 2.8780808424440318E-9 5.707487214912654E-8 0.049977034797344444
-0.5039157942187592 0.07056797810116018 0.06615707446286306 0 1.1722779407798536E-8 6.231274711489944E-8 0.049977038757587085
-0.5548238392163808 0.07638757137486703 0.0692570455361671 0 1.1438942556702166E-8 7.172309423891722E-8 0.049977029649053754
-0.6893460495224285 0.06354738512595373 0.07863780818203954 0 1.9231498509418964E-8 8.988732675274883E-8 0.04997702975945326
-0.6215823870108426 0.05940809814964494 0.0735747228508592 0 1.4054114033324855E-8 8.167885787369488E-8 0.049977023239244814
-0.4662367643365183 -0.05429215722432917 0.06397307879016166 0 -4.500293507889476E-10 6.664897192811248E-8 0.049977040579865524
-0.46385916918682774 -3.671115297680029E-17 0.06368112390889598 0 6.6506713336234995E-9 6.147400687610568E-8 0.049977033482651374
-0.3620108841151937 -0.17400839360604695 0.060635096430618034 0 -1.3239406301349405E-8 4.756906826230945E-8 0.04997703475723616
-0.299671918215507 -0.26919022055739933 0.06068803798570996 0 -2.5822602245103738E-8 4.297320452929327E-8 0.04997704081966628
-0.33027652289156045 -0.22443841547131757 0.060528990644305516 0 -2.1436863105727636E-8 4.568274584803184E-8 0.04997703573961278
-0.8245744171037561 3.2427437940114445E-20 0.09002147282184526 0 4.180914153118771E-9 1.103495427651129E-7 0.04997704017424356
-0.19761019796705673 -0.10158906953187434 0.054303584925033156 0 -1.2104202725257297E-8 2.4324835841056542E-8 0.049977054863007256
-0.18403998396844498 -0.12735803584373423 0.05434432437859784 0 -1.3150948890133989E-8 1.8306324784685257E-8 0.04997705414343811
0.002774404310843052 -0.26370741404826953 0.055444406431408536 0 -2.7429088002145897E-8 -8.881434178543219E-9 0.04997704672092401
-0.11217260429255088 -0.1942886498520168 0.05435789315243198 0 -2.119139145855637E-8 9.4767922564047E-9 0.0499770420072429
-0.059917909088264505 -0.2537684697083779 0.05535616729591674 0 -3.0569765219169666E-8 1.5517861763809972E-9 0.04997704202816862
0.025874926118163173 -0.1326695098536581 0.05254567933671944 0 -9.526314693874279E-9 -5.156920231362359E-10 0.0499770488535778
-0.02524383979971824 -0.13300675455069116 0.05254892004091195 0 -1.0830033752807593E-8 6.388979667630771E-9 0.04997704852896656
0.05493858025113073 -0.18721166728009325 0.05366460039291042 0 -1.3051093876871908E-8 -9.823588493094935E-9 0.049977053051012375
-0.053441146730527585 -0.1870910243981426 0.053652873989227134 0 -2.2005003964009394E-8 4.792459400664742E-9 0.04997705259922168
-0.015811501710617765 -0.22080470166743846 0.05428292799461194 0 -2.4653580418234252E-8 -4.387604898015639E-9 0.049977058723686574
0.001589553534327251 -0.18045943852644147 0.053353802929854637 0 -1.6296769836064763E-8 7.500404460020625E-10 0.04997706121675474
0.01713256069613923 -0.2191946756676691 0.054245341320781695 0 -1.8852719602052728E-8 -8.497803889094133E-9 0.04997705913211515
0.23193963455587202 -0.4017312313397281 0.06368217918749612 0 -4.579705786531481E-8 -3.2362583656380574E-8 0.04997704749932896
0.1923608915779979 -0.3331788376023402 0.059881599761303035 0 -3.8011727348714225E-8 -2.4822117820144905E-8 0.04997703782197862
0.10559774308437371 -0.32641465451667345 0.058167036115944384 0 -3.524333410112173E-8 -1.4180651791321052E-8 0.04997703543521676
0.02839276411724587 -0.3973392921812579 0.060485401730235276 0 -4.690330620908391E-8 -2.592224547114968E-9 0.049977042634810405
0.04349199689707277 -0.3606955682361924 0.05897556113419837 0 -4.121480547851983E-8 -5.544324037654095E-9 0.04997703841008785
-0.2724211583800272 -0.34021230275634196 0.06225471036920945 0 -3.306285462612239E-8 3.635166977911898E-8 0.04997704704187353
-0.04975626500892476 -0.3592625346716331 0.05895024498757896 0 -4.0204490572971657E-8 7.093826897732618E-9 0.0499770377153766
-0.11115524588477288 -0.32319159740630654 0.058116751891295344 0 -3.671917054438578E-8 1.4751454973288821E-8 0.049977033257098034
-0.1929576265867868 -0.33421241295621784 0.05993362613445384 0 -3.630564146078078E-8 2.688175788400266E-8 0.04997703524854453
-0.00580331192480529 -0.44141011755505605 0.06253303354413747 0 -5.121019328834382E-8 5.026741033309771E-10 0.04997704703736563
-0.03317807935019408 -0.4000499580003111 0.06062434517611842 0 -4.46131436926547E-8 5.863442217490459E-9 0.04997704286519177
-0.4124914840826571 -0.7144562081206507 0.09005972521404425 0 -9.033743447701698E-8 5.231318977609673E-8 0.04997705783130029
-0.4625000000000001 -0.8010734985006056 0.09999999999999992 0 -1.039100629298109E-7 5.60461705782887E-8 0.04997705251225751
-0.38371343710296635 -0.7748603000238191 0.09386619334345217 0 -1.0207083708895893E-7 4.734404968548477E-8 0.049977060343404905
0.41226227881814503 -0.7140592129571534 0.09001680581831234 0 -8.663029555741172E-8 -5.80580121774103E-8 0.049977064960368724
0.4625000000000003 -0.8010734985006056 0.09999999999999992 0 -9.653061378343767E-8 -6.773753360125954E-8 0.04997706070143237
0.36763254236248355 -0.6367582418875386 0.08211785344170675 0 -7.904877086230779E-8 -4.729624966268367E-8 0.04997705709713151
0.2724100436150707 -0.4718280360333562 0.06830375115676082 0 -5.320681857118788E-8 -4.132089526324824E-8 0.049977044451153474
0.31808183532075857 -0.5509338997403103 0.07441383187593022 0 -6.611776292797325E-8 -4.337795040005615E-8 0.049977042764640434
0.2111878992556696 -0.5199281931560845 0.06932845783235407 0 -5.7042162672346736E-8 -3.330833080848728E-8 0.04997704868815373
0.021803385387518696 -0.48225449508691837 0.06469299319690376 0 -5.9016128571579975E-8 -6.136007205298162E-9 0.049977049717896675
-0.8627884197170683 -0.05512509329877387 0.09385473111979895 0 -6.007395953882493E-9 1.178842047135372E-7 0.04997704165979535
-0.9249999999999996 -3.487031299242896E-17 0.0999999999999999 0 4.2488117379727996E-10 1.240858327358529E-7 0.049977032804283505
-0.7353276040989696 -1.3378311327871067E-18 0.08212306732579755 0 1.0017702240522065E-8 9.824443131193656E-8 0.04997703492324734
-0.4256923062754768 -0.12215318657273537 0.06260425960749795 0 -3.5127827401764634E-9 5.7076706266286215E-8 0.04997704846655366
-0.4043520178042478 -0.16901983470521803 0.062374130552393804 0 -1.1480833520226561E-8 5.118421311995538E-8 0.04997704176839128
-0.46760448929491655 -0.09647351175034935 0.06440527405535054 0 -5.909708791318428E-9 6.663462117683847E-8 0.0499770524807446
-0.5447672634209793 2.858524015158418E-17 0.06830049229574699 0 2.6114021453578907E-9 7.24711697215062E-8 0.04997702779292703
-0.6361392415232948 1.0428654588114258E-18 0.074412070818866 0 7.1227202577441845E-9 8.479240857424012E-8 0.04997702343459265
-0.5124187514513647 -0.051847896831783355 0.06651654728017117 0 -4.644771905125186E-9 7.185052543585802E-8 0.049977036575759255
-0.36799093114432163 -0.6373789894665451 0.08217765681431857 0 -7.699820671313365E-8 5.120128088495486E-8 0.04997705104255313
-0.31827009850817745 -0.5512599811461146 0.07444098367382036 0 -6.684459033845754E-8 4.179665252855171E-8 0.04997703740755388
-0.31386332305040454 -0.40193360988060217 0.06622216379223078 0 -4.522326210553546E-8 3.44378756327173E-8 0.04997705028356645
-0.344912559069745 -0.4432246070018303 0.06935603931497553 0 -5.348116912630914E-8 3.8995482036599434E-8 0.04997704199421037
-0.3337091490042147 -0.3553876317528073 0.06495432896100803 0 -3.894153504195083E-8 4.116406036424023E-8 0.04997706184183426
-0.383737195098482 -0.21760730691022415 0.06251779019199952 0 -2.122875177547801E-8 5.064080342037238E-8 0.04997703859039916
-0.33230969380311975 -0.3125744339373021 0.06328313435425742 0 -3.2845329863211954E-8 4.811000004582676E-8 0.049977056561716776
-0.3540195296480104 -0.26181915330723304 0.06247659304365877 0 -2.8012565054372614E-8 5.0508774673715865E-8 0.04997704346967647
-0.7962287177911112 -0.06074957956360479 0.08762354715881245 0 -2.055136837146831E-9 1.106915840426276E-7 0.049977046068897954
-0.7351410524947966 -0.06092685497728594 0.08231802271497875 0 2.734796389525425E-9 1.0159281223477507E-7 0.04997704006056945
-0.4839056580716607 -0.700569999447879 0.09257832058039935 0 -8.708148218160561E-8 5.812330137616882E-8 0.049977060022938884
-0.548567403595686 -0.7447758606713796 0.09999999999999995 0 -9.52773895793277E-8 6.600531290518107E-8 0.04997705514138933
-0.43547631470191006 -0.6351536187841573 0.08509247440255902 0 -7.37236797414586E-8 5.735833059175786E-8 0.04997705854332672
-0.4991515386320159 -0.6334110077816721 0.08834372866104905 0 -7.637694973285513E-8 6.364930054476018E-8 0.04997706946927684
0.19075484218748148 -0.47253116432229375 0.06620021711897693 0 -4.9052454685125075E-8 -2.8397734291269926E-8 0.04997705610207146
0.04901016908663563 -0.43723836174505165 0.062459634223422635 0 -5.4536114683847904E-8 -5.734867767614367E-9 0.04997705081777026
0.06673635655852123 -0.4767204709635778 0.06461779605353515 0 -6.147069654866513E-8 -1.182370898160606E-8 0.049977057650779526
0.08201071126761385 -0.3939388987243752 0.06066806698898625 0 -4.704729048758704E-8 -7.554078758098329E-9 0.04997704665718981
0.15779399244920161 -0.40600143052169285 0.06224217224863409 0 -4.477528620623205E-8 -1.7035531487020324E-8 0.049977052100750215
-0.23228029263418432 -0.4023212684393739 0.06371797650698163 0 -4.696987141670337E-8 2.965306887904658E-8 0.04997704418624188
-0.272587327693687 -0.4721351010648927 0.06832563375196132 0 -5.8408965952815023E-8 3.1704569542520497E-8 0.049977039916675806
-0.08918266806588586 -0.39015326021997454 0.06056960464965617 0 -4.331997280550235E-8 1.5543608576350755E-8 0.04997704508045818
-0.15459594130071433 -0.39192658728762203 0.061550218588660825 0 -4.653369071624721E-8 2.459824012123505E-8 0.04997704623447979
-0.18675532053812563 -0.43493251784630643 0.06418357757579085 0 -5.571534681452206E-8 2.5813277640226376E-8 0.04997705152567932
-0.21375905453868752 -0.4723463627877797 0.06671710658979704 0 -6.170628659622627E-8 2.5246043307922314E-8 0.04997704757613748
-0.030837599095424044 -0.4757419881377715 0.06436680609968097 0 -5.3540488106263345E-8 1.4312150330305757E-9 0.04997705022032783
-0.05772042989369192 -0.4373202270026056 0.06251628812885628 0 -4.712363873629011E-8 9.028735188746885E-9 0.0499770515389991
-0.34485879204612635 -0.7195732958375974 0.08756922173357189 0 -9.361602051074617E-8 4.706462013765654E-8 0.04997706355596243
-0.3147326423667731 -0.6679534491621227 0.08237892997106575 0 -8.35135663245087E-8 4.659972156869858E-8 0.04997705631480427
-0.23145619169988374 -0.5426436945370012 0.07120349698950756 0 -6.890715270001242E-8 2.74780883188709E-8 0.0499770411585213
-0.28415939775573246 -0.6153602706014173 0.07751426427315904 0 -7.550333442390374E-8 4.0853809596127526E-8 0.049977044976411866
-0.32938286511096027 -0.7771045511687235 0.09186418681824757 0 -1.0249622698678145E-7 4.006225685654593E-8 0.049977069101434825
-0.29287844997281653 -0.7560683801841978 0.08874412837590734 0 -9.691676924640198E-8 3.7882010735370325E-8 0.04997707544463378
-0.3707535969478622 -0.8474426517245004 0.09999999999999994 0 -1.1203214173035151E-7 4.400812016979953E-8 0.04997705970975325
0.3299132550602819 -0.6955796266909601 0.08507057911176502 0 -8.28974379589679E-8 -4.0894274973851035E-8 0.04997706719480004
0.29721686832567656 -0.7486484838731736 0.08825580478820183 0 -8.981887632824035E-8 -4.022824035427911E-8 0.04997707973024743
0.36329863298780996 -0.7692008953950569 0.09250410835033807 0 -9.005316808694295E-8 -5.209534596965566E-8 0.04997706962172007
0.37078540548822353 -0.84742873429503 0.09999999999999996 0 -1.008443276850372E-7 -5.531694504054024E-8 0.049977066263088676
0.28831363121595577 -0.628175946475062 0.07855241106831119 0 -7.650862876580143E-8 -3.4908128968283654E-8 0.04997705222509227
0.2593907519340379 -0.5686281064407216 0.07361593901057979 0 -6.691702183646371E-8 -3.578322436381423E-8 0.049977043789624795
0.1909808398518187 -0.5616900805542804 0.07142639087555927 0 -6.49245653149819E-8 -3.040265436002891E-8 0.04997704764553967
0.17735047116299676 -0.5251479744589087 0.06889288845838194 0 -5.807084664584349E-8 -3.059138561319385E-8 0.04997705375528548
-0.006975621790116347 -0.518397225687904 0.06671599267023105 0 -6.144275062761159E-8 -4.337839859280825E-9 0.049977046880215044
-0.05196883438319561 -0.5240326103663052 0.06719869985797552 0 -5.974208367476686E-8 5.743909626405067E-10 0.04997704950062511
0.051893656645759574 -0.5409828050063739 0.06822031633188269 0 -6.741660340991783E-8 -1.3495319906270675E-8 0.04997704793517548
-0.8393412000270999 -0.10211595922316324 0.09200820531311653 0 -1.2596675328205556E-8 1.1497907737596353E-7 0.049977050320792665
-0.8023821229894582 -0.12465004703532731 0.08885408731398863 0 -1.2135430241874042E-8 1.0892860669305882E-7 0.04997705772194055
-0.919283847116488 -0.10263764414409532 0.09999999999999995 0 -1.4199097615138472E-8 1.2499770920076425E-7 0.049977039751485194
-0.4286041911968902 -0.211604106404576 0.06443452009247352 0 -2.1399032886947968E-8 5.3285293965654175E-8 0.04997704083492606
-0.6752473549062171 -0.06099766201966174 0.07752927755735106 0 1.889295117754162E-9 9.191104446303496E-8 0.04997703010337073
-0.4690213191754545 -0.16282051739106812 0.06545407679976868 0 -1.580937466302232E-8 5.612739866561971E-8 0.04997705222001545
-0.5199939829281818 -0.12464895604080488 0.06768673130026925 0 -1.7550274237175376E-8 6.880473722378483E-8 0.04997704657679755
-0.5844196053235723 -0.07491703801282976 0.07115392026499068 0 -7.087736519603059E-9 7.928872138481728E-8 0.049977028515615425
-0.40158939943089916 -0.5697012631254147 0.07901179842938963 0 -6.538080261182563E-8 5.539192392301203E-8 0.0499770457710448
-0.3629672679735455 -0.5093150093458657 0.0736457128337714 0 -6.061597247657232E-8 4.6358911104427046E-8 0.04997703701880879
-0.36195665189066545 -0.3775113144203722 0.06698450376718919 0 -4.719480753607148E-8 4.1594837315596106E-8 0.04997705672263252
-0.36626813150114046 -0.41664081435894 0.06892167223823108 0 -5.145507341662984E-8 4.130435865483572E-8 0.04997704637673587
-0.3903068178565833 -0.4466269881485596 0.07141764844659583 0 -5.48233584829052E-8 4.710335809634588E-8 0.04997703977804293
-0.38262787487786487 -0.34149739132768064 0.06638993492953274 0 -4.5503046499759354E-8 4.973177319695585E-8 0.049977055646469024
-0.4062559769371703 -0.26147495596378895 0.06471383725610919 0 -3.0878213396894465E-8 5.4198075084407635E-8 0.049977041052407294
-0.379843340675863 -0.2969419115223147 0.06465963905911938 0 -3.692078692469918E-8 5.3433897731078436E-8 0.04997704973883785
-0.735100345459195 -0.11930462056175606 0.08291132970822639 0 -2.980221663954562E-9 1.0000813286753034E-7 0.04997704833560322
-0.5519968333853201 -0.6639303440969675 0.09374464706266032 0 -8.667988489579422E-8 6.806963363744593E-8 0.049977063744206136
-0.6178002971320175 -0.6884386430529175 0.09999999999999999 0 -9.203674750491188E-8 7.847658909906997E-8 0.04997705433646117
-0.4800125571007386 -0.5637645778356987 0.08255043176744221 0 -6.488341308118738E-8 6.896263986050908E-8 0.04997705825483831
-0.5399346500949583 -0.6040123388311484 0.08868415026698905 0 -7.78350164392161E-8 7.27276885461818E-8 0.04997706813934157
0.1043605879990727 -0.5010308479370807 0.0663275801738497 0 -6.23894656941619E-8 -2.119546158472382E-8 0.04997706382777913
0.14556246178613041 -0.5017461145955597 0.0669511130546236 0 -5.630269325311777E-8 -2.664764594168943E-8 0.04997706421086364
0.1399468089855873 -0.4672126633962517 0.06496624972127404 0 -5.20898242111507E-8 -1.9820563011296027E-8 0.0499770686630128
0.10408488366078729 -0.44405468685268906 0.06327666735135784 0 -5.493004235017397E-8 -1.1014528073946198E-8 0.0499770632870961
-0.1061373350373039 -0.43371612134398735 0.06278756375601147 0 -4.8373478641392954E-8 1.8169456991825466E-8 0.04997705912134772
-0.15386562481962193 -0.515523498759926 0.0678853449092873 0 -6.571419808569053E-8 1.2694082278362854E-8 0.04997705726570061
-0.1533021139497205 -0.45854960024362473 0.06473399748772987 0 -5.882087280590109E-8 2.0711665576842208E-8 0.04997706308668246
-0.09527352708204248 -0.48999184724793526 0.06560563290386158 0 -5.410709962229161E-8 7.428138051218763E-9 0.049977062873297715
-0.09590125636856876 -0.5619999312235504 0.06990127823248256 0 -6.652395565532965E-8 5.3155598541586346E-9 0.04997704747947905
-0.15663037176370528 -0.5733099421965812 0.07149707499548641 0 -7.084808011551864E-8 1.5157946814651316E-8 0.04997704595106528
-0.2643961373711981 -0.69702971973395 0.0829765309474388 0 -8.505540659139759E-8 4.104535559641274E-8 0.049977064881657554
-0.19926692702634366 -0.6350324834465847 0.07658242747619838 0 -7.691951139454714E-8 2.7794538269225038E-8 0.04997704647210164
-0.2937621218403118 -0.8161557505482272 0.0941366022415018 0 -1.0455056323488619E-7 3.203359675210598E-8 0.04997706955711467
-0.2445064351501806 -0.7666415232960113 0.08818261063739219 0 -9.229978501389555E-8 3.006984201873964E-8 0.049977074194385726
-0.28738877712844163 -0.8792227618026947 0.09999999999999998 0 -1.1131902291822036E-7 3.068331439353096E-8 0.04997706258362594
0.24692814396934878 -0.6974874410583481 0.08250617855893734 0 -8.858284676004182E-8 -2.785189713911334E-8 0.04997706796210757
0.2521627428797361 -0.7694593063835823 0.08864404636431372 0 -9.810549909317287E-8 -3.6915769019671586E-8 0.04997707934028758
0.297447604941039 -0.8106467532563326 0.09375141746476387 0 -9.868481131492513E-8 -4.683694763171278E-8 0.04997707532319854
0.28742318143973467 -0.8792115158194408 0.09999999999999996 0 -1.0995119550737977E-7 -4.63219875583724E-8 0.04997706769469756
0.18957159845420457 -0.6243064952889011 0.07560329744867302 0 -7.665977707748398E-8 -2.5455686210905836E-8 0.04997704821249976
0.12475562378528372 -0.5650913910725972 0.07045918166236258 0 -6.828237119573556E-8 -2.387276935455995E-8 0.0499770497947163
0.16970055881419605 -0.6915759378642314 0.08021607449160519 0 -8.80142518526996E-8 -2.0582598937758167E-8 0.04997705603511832
-0.02127679909875186 -0.5862434400348021 0.07098260267248739 0 -7.055888257394524E-8 -1.4643613029927352E-9 0.04997704176461273
0.047679088889249585 -0.6125339534466792 0.07287094188782159 0 -7.535280370743006E-8 -9.139376491907678E-9 0.04997704267351789
-0.8531067718150073 -0.15803750226362162 0.09415708085227006 0 -2.123015526274933E-8 1.1203609741498706E-7 0.04997705065373476
-0.7842181949983064 -0.17459658052838975 0.08806681761589173 0 -1.642777391027919E-8 1.0048266043465807E-7 0.049977056129495226
-0.9051158299750597 -0.19076243784282004 0.09999999999999996 0 -2.550752834129886E-8 1.1764750958969042E-7 0.0499770424826612
-0.47800098007166625 -0.2183882854981824 0.06713458210584479 0 -2.5404969044343788E-8 5.784462022497298E-8 0.04997703876645296
-0.4503344724862791 -0.2539143429242661 0.06663047103760426 0 -3.038945583293362E-8 5.70890855599618E-8 0.04997703699684989
-0.647719142022224 -0.1435812801370505 0.07642272847163623 0 -1.0378885778944099E-8 8.628300579095416E-8 0.049977031662377845
-0.5329845388239062 -0.1985594752136453 0.0698139205090511 0 -2.447404214076266E-8 6.608474676473229E-8 0.04997703550781491
-0.5744027965338088 -0.14938461510286838 0.07144252826293569 0 -1.799092313061701E-8 7.494129159022724E-8 0.049977033095504435
-0.44626651447182913 -0.4769553831048422 0.07565680574632234 0 -5.6589459516876546E-8 5.99801086854441E-8 0.04997703889109272
-0.5140310251048448 -0.4921578818310024 0.08018045280724437 0 -5.807135076920851E-8 7.213424832332394E-8 0.04997704471380045
-0.4256087219342948 -0.3924588186076942 0.07047472570296819 0 -5.104740379515079E-8 5.3031451131356965E-8 0.04997704082477986
-0.44295395304453694 -0.3153758255937713 0.06823813858748431 0 -4.1478019091073544E-8 5.787276444996635E-8 0.04997703809913067
-0.722493271850469 -0.18466121884148878 0.08299584497449673 0 -1.2966903015372015E-8 9.404354072620292E-8 0.04997704540250664
-0.6008930547011089 -0.6092572756078648 0.09299302035398636 0 -8.191229888140407E-8 7.883038921007698E-8 0.049977057156758584
-0.684830613311738 -0.6217902179859557 0.09999999999999995 0 -8.332432425360161E-8 8.848859669645654E-8 0.04997704539937419
-0.5678213237459835 -0.5376676061363831 0.08613904983735729 0 -6.757858301194443E-8 7.865387376845226E-8 0.04997705386708938
-0.10379006268918359 -0.6311723493295895 0.07466578004946203 0 -7.659416683412414E-8 1.216919400508134E-8 0.049977043467232946
-0.2012336657215405 -0.7196538123444206 0.08312630758513646 0 -8.481302079244437E-8 2.9275521587367622E-8 0.049977061801289926
-0.14538614431124028 -0.6947291331504665 0.08002955113164488 0 -8.398763281198262E-8 2.1238398767903774E-8 0.04997705175771915
-0.2244810935107963 -0.8295744817427091 0.09335179876408069 0 -1.0203380833454081E-7 2.303137757918279E-8 0.049977065656881384
-0.1948530319449167 -0.7756068237085788 0.08772926134592988 0 -9.292180390518253E-8 2.351824961356493E-8 0.04997706563428224
-0.1961900777341867 -0.9039499420937565 0.09999999999999996 0 -1.1357526797570851E-7 1.8857862205567116E-8 0.04997705768516839
0.18083964416846282 -0.7595104378227607 0.08602850609777067 0 -9.800521489114035E-8 -2.5097630241346327E-8 0.0499770662720946
0.22639239794839497 -0.823169454837357 0.09279966487488275 0 -1.0520568671642871E-7 -3.7256770275791135E-8 0.049977070584022
0.1962292603758944 -0.9039414372048344 0.1 0 -1.1439853270462245E-7 -3.370842132497444E-8 0.049977061151281595
0.115198487208555 -0.6531897985847656 0.07640980333620502 0 -8.084611296922808E-8 -1.5508828570449798E-8 0.04997704715860767
0.13075868837865867 -0.7179080095003469 0.08165710231721485 0 -8.978548130641368E-8 -1.5711127471620297E-8 0.04997705674058239
0.11581756539084577 -0.7588114009433137 0.08487399945221091 0 -9.339344506935084E-8 -1.4909608732382227E-8 0.049977061992867895
0.049373389215154787 -0.6762514634930521 0.07753347573866784 0 -8.284179636867672E-8 -4.1550516686719725E-9 0.04997704908731362
-0.018713178495829663 -0.6598847879456909 0.07617577755495697 0 -8.116192398465552E-8 4.1307365108935305E-9 0.04997704585503613
-0.6738902730202501 -0.2204985208373878 0.07997070091519397 0 -1.9534958118160837E-8 8.921796791347086E-8 0.04997703629695519
-0.8340398056073672 -0.21902107573341584 0.09363611174877712 0 -2.742296237769439E-8 1.0629091994619198E-7 0.04997704682642344
-0.7682837005378527 -0.21778108265977308 0.08762455506029669 0 -2.193184674097586E-8 9.798321788618107E-8 0.04997704842385302
-0.8809151182252344 -0.2821428693025129 0.09999999999999996 0 -3.694825926817402E-8 1.1365307200107704E-7 0.04997703748507671
-0.5165019276401033 -0.27345997871285094 0.07083650833060155 0 -3.2398663553775714E-8 6.610251712508887E-8 0.049977030159852984
-0.598583551544961 -0.22602979228178174 0.07467942546060534 0 -2.3777624314412306E-8 7.840466318480774E-8 0.0499770298424623
-0.5551101229584549 -0.47007014883430126 0.08146563252731462 0 -5.453271463024852E-8 7.593207999602311E-8 0.049977043981852
-0.5105636494997625 -0.4275668331221898 0.07661161867134536 0 -5.009402931514027E-8 6.898447952031983E-8 0.049977036111311685
-0.504302912589223 -0.3476237550984314 0.07274022680505549 0 -4.1818424921186765E-8 6.648092613225913E-8 0.04997703131612102
-0.7177089386751472 -0.2549295522420565 0.0843570467432338 0 -2.5725809303232905E-8 9.523313711240519E-8 0.049977042304368634
-0.6531660790226061 -0.2763311132584134 0.0799841441751332 0 -2.7455389836482075E-8 8.91297566852754E-8 0.049977037279620135
-0.8437556437212325 -0.37907955935377746 0.0999999999999999 0 -5.164558282642173E-8 1.1216413923419184E-7 0.049977040292302925
-0.8010515387579304 -0.4625279007956028 0.09999999999999996 0 -6.204488831555808E-8 1.0320434963094282E-7 0.04997704659778078
-0.7501479603301011 -0.5412050791178039 0.09999999999999992 0 -7.031183856227958E-8 9.403776278664804E-8 0.049977044087173746
-0.5998767009898777 -0.4788913706345559 0.08487289614566725 0 -5.5889842146365906E-8 7.968152805372347E-8 0.049977048283617515
-0.6562422498346266 -0.5241856689594518 0.09146905933596002 0 -6.61236936017037E-8 8.400393560846431E-8 0.049977049501013865
-0.08839747535315964 -0.7039498716595032 0.08000538942626953 0 -8.765327982311973E-8 1.4566831288738942E-8 0.04997705226642009
-0.13806578705455586 -0.7497079460326577 0.08441541385599154 0 -9.229713459217927E-8 1.9004190715033272E-8 0.04997705885179879
-0.14308797449955213 -0.8318118172195702 0.0918642159103333 0 -1.051408366618233E-7 1.4420264445399144E-8 0.04997706184622142
-0.09361073890939048 -0.9202510142029422 0.09999999999999995 0 -1.1954232607511313E-7 5.465434637601588E-9 0.04997706021237762
0.09365704332523053 -0.9202463037324216 0.1 0 -1.1286031353472993E-7 -1.965182853776622E-8 0.04997706182072248
2.0711142119751377E-5 -0.9249949331376578 0.09999999999999996 0 -1.1681554649045329E-7 -7.899925705825268E-9 0.04997706580953193
0.12762107521700664 -0.8265826692803618 0.09113421310198927 0 -1.0176793096036245E-7 -2.127071767041636E-8 0.04997706478843446
0.08068135396090603 -0.7141673032968792 0.08075294753127603 0 -8.716538157500729E-8 -7.702253017875307E-9 0.04997705581760673
0.06358506183867194 -0.7827017733005066 0.08643167294964102 0 -9.332399938219719E-8 -7.789636739744581E-9 0.04997706952279293
0.02032803985547743 -0.7231235035279147 0.08113718206932351 0 -8.857709062233446E-8 2.5944997941538866E-9 0.04997706043874799
-0.03309170223836219 -0.7328034628470876 0.08197501691133365 0 -9.277073481327598E-8 9.623442594759358E-9 0.04997706190156803
-0.7926496756412598 -0.2913333375023676 0.0919087000057277 0 -3.632286888686077E-8 1.0417079682546472E-7 0.04997704351778641
-0.5810426636905172 -0.3157640075984303 0.07626188231201679 0 -3.324758138545896E-8 7.850766589935503E-8 0.04997703272717559
-0.5773213056470615 -0.42632356756478973 0.08066830857907491 0 -4.653883855830837E-8 7.774325715110741E-8 0.04997704243961046
-0.5604495700519321 -0.38109429561078195 0.0775098294695611 0 -4.1295562998098885E-8 7.567112225140182E-8 0.049977036183834846
-0.6449966839705538 -0.44452809810358646 0.08625924084344862 0 -4.945195687969753E-8 8.299036094294384E-8 0.04997705437614378
-0.6508158876168189 -0.3390076459058359 0.08199721983987755 0 -3.448954783212717E-8 9.100046649319861E-8 0.04997704699523823
-0.7091826270730177 -0.3233083988571452 0.08590988858162861 0 -3.702427586171899E-8 9.852030376131784E-8 0.04997704920460932
-0.7619010673352372 -0.3837317836320327 0.09273617861998763 0 -5.163177589777128E-8 1.0184552220284071E-7 0.049977052570763146
-0.7143597851634016 -0.46065181317541964 0.09243904770387959 0 -5.8522947079821394E-8 8.938538313218108E-8 0.049977055605705874
-0.07537530152887754 -0.7754914719888757 0.0858872030654022 0 -1.0053634994093553E-7 1.1007800283600776E-8 0.04997706560474898
-0.048377865911234746 -0.8513117859798408 0.09269807273978156 0 -1.1053146309936698E-7 1.7101851040091606E-10 0.0499770706438884
0.043935839967012356 -0.8511210240129371 0.09265635168129686 0 -1.0334403133059377E-7 -1.2364165535728557E-8 0.04997707203254096
-0.004822548609299441 -0.7855262944057825 0.08645491759740057 0 -9.863046418618386E-8 2.3150102514722685E-9 0.04997707742372014
-0.615323196863825 -0.38077552285640776 0.08115372829448383 0 -3.8348770954632477E-8 8.3990079812113E-8 0.049977046125788654
-0.6821995337018092 -0.3893517946424338 0.0864501634511279 0 -4.366043331398652E-8 9.247832943948011E-8 0.04997706144066443
