% Model:
% Version:
% Dimension:          3
% Nodes:              691
% Expressions:        4
% Description:        Surface
% X                       Y                        Z                        Color                    DeformX                  DeformY                  DeformZ
0.09361324045256657 0.9202507597854978 0.09999999999999996 0 1.3036065674291543E-7 3.93436182217639E-9 0.04997702381571834
0.19613059753886136 0.9039628493277616 0.10000000000000006 0 1.2450965372974904E-7 -8.964085974117915E-9 0.0499770249940613
0.2873578563384961 0.8792328678266589 0.09999999999999998 0 1.224743342393233E-7 -2.0491572846871295E-8 0.04997703363696524
0.6177594130735132 0.6884753307245892 0.0999999999999999 0 1.0423426693798736E-7 -6.677185019602793E-8 0.049977041979268506
0.684790004400319 0.6218349412241562 0.09999999999999998 0 9.584960053963615E-8 -7.660517555610277E-8 0.049977037437815466
-2.6622719632544978E-6 0.924994933365257 0.09999999999999995 0 1.2763568273183573E-7 1.6964384777706406E-8 0.049977026333451705
0.042840104890621886 0.8515402282381707 0.09269147861274166 0 1.2185731558411822E-7 9.568102234924114E-9 0.04997703637643833
0.37075219693550476 0.8474432642497914 0.09999999999999995 0 1.2326846696965143E-7 -3.337997009433418E-8 0.049977034418652866
0.14341620299378263 0.8294494640794716 0.09164675622284833 0 1.1624169424459285E-7 -5.345389048383576E-9 0.04997703089430222
0.2216527773738334 0.8287572231622684 0.09320319712735281 0 1.1341058819382284E-7 -1.3080327436751935E-8 0.04997703687728079
0.29491717071644885 0.8166669280321706 0.09422261270086468 0 1.1623884654080173E-7 -2.214863089466612E-8 0.04997704330877867
0.5485314952955888 0.74480230687788 0.1000000000000001 0 1.0710023980651454E-7 -5.4678977268842526E-8 0.04997703891368906
0.5518007966248653 0.6760563257947593 0.09465507346897212 0 1.0033046608596672E-7 -5.6353386435933354E-8 0.04997704903441463
0.5876935447112426 0.6161088910778022 0.09257893706827944 0 9.550171623199599E-8 -6.579474790684915E-8 0.049977049650591944
0.750154542605984 0.541195955123228 0.09999999999999999 0 8.322200150760292E-8 -8.183549973304827E-8 0.04997704055659905
0.6504705486077746 0.5465931881196746 0.09240305490818576 0 8.350791061355555E-8 -7.260455475172713E-8 0.04997704329370778
0.8010710017272109 0.46249419126110153 0.09999999999999994 0 7.548094539912155E-8 -9.08054716478649E-8 0.049977047108329356
0.8437752416466553 0.3790359375932063 0.09999999999999998 0 6.54404781028402E-8 -9.95504276051949E-8 0.04997704491146372
-0.09363126894349026 0.9202489260084377 0.09999999999999998 0 1.2366499783566172E-7 2.817318602880437E-8 0.04997702009994973
-0.057540995049113 0.8423979795604501 0.09189602276328529 0 1.1286152302824937E-7 2.1644421168845556E-8 0.04997703369288758
0.06678793864290467 0.7745216917616872 0.08573266337058709 0 1.1251987766691357E-7 -1.6049722548191991E-9 0.04997703597136431
-0.010066347156763604 0.7750831353836388 0.085534709697028 0 1.073406776417846E-7 6.46031425155712E-9 0.04997704239529042
0.33139114289377414 0.7785556133621918 0.09206768166444738 0 1.145102450541308E-7 -3.0070411207094744E-8 0.049977045245041124
0.46249999999999974 0.8010734985006057 0.09999999999999991 0 1.1541031333660316E-7 -4.509357305060891E-8 0.04997703173710126
0.3836506929290542 0.7746515411716933 0.09384509082801115 0 1.1377641832172402E-7 -3.69828310779144E-8 0.0499770384538774
0.1913914876174544 0.7797285375111098 0.08801717214843206 0 1.0552274978060775E-7 -1.3555285534973262E-8 0.04997703776685935
0.13322424106658332 0.7460807458646898 0.0840331591986956 0 1.0423414521846362E-7 -9.789739111461522E-9 0.04997703064679739
0.290977677915208 0.7546407636986491 0.08855875058870188 0 1.0851839958663352E-7 -2.8027076561930503E-8 0.04997705188300265
0.23873623781901876 0.768060257846817 0.08814793343306236 0 1.0411665602072868E-7 -1.9697414169603955E-8 0.04997704761128962
0.0873996338681695 0.6969472503405288 0.07943927986118829 0 9.904036140822882E-8 -5.754871076255827E-9 0.04997702418462467
0.5230354883414245 0.6422697488364205 0.0903707538749386 0 9.366354212325762E-8 -5.4671110676118244E-8 0.049977056388562945
0.4904238791693691 0.6985151762406319 0.09277567976728547 0 9.917191780010311E-8 -4.799281018246126E-8 0.04997704465631515
0.49825230464030656 0.6040689738252 0.08623250303750964 0 8.47128036939097E-8 -5.7218442864067903E-8 0.0499770567653782
0.5828756184496425 0.5332115379316272 0.08685116301599329 0 8.027918976692527E-8 -6.868961210716978E-8 0.049977045485213575
0.5354804188313992 0.5793968081607486 0.0867593250488703 0 8.613149557759161E-8 -6.43956450544882E-8 0.04997705477051368
0.706135052883472 0.46732786457169856 0.09212747065803698 0 7.223422646827888E-8 -7.639859194127246E-8 0.04997705330414019
0.626960623589047 0.4522983371432033 0.08535306995964971 0 6.424866691623557E-8 -7.03925124183907E-8 0.049977048430143646
0.7564175363077812 0.3862256756237963 0.09237249347625182 0 6.580448501663436E-8 -8.921731979571054E-8 0.04997705610500816
0.7978472984237353 0.3041762806928352 0.09281227257926786 0 5.31541140524162E-8 -9.312050701129651E-8 0.049977049674887926
0.5572755215547441 0.4510872900080025 0.08061070588876622 0 6.51174535141343E-8 -6.515036325699721E-8 0.04997703766080631
0.8809325160784339 0.2820885436790224 0.09999999999999994 0 5.12811633077152E-8 -1.007812124837119E-7 0.04997704653819446
0.8318102133114372 0.22322523392999072 0.09353078509252773 0 4.2579984905349825E-8 -9.357362296504693E-8 0.04997705680363098
-0.19616860770583672 0.9039546015730862 0.09999999999999996 0 1.253302796104457E-7 4.1814428895449646E-8 0.04997701714572399
-0.14285595486183858 0.8282574032154257 0.09152546819348939 0 1.144856579031225E-7 3.1687599914144645E-8 0.04997702531220943
-0.08028628936017151 0.7814679591465112 0.08645850584417021 0 1.055608612892917E-7 1.8559291644319918E-8 0.04997703159119457
-0.04561230651596534 0.7294921334214545 0.08175631121749641 0 1.0063952333858667E-7 9.521607664489662E-9 0.04997702883649891
0.011531729957052473 0.70924084903091 0.0799938250529473 0 1.0059197627037033E-7 1.4554536099810713E-9 0.049977027048261596
0.3464548928541494 0.7191482470167311 0.08759713317592265 0 1.0581581058209566E-7 -3.731016054178531E-8 0.049977042731739606
0.41227210451772556 0.7140762315680476 0.090018645217313 0 1.0241201747371626E-7 -4.1959293248269284E-8 0.049977039284647924
0.19425119712307035 0.7168127796252429 0.08273823779707913 0 9.711529287949679E-8 -1.9128335246447533E-8 0.04997703556807636
0.1444236460962668 0.6895139486023729 0.07960445430492033 0 9.592844061194785E-8 -1.2412383639524872E-8 0.049977025982356274
0.26473613188816314 0.6988930987695542 0.08313425830297129 0 9.772678953652451E-8 -3.165378177373477E-8 0.049977043372605404
0.31546555307223756 0.6681703741372859 0.0824215607208193 0 9.616772181861543E-8 -3.698285642757396E-8 0.049977037008635525
0.04599891718688658 0.6542488180254783 0.07585611859697282 0 9.314901151592139E-8 1.1495355715403477E-9 0.049977018728415756
0.1041493181168425 0.6209165315731189 0.07394244219969821 0 8.820199814754134E-8 -2.9822037164692572E-9 0.049977020148756955
0.4534199638911959 0.634338879041937 0.0859386615701075 0 8.608200839154624E-8 -4.8706201484909264E-8 0.04997704771604705
0.4723939921181885 0.5653277489130147 0.08223903081434113 0 7.786386813277979E-8 -5.719821507912214E-8 0.04997704632614678
0.5096255127299391 0.5106912413470729 0.08097857821614195 0 7.403869791205213E-8 -6.210308038157735E-8 0.049977040251860845
0.49005227512439603 0.44470401859070546 0.07629562530822705 0 6.6860108400349E-8 -5.611518371118357E-8 0.04997703133000036
0.6719229666176102 0.3884051108238118 0.08561888827579651 0 5.6062492866011475E-8 -8.004632164696898E-8 0.0499770606667755
0.585360990165672 0.3703838402167338 0.07867156144500052 0 5.265012595841225E-8 -6.903735537795309E-8 0.04997703814306364
0.7133503615870089 0.32015636681811027 0.08613118221459616 0 5.1369765941874846E-8 -8.725185247959766E-8 0.049977052733029395
0.7561533810021166 0.25116889240286866 0.08746370240455795 0 4.182933695865572E-8 -8.670258715199181E-8 0.049977052489668335
0.4678168231247622 0.39722837411780604 0.07282402579327739 0 6.374051264310993E-8 -5.104318672033573E-8 0.04997703071479744
0.5201731653431543 0.38799390136202994 0.0753439569886662 0 5.922976283685308E-8 -5.9401820153778256E-8 0.049977030633809864
0.9051251569294584 0.19071818089926673 0.09999999999999992 0 4.022565930410084E-8 -1.046590270191958E-7 0.049977055571700846
0.7902639371480997 0.1788726841459575 0.08869278761371618 0 3.30331395318367E-8 -8.886323092953674E-8 0.04997706666230076
0.8510855832446352 0.14814580550682155 0.0937894978149824 0 3.514867655082264E-8 -1.0010879187322323E-7 0.04997706494166136
-0.2873939485029833 0.8792210714939994 0.09999999999999992 0 1.2108369874777418E-7 5.400760391188755E-8 0.049977022153179826
-0.23130254147882853 0.8233581280344335 0.09294490463014163 0 1.1667166513522769E-7 4.569081517186103E-8 0.049977029416188055
-0.31654977457237843 0.8071051679018628 0.09409208829712742 0 1.0826926816161339E-7 5.612721654545575E-8 0.04997703101469531
-0.17894546311077822 0.7718277883825889 0.08706002927260566 0 1.1119212879099467E-7 3.339304289397814E-8 0.0499770289673513
-0.13380906082414656 0.7600240739879769 0.08523325950883374 0 1.0691644117018769E-7 2.5579878642268723E-8 0.04997702631129007
-0.09794458893422107 0.7138796015511553 0.08090449857215165 0 1.0008895365520843E-7 1.8337261533223626E-8 0.049977022586177505
-0.048508906291745806 0.6781878024575432 0.07767733236817927 0 9.567914579136473E-8 1.1700630639051309E-8 0.04997701951603003
-0.0078551337227577 0.6491499078369712 0.07536310530979572 0 9.246254951383866E-8 8.111977055621255E-9 0.049977017150363866
-0.22520922840433794 0.7458968973346558 0.08588793599516023 0 1.0936064008622573E-7 3.71513670880446E-8 0.049977035843421114
0.3676404370066046 0.6367719158122648 0.08211917016769558 0 8.973859934653851E-8 -4.131276031988834E-8 0.04997703442755155
0.1936377969261951 0.6392946953673746 0.07676490405819383 0 9.0249215835444E-8 -1.8142921666674308E-8 0.049977025536476836
0.2841334503354857 0.6165726819630527 0.07759808624216208 0 8.865218814456054E-8 -3.1485264090191405E-8 0.049977027300974544
0.15199695343335892 0.5713443637747505 0.07128864354870554 0 8.378823675500217E-8 -5.773379559365807E-9 0.049977026763614485
0.020086990102898376 0.582926818943489 0.07076019404513119 0 8.339839484595321E-8 9.686334912391893E-9 0.04997701812906965
0.09263905094403112 0.5551170207203663 0.06943102413110944 0 7.881214891101766E-8 3.2767162089005857E-9 0.049977027794103304
0.40094975894605217 0.5652131577221657 0.07869394977656125 0 7.843438114425954E-8 -4.5350733513593356E-8 0.04997703237582258
0.44736034083495335 0.4974141441538551 0.07684191432450417 0 7.196537647337643E-8 -5.124900266053342E-8 0.049977032413538375
0.43140219656813134 0.4287675225971859 0.07244484890584983 0 6.747905130501887E-8 -4.493042422462314E-8 0.04997703162036635
0.6341588941531795 0.31283518999890125 0.0798162445324894 0 4.59697907459117E-8 -7.692848054277606E-8 0.04997704210456367
0.5293785213896149 0.3388907230126146 0.07386902220939724 0 5.343003483758589E-8 -6.010867434414951E-8 0.04997702998558344
0.5661686439840169 0.30314954318445153 0.07485251919573685 0 4.7554244203397785E-8 -6.515829001977547E-8 0.049977031982824084
0.6744856330743808 0.25899543825752414 0.08106282636378112 0 4.0125222277695756E-8 -7.99320005745154E-8 0.04997704365305181
0.7226994437477959 0.19973529248782174 0.08334138075756292 0 3.077376298743964E-8 -8.22655944924715E-8 0.0499770532591146
0.432283916850713 0.3802988180284773 0.07026687195777442 0 6.434195604397657E-8 -4.481725304645444E-8 0.049977035783667724
0.471669282894354 0.34325991058700306 0.07076541111671207 0 5.8303287946013206E-8 -5.1561126025141064E-8 0.049977031687789435
0.9192877608705788 0.10260257931928718 0.09999999999999994 0 2.9432125813903337E-8 -1.1190575381699271E-7 0.04997705652667948
0.8038717607621602 0.12213857484508563 0.08895470660031483 0 2.726532068727913E-8 -9.72736877186771E-8 0.049977070868635946
0.7461230180043805 0.13265602880629776 0.08402816782270865 0 2.077482258363982E-8 -8.882970792798089E-8 0.04997706418297827
0.8513706752696019 0.07427003550197267 0.09288407134507307 0 2.4267500987243822E-8 -1.0453749718622487E-7 0.04997706157388696
-0.37078556224583165 0.8474286657041801 0.09999999999999998 0 1.120274825634477E-7 6.256929574357382E-8 0.04997701973582357
-0.2837405614792432 0.7514739211838952 0.08805204152803742 0 1.0377622072941273E-7 4.5792440524390175E-8 0.04997704152071836
-0.34402355613461416 0.7467533926463904 0.08979839619713195 0 9.915596153566906E-8 5.431524169293619E-8 0.04997703087081096
-0.37812997462304876 0.7796968295885027 0.09405159466762453 0 1.033709568455423E-7 6.172900076117858E-8 0.049977023939109425
-0.1720142422395265 0.7059350940103875 0.08139872432652721 0 1.0277380505477775E-7 2.832489283891704E-8 0.04997702399898912
-0.11459365381122653 0.6489796043007033 0.07609123122821615 0 9.303894937711403E-8 2.3211245380762956E-8 0.04997701635346458
-0.05636556989485568 0.6123374883168238 0.07290850863136557 0 8.84605247462728E-8 1.8009653372634763E-8 0.04997701582004807
-0.25001651455608 0.6877574831582878 0.0818288600417976 0 9.927570434175412E-8 3.5120890885225946E-8 0.0499770294876929
-0.052031801679697585 0.5443357511275841 0.06842717285738567 0 8.132484187111657E-8 2.0817063538618663E-8 0.04997702347861472
0.3180361598450387 0.5508547874957042 0.07440724687637126 0 8.015885197710653E-8 -3.2579582016726026E-8 0.04997702340778382
0.22784343961994075 0.5451094489255655 0.0712614275403811 0 8.267617187549057E-8 -1.8210076316825957E-8 0.04997702517135507
0.15223360853370177 0.5114589799667827 0.06762073099832457 0 7.888745678315086E-8 -4.329895449823844E-9 0.049977041587850185
0.001253333994083932 0.5186888782774371 0.06673044987207258 0 7.567353063831206E-8 1.2663129561552982E-8 0.04997702535961751
0.04502055801070238 0.5239593119206278 0.06715619876796415 0 7.367976772415988E-8 7.893451213078907E-9 0.04997702816952083
0.09307018049889716 0.48701542238591894 0.06541754354915293 0 6.70404661634726E-8 1.493639233279246E-10 0.049977045021693
-0.028427878816465992 0.4894039605592073 0.06510500934199118 0 7.445689100375932E-8 1.489617094956453E-8 0.04997702926429798
0.3618627937090411 0.47199806236141684 0.07152593305679358 0 7.073070664257179E-8 -3.442817464941885E-8 0.04997702830944848
0.3818998921620359 0.39282083230988174 0.06849211870683777 0 6.5024000508703E-8 -3.4664274042511915E-8 0.04997704297656551
0.5964895386590119 0.24538252217967105 0.07505456752399718 0 4.075428051734836E-8 -6.81342264662664E-8 0.04997703432803812
0.5023235944487768 0.2915186453354023 0.07059623054924216 0 5.008702540625793E-8 -5.4835415379158434E-8 0.04997703100591881
0.5325092597313041 0.25445661626164345 0.07121936353097057 0 4.4796746638951686E-8 -5.772245470601382E-8 0.04997703275321174
0.6524176664552401 0.20477109599706136 0.07797707686621597 0 3.309774023557855E-8 -7.541738398978518E-8 0.049977040474153654
0.6908574756839181 0.1584953945063365 0.07995126254637963 0 2.4447418461141066E-8 -8.039118890360396E-8 0.04997704890936501
0.5953591891669738 0.1936606882201294 0.07369160395615945 0 3.6035646181884714E-8 -6.696198071128982E-8 0.04997703667017923
0.6892086201904363 0.11760753932384704 0.079182235454291 0 1.9306395841087366E-8 -8.197673898653108E-8 0.04997704853103216
0.405879084331799 0.3317218591300754 0.06705525860874957 0 5.963127055346427E-8 -4.3974184981891465E-8 0.049977044681162805
0.4374027432196878 0.28280425722565 0.06685837267776955 0 5.083719584056701E-8 -4.762309783095532E-8 0.04997703763130497
0.9249999999999994 2.4083227273235917E-16 0.09999999999999988 0 1.5344616720387515E-8 -1.1089511472581105E-7 0.04997705377788684
0.7822439697509949 0.07342341173252223 0.08646750245519459 0 1.790323836972351E-8 -9.73396426320913E-8 0.04997706321893855
0.7247257834183622 0.08520662975023731 0.08165698245211614 0 1.4999880899814694E-8 -8.856771842859993E-8 0.04997705495455121
0.8252770499196596 2.2719212644267835E-16 0.09008727174442381 0 1.1821774320488125E-8 -9.821723437855315E-8 0.04997705887214183
0.8548200389796248 -0.0652462727687064 0.09314675085287963 0 6.017521861018543E-9 -9.91205842545437E-8 0.04997706310426081
-0.4625 0.8010734985006055 0.09999999999999995 0 1.0794379600298823E-7 7.467505206230804E-8 0.04997701354479241
-0.4789401191209053 0.7197628636157833 0.09385470752197606 0 1.0014027539820447E-7 7.714929565641133E-8 0.04997702239412722
-0.5083123257938114 0.6756675576578802 0.09200745306162256 0 9.444086013924132E-8 8.112090066618036E-8 0.049977030272480905
-0.32754350874215143 0.6890222378899378 0.08446715933764734 0 9.4806788671339E-8 4.711126079823121E-8 0.049977027671166456
-0.41247406389305447 0.7144260354671815 0.09005646238462256 0 9.874712280063395E-8 6.47875233512372E-8 0.049977023265352236
-0.19051431605916905 0.626194724144322 0.07575740850014469 0 8.99345591269407E-8 3.249168040597771E-8 0.04997701687921952
-0.12546868182070262 0.5661421054611622 0.07053660282173835 0 8.165501193741942E-8 3.12836402672843E-8 0.04997702264832142
-0.19168892528151546 0.5624523066487603 0.07149027116733264 0 7.838809983709111E-8 3.726067953126973E-8 0.049977018840723135
-0.29003290264585363 0.6297052539110426 0.07871782471366957 0 8.94729722976113E-8 4.200092625276284E-8 0.04997701812029544
-0.10596501162257628 0.5041773372256166 0.0665257287102945 0 7.626318065108533E-8 2.8725328086758388E-8 0.049977039703900064
-0.0710277803670786 0.4813038479979327 0.0648997774631422 0 7.61412770091038E-8 2.0107806944454873E-8 0.04997703685509386
0.27234892372669683 0.47172217328134014 0.06829621029644013 0 7.2263120650273E-8 -2.2890000851101943E-8 0.04997702796904041
0.21079455863719812 0.4693257584201238 0.06648483672306539 0 7.533403157864959E-8 -1.6644760237034955E-8 0.0499770344867391
0.14985938251764008 0.45279307874260605 0.06437801254812757 0 7.14756990202747E-8 -1.3395681674389682E-8 0.04997704840725555
0.18545604713463826 0.4304739947807409 0.06393784680976806 0 6.902296834758705E-8 -1.779474583631066E-8 0.049977038469331346
0.11053788187593885 0.4306223745782792 0.0626902062642271 0 6.281479300260567E-8 -1.1305476722956263E-8 0.04997704387695261
0.019795838688718648 0.4703114259817322 0.0640444060829731 0 6.772632676253213E-8 7.149202072254682E-9 0.049977030371617354
0.06533055038853271 0.4354649165439313 0.06247764990259347 0 6.106228697390779E-8 -2.9154461328194487E-9 0.04997703638323674
-0.04037960269203985 0.4408570318083466 0.0625957773306699 0 6.897486845104469E-8 1.213444325557215E-8 0.049977030764939666
0.3329058545937796 0.33325924236807375 0.06406157186555389 0 5.003846695809899E-8 -3.654042939029438E-8 0.049977056816479286
0.30693864167133966 0.4042133776050551 0.06608285286906407 0 5.976803196770669E-8 -2.5055191929069547E-8 0.049977040545464875
0.5387084587482874 0.20560708274998704 0.07032262751622614 0 4.031400422634542E-8 -5.7151701294497185E-8 0.04997703862276449
0.47599510640454495 0.23047538821938993 0.06733340193971542 0 4.225010675035644E-8 -4.8582025936356095E-8 0.04997703926815329
0.5285393108936259 0.16518893231571916 0.06885934434787161 0 3.7248025485580194E-8 -5.605948328669718E-8 0.04997704721430487
0.6359863797306671 0.1341128294488754 0.07542020319546491 0 2.580581340384209E-8 -7.406545766858812E-8 0.04997704008134085
0.5665181445886517 0.15558354761445173 0.07104008880031383 0 3.484530459112887E-8 -6.31364709843336E-8 0.049977041347997464
0.660910431014522 0.06111123862815046 0.0764443497197492 0 1.5009705572052756E-8 -7.862339915148233E-8 0.04997704129227177
0.3628225028367361 0.2686598783514226 0.06303900336729049 0 4.50466054160956E-8 -4.287274693071291E-8 0.04997704302347638
0.40159415937487913 0.22227119456522582 0.06342742714419668 0 3.7928434248339155E-8 -4.2868356073253975E-8 0.049977040455014464
0.8374232558848936 -0.1293417213860296 0.09218338983550127 0 -1.4461517651541208E-9 -9.929653537514715E-8 0.04997707280998473
0.9192877606928149 -0.10260258091221071 0.09999999999999994 0 2.811775724429025E-9 -1.0847125313205145E-7 0.0499770606974634
0.736498120183538 1.9461726324828643E-16 0.0822207664498539 0 6.1728659487689695E-9 -8.692596867332024E-8 0.04997705203122909
0.7859407931602105 -0.07401767626946824 0.08680140328934059 0 -8.700191355980885E-10 -8.845401117821571E-8 0.049977066706151804
0.7880045515761323 -0.12910173677696724 0.08762058220646912 0 -7.760109554673558E-9 -9.230978998907652E-8 0.0499770765705575
0.7883546035916829 -0.16488856810254315 0.08824892692988198 0 -1.1897875346962064E-8 -9.711734699627708E-8 0.04997707579034286
0.7597010793028802 -0.19500257071099414 0.08634694259141451 0 -1.850272977919618E-8 -9.433081132304226E-8 0.04997706850291891
-0.5485031394581955 0.7448231888659758 0.09999999999999998 0 1.0182853586757363E-7 8.734266195824404E-8 0.049977017868398754
-0.5596851197575441 0.6634042603718276 0.09419033697962353 0 8.861034665786092E-8 8.67268745385935E-8 0.0499770288908136
-0.4499036574234318 0.6597655574984556 0.08762543161615084 0 9.638755390640672E-8 6.999251945309388E-8 0.04997702803428938
-0.5084523869045262 0.6310249340793687 0.08870435188239581 0 8.980270618320422E-8 7.712926268781946E-8 0.04997703795218516
-0.3679940573528886 0.6373844042186184 0.08217817873449768 0 9.189989576442039E-8 5.383656746243718E-8 0.049977020201314226
-0.42125713605646403 0.6077940464059373 0.08247265847688973 0 9.14479392263243E-8 6.165563454162068E-8 0.04997702374761436
-0.5445828559277581 0.5931276201062035 0.08823074690283744 0 8.071120103410652E-8 7.732468348702056E-8 0.04997703517006818
-0.2598642375444073 0.5690891545970852 0.07365958600480058 0 8.028534057465182E-8 4.2428425549562236E-8 0.0499770128697802
-0.146043412013244 0.5032640730580226 0.06704541835555089 0 7.019156112572401E-8 3.376664969102836E-8 0.04997703893916528
-0.17773060720916645 0.5259463281585312 0.06894804779728927 0 7.179848162167753E-8 3.734210130490625E-8 0.04997702691851284
-0.21172158677062325 0.5198781223671345 0.06933829044213057 0 7.065032553195631E-8 4.0082864692758454E-8 0.04997702120072052
-0.31860245148696237 0.5518356333914171 0.07448895588812982 0 7.959332016009816E-8 4.9779959785963225E-8 0.04997701099987625
-0.14030890931253803 0.4679836164169959 0.06501280116403946 0 6.613674469457333E-8 2.6824590191294E-8 0.04997704563640144
-0.1029411460718821 0.44640858274387013 0.06338188130081228 0 6.961445794100755E-8 1.805981821175489E-8 0.04997704253357443
0.2318898921058528 0.4016450748890024 0.06367695651733307 0 6.130570026050188E-8 -2.123291823650926E-8 0.04997703378038899
0.15384627156060382 0.38391173658918915 0.06118533303935767 0 5.961342305644455E-8 -1.639375470024396E-8 0.04997703253324631
0.08567704016096146 0.39343427128029224 0.06068036954612458 0 5.800722180028044E-8 -7.529204780386651E-9 0.04997703195972388
0.05891091878969271 0.3561813785904501 0.05888183035860122 0 5.45850984127135E-8 -1.0182185169228164E-9 0.04997702457820709
0.013052198219917915 0.38970549808144694 0.060109559393507296 0 5.880750512734695E-8 4.689494054307152E-9 0.04997702501719848
-0.07539656272461731 0.38263872680028077 0.06011274428033935 0 5.96573285994793E-8 1.4322743011297285E-8 0.049977025943872884
0.29687695963224414 0.26583446546620587 0.06049214663587172 0 4.0689921855673504E-8 -3.382541980502833E-8 0.049977036349321276
0.2625418688185837 0.33648330779519714 0.06181290503458571 0 4.775786538210803E-8 -2.6807320713154178E-8 0.049977037422975754
0.4879508039440347 0.1753290332884817 0.06671893154849401 0 3.587205448012702E-8 -4.850055038405598E-8 0.04997705188745664
0.44078820931890456 0.1777885340956575 0.06428879605061416 0 3.060827082721875E-8 -4.3846044215994336E-8 0.049977050216668074
0.5192463818471629 0.12824117265253684 0.06769417632898124 0 3.377159495557615E-8 -5.835194959700297E-8 0.0499770539946576
0.5800435663390094 0.07440259297015445 0.07086095755136958 0 2.325785828213878E-8 -6.84183146372667E-8 0.049977039700196894
0.637168246229727 1.7636191275501274E-16 0.07448630903843242 0 9.157735740932275E-9 -7.419447868441809E-8 0.049977038460609725
0.394490378891255 0.17177804019933987 0.06198157459134764 0 2.7768420058746217E-8 -4.137176609647143E-8 0.049977042748843924
0.33827356631260735 0.19741612693850674 0.060186571415137134 0 3.32143738384121E-8 -3.65983457179258E-8 0.04997703408303773
0.823080640176532 -0.2073363860609292 0.09232209730203018 0 -1.3646065520965192E-8 -1.034385103969697E-7 0.049977068609649185
0.9051251563026288 -0.19071818387397393 0.09999999999999996 0 -9.13201248567676E-9 -1.1190541464279279E-7 0.049977063410046166
0.6918887433807663 -0.06772116765551028 0.07886795692620671 0 -3.5270941045188614E-9 -7.909735738451034E-8 0.04997704928614451
0.7325342916850162 -0.13408386908087777 0.08291013088256638 0 -1.4606923502049421E-8 -8.584124703145428E-8 0.049977065851582333
0.7578046117703348 -0.24801668508133748 0.08751626752734717 0 -2.292792152648545E-8 -9.238727606082574E-8 0.049977063039823744
0.7040732060431756 -0.2032143579310842 0.08191372549943252 0 -2.1408405961917358E-8 -8.460354429039745E-8 0.049977057530366645
-0.6177328508859397 0.6884991641819087 0.09999999999999995 0 9.01184619635276E-8 9.31043286289471E-8 0.049977018557935335
-0.6071515389330133 0.6092519905512257 0.0934219469334025 0 7.954607455814355E-8 8.892141684482221E-8 0.04997702373681975
-0.5735399527378838 0.553508622043815 0.08749015204644302 0 7.579013552199229E-8 8.041382193847924E-8 0.049977026468908906
-0.47303326379715877 0.5791284533565412 0.08316905076856485 0 8.738491722615175E-8 6.583604405405397E-8 0.04997703090706433
-0.39181543828090004 0.55445735722153 0.07760084140770421 0 8.287705871920723E-8 5.767908265117851E-8 0.04997701499950214
-0.5240933648557364 0.532232296917964 0.0831006990315747 0 7.693927172300714E-8 7.127791637481307E-8 0.04997702540127944
-0.2730034360466586 0.47285582187369307 0.06837705113188602 0 6.719489551915884E-8 4.7797917705101624E-8 0.04997701719711407
-0.19156331121345604 0.4731617410648762 0.06625147072173328 0 6.31250492743153E-8 3.5210131469160685E-8 0.04997703135343624
-0.3580569939172612 0.4725541821277962 0.07140049698238948 0 6.870561909256133E-8 5.8857023031617774E-8 0.04997701454274776
-0.30165136280488036 0.4184145297189895 0.06656200918217181 0 6.329291784225654E-8 5.347417430821688E-8 0.04997702540206539
-0.157502577302292 0.4062797025959702 0.06224976286168573 0 5.90291607895424E-8 2.3524945101121278E-8 0.04997703139167765
0.1923176439095004 0.3331039304431941 0.059877835485628056 0 5.09886569550576E-8 -1.8659751736814383E-8 0.04997702654885253
0.10763513709501452 0.32249572723181036 0.058047784011843524 0 5.158725032261827E-8 -6.497473992360918E-9 0.04997702328218556
0.02555769618970364 0.3104658173674803 0.05699894508193309 0 4.980268304930752E-8 8.15129398892677E-9 0.049977025242395105
-0.04439277195221167 0.328710102628296 0.0577329050528648 0 5.086496012266174E-8 1.4946193687893313E-8 0.04997702191959995
-0.11902524067374878 0.32805250160257865 0.05839824108948766 0 5.0399265018172717E-8 2.2111681870466098E-8 0.049977019004025534
-0.017053837843317182 0.27836069099312905 0.05590951428308119 0 4.3728080670393694E-8 1.6407419553988066E-8 0.04997703090648058
0.011677278178983168 0.25977319628253465 0.05533524160416193 0 4.370763775549392E-8 1.3985186824123167E-8 0.049977037344339684
0.26432978404622737 0.19520810401833602 0.05761727712614054 0 3.551307949852828E-8 -2.4977577299204027E-8 0.04997702998839067
0.22703812963746223 0.26409762190385005 0.058370438456053005 0 4.168869418634719E-8 -2.138945494796619E-8 0.04997702670734595
0.4615326701397575 0.12346215125476942 0.06442192515091573 0 2.3976203568822214E-8 -5.217713420187164E-8 0.04997706333926489
0.41609697408913515 0.13788398400008958 0.06237868126929303 0 2.137219107779193E-8 -4.4951369013378216E-8 0.04997705065091958
0.493812622045095 0.06489296717588176 0.06554297030555511 0 2.144267616209964E-8 -6.066230997978109E-8 0.04997705129330229
0.5965173615012843 -0.07939251741876009 0.07200225824383245 0 2.082487685072622E-9 -6.773785880659691E-8 0.04997704188268845
0.5449077695259101 1.790659953385319E-16 0.06830916124377963 0 1.3750757505059666E-8 -6.234480874856392E-8 0.049977040946986004
0.35923719947272786 0.12552401442410066 0.05970040660633742 0 2.2245500435436698E-8 -3.902148935491608E-8 0.0499770363937546
0.23462332403576253 0.13422621113694225 0.05564316792853833 0 3.275021032565219E-8 -1.8975677406627514E-8 0.04997704068668141
0.29070078878885497 0.12979410487969603 0.05724274123768994 0 2.8499776548366022E-8 -2.9049054297500035E-8 0.04997703216134818
0.8014927716328408 -0.29144105877124366 0.09271262928645599 0 -2.449585262659116E-8 -9.734928402975462E-8 0.049977061996525324
0.8809325145611795 -0.2820885484172241 0.09999999999999999 0 -2.1910312716567535E-8 -1.0960849919262442E-7 0.049977058351541585
0.6510493529215736 -0.15514133280147802 0.07686356365481603 0 -1.3400509222865591E-8 -7.631213193921654E-8 0.049977047660063514
0.5770279320473077 -0.1518434761804153 0.07165568912865206 0 -5.774144948849585E-9 -6.796900586485386E-8 0.049977046169340365
0.7173493567573875 -0.3169596225802428 0.08634023460744476 0 -3.1146148351996447E-8 -8.123758349072921E-8 0.04997706514670156
0.6897625743522149 -0.264441860913035 0.0824063475266023 0 -2.7405264528050353E-8 -7.985751782408667E-8 0.0499770564980366
0.6384778628041973 -0.23491899962832427 0.0777084562971251 0 -2.3266972213189193E-8 -7.439252928663757E-8 0.04997704764169609
-0.6847646792234083 0.6218628292777221 0.09999999999999995 0 8.132088846935522E-8 1.0069390776261646E-7 0.04997701185183357
-0.6465139113454264 0.538316822314734 0.09160194260007758 0 7.393416393127989E-8 9.509308124758897E-8 0.04997701976653302
-0.5770660846669927 0.4836246905463882 0.08360849061752018 0 7.14731740440267E-8 8.187894608964298E-8 0.04997702015428058
-0.45509595152323246 0.486640439064581 0.0766367028663977 0 7.184236403355853E-8 6.5646413208803E-8 0.049977014886605914
-0.41803303753571375 0.41861066103869105 0.07131407766744806 0 5.83063398394412E-8 6.631474414866273E-8 0.04997701779974796
-0.5228737105474611 0.469403410425903 0.0794598201715015 0 6.97836272973971E-8 7.346495062266219E-8 0.049977016104587546
-0.2326279902659774 0.402923498403311 0.06375456788963607 0 6.030307737524073E-8 3.89766245555303E-8 0.04997702468466797
-0.2807191746564195 0.3771430143239577 0.06401358518053686 0 6.111657451906398E-8 4.745850414880894E-8 0.04997703034688501
-0.366851516506518 0.3914531813319968 0.06779342734587492 0 5.495126318046301E-8 6.288038698066137E-8 0.049977032089603246
-0.31784422091904324 0.3574692689417032 0.06445327462614314 0 5.851327850567949E-8 5.209492180239994E-8 0.049977040868330005
-0.19326570388917427 0.3347460184966118 0.05996054906425582 0 5.3055917617607825E-8 3.1197013544282466E-8 0.049977019287100855
0.14969050843762158 0.2592715660247785 0.05657975437506353 0 4.4137917420339436E-8 -8.580333882786787E-9 0.0499770242382042
-0.15073713287945018 0.26108437273446894 0.05665087411303694 0 4.0962355252916227E-8 3.0120148960217515E-8 0.04997701827692441
0.06630901180929023 0.250856535710505 0.0553186995326227 0 4.538505039775813E-8 4.727347453367361E-9 0.04997703326361929
0.017981432514459814 0.22651294475696923 0.05443142027174295 0 4.118880491000436E-8 1.1717913742995394E-8 0.04997704860091738
-0.07471068043782808 0.2615864764835527 0.0556965634877458 0 3.909994299725837E-8 2.228181784062236E-8 0.04997702692780202
-0.014253461472862217 0.23459230484404994 0.05463523466770248 0 3.7076053097290324E-8 1.6814421635185288E-8 0.049977045642256246
0.20062573683728832 0.09527047772396216 0.05430115527057267 0 2.774874055952085E-8 -1.790224321831479E-8 0.04997705549599144
0.18890830540911194 0.1893292231980287 0.05555650018582656 0 3.595403519355541E-8 -1.0771732638328821E-8 0.04997703448866241
0.18353225708574536 0.1263657612272312 0.05431954168807018 0 2.891405837489004E-8 -1.0483858468231082E-8 0.04997705445879563
0.4146151646677903 0.077681020975073 0.06157475739077052 0 1.4788474056101223E-8 -4.9152066102046324E-8 0.04997704614228166
0.4636209692030302 1.4593888372567647E-16 0.06366862151549985 0 9.74790145223179E-9 -5.194312690119623E-8 0.049977044872525855
0.5270134709035552 -0.12362075461980128 0.0680883893303861 0 1.1692292653048465E-9 -6.018645733105053E-8 0.049977056543381075
0.5078212312272355 -0.05773868566153319 0.06628756501631428 0 6.262961254794007E-9 -5.373790866025666E-8 0.049977050457194166
0.3331467524821928 0.0633273262949379 0.05801432008933982 0 1.7317577654075875E-8 -3.6309328502529364E-8 0.04997703147536428
0.2538184516803514 0.06940494742292715 0.05542696753822805 0 2.466905199661006E-8 -2.5760059727653155E-8 0.04997703897554028
0.7635253857731481 -0.3782532475337201 0.0926398396720293 0 -3.334910718210365E-8 -9.00352701173593E-8 0.04997707024092021
0.8437752388147 -0.3790359438971111 0.09999999999999999 0 -3.2867200345860476E-8 -1.0136312526987008E-7 0.04997706054282728
0.5898871014295897 -0.20776639827421509 0.07364495662277286 0 -1.6136906338980045E-8 -7.011810972553828E-8 0.049977043850046865
0.5408130551366508 -0.18150058753720788 0.06992281214701015 0 -8.611445488344949E-9 -6.609137020990264E-8 0.04997704917292057
0.6777956079436661 -0.39290477214771746 0.08626804024189792 0 -4.4414733738802474E-8 -7.845329755136691E-8 0.049977077461673874
0.6346730356926773 -0.3174870091624343 0.08001946855914076 0 -3.5888790031733604E-8 -7.045425299584493E-8 0.049977055244804225
0.5796784116794852 -0.2776116098201063 0.07488927562467991 0 -2.745966171824092E-8 -6.706026389754976E-8 0.049977043587475845
-0.7501326501074496 0.5412263004122693 0.09999999999999999 0 7.3066206472765E-8 1.1221107311788417E-7 0.0499770129357074
-0.7186415188607144 0.4635460562865767 0.09293928953994947 0 6.373782951036831E-8 1.0774960313664947E-7 0.04997702718895444
-0.5580584193120213 0.42548332869284045 0.0793877523859349 0 6.564205424160382E-8 7.942791244080168E-8 0.049977015485844614
-0.6328963674406778 0.4470501467799965 0.08550954643040555 0 6.914104520295409E-8 9.278076521239037E-8 0.049977026288259195
-0.6767294999436545 0.3833870641168075 0.08576692861654717 0 5.98192574111849E-8 9.374556770875613E-8 0.04997703591779828
-0.4324706598932547 0.3595596935895599 0.06940707877592157 0 4.7808580604146574E-8 6.628985106114838E-8 0.0499770209641753
-0.48200836859227103 0.4026983386005155 0.07383556549613608 0 5.801795938297341E-8 7.120283406237744E-8 0.04997701214654755
-0.5442886348821633 0.36830034160648034 0.07595460109733419 0 5.690560381744093E-8 7.801718842940224E-8 0.04997701159497012
-0.3182526738785638 0.31228528282505874 0.06275542647814243 0 5.2504380476078495E-8 4.518342118577786E-8 0.04997703785572003
-0.25621859628623345 0.32661564029958035 0.06125711843708684 0 5.541881913074678E-8 3.97186491670631E-8 0.04997702581170792
-0.37474174799433474 0.325215240573534 0.06543736846884436 0 4.4660045414311874E-8 5.474509849603295E-8 0.04997703869692867
-0.4300985673768074 0.3012630280350379 0.06711000127247038 0 4.1203091020572836E-8 6.406707778269429E-8 0.049977022562383164
-0.22695325756190313 0.2565120405768185 0.058144911454045704 0 4.297068904236808E-8 3.7688652689160474E-8 0.04997701792802233
-0.18350196867475074 0.18844743574056294 0.05542383280391715 0 3.075276228785837E-8 3.761420666299291E-8 0.04997702802140143
0.11136664405289663 0.19289268576805546 0.0543171535525474 0 3.66103374405648E-8 -1.8139500232950949E-9 0.04997703774995716
-0.1122914677939212 0.19449452747555573 0.054363926326504504 0 3.126932474335722E-8 2.7070820377705898E-8 0.049977033257759276
7.833096257776418E-4 0.19069362679459012 0.05356840441819727 0 3.370358686494853E-8 7.703226760515164E-9 0.04997705506924823
0.04520143550094839 0.18418512355280772 0.05354594410814683 0 3.710265255810522E-8 2.6304624319539494E-9 0.04997704863993383
0.017173734845246678 0.1662656573333219 0.05309215701680856 0 3.221912765585254E-8 2.765063828208511E-9 0.049977051009115016
-0.04746651353754764 0.1829715324610284 0.053532622158623755 0 2.8416464938017187E-8 1.4642420122128173E-8 0.049977046305835604
0.1909210649037195 0.04684254353730668 0.05369730809312632 0 1.880485053289968E-8 -1.9852771469024357E-8 0.04997705128123962
0.15384433041034729 0.09209874155024392 0.053330182368177645 0 1.8974725459209368E-8 -1.2730819855593499E-8 0.049977058306005705
0.13647605991683223 0.1435082568468913 0.053729825805134857 0 2.6951381288683178E-8 -5.035547310173889E-9 0.04997704826277031
0.38492668203237634 1.0023152680894796E-16 0.05989052034096669 0 6.9165833683593005E-9 -4.1836860212233887E-8 0.04997703589034266
0.4253355502182104 -0.06042681663517086 0.061949401873126426 0 -1.8534954449548617E-9 -4.333749731423111E-8 0.049977048114632786
0.48600244774065643 -0.18106149615140063 0.0667271620082264 0 -1.06197412091283E-8 -6.155241661463881E-8 0.0499770573957022
0.4535801009187721 -0.11979187747949692 0.06395953291420167 0 -9.173195734253412E-9 -4.9536829637827466E-8 0.049977066697055865
0.30024351839566077 1.0287337474471442E-16 0.0566089984335615 0 1.220754270658245E-8 -3.097993527436242E-8 0.0499770312813069
0.2238875048948223 7.961310541061857E-17 0.054346295287657866 0 1.4512522054467553E-8 -2.1169749432243335E-8 0.04997704290798849
0.7176713367395706 -0.46521260674377907 0.09294805270739667 0 -4.7972349201553776E-8 -9.077584677678934E-8 0.04997707157126785
0.8010709981238167 -0.46249419750242293 0.09999999999999998 0 -4.468076135916508E-8 -9.917471072858392E-8 0.04997706588922966
0.526450453306162 -0.2376825100162034 0.07038843476625323 0 -1.8243722879791866E-8 -6.399742373725602E-8 0.049977043879690444
0.4546475825643904 -0.23293628734368743 0.06627327609670221 0 -1.843040768607228E-8 -5.497389102584694E-8 0.049977048544506346
0.5306797663003683 -0.29923675531161764 0.07251363051783592 0 -2.8246893590735462E-8 -6.176084770600495E-8 0.04997704157149658
0.6103906305879975 -0.40135765312469507 0.08172372928462608 0 -4.8802953150232826E-8 -7.006315598199599E-8 0.04997706100948655
0.6403517767463041 -0.46278562534170165 0.08686037768572827 0 -5.331596006159297E-8 -7.803570281854964E-8 0.049977067186967566
0.5664981365845182 -0.34007595181336636 0.07621962270586985 0 -3.726203122433916E-8 -6.421628305936546E-8 0.04997704627829366
-0.8010558185062641 0.4625204886241073 0.09999999999999998 0 6.044451709830952E-8 1.1623681957521583E-7 0.04997701764168684
-0.7603438011582597 0.3738096376808479 0.09217483686370775 0 4.914687491972018E-8 1.0607195058513423E-7 0.049977026732781274
-0.6064827120561795 0.3683452405387546 0.0800133246078764 0 6.074873553725045E-8 8.450780658647622E-8 0.04997701995490285
-0.6554904399290363 0.3258387756938692 0.08184700708932659 0 5.3358959850536426E-8 8.876921877659591E-8 0.04997702313130816
-0.7173789460644423 0.3218656625868021 0.0865204629875929 0 4.78731213560109E-8 9.773857872696525E-8 0.049977026113235935
-0.4490633670822638 0.262933614095089 0.06682964731028332 0 3.818385999420122E-8 6.823711712151744E-8 0.04997702024410273
-0.561964870759204 0.31624700130713357 0.07504348009682706 0 4.980498582856983E-8 8.047845760151443E-8 0.049977010823498896
-0.4969688691845382 0.31115828345845914 0.070963541880969 0 4.4985656670893795E-8 7.378707141284575E-8 0.049977011949905885
-0.3445240713159381 0.2767146512083848 0.0625551726814487 0 4.439322768313528E-8 4.7665679210676726E-8 0.049977031482988904
-0.29822944351534514 0.2720284218761082 0.06072614652584281 0 4.692116592330899E-8 4.2737597799881134E-8 0.049977026619998303
-0.278960464150049 0.23105339123962187 0.058930977919053947 0 3.963892566866564E-8 4.2863217820500525E-8 0.049977019994520255
-0.39866775255885006 0.2551376793832062 0.06418286265211672 0 3.896681501065943E-8 5.882719632059213E-8 0.049977025599893594
-0.43855507291261625 0.22078311851591842 0.06514753629020965 0 3.544990174419834E-8 6.845852017451557E-8 0.049977025138856206
-0.25569422992480945 0.18010642956677383 0.05704280655464758 0 2.952477590618246E-8 4.3274649866454724E-8 0.049977021544263235
-0.22047029564306936 0.14293411554993973 0.05541545974285534 0 2.1453195890384927E-8 4.124285321773968E-8 0.049977033829473445
-0.18680865935078536 0.12991541986645877 0.05443956342319764 0 2.166572530656396E-8 3.770784630466378E-8 0.04997704576504611
-0.13865734030206037 0.13413724110678016 0.05361667711440055 0 2.7506655455580964E-8 3.014287095516315E-8 0.04997704536617319
-0.13558426904309848 0.09984465055515283 0.05311549222562181 0 2.508931488946172E-8 2.5651258739031232E-8 0.049977049112056526
-0.25161809751440434 0.1255049475699697 0.05598231997151887 0 1.9002500898340533E-8 4.245787261055408E-8 0.04997702813576171
0.19420772375092543 -0.04676552312468657 0.05376845209193871 0 7.164428599763441E-9 -1.439183192168671E-8 0.049977052447375866
0.07844894660138703 0.13587756131386025 0.05290437550856243 0 2.6469962979822073E-8 -2.5758126572314016E-9 0.049977044648203774
0.1581850159804538 4.03666044625459E-17 0.05292729798071231 0 8.874397814642174E-9 -1.2723519483280998E-8 0.0499770485745265
-0.0793293077376864 0.13740239153093967 0.05293577949983721 0 2.6699038164032736E-8 1.7978831453574388E-8 0.04997704174617399
-0.10192189467460562 0.10267269443312377 0.05269596908601703 0 2.529176737457678E-8 2.0290154871006866E-8 0.049977043120752955
-0.004334214649360648 0.15163914092247652 0.05281372846092682 0 2.8313867204132375E-8 4.139295944249527E-9 0.04997704816403215
0.035198297345602834 0.13784946141786308 0.05265706254873472 0 2.770730306694889E-8 -4.007046069740195E-12 0.049977045021216346
-0.03647527919163236 0.1302798698937503 0.05254752074115307 0 2.533399300515707E-8 9.183187085448596E-9 0.04997704238676574
0.12737884186502524 0.04457914646124021 0.05254239887577797 0 1.1769082746329383E-8 -1.111654666729089E-8 0.04997704758322332
0.10177697427875258 0.08834048795367636 0.05253956863179542 0 1.691291507246662E-8 -6.817757773419094E-9 0.049977046314449595
0.34118511954802583 -0.062154607897978366 0.058312559079427444 0 3.3167042614800224E-10 -3.500877771390951E-8 0.049977034392310035
0.37836392981717903 -0.12391451309547875 0.06047575124681005 0 -1.1471651567038197E-8 -4.0423580554769586E-8 0.049977044816442516
0.41238404925178007 -0.18021837395374024 0.06296662723972753 0 -1.7121232847863542E-8 -4.840992726889589E-8 0.049977051713533144
0.1676578507312959 -0.08204581170599337 0.05348225864611659 0 -1.2410610732611394E-9 -1.1906729321556438E-8 0.04997706169113901
0.20181374228166962 -0.09141964150518621 0.05428754190491373 0 3.665054601150407E-9 -1.810385608632374E-8 0.0499770582150854
0.25485064501553883 -0.06881848120103617 0.05545206946541742 0 6.649617816395245E-9 -2.4428632378711086E-8 0.04997704109371982
0.6644823007055147 -0.5389515943966049 0.09297818153954257 0 -5.7667387637804563E-8 -8.163113121060448E-8 0.04997706363344917
0.7501545366059805 -0.541195963440213 0.09999999999999984 0 -5.7262493731955516E-8 -9.510756298407517E-8 0.04997706162199773
0.6027366073062329 -0.5213223560235656 0.08747588350371878 0 -5.709708781282834E-8 -6.97991195084048E-8 0.04997706392611795
0.3907221727608636 -0.23584567652234328 0.06329187670784996 0 -2.08007967916787E-8 -4.22315319543974E-8 0.04997704857991303
0.47890979704271586 -0.2863984098188226 0.06912760288748078 0 -2.3838234164763797E-8 -5.6133091685445765E-8 0.049977043543225595
0.4250914842628162 -0.2904030737883922 0.06650384046370365 0 -2.2914441017019285E-8 -4.708630024132077E-8 0.04997705006306678
0.5018045759598764 -0.3463645861940246 0.07254833341115846 0 -3.352278133172853E-8 -5.7588451307836463E-8 0.0499770426194547
0.5395049675561714 -0.4037977139333864 0.07721405836956645 0 -4.512178316397031E-8 -6.086873142006441E-8 0.049977047884632454
0.5629289159938321 -0.47314451663551055 0.08212579004392509 0 -5.399103902076524E-8 -6.304891080248996E-8 0.04997705717534413
-0.8437609348289447 0.37906778281416026 0.09999999999999995 0 4.869081304731263E-8 1.1842829344323218E-7 0.049977013460588526
-0.7888004165309437 0.2903760964571749 0.0915314985584158 0 4.102256081049245E-8 1.1206805535061965E-7 0.049977020611492354
-0.6102329054490165 0.2953318100128198 0.07752504764743698 0 4.854655811471232E-8 8.53570825106145E-8 0.0499770139156883
-0.6672358697757713 0.2726523999513782 0.08092297245691278 0 4.543161606075391E-8 9.263679527455512E-8 0.04997701805721134
-0.7578216461505273 0.23114048963723496 0.08705889216020636 0 3.794109988871916E-8 1.0999389060258851E-7 0.04997702556195459
-0.7250638207162802 0.2644091498704253 0.08523826785223539 0 4.25180618528191E-8 1.0220914432780382E-7 0.04997702204623796
-0.49761740681994665 0.2259943198914076 0.06840949555720777 0 3.3600186947934876E-8 7.735561000193656E-8 0.04997701961706069
-0.5531916805568725 0.2548390044927608 0.07250231820116229 0 3.909952571244371E-8 8.176797049853794E-8 0.0499770115373908
-0.3304177610769968 0.2075632873895256 0.060121873146272396 0 3.671979663728504E-8 4.93810007263257E-8 0.049977021307666736
-0.40020050920329836 0.18553375498639196 0.06251643484045977 0 3.4956798151912376E-8 6.161854799241509E-8 0.04997702731571426
-0.4509389353459413 0.1806295394110867 0.06485872161226297 0 3.202588733648042E-8 7.19474072306655E-8 0.04997703345769935
-0.3081655557366316 0.12979030410922685 0.057834162632571066 0 2.423190790021611E-8 4.7949633300620756E-8 0.049977019877147255
-0.21413652185417031 0.10501643106435352 0.05472829937040968 0 1.4854447058085455E-8 3.715191603018606E-8 0.049977042409972736
-0.1657690318723487 0.09663028560186343 0.05359396061230914 0 2.1291965483226147E-8 2.9412273193534177E-8 0.049977053605737856
-0.13208776332768432 0.07040426877471608 0.05277929135503944 0 2.1532456636813746E-8 2.2448017535936955E-8 0.049977046523124145
-0.2668792736165402 0.06671487334767569 0.05579077358601759 0 1.1722074945927312E-8 4.163696846255746E-8 0.0499770257354252
0.13394298555224937 -0.04272165979228181 0.052630185389843605 0 8.445319386741271E-10 -7.124417197842257E-9 0.0499770500597448
0.04273067501608838 0.07401170016957918 0.05192584962618541 0 1.676772778987187E-8 -8.624284760377363E-10 0.04997703603483713
-0.07427627943517315 0.042883429926301064 0.051928801697300825 0 1.7788669044116396E-8 1.5423865224418706E-8 0.04997703444378955
0.08580268905133058 2.7924535741052085E-17 0.05192915349305607 0 5.387738440815198E-9 -3.3647640891699177E-9 0.049977038206640234
-0.04304287969149937 0.07455245452975151 0.0519319033593881 0 2.0363145483739393E-8 1.0186519333642722E-8 0.04997703452079581
-2.9796378738924766E-17 0.08577355466188762 0.05192886660175564 0 2.0075147037178238E-8 3.842622419652302E-9 0.04997703531501899
0.0741595043143772 0.04281600977887492 0.05192749553399362 0 1.1141153158482713E-8 -3.7699599371653825E-9 0.04997703743852034
0.12170874450296679 -0.07937873255132208 0.05270638285367756 0 -5.275616217675168E-9 -6.206629613632074E-9 0.049977052836281816
0.1532214795718842 -0.1047515501973591 0.0534601593182905 0 -6.297017842373049E-9 -1.3538204278185264E-8 0.04997706145250791
0.2997814449763266 -0.13025461904441932 0.057552736756421516 0 -5.903911201008657E-9 -3.1537481506516634E-8 0.049977036512722235
0.34046960443170665 -0.192505611563268 0.060162576700472446 0 -1.7392048156608858E-8 -3.5548517714104895E-8 0.04997704108832223
0.34557599933864525 -0.25420475687873284 0.06192004258218349 0 -2.4398932004398315E-8 -3.310381911714313E-8 0.04997704926440777
0.17846806103523252 -0.12182655323316931 0.05415222050793654 0 -4.029305717125994E-9 -2.0265541967246262E-8 0.04997706048577947
0.23090062297727748 -0.133798202671902 0.055538699139373295 0 -1.8763266511457424E-9 -2.594374465843809E-8 0.04997704628599396
0.6050561438570468 -0.6036830020468081 0.09289418017943481 0 -6.280460762736374E-8 -7.157408542790038E-8 0.049977068886162566
0.6847899965302142 -0.6218349498910589 0.09999999999999994 0 -6.547683786538287E-8 -8.355145116697453E-8 0.049977060471811746
0.5365057739834544 -0.6074638984061791 0.08871198704411519 0 -6.674775428249997E-8 -6.116905325826165E-8 0.04997707921001201
0.5490740032503056 -0.5442731464552362 0.08535659345024513 0 -5.99620775931354E-8 -5.88417363920635E-8 0.049977067461195644
0.3750627258693447 -0.2936858939923493 0.06434654814554322 0 -2.5354435257536274E-8 -3.7038632791384855E-8 0.04997705763302058
0.3969354899692888 -0.3460112170117684 0.06719703593166886 0 -2.8038603512265803E-8 -4.513106988094837E-8 0.049977059491722015
0.4494990254251991 -0.34835776824770576 0.06980849106780326 0 -2.9969509469252026E-8 -5.183878184130712E-8 0.04997704733388476
0.4743994852003083 -0.40954268251415876 0.073738234339428 0 -4.17707952395501E-8 -5.419631055331913E-8 0.049977045172958444
0.5051728219418842 -0.4543425560441293 0.07763963571270259 0 -5.053334960882434E-8 -5.553143014182109E-8 0.049977049349589936
0.5025098789806551 -0.515963207586209 0.08087711077114171 0 -5.941621921240319E-8 -5.236234766594027E-8 0.049977059026213314
-0.8809225682293763 0.28211960771987943 0.09999999999999996 0 3.769989603014917E-8 1.2665606257221462E-7 0.04997701288380332
-0.828550120997359 0.21135039229983998 0.09293041569195869 0 2.999078818613934E-8 1.2093011955349383E-7 0.04997702665090908
-0.4876818695036711 0.16005919777938843 0.06641416297022892 0 2.4613132099803506E-8 7.673109562811731E-8 0.04997703757399624
-0.7583678808155521 0.178257805309045 0.085877514601274 0 3.370620858389732E-8 1.1006231941479558E-7 0.049977033737850986
-0.6170663609123308 0.222189336538271 0.07585507468331582 0 3.709222860985219E-8 8.868908949358783E-8 0.04997701264061687
-0.6972424057138273 0.20430689657176634 0.08139617396721441 0 3.815937244026021E-8 9.990629554549053E-8 0.04997702113801548
-0.5518948161465875 0.17422255470543752 0.07046196471921623 0 2.4811452856404687E-8 8.278181171479599E-8 0.049977020166918185
-0.36894201678212313 0.12798179161528736 0.06013540062401418 0 2.8906397818693265E-8 5.522734180682784E-8 0.049977024140441015
-0.4362515368769687 0.13236424219261816 0.06326633817399903 0 3.0222959759575726E-8 6.510247801613886E-8 0.04997704008033917
-0.33947513674739144 0.06240362523718613 0.058248486325065116 0 1.714636510741485E-8 5.046634122662957E-8 0.04997701870475938
-0.18433654548332082 0.048222709230570565 0.05356505347436668 0 1.199499363470305E-8 2.823770163479735E-8 0.04997704506590655
-0.13330372693534312 0.03517105967265548 0.052587287930552964 0 1.5911097725388766E-8 2.2804524598761018E-8 0.04997704247254342
-0.08544796042127181 1.2633032021521531E-17 0.05192572029476935 0 1.2460252514107775E-8 1.8750538183030792E-8 0.04997703471923879
-0.2993967149465731 5.4908359945213266E-18 0.05658028588283902 0 5.355730464232155E-9 4.648678428558142E-8 0.049977019567282156
-0.22270343343645202 -2.7398019802337882E-17 0.054316401779706945 0 3.3256933205106337E-9 3.658532570409999E-8 0.049977034269202775
-0.27837086784154214 -0.12617379267311218 0.05679356136910862 0 -1.1586857126647253E-8 4.2701309267155855E-8 0.04997702646917051
0.07416648351753428 -0.04282003922369633 0.05192757354063934 0 1.038716155006897E-10 5.7960385146862844E-11 0.04997703883704206
-0.07423701450489274 -0.04286076030823398 0.051928362278406685 0 6.704659726848036E-9 1.9186990572997435E-8 0.049977035850716126
5.433302611002987E-16 -9.25534990736191E-16 0.051513083863437 0 8.948014089529898E-9 7.703047683514148E-9 0.04997702827426852
-0.10393602836491157 -0.0928684349452979 0.05261104654913398 0 4.1446279639506696E-10 2.2229920333837226E-8 0.04997704589156254
0.09263290818595533 -0.09340215664313874 0.05249108753880629 0 -6.252291645550383E-9 -2.805744001482117E-9 0.04997704798576967
0.13365633223327938 -0.131494330544841 0.053500013617672336 0 -9.805800053441128E-9 -1.345667259921861E-8 0.049977054944691214
0.32685099627426545 -0.2905697969488598 0.06232853198902639 0 -3.076834390652386E-8 -2.9362452812068215E-8 0.04997705631584187
0.25568805190108224 -0.19009790761699052 0.05725179690059135 0 -1.3744723514872857E-8 -2.7365781289001813E-8 0.04997703698711897
0.2878012678865199 -0.2461068228137798 0.059620677596610265 0 -2.485254034829833E-8 -2.7229044839065526E-8 0.049977041346908876
0.17648242248939017 -0.17786432905826252 0.055061790182478074 0 -1.1547715127650557E-8 -2.1665974823458917E-8 0.0499770444036951
-0.2483235922732361 -0.18165056966040063 0.05686432272721823 0 -1.7416107826985063E-8 3.706885324025936E-8 0.04997702764467152
0.5547456546446986 -0.6639301342123074 0.09391738389868397 0 -7.280245170561444E-8 -6.938641168708619E-8 0.04997707406718525
0.617759403950767 -0.688475338910477 0.09999999999999995 0 -7.430577127431753E-8 -7.605041717944797E-8 0.049977066692197106
0.5055257679581893 -0.637124600070996 0.08897493457515948 0 -7.4581020098054E-8 -6.09950443632744E-8 0.049977078787917226
0.4877536710430043 -0.5826751104622181 0.08420495651136725 0 -7.026261652134274E-8 -5.1154007335724766E-8 0.04997707290813398
0.33633282409977666 -0.3398966968888034 0.06444423660906808 0 -3.640448356550336E-8 -3.559965001139467E-8 0.049977069316614116
0.3632772876174715 -0.38800374757803635 0.06749345504717459 0 -3.7717148109126074E-8 -4.643225462427989E-8 0.0499770608002456
0.41704203467651185 -0.4108303752912243 0.07090170067103964 0 -3.9714559392807986E-8 -5.021609394111859E-8 0.04997704920370817
0.4381086940659461 -0.4733073985449338 0.07505155127124846 0 -5.228612556585805E-8 -4.889566829411018E-8 0.04997704706802121
0.4531934148271225 -0.5420428192507506 0.07976926362259741 0 -6.513321911722132E-8 -4.676938546921073E-8 0.0499770575873641
-0.8565041007211142 0.12935729823844902 0.09401883827528355 0 1.6747313652488992E-8 1.1868386062927982E-7 0.04997703041420078
-0.9051192255768068 0.1907463267598074 0.09999999999999999 0 2.5000552102497293E-8 1.2907163754308546E-7 0.04997702006066359
-0.7940808377677345 0.13178185399490336 0.08820577601429047 0 2.3409105792889475E-8 1.1018444757117816E-7 0.04997704060009798
-0.33304413722574716 -0.0693067767843958 0.05805530637396814 0 -3.814892902061448E-10 5.19261681601131E-8 0.049977020784626035
-0.4742240483662385 0.11256694280313873 0.06494853319711702 0 2.1314368831350052E-8 6.680727986514443E-8 0.04997704442260572
-0.5075730010734563 0.12513873893141758 0.06697106660603604 0 1.7073694646053138E-8 7.392253845193402E-8 0.049977037805657806
-0.5430568755805907 0.10886676283437083 0.06886622733636953 0 1.4646919607635393E-8 7.718642075410551E-8 0.04997702606603922
-0.7200856347104287 0.12756375701027653 0.08178787314202199 0 3.041450655457443E-8 1.0028727356420243E-7 0.049977028242479064
-0.6366216770914513 0.1480565042375733 0.07568897320024313 0 2.7901818804823465E-8 9.063624702140251E-8 0.04997701505895518
-0.5817364775186938 0.11498204866540508 0.07140762999266016 0 1.7944908912171525E-8 8.28987895589236E-8 0.04997701787267843
-0.42774238996431574 0.06497482014443741 0.06209784320535726 0 2.006683501488309E-8 5.916388299706911E-8 0.04997703026215159
-0.3847166606924661 5.007387460326135E-18 0.05988137680814879 0 1.0640786997465369E-8 5.7519781065398575E-8 0.0499770204913065
-0.3349183900900527 -0.1391323925724424 0.05894927757126893 0 -8.192936366670104E-9 5.1163044422202613E-8 0.04997702439097782
-0.29014129297673835 -0.2192290809213992 0.05898973037684319 0 -1.903512394591769E-8 4.621680401254774E-8 0.049977026607887984
-0.30831506111577245 -0.17770170158565646 0.05867258259636438 0 -1.4434098544950161E-8 4.761783832229282E-8 0.04997702472523436
-0.8184909839211807 0.07533925376340875 0.08977629762126751 0 1.3692042101139977E-8 1.1007741039844774E-7 0.04997703125736361
-0.15687445011428935 1.9896548115933566E-17 0.05290395974586269 0 9.020689586563054E-9 2.8032021173256747E-8 0.04997704218130922
-0.12783259126111396 -0.033275347967647646 0.05249920381841622 0 7.3805571802419394E-9 2.6227377498107484E-8 0.04997704261634563
-0.12619399745448542 -0.06614911525416546 0.05266041061116255 0 3.960409890684606E-9 2.641149715685305E-8 0.049977046925315155
-0.24680219676358395 -0.07209570484823002 0.05524990662857362 0 -7.488952206657986E-9 4.036078382005073E-8 0.04997703314923328
-0.22815732549244763 -0.13366956667415794 0.05546555293618707 0 -1.5086183948571888E-8 3.3283799200500654E-8 0.04997703747014207
-0.15093740406319942 -0.09389909648308085 0.053299030733839035 0 -1.1172634170635964E-9 2.754363594249262E-8 0.049977054828299096
-0.17405337917392047 -0.045794392161233266 0.053343830220451034 0 1.3299311135147419E-9 3.337627459964622E-8 0.04997704693951199
-0.18973296493485722 -0.18461798069110347 0.055474546986767154 0 -1.788660221263326E-8 2.623208309174547E-8 0.04997703398932034
-0.1364384943575783 -0.14270773398924902 0.05371629461338726 0 -8.977698220240788E-9 2.039320656659694E-8 0.0499770476386364
0.04273873390329096 -0.07402565857166638 0.05192600533605053 0 -2.3943777464808695E-9 5.229951390589737E-9 0.049977038478096265
-0.04299754043112493 -0.07447392462720538 0.051931021483395706 0 1.0606134144265774E-9 1.6342389587992666E-8 0.049977036848640424
1.3904975238826412E-17 -0.08573627431625096 0.051928505242836896 0 -2.1206110364836774E-9 1.1561603572031469E-8 0.04997703806967977
-0.07925046645516252 -0.13726583442387433 0.052932952804228266 0 -8.873651739178743E-9 1.797806290440185E-8 0.04997704596325049
0.078463056828959 -0.135902000944921 0.052904876080197075 0 -8.716950174397066E-9 -2.3121485780009832E-9 0.04997704912081145
0.11138757858716244 -0.19292894544503636 0.054318208030815426 0 -1.3311745265405299E-8 -1.1401678019074082E-8 0.049977044102626
0.2704412885460667 -0.32134890739138133 0.06148782850104338 0 -3.782786825381201E-8 -2.5275133066835706E-8 0.04997704959962284
0.21970172124605267 -0.2547036178054315 0.05790944965811469 0 -2.4778696237258235E-8 -2.1554993146236924E-8 0.049977034752203914
0.06445906182530692 -0.2524774236880237 0.05535114833714504 0 -1.982158599436712E-8 -6.14551199381886E-9 0.04997704145505154
0.14972579901011426 -0.2593326910893636 0.056582144341893334 0 -2.2976817027246154E-8 -1.4553330715611771E-8 0.04997703291136337
0.031363797849434556 -0.30517057546423765 0.0568332914109285 0 -2.9644550523018543E-8 -1.3434469812580092E-10 0.04997703567372585
-0.03281109095750645 -0.303248501545522 0.0567724159885361 0 -3.160942378471262E-8 8.006764610489019E-9 0.0499770345137296
-0.22974591189928226 -0.25639797529990704 0.058213734017978094 0 -2.3278610882139446E-8 3.714679453261631E-8 0.04997702607264233
-0.15050660974349658 -0.260685094950677 0.05663516711153095 0 -2.6552121842249736E-8 2.4375251142632046E-8 0.04997702646610545
-0.0010639892128916778 -0.35571530812846325 0.05866683852382106 0 -3.729029797936309E-8 7.88421361523962E-9 0.04997703410943602
0.4897167015298755 -0.6990669986722716 0.09278011319940965 0 -8.191912208313247E-8 -6.203573723749966E-8 0.049977068627698934
0.5485314847714318 -0.7448023146284537 0.09999999999999996 0 -8.589402217083129E-8 -7.032022659019024E-8 0.049977064760369797
0.4538946410105444 -0.6418290507487608 0.08650541722977732 0 -7.872568614643715E-8 -5.285332252472232E-8 0.04997706959374607
0.43691576165411183 -0.5863880363863174 0.08178506492225697 0 -7.261910047378665E-8 -4.61222955709545E-8 0.04997706180207902
0.30008338071089913 -0.40108479031261085 0.06570468861303413 0 -4.4924432888586807E-8 -3.6966096713855895E-8 0.04997705420922531
0.35656776116113886 -0.46142030598113837 0.07075125137743835 0 -4.993228893357174E-8 -4.3353204488275885E-8 0.04997704548509513
0.38634553368626 -0.5411366135074784 0.07653244947706513 0 -6.366627211340231E-8 -4.130471816264465E-8 0.04997704701448981
-0.8641324069088798 0.062174994255793294 0.09403348687291993 0 9.400202613904871E-9 1.174501909628357E-7 0.04997702475338724
-0.9192848102122441 0.10262901652303172 0.09999999999999998 0 1.3051091827517035E-8 1.255196657760014E-7 0.04997701972865054
-0.7599167871431189 0.06070075634999409 0.08441733903220823 0 1.781947224923038E-8 1.0249112256910327E-7 0.04997702817672866
-0.3798507417992421 -0.12110542276221137 0.06050058794352799 0 -2.5580423308380297E-9 5.7673668046568195E-8 0.04997702971554864
-0.40842759083875524 -0.05875232359605665 0.06114052778332879 0 4.161184793900844E-9 6.369976787332804E-8 0.04997702824318347
-0.5039157942187592 0.07056797810116018 0.06615707446286306 0 1.2229144245608394E-8 6.843493470192833E-8 0.049977031232342095
-0.5548238392163808 0.07638757137486703 0.0692570455361671 0 1.1841695201596232E-8 7.758205390176404E-8 0.049977021121861
-0.6893460495224285 0.06354738512595373 0.07863780818203954 0 1.9480364781600042E-8 9.505049668220583E-8 0.049977018321276725
-0.6215823870108426 0.05940809814964494 0.0735747228508592 0 1.4437743897614674E-8 8.71992193155862E-8 0.04997701320432605
-0.4662367643365183 -0.05429215722432917 0.06397307879016166 0 7.370224264719338E-10 7.299252591470246E-8 0.04997703296644692
-0.46385916918682774 -3.671115297680029E-17 0.06368112390889598 0 7.569079206331797E-9 6.781954741460482E-8 0.04997702627008582
-0.3620108841151937 -0.17400839360604695 0.060635096430618034 0 -1.1340903909651192E-8 5.4396498722698125E-8 0.049977028183618585
-0.299671918215507 -0.26919022055739933 0.06068803798570996 0 -2.3423719789692812E-8 5.005481134407323E-8 0.04997703443144274
-0.33027652289156045 -0.22443841547131757 0.060528990644305516 0 -1.9270022961681994E-8 5.264140307985854E-8 0.04997702927320072
-0.8245744171037561 3.2427437940114445E-20 0.09002147282184526 0 4.499426582224415E-9 1.1483710705951033E-7 0.04997702548352643
-0.19761019796705673 -0.10158906953187434 0.054303584925033156 0 -1.0424715697470345E-8 3.195208071310167E-8 0.04997705159014948
-0.18403998396844498 -0.12735803584373423 0.05434432437859784 0 -1.1339237681730837E-8 2.599023989323893E-8 0.049977050845856505
0.002774404310843052 -0.26370741404826953 0.055444406431408536 0 -2.494676844285194E-8 -3.631322697986979E-10 0.049977044721982285
-0.11217260429255088 -0.1942886498520168 0.05435789315243198 0 -1.903465445866395E-8 1.7479684190845616E-8 0.04997703912257121
-0.059917909088264505 -0.2537684697083779 0.05535616729591674 0 -2.813467246280637E-8 9.779573563909933E-9 0.04997703926392449
0.025874926118163173 -0.1326695098536581 0.05254567933671944 0 -7.631020095552656E-9 8.14828336984852E-9 0.049977048577072955
-0.02524383979971824 -0.13300675455069116 0.05254892004091195 0 -8.935673036693121E-9 1.4816263716448624E-8 0.04997704751979476
0.05493858025113073 -0.18721166728009325 0.05366460039291042 0 -1.0909921542257734E-8 -1.038954758756973E-9 0.04997705260401619
-0.053441146730527585 -0.1870910243981426 0.053652873989227134 0 -1.9866531106157472E-8 1.3073913051146806E-8 0.04997705062704564
-0.015811501710617765 -0.22080470166743846 0.05428292799461194 0 -2.2359931879740927E-8 4.059352124409097E-9 0.0499770569249449
0.001589553534327251 -0.18045943852644147 0.053353802929854637 0 -1.4183603809144595E-8 9.289703427129536E-9 0.049977060090751334
0.01713256069613923 -0.2191946756676691 0.054245341320781695 0 -1.6566600442623115E-8 1.0300166680282818E-10 0.04997705781100689
0.23193963455587202 -0.4017312313397281 0.06368217918749612 0 -4.278193776721255E-8 -2.2869245361458922E-8 0.04997704714496972
0.1923608915779979 -0.3331788376023402 0.059881599761303035 0 -3.526607569023857E-8 -1.5469090202952634E-8 0.049977037688752966
0.10559774308437371 -0.32641465451667345 0.058167036115944384 0 -3.250295217786637E-8 -5.215803030256987E-9 0.049977034173548596
0.02839276411724587 -0.3973392921812579 0.060485401730235276 0 -4.385741702209943E-8 5.980004340333827E-9 0.049977039517784
0.04349199689707277 -0.3606955682361924 0.05897556113419837 0 -3.8321570420943405E-8 3.1180479821532124E-9 0.049977035910031685
-0.2724211583800272 -0.34021230275634196 0.06225471036920945 0 -3.0328173521655614E-8 4.351933992404958E-8 0.049977040366015614
-0.04975626500892476 -0.3592625346716331 0.05895024498757896 0 -3.731669832737803E-8 1.5319587928340505E-8 0.049977033948733915
-0.11115524588477288 -0.32319159740630654 0.058116751891295344 0 -3.399329084734916E-8 2.2704173275303878E-8 0.049977029036443875
-0.1929576265867868 -0.33421241295621784 0.05993362613445384 0 -3.355831820299557E-8 3.443621885733139E-8 0.04997702976541102
-0.00580331192480529 -0.44141011755505605 0.06253303354413747 0 -4.798428380089081E-8 8.888750843777218E-9 0.0499770429556596
-0.03317807935019408 -0.4000499580003111 0.06062434517611842 0 -4.155565199513123E-8 1.4144860221305164E-8 0.04997703887292205
-0.4124914840826571 -0.7144562081206507 0.09005972521404425 0 -8.619595071367557E-8 5.848787330473936E-8 0.04997704508031021
-0.4625000000000001 -0.8010734985006056 0.09999999999999992 0 -9.94908375699007E-8 6.187498754191517E-8 0.049977038127006344
-0.38371343710296635 -0.7748603000238191 0.09386619334345217 0 -9.769841326960918E-8 5.3605571240199276E-8 0.04997704730042325
0.41226227881814503 -0.7140592129571534 0.09001680581831234 0 -8.251532220379145E-8 -4.8023710130189805E-8 0.04997706354747472
0.4625000000000003 -0.8010734985006056 0.09999999999999992 0 -9.214459397667603E-8 -5.758224346147637E-8 0.049977058987285175
0.36763254236248355 -0.6367582418875386 0.08211785344170675 0 -7.518685993146898E-8 -3.738024050813016E-8 0.04997705595025777
0.2724100436150707 -0.4718280360333562 0.06830375115676082 0 -4.992676715992112E-8 -3.1691672403422574E-8 0.049977043864308374
0.31808183532075857 -0.5509338997403103 0.07441383187593022 0 -6.255132293303728E-8 -3.360526478163779E-8 0.04997704191090738
0.2111878992556696 -0.5199281931560845 0.06932845783235407 0 -5.354683223818144E-8 -2.3980461156210304E-8 0.04997704670091151
0.021803385387518696 -0.48225449508691837 0.06469299319690376 0 -5.5627985134698E-8 2.353948949837671E-9 0.04997704555225642
-0.8627884197170683 -0.05512509329877387 0.09385473111979895 0 -5.4896239072790065E-9 1.2221263102811908E-7 0.04997702589410326
-0.9249999999999996 -3.487031299242896E-17 0.0999999999999999 0 5.174779565433853E-10 1.280400310381801E-7 0.04997701598023037
-0.7353276040989696 -1.3378311327871067E-18 0.08212306732579755 0 1.0503933832148287E-8 1.0319809792284359E-7 0.04997702211883088
-0.4256923062754768 -0.12215318657273537 0.06260425960749795 0 -1.9354255784955226E-9 6.361338852675209E-8 0.04997704116539458
-0.4043520178042478 -0.16901983470521803 0.062374130552393804 0 -9.649916811387887E-9 5.781122712416682E-8 0.049977034513722846
-0.46760448929491655 -0.09647351175034935 0.06440527405535054 0 -4.51440447981213E-9 7.297293948111567E-8 0.0499770445764382
-0.5447672634209793 2.858524015158418E-17 0.06830049229574699 0 3.4139798750768382E-9 7.841052769903284E-8 0.04997701896473424
-0.6361392415232948 1.0428654588114258E-18 0.074412070818866 0 7.779617270689773E-9 9.026349660575273E-8 0.04997701271997603
-0.5124187514513647 -0.051847896831783355 0.06651654728017117 0 -3.5358490601213767E-9 7.796600291046501E-8 0.04997702807814239
-0.36799093114432163 -0.6373789894665451 0.08217765681431857 0 -7.312168359568968E-8 5.766784487968164E-8 0.04997703975964081
-0.31827009850817745 -0.5512599811461146 0.07444098367382036 0 -6.327091735915547E-8 4.85809846861586E-8 0.04997702778541158
-0.31386332305040454 -0.40193360988060217 0.06622216379223078 0 -4.2249111757538466E-8 4.1357178511581075E-8 0.04997704237519619
-0.344912559069745 -0.4432246070018303 0.06935603931497553 0 -5.03541369696494E-8 4.572956808346475E-8 0.04997703320316333
-0.3337091490042147 -0.3553876317528073 0.06495432896100803 0 -3.618097840211387E-8 4.802366376289639E-8 0.04997705412796701
-0.383737195098482 -0.21760730691022415 0.06251779019199952 0 -1.914328689346297E-8 5.734804003245649E-8 0.04997703131602074
-0.33230969380311975 -0.3125744339373021 0.06328313435425742 0 -3.0274093204918244E-8 5.500937633837741E-8 0.04997704928055747
-0.3540195296480104 -0.26181915330723304 0.06247659304365877 0 -2.5691786871066833E-8 5.733598836384236E-8 0.04997703630978126
-0.7962287177911112 -0.06074957956360479 0.08762354715881245 0 -1.3759541758935419E-9 1.1536360515081933E-7 0.04997703166387839
-0.7351410524947966 -0.06092685497728594 0.08231802271497875 0 3.521359484405484E-9 1.06580069656047E-7 0.0499770269349507
-0.4839056580716607 -0.700569999447879 0.09257832058039935 0 -8.302486511007207E-8 6.39453383775673E-8 0.04997704647761802
-0.548567403595686 -0.7447758606713796 0.09999999999999995 0 -9.110117475063975E-8 7.144658480821094E-8 0.04997704027562429
-0.43547631470191006 -0.6351536187841573 0.08509247440255902 0 -6.989119230801651E-8 6.348427754709951E-8 0.0499770463642559
-0.4991515386320159 -0.6334110077816721 0.08834372866104905 0 -7.257934452101007E-8 6.94515007707904E-8 0.04997705645426628
0.19075484218748148 -0.47253116432229375 0.06620021711897693 0 -4.573659185998078E-8 -1.9129446810358623E-8 0.0499770543716416
0.04901016908663563 -0.43723836174505165 0.062459634223422635 0 -5.132963194181735E-8 2.909946161642202E-9 0.04997704753467075
0.06673635655852123 -0.4767204709635778 0.06461779605353515 0 -5.810823351493587E-8 -3.121337831565361E-9 0.04997705416371178
0.08201071126761385 -0.3939388987243752 0.06066806698898625 0 -4.402131870927211E-8 1.2681375480793788E-9 0.04997704431538437
0.15779399244920161 -0.40600143052169285 0.06224217224863409 0 -4.1716909021922936E-8 -7.87536466943668E-9 0.049977050668711845
-0.23228029263418432 -0.4023212684393739 0.06371797650698163 0 -4.395107243276166E-8 3.6973150835852276E-8 0.04997703742173848
-0.272587327693687 -0.4721351010648927 0.06832563375196132 0 -5.512412051848953E-8 3.8776226941590215E-8 0.04997703181984494
-0.08918266806588586 -0.39015326021997454 0.06056960464965617 0 -4.0308845688067806E-8 2.3564148251067937E-8 0.049977040429619916
-0.15459594130071433 -0.39192658728762203 0.061550218588660825 0 -4.3529576407326515E-8 3.2302944348117714E-8 0.049977040662660656
-0.18675532053812563 -0.43493251784630643 0.06418357757579085 0 -5.254478131737987E-8 3.3333937666122276E-8 0.049977045032900035
-0.21375905453868752 -0.4723463627877797 0.06671710658979704 0 -5.83949082118928E-8 3.260858975739545E-8 0.04997704029144488
-0.030837599095424044 -0.4757419881377715 0.06436680609968097 0 -5.017818307745672E-8 9.6774429012054E-9 0.04997704540743474
-0.05772042989369192 -0.4373202270026056 0.06251628812885628 0 -4.391656264726782E-8 1.7171211771126642E-8 0.04997704679189656
-0.34485879204612635 -0.7195732958375974 0.08756922173357189 0 -8.942347308674173E-8 5.3577606171814544E-8 0.04997705166047721
-0.3147326423667731 -0.6679534491621227 0.08237892997106575 0 -7.949670689252708E-8 5.330977858482781E-8 0.04997704541484151
-0.23145619169988374 -0.5426436945370012 0.07120349698950756 0 -6.532719306179694E-8 3.470302397598737E-8 0.04997703283308712
-0.28415939775573246 -0.6153602706014173 0.07751426427315904 0 -7.1668880720872E-8 4.776006392980837E-8 0.049977035095178424
-0.32938286511096027 -0.7771045511687235 0.09186418681824757 0 -9.809119093967673E-8 4.6597820578453206E-8 0.04997705676490438
-0.29287844997281653 -0.7560683801841978 0.08874412837590734 0 -9.257105172407859E-8 4.462227312389419E-8 0.049977063841836165
-0.3707535969478622 -0.8474426517245004 0.09999999999999994 0 -1.0740577297585346E-7 5.025791720925725E-8 0.04997704601880552
0.3299132550602819 -0.6955796266909601 0.08507057911176502 0 -7.879701213541768E-8 -3.1191157937694674E-8 0.049977064841589584
0.29721686832567656 -0.7486484838731736 0.08825580478820183 0 -8.550981542341399E-8 -3.0715695329503745E-8 0.049977076309163836
0.36329863298780996 -0.7692008953950569 0.09250410835033807 0 -8.570972431494921E-8 -4.232086969110108E-8 0.049977066885212716
0.37078540548822353 -0.84742873429503 0.09999999999999996 0 -9.623433229984477E-8 -4.559419732319263E-8 0.049977062727225685
0.28831363121595577 -0.628175946475062 0.07855241106831119 0 -7.263364040883025E-8 -2.5325102978874677E-8 0.04997705006875563
0.2593907519340379 -0.5686281064407216 0.07361593901057979 0 -6.325330764647928E-8 -2.6278505902575896E-8 0.04997704191473053
0.1909808398518187 -0.5616900805542804 0.07142639087555927 0 -6.126021563570104E-8 -2.119462855055842E-8 0.049977044901547585
0.17735047116299676 -0.5251479744589087 0.06889288845838194 0 -5.4543411092100284E-8 -2.1417838556575167E-8 0.0499770512399002
-0.006975621790116347 -0.518397225687904 0.06671599267023105 0 -5.791232364403437E-8 3.9928429428610725E-9 0.04997704190992774
-0.05196883438319561 -0.5240326103663052 0.06719869985797552 0 -5.619188489534891E-8 8.687826718438386E-9 0.049977043849980286
0.051893656645759574 -0.5409828050063739 0.06822031633188269 0 -6.38011198284367E-8 -4.9049466470700405E-9 0.04997704351418913
-0.8393412000270999 -0.10211595922316324 0.09200820531311653 0 -1.179125027874837E-8 1.1946558940570616E-7 0.04997703485061084
-0.8023821229894582 -0.12465004703532731 0.08885408731398863 0 -1.1148427719316703E-8 1.1362123415109137E-7 0.049977042925215064
-0.919283847116488 -0.10263764414409532 0.09999999999999995 0 -1.3573293645034291E-8 1.2906220472780112E-7 0.04997702262614657
-0.4286041911968902 -0.211604106404576 0.06443452009247352 0 -1.9389582310591857E-8 5.978179327463651E-8 0.0499770328569506
-0.6752473549062171 -0.06099766201966174 0.07752927755735106 0 2.780249806855321E-9 9.720809291281315E-8 0.049977018235097564
-0.4690213191754545 -0.16282051739106812 0.06545407679976868 0 -1.4087675730776075E-8 6.244746921265741E-8 0.04997704386994767
-0.5199939829281818 -0.12464895604080488 0.06768673130026925 0 -1.6091287883895577E-8 7.488789189626862E-8 0.04997703750835996
-0.5844196053235723 -0.07491703801282976 0.07115392026499068 0 -5.9747320660188285E-9 8.504996169662234E-8 0.049977018446495845
-0.40158939943089916 -0.5697012631254147 0.07901179842938963 0 -6.17811012424525E-8 6.17398392875948E-8 0.049977034789107685
-0.3629672679735455 -0.5093150093458657 0.0736457128337714 0 -5.723120351457812E-8 5.295032170450377E-8 0.04997702724842691
-0.36195665189066545 -0.3775113144203722 0.06698450376718919 0 -4.435936782379681E-8 4.8299043452095344E-8 0.04997704837461912
-0.36626813150114046 -0.41664081435894 0.06892167223823108 0 -4.8453714338906213E-8 4.7954915218868606E-8 0.04997703756463323
-0.3903068178565833 -0.4466269881485596 0.07141764844659583 0 -5.171095204420702E-8 5.361019285169358E-8 0.049977030307351004
-0.38262787487786487 -0.34149739132768064 0.06638993492953274 0 -4.284383242131614E-8 5.636693618397296E-8 0.04997704733948396
-0.4062559769371703 -0.26147495596378895 0.06471383725610919 0 -2.8607952118958768E-8 6.077653171309625E-8 0.04997703306464024
-0.379843340675863 -0.2969419115223147 0.06465963905911938 0 -3.4461166022233404E-8 6.011635151378105E-8 0.04997704187382054
-0.735100345459195 -0.11930462056175606 0.08291132970822639 0 -1.909363431997617E-9 1.0503452863480406E-7 0.04997703495302567
-0.5519968333853201 -0.6639303440969675 0.09374464706266032 0 -8.278915375753759E-8 7.357213203885517E-8 0.04997704972377448
-0.6178002971320175 -0.6884386430529175 0.09999999999999999 0 -8.810383858700085E-8 8.361513778857651E-8 0.04997703923559392
-0.4800125571007386 -0.5637645778356987 0.08255043176744221 0 -6.134840576203064E-8 7.491336688774575E-8 0.049977046266444204
-0.5399346500949583 -0.6040123388311484 0.08868415026698905 0 -7.416696464464203E-8 7.834200441400584E-8 0.049977054918671444
0.1043605879990727 -0.5010308479370807 0.0663275801738497 0 -5.893713353790642E-8 -1.2335833706848242E-8 0.04997706058081148
0.14556246178613041 -0.5017461145955597 0.0669511130546236 0 -5.2857398681646385E-8 -1.7601151305785113E-8 0.04997706152285727
0.1399468089855873 -0.4672126633962517 0.06496624972127404 0 -4.877964939402828E-8 -1.077740488754452E-8 0.04997706629029604
0.10408488366078729 -0.44405468685268906 0.06327666735135784 0 -5.1704217374082854E-8 -2.1202918934986587E-9 0.04997706068338546
-0.1061373350373039 -0.43371612134398735 0.06278756375601147 0 -4.518734281615148E-8 2.6081996013303672E-8 0.04997705375073939
-0.15386562481962193 -0.515523498759926 0.0678853449092873 0 -6.221386899403998E-8 2.032109626520143E-8 0.04997705031515829
-0.1533021139497205 -0.45854960024362473 0.06473399748772987 0 -5.554511225903045E-8 2.837983564527193E-8 0.049977056789129476
-0.09527352708204248 -0.48999184724793526 0.06560563290386158 0 -5.0695024905095705E-8 1.535697123915217E-8 0.049977057015680795
-0.09590125636856876 -0.5619999312235504 0.06990127823248256 0 -6.283295687714635E-8 1.3190929591708429E-8 0.049977040794435316
-0.15663037176370528 -0.5733099421965812 0.07149707499548641 0 -6.712662924515826E-8 2.272938087607484E-8 0.0499770383040054
-0.2643961373711981 -0.69702971973395 0.0829765309474388 0 -8.091089295267905E-8 4.7982413077639664E-8 0.04997705433993291
-0.19926692702634366 -0.6350324834465847 0.07658242747619838 0 -7.297926068038517E-8 3.510769334407709E-8 0.0499770375333947
-0.2937621218403118 -0.8161557505482272 0.0941366022415018 0 -9.999531084416483E-8 3.8708461109116944E-8 0.04997705726061587
-0.2445064351501806 -0.7666415232960113 0.08818261063739219 0 -8.789918670622441E-8 3.7041681290026565E-8 0.049977063131682986
-0.28738877712844163 -0.8792227618026947 0.09999999999999998 0 -1.0654938493015567E-7 3.732025639300435E-8 0.04997704965650935
0.24692814396934878 -0.6974874410583481 0.08250617855893734 0 -8.443271205843033E-8 -1.850992844819402E-8 0.049977064433454454
0.2521627428797361 -0.7694593063835823 0.08864404636431372 0 -9.370028806145829E-8 -2.761923966188227E-8 0.04997707505578001
0.297447604941039 -0.8106467532563326 0.09375141746476387 0 -9.415837114685246E-8 -3.7386319179696194E-8 0.04997707119178222
0.28742318143973467 -0.8792115158194408 0.09999999999999996 0 -1.0518565066729857E-7 -3.699095409167409E-8 0.04997706263516696
0.18957159845420457 -0.6243064952889011 0.07560329744867302 0 -7.275737192579415E-8 -1.6303171274745802E-8 0.04997704473250864
0.12475562378528372 -0.5650913910725972 0.07045918166236258 0 -6.458601612575935E-8 -1.496523015373195E-8 0.0499770460988993
0.16970055881419605 -0.6915759378642314 0.08021607449160519 0 -8.385699554746733E-8 -1.1576887595546548E-8 0.04997705151042336
-0.02127679909875186 -0.5862434400348021 0.07098260267248739 0 -6.6768539285867E-8 6.749593815153281E-9 0.049977035825693475
0.047679088889249585 -0.6125339534466792 0.07287094188782159 0 -7.146487628063222E-8 -6.225579636918089E-10 0.049977037379198196
-0.8531067718150073 -0.15803750226362162 0.09415708085227006 0 -2.0176115013202115E-8 1.1650321737022156E-7 0.049977034741920945
-0.7842181949983064 -0.17459658052838975 0.08806681761589173 0 -1.5163638938664422E-8 1.0530836388154732E-7 0.04997704156826683
-0.9051158299750597 -0.19076243784282004 0.09999999999999996 0 -2.440841958872328E-8 1.2185662405932403E-7 0.04997702545546414
-0.47800098007166625 -0.2183882854981824 0.06713458210584479 0 -2.3421587882281383E-8 6.41054018308392E-8 0.04997702989417774
-0.4503344724862791 -0.2539143429242661 0.06663047103760426 0 -2.8200782883122016E-8 6.346329391153193E-8 0.049977028346415896
-0.647719142022224 -0.1435812801370505 0.07642272847163623 0 -9.030246643471757E-9 9.175189239809055E-8 0.0499770199856454
-0.5329845388239062 -0.1985594752136453 0.0698139205090511 0 -2.2663524374246004E-8 7.209585358606032E-8 0.04997702577785476
-0.5744027965338088 -0.14938461510286838 0.07144252826293569 0 -1.649093985808078E-8 8.076360000437248E-8 0.049977022843436934
-0.44626651447182913 -0.4769553831048422 0.07565680574632234 0 -5.338562562584845E-8 6.618175100814643E-8 0.049977028311944345
-0.5140310251048448 -0.4921578818310024 0.08018045280724437 0 -5.4847611167496015E-8 7.79846275729346E-8 0.04997703304095775
-0.4256087219342948 -0.3924588186076942 0.07047472570296819 0 -4.819389482046426E-8 5.9415323591820637E-8 0.04997703139411806
-0.44295395304453694 -0.3153758255937713 0.06823813858748431 0 -3.89904058166763E-8 6.424119109451175E-8 0.0499770290920921
-0.722493271850469 -0.18466121884148878 0.08299584497449673 0 -1.1545668325889147E-8 9.917057563117154E-8 0.04997703207218721
-0.6008930547011089 -0.6092572756078648 0.09299302035398636 0 -7.82642605253281E-8 8.41313488078054E-8 0.04997704311731592
-0.684830613311738 -0.6217902179859557 0.09999999999999995 0 -7.97093432295413E-8 9.336467044865338E-8 0.04997703018812489
-0.5678213237459835 -0.5376676061363831 0.08613904983735729 0 -6.420076081350512E-8 8.418980059346775E-8 0.04997704100422582
-0.10379006268918359 -0.6311723493295895 0.07466578004946203 0 -7.264459953677435E-8 1.995265080157152E-8 0.04997703588412399
-0.2012336657215405 -0.7196538123444206 0.08312630758513646 0 -8.056530831631101E-8 3.65060192597416E-8 0.04997705186795132
-0.14538614431124028 -0.6947291331504665 0.08002955113164488 0 -7.98143427437347E-8 2.876556923751626E-8 0.04997704287667171
-0.2244810935107963 -0.8295744817427091 0.09335179876408069 0 -9.740830147868153E-8 3.0038101661412575E-8 0.04997705415221705
-0.1948530319449167 -0.7756068237085788 0.08772926134592988 0 -8.847410399174194E-8 3.072709280408536E-8 0.04997705515015251
-0.1961900777341867 -0.9039499420937565 0.09999999999999996 0 -1.0869230350994984E-7 2.5920511772891165E-8 0.049977045719649206
0.18083964416846282 -0.7595104378227607 0.08602850609777067 0 -9.360755995355884E-8 -1.6106260548665816E-8 0.04997706112106534
0.22639239794839497 -0.823169454837357 0.09279966487488275 0 -1.0060264964624329E-7 -2.8128981217226785E-8 0.049977065327962304
0.1962292603758944 -0.9039414372048344 0.1 0 -1.0951210907921131E-7 -2.480552055586713E-8 0.049977054553882606
0.115198487208555 -0.6531897985847656 0.07640980333620502 0 -7.681625380318827E-8 -6.715244281287192E-9 0.04997704232540244
0.13075868837865867 -0.7179080095003469 0.08165710231721485 0 -8.55228077804307E-8 -6.904822023634684E-9 0.04997705138002529
0.11581756539084577 -0.7588114009433137 0.08487399945221091 0 -8.89818708400671E-8 -6.210406090671558E-9 0.04997705595945713
0.049373389215154787 -0.6762514634930521 0.07753347573866784 0 -7.871821941759271E-8 4.316330209544244E-9 0.04997704308882779
-0.018713178495829663 -0.6598847879456909 0.07617577755495697 0 -7.709731872596896E-8 1.2297408977929518E-8 0.049977039110861966
-0.6738902730202501 -0.2204985208373878 0.07997070091519397 0 -1.784260352825685E-8 9.457835206072891E-8 0.04997702382536423
-0.8340398056073672 -0.21902107573341584 0.09363611174877712 0 -2.603250510338498E-8 1.1089102913150849E-7 0.04997703119533161
-0.7682837005378527 -0.21778108265977308 0.08762455506029669 0 -2.042441837875675E-8 1.0290352385953933E-7 0.04997703410160431
-0.8809151182252344 -0.2821428693025129 0.09999999999999996 0 -3.5338420857835374E-8 1.1801556964679173E-7 0.0499770208664381
-0.5165019276401033 -0.27345997871285094 0.07083650833060155 0 -3.019185865320119E-8 7.215818884254563E-8 0.049977020270916855
-0.598583551544961 -0.22602979228178174 0.07467942546060534 0 -2.1927394588841974E-8 8.41085021645864E-8 0.04997701877022595
-0.5551101229584549 -0.47007014883430126 0.08146563252731462 0 -5.143631445030101E-8 8.160749915145986E-8 0.049977031967942454
-0.5105636494997625 -0.4275668331221898 0.07661161867134536 0 -4.7149347769866104E-8 7.492444794355031E-8 0.049977025119584184
-0.504302912589223 -0.3476237550984314 0.07274022680505549 0 -3.92374717296618E-8 7.253505020489186E-8 0.04997702109725806
-0.7177089386751472 -0.2549295522420565 0.0843570467432338 0 -2.393831314065419E-8 1.0038965809689986E-7 0.049977028894746194
-0.6531660790226061 -0.2763311132584134 0.0799841441751332 0 -2.543825423470566E-8 9.457167378191701E-8 0.0499770250070065
-0.8437556437212325 -0.37907955935377746 0.0999999999999999 0 -4.946399587405682E-8 1.1665420297657969E-7 0.049977024269579215
-0.8010515387579304 -0.4625279007956028 0.09999999999999996 0 -5.934989623582651E-8 1.0777594960888192E-7 0.04997703102926035
-0.7501479603301011 -0.5412050791178039 0.09999999999999992 0 -6.71382195193159E-8 9.87135116563133E-8 0.04997702876454993
-0.5998767009898777 -0.4788913706345559 0.08487289614566725 0 -5.2798610659785015E-8 8.513030179949104E-8 0.04997703557404031
-0.6562422498346266 -0.5241856689594518 0.09146905933596002 0 -6.289855649683982E-8 8.912784104743849E-8 0.04997703560589382
-0.08839747535315964 -0.7039498716595032 0.08000538942626953 0 -8.343572657986925E-8 2.2362160778372132E-8 0.049977044062995336
-0.13806578705455586 -0.7497079460326577 0.08441541385599154 0 -8.792596215044942E-8 2.6516303837219453E-8 0.04997704944320474
-0.14308797449955213 -0.8318118172195702 0.0918642159103333 0 -1.004856451788717E-7 2.1824356823313323E-8 0.04997705143139077
-0.09361073890939048 -0.9202510142029422 0.09999999999999995 0 -1.1458230088501984E-7 1.3008443736053445E-8 0.04997704946573988
0.09365704332523053 -0.9202463037324216 0.1 0 -1.0789606965972011E-7 -1.1230340785385586E-8 0.049977053634669505
2.0711142119751377E-5 -0.9249949331376578 0.09999999999999996 0 -1.1183081611824903E-7 8.212622448014041E-11 0.04997705629037273
0.12762107521700664 -0.8265826692803618 0.09113421310198927 0 -9.71230585021999E-8 -1.2587997927604085E-8 0.04997705813997964
0.08068135396090603 -0.7141673032968792 0.08075294753127603 0 -8.290743579825023E-8 8.793131884475005E-10 0.0499770498143818
0.06358506183867194 -0.7827017733005066 0.08643167294964102 0 -8.882118832707246E-8 6.463472827115933E-10 0.04997706250214732
0.02032803985547743 -0.7231235035279147 0.08113718206932351 0 -8.428281394845991E-8 1.088825105813813E-8 0.049977053507507974
-0.03309170223836219 -0.7328034628470876 0.08197501691133365 0 -8.844375848975108E-8 1.7656545755709052E-8 0.049977054127883995
-0.7926496756412598 -0.2913333375023676 0.0919087000057277 0 -3.449521968530393E-8 1.0896831387744251E-7 0.04997702859998274
-0.5810426636905172 -0.3157640075984303 0.07626188231201679 0 -3.091292250089305E-8 8.424271642328925E-8 0.04997702150985871
-0.5773213056470615 -0.42632356756478973 0.08066830857907491 0 -4.3660959040284384E-8 8.336831602102454E-8 0.04997703050832509
-0.5604495700519321 -0.38109429561078195 0.0775098294695611 0 -3.861266780389631E-8 8.143133783095928E-8 0.04997702485697643
-0.6449966839705538 -0.44452809810358646 0.08625924084344862 0 -4.657600416449974E-8 8.827165456916211E-8 0.04997704133285456
-0.6508158876168189 -0.3390076459058359 0.08199721983987755 0 -3.214474854916692E-8 9.640861006091578E-8 0.04997703451229575
-0.7091826270730177 -0.3233083988571452 0.08590988858162861 0 -3.4874444431343244E-8 1.0368434550106534E-7 0.04997703577172414
-0.7619010673352372 -0.3837317836320327 0.09273617861998763 0 -4.928324142678262E-8 1.0670411632109309E-7 0.04997703799884563
-0.7143597851634016 -0.46065181317541964 0.09243904770387959 0 -5.5692250191678103E-8 9.433020604707656E-8 0.04997704140990373
-0.07537530152887754 -0.7754914719888757 0.0858872030654022 0 -9.606354138642846E-8 1.8797419289658597E-8 0.049977056763074845
-0.048377865911234746 -0.8513117859798408 0.09269807273978156 0 -1.0579466596299249E-7 8.009248156076197E-9 0.049977061305744856
0.043935839967012356 -0.8511210240129371 0.09265635168129686 0 -9.860493568564305E-8 -4.0922079546240294E-9 0.04997706395986084
-0.004822548609299441 -0.7855262944057825 0.08645491759740057 0 -9.411634085351845E-8 1.0429471749999786E-8 0.0499770694356022
-0.615323196863825 -0.38077552285640776 0.08115372829448383 0 -3.57341760924495E-8 8.95030105169063E-8 0.049977033976533095
-0.6821995337018092 -0.3893517946424338 0.0864501634511279 0 -4.112054015632564E-8 9.768198068234196E-8 0.0499770482097451
