% Model:
% Version:
% Dimension:          3
% Nodes:              691
% Expressions:        4
% Description:        Surface
% X                       Y                        Z                        Color                    DeformX                  DeformY                  DeformZ
0.7501545366059812 -0.5411959634402135 0.09999999999999992 0 -3.7237734713198334E-8 -6.116657216743519E-8 -2.760722941987789E-5
0.8010709981238165 -0.4624941975024229 0.09999999999999998 0 -2.9022871888939287E-8 -6.243685404030481E-8 -2.7602414079921655E-5
0.09365704332523052 -0.9202463037324213 0.1 0 -6.625526389262663E-8 -1.3044175983014882E-8 -2.7613094173825857E-5
0.1962292603758942 -0.9039414372048337 0.09999999999999995 0 -6.881696523249087E-8 -2.1002525190819778E-8 -2.7613198083894276E-5
0.2874231814397345 -0.8792115158194402 0.09999999999999994 0 -6.592935626049773E-8 -2.821279429344447E-8 -2.7605948381011202E-5
0.6177594039507672 -0.6884753389104772 0.09999999999999995 0 -4.5998244240519516E-8 -4.932401724015503E-8 -2.7603029941498872E-5
0.6847899965302143 -0.621834949891059 0.09999999999999994 0 -4.093664456283508E-8 -5.318005287259109E-8 -2.760891855310854E-5
0.6644823007055147 -0.538951594396605 0.09297818153954257 0 -3.7742015209035975E-8 -5.2364382108811805E-8 -2.7605386815582794E-5
2.0711142119768948E-5 -0.9249949331376585 0.09999999999999999 0 -6.992172972679996E-8 -6.881037306553741E-9 -2.7609519980373147E-5
0.04393583996701241 -0.8511210240129379 0.09265635168129693 0 -6.0838676692747E-8 -8.655890120757277E-9 -2.7602493352197227E-5
0.7176713367395712 -0.4652126067437795 0.09294805270739674 0 -3.2151461564583934E-8 -5.860082738118311E-8 -2.759693981459509E-5
0.8437752388147 -0.3790359438971111 0.09999999999999999 0 -2.182731264119025E-8 -6.228628243774363E-8 -2.76072141858336E-5
0.7635253857731481 -0.3782532475337201 0.0926398396720293 0 -2.2340389784694084E-8 -5.5335732361778936E-8 -2.7597693502693857E-5
0.5547456546446984 -0.6639301342123076 0.09391738389868395 0 -4.5835077489975474E-8 -4.608365224412931E-8 -2.7595555283802798E-5
0.5485314847714319 -0.7448023146284535 0.09999999999999996 0 -5.4377977704173285E-8 -4.7351144753996415E-8 -2.7605069213348625E-5
0.12762107521700677 -0.8265826692803626 0.09113421310198931 0 -6.0749451029541E-8 -1.2553207763826904E-8 -2.760918142062215E-5
0.22639239794839497 -0.823169454837357 0.09279966487488275 0 -6.446181926941825E-8 -2.2686526498385548E-8 -2.7602867724437335E-5
0.3707854054882235 -0.84742873429503 0.09999999999999998 0 -5.882051360233596E-8 -3.227933043652152E-8 -2.7606479128197074E-5
0.297447604941039 -0.8106467532563327 0.09375141746476388 0 -5.8765115287439536E-8 -2.806642202210643E-8 -2.759756537622634E-5
0.6050561438570463 -0.6036830020468074 0.09289418017943475 0 -3.92422506019548E-8 -4.554203443236068E-8 -2.760051554676105E-5
0.5365057739834548 -0.6074638984061794 0.08871198704411523 0 -4.2934454234855513E-8 -3.886327398345235E-8 -2.7590244749187576E-5
0.640351776746304 -0.4627856253417016 0.08686037768572825 0 -3.762304662440735E-8 -5.007786812790735E-8 -2.7601508906263815E-5
0.6027366073062329 -0.5213223560235656 0.08747588350371878 0 -3.813260700678531E-8 -4.389370834496216E-8 -2.7605132297306896E-5
0.11581756539084577 -0.7588114009433137 0.08487399945221091 0 -5.641529563108215E-8 -6.827424012625182E-9 -2.761146140863321E-5
-0.09361073890939044 -0.9202510142029422 0.09999999999999994 0 -7.292934701064377E-8 8.82366640681047E-10 -2.7615498374974176E-5
-0.19619007773418676 -0.9039499420937565 0.09999999999999996 0 -6.789381858299672E-8 8.115012359677345E-9 -2.761834506977518E-5
-0.2873887771284415 -0.8792227618026944 0.09999999999999995 0 -6.704454174480942E-8 1.4446448517213484E-8 -2.7613549983578632E-5
0.06358506183867196 -0.7827017733005069 0.08643167294964106 0 -5.489790571982172E-8 -2.835042430896699E-9 -2.760436047948556E-5
-0.04837786591123471 -0.8513117859798404 0.09269807273978152 0 -6.802098267444691E-8 -1.6382519756785214E-9 -2.7604288799277938E-5
-0.004822548609299431 -0.7855262944057821 0.08645491759740055 0 -6.00330550919477E-8 3.1861223608449045E-9 -2.759677526803258E-5
0.8809325145611795 -0.2820885484172241 0.09999999999999999 0 -1.6233895778661465E-8 -6.854322475992519E-8 -2.7608754303968784E-5
0.677795607943666 -0.39290477214771735 0.0862680402418979 0 -3.260305162534242E-8 -4.843735912091672E-8 -2.759076577748234E-5
0.6103906305879976 -0.40135765312469535 0.08172372928462611 0 -3.651869384603302E-8 -4.3730272791984186E-8 -2.7607476179322578E-5
0.8014927716328404 -0.2914410587712435 0.09271262928645595 0 -1.8295866095730708E-8 -6.059606818112543E-8 -2.7605360630906852E-5
0.7173493567573874 -0.31695962258024274 0.08634023460744475 0 -2.353388202188093E-8 -4.906211427197622E-8 -2.76025812966675E-5
0.8230806401765318 -0.20733638606092913 0.09232209730203018 0 -1.2103462006203184E-8 -6.556102093867686E-8 -2.7598131634026158E-5
0.5055257679581893 -0.637124600070996 0.08897493457515948 0 -4.908321924998773E-8 -4.03681331670611E-8 -2.759073404587137E-5
0.4897167015298755 -0.6990669986722716 0.09278011319940965 0 -5.293375017782746E-8 -4.226143929096369E-8 -2.7600990371647928E-5
0.46249999999999986 -0.8010734985006049 0.09999999999999984 0 -5.740369917217944E-8 -3.928317055519702E-8 -2.7610680888404427E-5
0.18083964416846285 -0.7595104378227608 0.08602850609777069 0 -6.102676150780115E-8 -1.3162887014632893E-8 -2.7606853307487186E-5
0.2521627428797361 -0.7694593063835823 0.08864404636431371 0 -6.059781495113487E-8 -2.077613472292177E-8 -2.759344947341515E-5
0.36329863298781023 -0.7692008953950572 0.09250410835033814 0 -5.2695284300529706E-8 -2.94176279390447E-8 -2.7602311315269094E-5
0.29721686832567656 -0.7486484838731736 0.08825580478820183 0 -5.360875167480944E-8 -2.1417561401269328E-8 -2.759253152874161E-5
0.566498136584519 -0.34007595181336675 0.07621962270586992 0 -2.836950437906173E-8 -4.0282990937153475E-8 -2.7622068234601103E-5
0.5490740032503059 -0.5442731464552364 0.08535659345024513 0 -3.9691588640560345E-8 -3.585777223569115E-8 -2.7601773146444543E-5
0.4877536710430043 -0.5826751104622181 0.08420495651136725 0 -4.780425914734251E-8 -3.1503389917334375E-8 -2.7596473903432563E-5
0.5629289159938321 -0.47314451663551055 0.08212579004392509 0 -3.769733106206605E-8 -3.930950039097812E-8 -2.7611759634302842E-5
0.5395049675561714 -0.4037977139333864 0.07721405836956645 0 -3.268178793242237E-8 -3.840403417820534E-8 -2.7620826959187756E-5
0.08068135396090602 -0.714167303296879 0.080752947531276 0 -5.2839511625260486E-8 -1.6666755213103393E-9 -2.761745147743611E-5
0.1307586883786586 -0.7179080095003467 0.08165710231721483 0 -5.526108949615216E-8 -6.7068561678955436E-9 -2.7616300740010628E-5
-0.3707535969478622 -0.8474426517245004 0.09999999999999994 0 -6.957175993075733E-8 2.2741672580344466E-8 -2.7616294108820714E-5
-0.14308797449955207 -0.83181181721957 0.0918642159103333 0 -6.376762154388349E-8 6.947101398044511E-9 -2.7613363515621784E-5
-0.22448109351079631 -0.8295744817427092 0.09335179876408067 0 -6.074953537351769E-8 1.0651744390879364E-8 -2.760985172638126E-5
-0.2937621218403122 -0.816155750548228 0.09413660224150187 0 -6.400960260933273E-8 1.5472513251627048E-8 -2.760603068100951E-5
0.02032803985547743 -0.7231235035279147 0.08113718206932351 0 -5.369907313699089E-8 5.028969009750386E-9 -2.7613185301947246E-5
0.049373389215154835 -0.676251463493053 0.07753347573866787 0 -5.0769371152198776E-8 4.79342193488405E-11 -2.7624050988820525E-5
-0.07537530152887752 -0.7754914719888756 0.0858872030654022 0 -6.253095638989969E-8 7.660330050117996E-9 -2.7608852944655756E-5
-0.03309170223836219 -0.7328034628470876 0.08197501691133365 0 -5.730883272067131E-8 8.854807395489947E-9 -2.7612040753467515E-5
0.9051251563026282 -0.1907181838739738 0.09999999999999992 0 -8.511560059226571E-9 -6.959422902140446E-8 -2.7602984180500772E-5
0.6346730356926771 -0.3174870091624341 0.08001946855914073 0 -2.825335084239517E-8 -4.2796905529233334E-8 -2.7612749604633553E-5
0.7578046117703346 -0.24801668508133742 0.08751626752734717 0 -1.9130635366864714E-8 -5.803427832439108E-8 -2.7604166864880856E-5
0.6897625743522149 -0.264441860913035 0.0824063475266023 0 -2.2701201002977652E-8 -4.92079092024522E-8 -2.7611016718958324E-5
0.7597010793028803 -0.19500257071099417 0.08634694259141452 0 -1.7638681790321925E-8 -5.990951125166427E-8 -2.75983349872098E-5
0.7883546035916825 -0.1648885681025431 0.08824892692988197 0 -1.270330788704888E-8 -6.116308400953953E-8 -2.7590727540764357E-5
0.8374232558848942 -0.12934172138602965 0.09218338983550128 0 -4.2235739173445656E-9 -6.071117926485665E-8 -2.759324935110762E-5
0.7880045515761319 -0.1291017367769672 0.0876205822064691 0 -1.0546770240312903E-8 -5.640922629155016E-8 -2.7589642880759982E-5
0.45389464101054455 -0.6418290507487612 0.08650541722977734 0 -5.29276542049352E-8 -3.5033246432001016E-8 -2.759986520503836E-5
0.4122622788181451 -0.7140592129571535 0.09001680581831237 0 -5.263537386219403E-8 -3.246074424400202E-8 -2.7605864255587426E-5
0.1697005588141962 -0.6915759378642319 0.08021607449160523 0 -5.5091447646564065E-8 -9.251392247841313E-9 -2.7616559263370374E-5
0.24692814396934865 -0.6974874410583478 0.08250617855893733 0 -5.537580742496887E-8 -1.1965861488754875E-8 -2.7604167597838072E-5
0.3299132550602819 -0.6955796266909601 0.08507057911176502 0 -4.990297746509428E-8 -2.0118881426603583E-8 -2.7604226512823606E-5
0.5796784116794852 -0.2776116098201063 0.07488927562467991 0 -2.2030873975599E-8 -4.2422960890871914E-8 -2.7624395214165896E-5
0.5306797663003683 -0.29923675531161764 0.07251363051783592 0 -2.161527941958828E-8 -3.979404696133578E-8 -2.762671146512643E-5
0.5018045759598764 -0.34636458619402455 0.07254833341115845 0 -2.4266355299850035E-8 -3.7186993031776754E-8 -2.762597594328916E-5
0.43691576165411183 -0.5863880363863174 0.08178506492225697 0 -4.9919291883470996E-8 -2.923563345929833E-8 -2.7607545503255026E-5
0.5025098789806555 -0.5159632075862093 0.08087711077114174 0 -4.070215284306487E-8 -3.1913665122023235E-8 -2.761016217239424E-5
0.4531934148271225 -0.5420428192507506 0.07976926362259741 0 -4.4929638491664407E-8 -2.9002746405492883E-8 -2.761168909582464E-5
0.5051728219418842 -0.4543425560441293 0.07763963571270259 0 -3.526296742935337E-8 -3.493821532098432E-8 -2.7619633845142792E-5
0.4743994852003083 -0.40954268251415876 0.073738234339428 0 -2.8985942315424932E-8 -3.528190896669118E-8 -2.7623727251885093E-5
0.115198487208555 -0.6531897985847656 0.07640980333620502 0 -5.018453707785324E-8 -7.376959127707356E-9 -2.7625444221680318E-5
-0.4625000000000001 -0.8010734985006056 0.09999999999999992 0 -6.411232558926309E-8 2.9243397513050245E-8 -2.7623032758328432E-5
-0.3837134371029664 -0.7748603000238192 0.09386619334345218 0 -6.389884527011721E-8 2.53593613533038E-8 -2.7614968947904598E-5
-0.3293828651109605 -0.7771045511687245 0.09186418681824765 0 -6.423962764015471E-8 2.1375221099263734E-8 -2.7606195467592497E-5
-0.4839056580716607 -0.700569999447879 0.09257832058039935 0 -5.3219577233466974E-8 3.0110131084217927E-8 -2.76144303663094E-5
0.04767908888924959 -0.6125339534466794 0.07287094188782159 0 -4.708548380188556E-8 -4.993083171633635E-9 -2.763000411352669E-5
-0.19485303194491674 -0.7756068237085788 0.08772926134592987 0 -5.485905641286627E-8 1.2976019161290418E-8 -2.7609324540934277E-5
-0.1380657870545559 -0.7497079460326577 0.08441541385599156 0 -5.580046290045239E-8 1.1908851606937304E-8 -2.7615682777401324E-5
-0.24450643515018045 -0.7666415232960108 0.08818261063739213 0 -5.473557804235794E-8 1.653409843115253E-8 -2.7600847546619208E-5
-0.29287844997281653 -0.7560683801841976 0.08874412837590734 0 -5.993946347617085E-8 2.1425414643913263E-8 -2.7599612696793126E-5
-0.018713178495829663 -0.6598847879456907 0.07617577755495693 0 -5.0042398548256984E-8 4.279538479579816E-9 -2.7627495360345352E-5
-0.08839747535315964 -0.7039498716595032 0.08000538942626953 0 -5.3891617395616284E-8 1.050032712522698E-8 -2.762171271221636E-5
0.8548200389796248 -0.0652462727687064 0.09314675085287963 0 -3.111352054084662E-10 -5.965760678344404E-8 -2.7602270040214258E-5
0.9192877606928158 -0.10260258091221079 0.10000000000000002 0 -1.4466408185788518E-9 -6.54772524373753E-8 -2.76048739817351E-5
0.6384778628041976 -0.2349189996283244 0.07770845629712514 0 -2.0199202522032347E-8 -4.656056010286485E-8 -2.7619867104029354E-5
0.7040732060431756 -0.2032143579310842 0.08191372549943252 0 -2.0089219516739777E-8 -5.320890210087698E-8 -2.7609539958092825E-5
0.5898871014295897 -0.20776639827421509 0.07364495662277284 0 -1.4575062751266535E-8 -4.495838225168714E-8 -2.7623667597584815E-5
0.7325342916850157 -0.13408386908087772 0.08291013088256632 0 -1.711074550848723E-8 -5.295336677289684E-8 -2.7600583823947418E-5
0.8252770499196602 1.9257059754862352E-16 0.09008727174442388 0 1.878614866189745E-9 -6.042409256062774E-8 -2.7605861711100547E-5
0.7859407931602105 -0.07401767626946823 0.08680140328934058 0 -6.70679133764917E-9 -5.2720480193323894E-8 -2.7598981150962683E-5
-0.499151538632016 -0.6334110077816723 0.08834372866104906 0 -4.6494601146875926E-8 3.475779897171763E-8 -2.7604235350331073E-5
-0.539934650094959 -0.6040123388311489 0.08868415026698911 0 -4.965293702942276E-8 4.137136944517355E-8 -2.760507164215618E-5
-0.55199683338532 -0.6639303440969675 0.09374464706266032 0 -5.4913871624985126E-8 3.5936163305827156E-8 -2.7610077959892097E-5
-0.5485674035956859 -0.7447758606713794 0.09999999999999995 0 -5.8724373798220126E-8 3.401192428072681E-8 -2.761960319715254E-5
0.36763254236248405 -0.6367582418875392 0.08211785344170683 0 -4.96195930831407E-8 -2.425897632578124E-8 -2.7613282728091442E-5
0.18957159845420457 -0.6243064952889011 0.07560329744867302 0 -4.778113765328632E-8 -1.2899297325894006E-8 -2.7623654405263465E-5
0.28831363121595577 -0.628175946475062 0.0785524110683112 0 -4.749835905588116E-8 -1.6530169343954633E-8 -2.7618856581926197E-5
0.526450453306162 -0.23768251001620336 0.07038843476625324 0 -1.5026751606584797E-8 -4.228750366709476E-8 -2.762409371549578E-5
0.47890979704271586 -0.2863984098188226 0.06912760288748078 0 -1.7911409484320646E-8 -3.699815888338245E-8 -2.762487905861115E-5
0.4494990254251993 -0.3483577682477059 0.06980849106780328 0 -2.0585943051899752E-8 -3.429098990489974E-8 -2.762143277909629E-5
0.38634553368626057 -0.5411366135074791 0.07653244947706521 0 -4.347402278013E-8 -2.7175473646401943E-8 -2.7622209634430147E-5
0.43810869406594616 -0.47330739854493387 0.07505155127124848 0 -3.592199981978112E-8 -3.195422398021492E-8 -2.7622061186225382E-5
0.4170420346765119 -0.4108303752912244 0.07090170067103962 0 -2.6831825050754382E-8 -3.4427959575595005E-8 -2.7619810793910097E-5
0.1909808398518187 -0.5616900805542806 0.07142639087555928 0 -3.979865857024935E-8 -1.7719329094869315E-8 -2.7623651312026393E-5
0.12475562378528363 -0.5650913910725969 0.07045918166236254 0 -4.289908035195367E-8 -1.511410980369034E-8 -2.7622041274000975E-5
0.05189365664575958 -0.5409828050063739 0.06822031633188272 0 -4.3426695067225333E-8 -9.052006639878641E-9 -2.7624196784811985E-5
-0.41249148408265685 -0.71445620812065 0.0900597252140442 0 -5.5725429986297186E-8 2.863209015866241E-8 -2.7616881522689193E-5
-0.34485879204612635 -0.7195732958375974 0.08756922173357189 0 -5.876055928749888E-8 2.7484978422754482E-8 -2.761122239387517E-5
-0.4354763147019103 -0.6351536187841577 0.08509247440255904 0 -4.381005473236963E-8 3.233805735212303E-8 -2.7615345302002028E-5
-0.02127679909875187 -0.5862434400348023 0.07098260267248742 0 -4.382522356869123E-8 -1.419252433328264E-9 -2.7631076410177505E-5
-0.20123366572154053 -0.7196538123444207 0.08312630758513646 0 -5.006688990469337E-8 1.8392001565252853E-8 -2.761272261838956E-5
-0.1453861443112404 -0.6947291331504667 0.08002955113164492 0 -5.075040317558765E-8 1.3746173888234231E-8 -2.7622378837484983E-5
-0.26439613737119816 -0.6970297197339501 0.08297653094743883 0 -5.160631913352634E-8 2.635648015125239E-8 -2.760960782752982E-5
-0.314732642366773 -0.6679534491621226 0.08237892997106575 0 -5.175076195241863E-8 2.8883646493959825E-8 -2.761797281651917E-5
-0.10379006268918363 -0.6311723493295898 0.07466578004946206 0 -4.714953022551904E-8 7.229906251016534E-9 -2.7630038396991947E-5
0.7822439697509947 0.07342341173252223 0.08646750245519458 0 3.897188225034265E-9 -6.195511616136928E-8 -2.7600735336807697E-5
0.9249999999999998 2.358937726024754E-16 0.09999999999999994 0 5.3980097537133755E-9 -6.770588799516937E-8 -2.7610647431977477E-5
0.851370675269602 0.07427003550197267 0.09288407134507307 0 1.0197743908729503E-8 -6.542211295740842E-8 -2.7602124363293353E-5
0.8038717607621603 0.12213857484508564 0.0889547066003148 0 1.054673032662554E-8 -6.078494255876209E-8 -2.7592329017714914E-5
0.5408130551366507 -0.18150058753720788 0.06992281214701015 0 -8.508033918992545E-9 -4.3630733573027596E-8 -2.7618373749723572E-5
0.7247257834183621 0.0852066297502373 0.08165698245211614 0 3.5561811367908276E-10 -5.631301923361622E-8 -2.7609034568992996E-5
0.6510493529215736 -0.15514133280147802 0.07686356365481603 0 -1.4743387193806076E-8 -4.784882039450181E-8 -2.7619228827208315E-5
0.5770279320473081 -0.15184347618041535 0.07165568912865208 0 -7.309266196705283E-9 -4.355117988039506E-8 -2.7620990328818537E-5
0.6918887433807659 -0.06772116765551027 0.07886795692620667 0 -9.704282054714016E-9 -4.8484665702463875E-8 -2.761665087368606E-5
0.7364981201835382 1.7871933341171726E-16 0.08222076644985389 0 -3.755905633728711E-9 -5.3948272037567885E-8 -2.7613000275352164E-5
-0.48001255710073826 -0.5637645778356982 0.08255043176744216 0 -3.917466837659117E-8 4.1274723436598625E-8 -2.7614757468575158E-5
-0.5678213237459834 -0.537667606136383 0.08613904983735729 0 -4.333906077591584E-8 4.566007008316669E-8 -2.7618439692080822E-5
-0.600893054701109 -0.6092572756078649 0.09299302035398636 0 -5.335512746549146E-8 4.376498716287777E-8 -2.7615786834437007E-5
-0.6178002971320171 -0.688438643052917 0.09999999999999995 0 -5.875051322293345E-8 4.231706487434417E-8 -2.76194468416328E-5
0.31808183532075807 -0.5509338997403093 0.07441383187593008 0 -4.176916365900064E-8 -2.3193484906847287E-8 -2.762717850990591E-5
0.2593907519340379 -0.5686281064407216 0.07361593901057979 0 -4.144276670867731E-8 -1.9066104804198475E-8 -2.7626955106319415E-5
0.4250914842628162 -0.2904030737883922 0.06650384046370365 0 -1.6751954315175922E-8 -3.088765095688861E-8 -2.7618579364365357E-5
0.4860024477406568 -0.1810614961514008 0.06672716200822644 0 -1.054343727406436E-8 -4.2085302800276695E-8 -2.7610409522945982E-5
0.4546475825643904 -0.2329362873436874 0.0662732760967022 0 -1.54711990569721E-8 -3.71873889207534E-8 -2.7619718965152168E-5
0.39693548996928896 -0.3460112170117685 0.06719703593166886 0 -1.8765187661738445E-8 -3.0450943486152883E-8 -2.760941184185488E-5
0.3565677611611388 -0.4614203059811383 0.07075125137743832 0 -3.4189080488099455E-8 -3.085321274280212E-8 -2.762364607018808E-5
0.36327728761747163 -0.38800374757803646 0.06749345504717459 0 -2.6083365855284418E-8 -3.357855611911879E-8 -2.7608248554150027E-5
0.3750627258693446 -0.2936858939923492 0.0643465481455432 0 -1.8991417386731833E-8 -2.3569485771078937E-8 -2.7611190992736126E-5
0.14556246178613044 -0.5017461145955597 0.06695111305462358 0 -3.472938491096575E-8 -1.6615972084378695E-8 -2.7606953072408618E-5
0.1773504711629968 -0.5251479744589087 0.06889288845838194 0 -3.5122667869296784E-8 -1.8690837613289133E-8 -2.761733596578603E-5
0.2111878992556696 -0.5199281931560845 0.06932845783235407 0 -3.443877615439855E-8 -1.9403693631657143E-8 -2.7622049427694333E-5
0.10436058799907272 -0.5010308479370807 0.0663275801738497 0 -4.082615374953022E-8 -1.3608152040309782E-8 -2.760765472635615E-5
0.06673635655852131 -0.4767204709635782 0.06461779605353521 0 -4.1332751712385745E-8 -6.460333467739281E-9 -2.7613920299497302E-5
-0.006975621790116399 -0.5183972256879046 0.06671599267023115 0 -3.876396027954701E-8 -3.3954901740395853E-9 -2.7625419547155074E-5
0.021803385387518696 -0.4822544950869184 0.06469299319690378 0 -3.8514462547494666E-8 -3.4545219041965565E-9 -2.762217574832936E-5
-0.05196883438319561 -0.5240326103663052 0.06719869985797552 0 -3.669923751340012E-8 -1.1821885033645337E-9 -2.762304480962392E-5
-0.3679909311443217 -0.6373789894665455 0.08217765681431859 0 -4.701070697331969E-8 3.027725395143426E-8 -2.7622954833784123E-5
-0.40158939943089916 -0.5697012631254147 0.07901179842938963 0 -3.9392490063192467E-8 3.247042038403384E-8 -2.7627515935824013E-5
-0.09590125636856872 -0.5619999312235502 0.06990127823248253 0 -4.119542167762604E-8 8.963811953476528E-10 -2.762549828461594E-5
-0.19926692702634366 -0.6350324834465847 0.07658242747619838 0 -4.7195039239176835E-8 1.7091913387652173E-8 -2.7627358898032897E-5
-0.2841593977557326 -0.6153602706014176 0.07751426427315905 0 -4.6889038124953105E-8 2.5027284541604762E-8 -2.7628818624608114E-5
-0.15663037176370528 -0.5733099421965812 0.07149707499548641 0 -4.4813964103243544E-8 7.072434393096289E-9 -2.76272932227301E-5
0.6892086201904363 0.11760753932384704 0.079182235454291 0 2.8667709774636213E-9 -5.168074876529477E-8 -2.7615126833897232E-5
0.7461230180043805 0.1326560288062978 0.08402816782270867 0 3.4937447380915975E-9 -5.547269661804268E-8 -2.7599063522784944E-5
0.6908574756839181 0.1584953945063365 0.07995126254637963 0 5.733183217922472E-9 -5.0044991020609506E-8 -2.7614142954362344E-5
0.9192877608705788 0.10260257931928718 0.09999999999999994 0 1.3785616824105087E-8 -6.915813214431289E-8 -2.760654388869144E-5
0.8510855832446352 0.14814580550682163 0.09378949781498243 0 1.6971917681536214E-8 -6.11117911251451E-8 -2.75976802921849E-5
0.7902639371481001 0.17887268414595758 0.08869278761371624 0 1.3164515015665648E-8 -5.318483818469479E-8 -2.7595707948480633E-5
0.5270134709035552 -0.12362075461980128 0.0680883893303861 0 -1.9367438861489534E-9 -3.852269530753166E-8 -2.7610616593140168E-5
0.660910431014522 0.06111123862815046 0.0764443497197492 0 1.7017340297352783E-9 -4.981114963716103E-8 -2.7623240032098442E-5
0.5965173615012839 -0.07939251741876008 0.07200225824383245 0 -3.4596862348576575E-9 -4.231526278459962E-8 -2.762454139390815E-5
0.6371682462297272 1.7636191275501287E-16 0.07448630903843244 0 -7.703747558958434E-10 -4.662278587799829E-8 -2.7626926505447676E-5
-0.5998767009898777 -0.47889137063455584 0.08487289614566726 0 -3.51635997331015E-8 4.481642605649383E-8 -2.762320154856531E-5
-0.4462665144718288 -0.4769553831048419 0.07565680574632232 0 -3.608988339960126E-8 3.441638991877621E-8 -2.763331835644631E-5
-0.514031025104845 -0.49215788183100256 0.08018045280724438 0 -3.660591496292235E-8 4.244775198025455E-8 -2.7627367912757705E-5
-0.5551101229584549 -0.4700701488343014 0.08146563252731463 0 -3.436155086190694E-8 4.378476413681844E-8 -2.7627658285955448E-5
-0.6562422498346266 -0.5241856689594518 0.09146905933596002 0 -4.2647731131292346E-8 4.567687134731244E-8 -2.7622148055760784E-5
-0.6848306133117381 -0.6217902179859557 0.09999999999999995 0 -5.3957024938713384E-8 4.8331172278135735E-8 -2.7627186028912535E-5
0.27241004361507065 -0.4718280360333558 0.06830375115676078 0 -3.355183480240343E-8 -2.3777267769668522E-8 -2.7625162886820677E-5
0.4535801009187721 -0.11979187747949692 0.06395953291420167 0 -1.2496719835333037E-8 -3.1885876043576654E-8 -2.7600827633163337E-5
0.39072217276086296 -0.23584567652234287 0.06329187670784985 0 -1.7665413798088054E-8 -2.7933221564835325E-8 -2.761997565617203E-5
0.41238404925178007 -0.18021837395374024 0.06296662723972753 0 -1.7085269663204004E-8 -3.296066393477465E-8 -2.7616456175123515E-5
0.33633282409977633 -0.33989669688880314 0.06444423660906805 0 -2.744453036729352E-8 -2.422658360918255E-8 -2.7599702609869866E-5
0.30008338071089913 -0.40108479031261085 0.06570468861303413 0 -3.252477010981267E-8 -2.755340304585187E-8 -2.7614883917292405E-5
0.32685099627426545 -0.2905697969488598 0.06232853198902638 0 -2.4556553631073486E-8 -1.8525385226169903E-8 -2.7612635263812833E-5
0.34557599933864525 -0.25420475687873284 0.06192004258218349 0 -2.0225003173189947E-8 -2.126063238279337E-8 -2.7619532969599556E-5
0.13994680898558723 -0.4672126633962515 0.06496624972127402 0 -3.2581417840167245E-8 -1.0103870711523955E-8 -2.760226915122528E-5
0.19075484218748176 -0.4725311643222945 0.06620021711897697 0 -2.9272635586764117E-8 -1.5674247236684095E-8 -2.7614403132732525E-5
0.04901016908663563 -0.43723836174505165 0.062459634223422635 0 -3.674515843902473E-8 -1.4097792478199477E-9 -2.7620587411444356E-5
0.10408488366078726 -0.44405468685268895 0.0632766673513578 0 -3.677657714383491E-8 -3.4161015998896164E-9 -2.760776250831809E-5
-0.03083759909542402 -0.4757419881377713 0.06436680609968096 0 -3.339152099183968E-8 9.678526371972001E-10 -2.762190211053386E-5
-0.0058033119248053185 -0.4414101175550563 0.06253303354413749 0 -3.312851192726196E-8 1.5537797407895082E-9 -2.7624725802869413E-5
-0.39030681785658333 -0.4466269881485597 0.07141764844659583 0 -3.617619000099159E-8 2.495707580894929E-8 -2.763231907988591E-5
-0.09527352708204243 -0.48999184724793493 0.06560563290386152 0 -3.306559537482117E-8 3.089502882421027E-9 -2.760959744517683E-5
-0.31827009850817745 -0.5512599811461146 0.07444098367382036 0 -4.2015137564736834E-8 2.394599911076856E-8 -2.7635809827701384E-5
-0.36296726797354567 -0.5093150093458659 0.07364571283377143 0 -3.82501753834478E-8 2.5824564202822957E-8 -2.7635746794064687E-5
-0.1538656248196219 -0.515523498759926 0.0678853449092873 0 -4.311650159254037E-8 4.811948881622544E-9 -2.7615541015154425E-5
-0.23145619169988374 -0.5426436945370011 0.07120349698950754 0 -4.464845013720748E-8 1.489203628334855E-8 -2.7631974939402637E-5
0.02839276411724586 -0.3973392921812578 0.06048540173023527 0 -3.148224426558606E-8 5.182322147016425E-10 -2.762861773782968E-5
0.6359863797306674 0.13411282944887548 0.07542020319546493 0 8.443883631371917E-9 -4.666299986041184E-8 -2.7623542782077662E-5
0.7226994437477957 0.1997352924878217 0.08334138075756291 0 9.757684886371974E-9 -5.0242071304772454E-8 -2.7609032037378792E-5
0.6524176664552398 0.20477109599706128 0.07797707686621592 0 1.1797601188358595E-8 -4.71748664253367E-8 -2.7622040092251883E-5
0.9051251569294585 0.19071818089926676 0.09999999999999994 0 1.967344463319141E-8 -6.279576593898459E-8 -2.760616651978079E-5
0.8318102133114379 0.22322523392999097 0.09353078509252784 0 2.0229784754376583E-8 -5.570380415772168E-8 -2.760466688190246E-5
0.7561533810021175 0.2511688924028691 0.08746370240455802 0 1.7936710405212797E-8 -5.291600149143971E-8 -2.7608825882317013E-5
0.5078212312272354 -0.05773868566153316 0.06628756501631425 0 -4.984990071420279E-10 -3.3177613236747965E-8 -2.7616179301433267E-5
0.580043566339009 0.07440259297015442 0.07086095755136954 0 9.202183420252994E-9 -4.4015121849559054E-8 -2.762498198140296E-5
0.5449077695259106 1.435041058529122E-16 0.06830916124377966 0 3.802431070798757E-9 -3.9806241019445805E-8 -2.7624846483054253E-5
-0.6449966839705535 -0.4445280981035864 0.08625924084344859 0 -3.078975932458794E-8 4.5449754328477915E-8 -2.7616512970823792E-5
-0.5773213056470615 -0.42632356756478973 0.08066830857907491 0 -2.898960875685601E-8 4.4311538796816425E-8 -2.7628650335335477E-5
-0.42560872193429483 -0.3924588186076942 0.07047472570296821 0 -3.562093821924636E-8 2.8793150787136074E-8 -2.7630647765153472E-5
-0.5105636494997626 -0.4275668331221898 0.07661161867134533 0 -3.2507040945977064E-8 3.957970200420741E-8 -2.7635330687911592E-5
-0.6821995337018094 -0.3893517946424338 0.08645016345112792 0 -2.8364542925508865E-8 5.280293122835072E-8 -2.7608814242924608E-5
-0.7143597851634019 -0.46065181317541976 0.09243904770387963 0 -3.890652084176796E-8 4.7652814553976604E-8 -2.7615102101452143E-5
-0.7501479603301018 -0.5412050791178046 0.09999999999999998 0 -4.577894620430938E-8 5.0050107696397414E-8 -2.7627209177786964E-5
0.23193963455587194 -0.401731231339728 0.06368217918749611 0 -3.0305516413235053E-8 -1.717616253544355E-8 -2.7621880733208615E-5
0.4253355502182103 -0.060426816635170834 0.06194940187312641 0 -8.477150983887234E-9 -2.727541559537438E-8 -2.761904160573161E-5
0.3783639298171796 -0.12391451309547895 0.06047575124681011 0 -1.4562078813646894E-8 -2.6870636859800016E-8 -2.7623165578232067E-5
0.3404696044317066 -0.192505611563268 0.06016257670047243 0 -1.665482828955245E-8 -2.4015803067032002E-8 -2.76274891232451E-5
0.2704412885460664 -0.32134890739138106 0.06148782850104334 0 -2.986580630727817E-8 -1.7503165834715266E-8 -2.7619481583979473E-5
0.28780126788651955 -0.24610682281377952 0.05962067759661022 0 -2.110249133343087E-8 -1.854115170878042E-8 -2.762760223907373E-5
0.15779399244920164 -0.4060014305216929 0.062242172248634084 0 -2.8953793309603015E-8 -6.236990434880953E-9 -2.7618148024979927E-5
0.08201071126761389 -0.3939388987243753 0.060668066988986274 0 -3.187601098907233E-8 -1.2489626040140006E-9 -2.762418218098177E-5
0.04349199689707277 -0.3606955682361924 0.05897556113419837 0 -2.7999978804751834E-8 -1.5223907674573468E-9 -2.7632468953725227E-5
-0.05772042989369192 -0.4373202270026056 0.06251628812885628 0 -2.9248773170776324E-8 6.970938897978225E-9 -2.7620436312151532E-5
-0.03317807935019408 -0.4000499580003112 0.06062434517611841 0 -2.8981053145985225E-8 5.291639830226164E-9 -2.7628746715216065E-5
-0.3619566518906658 -0.37751131442037245 0.06698450376718922 0 -3.269719753608316E-8 2.1214187045553257E-8 -2.7614823606318054E-5
-0.36626813150114024 -0.4166408143589399 0.06892167223823106 0 -3.46144156346907E-8 2.0635807781516572E-8 -2.7625509420157747E-5
-0.3449125590697449 -0.44322460700183025 0.06935603931497553 0 -3.506549336247078E-8 1.960164605747988E-8 -2.7630189608423663E-5
-0.1061373350373039 -0.43371612134398735 0.06278756375601147 0 -3.06785681133741E-8 1.3203143763776233E-8 -2.7612991312225926E-5
-0.1533021139497205 -0.45854960024362473 0.06473399748772989 0 -3.961225982762773E-8 1.2894675669695705E-8 -2.760930516822182E-5
-0.27258732769368704 -0.47213510106489254 0.06832563375196132 0 -3.831556141098358E-8 1.667366085698277E-8 -2.7632631974805396E-5
-0.2137590545386873 -0.47234636278777903 0.06671710658979699 0 -4.163730541120367E-8 1.3773564314073929E-8 -2.762498182125359E-5
-0.18675532053812582 -0.4349325178463068 0.06418357757579088 0 -3.7890169011738846E-8 1.5990394248464826E-8 -2.762072910506655E-5
-0.3826278748778653 -0.34149739132768103 0.06638993492953281 0 -3.315364577650089E-8 2.812596238940759E-8 -2.7615522840182548E-5
-0.0010639892128916778 -0.35571530812846325 0.05866683852382106 0 -2.720865405483714E-8 7.906815863135558E-10 -2.7633962856659117E-5
0.5665181445886517 0.15558354761445173 0.07104008880031383 0 1.6279802510278714E-8 -3.95032415654023E-8 -2.76222877645283E-5
0.5953591891669738 0.1936606882201294 0.07369160395615945 0 1.5349935070427293E-8 -4.17858884732353E-8 -2.762628657528119E-5
0.5192463818471629 0.12824117265253684 0.06769417632898124 0 1.6716028557594703E-8 -3.7274708595488455E-8 -2.7610254966498443E-5
0.5285393108936259 0.16518893231571916 0.06885934434787161 0 1.813882572427925E-8 -3.448250285889711E-8 -2.7616491239998598E-5
0.6744856330743806 0.25899543825752414 0.08106282636378111 0 1.5792920055594447E-8 -5.053051152642891E-8 -2.7617922066752087E-5
0.5964895386590124 0.24538252217967127 0.07505456752399722 0 1.7177162459731706E-8 -4.291486319861082E-8 -2.762788549346908E-5
0.8809325160784339 0.2820885436790224 0.09999999999999994 0 2.562837720084085E-8 -6.030780827320278E-8 -2.7613725976209488E-5
0.7133503615870089 0.32015636681811027 0.08613118221459619 0 2.3620080016825967E-8 -5.577691514444449E-8 -2.7607677626757046E-5
0.7978472984237357 0.3041762806928354 0.09281227257926788 0 2.62930406095738E-8 -5.711472384247357E-8 -2.761057774697735E-5
0.4636209692030302 1.4593888372567647E-16 0.06366862151549985 0 -2.2633699200968694E-10 -3.383984120567609E-8 -2.7621383514425487E-5
0.4938126220450951 0.06489296717588176 0.06554297030555511 0 7.883069826788273E-9 -4.0955764383406794E-8 -2.7613955695168912E-5
-0.6153231968638251 -0.38077552285640803 0.08115372829448388 0 -2.35465480080443E-8 4.833703415549072E-8 -2.762438015513693E-5
-0.560449570051932 -0.3810942956107818 0.0775098294695611 0 -2.6485507917310525E-8 4.3312722593786854E-8 -2.763459570342317E-5
-0.4429539530445369 -0.3153758255937713 0.06823813858748431 0 -3.06740009783542E-8 3.264187175150808E-8 -2.7632637180819344E-5
-0.5043029125892239 -0.34762375509843185 0.07274022680505556 0 -2.9050332643489992E-8 3.75329970434296E-8 -2.7639443447859814E-5
-0.6508158876168189 -0.3390076459058359 0.08199721983987755 0 -2.2239777715445834E-8 5.3272074006635013E-8 -2.7623083076175055E-5
-0.7091826270730176 -0.32330839885714513 0.08590988858162861 0 -2.576988716113203E-8 5.730596088899062E-8 -2.762063760746531E-5
-0.7619010673352372 -0.3837317836320327 0.09273617861998763 0 -3.6732916671399423E-8 5.740159064181113E-8 -2.7617462738909775E-5
-0.8010515387579304 -0.4625279007956028 0.09999999999999996 0 -4.231676182768913E-8 5.629775983564328E-8 -2.7623804761490218E-5
0.19236089157799777 -0.33317883760233996 0.059881599761303 0 -2.6594594110156146E-8 -1.1957451335632745E-8 -2.763135674054111E-5
0.38492668203237634 1.0023152680894796E-16 0.05989052034096669 0 -3.0709227346349766E-9 -2.8020546529694E-8 -2.7630909631388335E-5
0.2997814449763267 -0.1302546190444194 0.057552736756421544 0 -8.621364106195586E-9 -2.2263420135001177E-8 -2.7631938925817165E-5
0.3411851195480258 -0.06215460789797836 0.058312559079427444 0 -6.192091325731141E-9 -2.352939315697221E-8 -2.7633327834722898E-5
0.25568805190108224 -0.19009790761699052 0.05725179690059135 0 -1.3102516331921619E-8 -2.045836380851285E-8 -2.7631904804512283E-5
0.21970172124605264 -0.25470361780543144 0.057909449658114676 0 -2.0507812256968975E-8 -1.6578433101250593E-8 -2.7634326619162695E-5
0.23090062297727731 -0.13379820267190193 0.05553869913937325 0 -4.358394766943223E-9 -2.042486516486623E-8 -2.7622488683106233E-5
0.10559774308437374 -0.32641465451667345 0.0581670361159444 0 -2.41438153876923E-8 -6.455826746899213E-9 -2.7634644157430203E-5
0.031363797849434556 -0.30517057546423765 0.0568332914109285 0 -2.240401770416571E-8 -5.457669942373672E-9 -2.763280964655193E-5
-0.08918266806588585 -0.39015326021997465 0.06056960464965617 0 -2.823537306378311E-8 1.1614110471483062E-8 -2.7626675348926253E-5
-0.049756265008924744 -0.359262534671633 0.05895024498757894 0 -2.6995105111713867E-8 5.541376913642375E-9 -2.7633680280849127E-5
-0.33370914900421456 -0.3553876317528072 0.06495432896100803 0 -2.5780299816357758E-8 2.2504631476669035E-8 -2.760959194672455E-5
-0.31386332305040454 -0.4019336098806021 0.0662221637922308 0 -2.9288791314853874E-8 1.6950504881306638E-8 -2.7621600440752632E-5
-0.15459594130071444 -0.3919265872876224 0.06155021858866086 0 -3.129410932587936E-8 1.6732212652985195E-8 -2.76256689418993E-5
-0.2322802926341843 -0.4023212684393738 0.06371797650698165 0 -3.105948562386351E-8 1.7098435912333343E-8 -2.762781586208326E-5
-0.33230969380311987 -0.31257443393730217 0.06328313435425743 0 -2.224846805820242E-8 2.9556033346267615E-8 -2.761451573945443E-5
-0.37984334067586323 -0.29694191152231486 0.06465963905911942 0 -2.7244622499135134E-8 3.201771442444722E-8 -2.7621062357138118E-5
-0.03281109095750644 -0.303248501545522 0.05677241598853609 0 -2.441473724132271E-8 -8.527316605445456E-10 -2.763347477871037E-5
0.002774404310843052 -0.26370741404826953 0.055444406431408536 0 -1.9984140259102783E-8 -7.275804783235205E-9 -2.7623678213417748E-5
-0.4503344724862791 -0.2539143429242661 0.06663047103760426 0 -2.3286358493851733E-8 3.143458006457778E-8 -2.7633205990513053E-5
-0.40625597693717014 -0.2614749559637888 0.06471383725610917 0 -2.332658294408867E-8 3.119897451925141E-8 -2.7629362574243855E-5
0.4615326701397575 0.12346215125476942 0.06442192515091573 0 7.147947185183371E-9 -3.423982409569966E-8 -2.760132616438737E-5
0.5387084587482873 0.20560708274998704 0.07032262751622614 0 1.8953265850249366E-8 -3.503486440592353E-8 -2.7624484355354305E-5
0.4879508039440348 0.17532903328848173 0.06671893154849401 0 1.618286789151664E-8 -2.9123626791472234E-8 -2.761193225762311E-5
0.532509259731304 0.25445661626164345 0.07121936353097057 0 2.0711112515787636E-8 -3.595249433628661E-8 -2.7629742564930283E-5
0.6341588941531792 0.31283518999890103 0.07981624453248937 0 1.8615093787612214E-8 -4.96958910715178E-8 -2.761890514502439E-5
0.5661686439840169 0.30314954318445153 0.07485251919573685 0 2.074853371004472E-8 -4.157755869213922E-8 -2.762963500698125E-5
0.8437752416466553 0.3790359375932063 0.09999999999999998 0 3.435830777329776E-8 -6.108282492085836E-8 -2.7613900755145258E-5
0.6719229666176102 0.38840511082381185 0.08561888827579653 0 2.4475030147219258E-8 -5.075117433097538E-8 -2.7599018063693568E-5
0.7564175363077813 0.38622567562379634 0.09237249347625182 0 3.4359294788863805E-8 -5.540172797440797E-8 -2.7603080043176775E-5
0.41461516466779025 0.07768102097507298 0.06157475739077051 0 4.849599246725783E-10 -3.376201864919997E-8 -2.7619493047110447E-5
0.41609697408913526 0.13788398400008967 0.062378681269293045 0 3.728687832547572E-9 -2.9491296991344813E-8 -2.7614187439318786E-5
0.3331467524821928 0.06332732629493788 0.0580143200893398 0 3.817047055058642E-9 -2.535329926623661E-8 -2.7634993798530526E-5
-0.47800098007166614 -0.21838828549818234 0.06713458210584479 0 -2.0445168839881408E-8 3.0524517083451756E-8 -2.763105409026172E-5
-0.581042663690517 -0.3157640075984302 0.07626188231201678 0 -2.239649545376765E-8 4.497369485715127E-8 -2.7637469501716642E-5
-0.516501927640104 -0.27345997871285144 0.07083650833060166 0 -2.4111594044762284E-8 3.646086573546312E-8 -2.76399687979419E-5
-0.6531660790226061 -0.2763311132584134 0.0799841441751332 0 -1.9024372651905274E-8 5.12884226935073E-8 -2.763245745194622E-5
-0.7177089386751481 -0.25492955224205677 0.08435704674323387 0 -1.8630642224122752E-8 5.351137923262143E-8 -2.762723434895492E-5
-0.7682837005378522 -0.21778108265977297 0.08762455506029665 0 -1.7109489597254586E-8 5.3189609446716904E-8 -2.7620936033221107E-5
-0.7926496756412593 -0.29133333750236745 0.09190870000572768 0 -2.705063690880723E-8 5.793862368811996E-8 -2.762611984527645E-5
-0.8437556437212325 -0.37907955935377746 0.0999999999999999 0 -3.703270229927806E-8 6.280809338333098E-8 -2.7629606526517415E-5
0.14972579901011426 -0.2593326910893636 0.056582144341893334 0 -1.8395340467678564E-8 -1.3399227657807531E-8 -2.7636143492897033E-5
0.30024351839566077 1.0287337474471442E-16 0.0566089984335615 0 2.2362813234853538E-9 -2.1778127913194584E-8 -2.7636140157848676E-5
0.25485064501553867 -0.06881848120103613 0.0554520694654174 0 5.308059780638136E-10 -1.7652711134307976E-8 -2.7627205546099962E-5
0.2018137422816696 -0.09141964150518621 0.054287541904913736 0 -1.1527226285477253E-9 -1.4208679339937508E-8 -2.761046508187914E-5
0.1764824224893901 -0.17786432905826247 0.05506179018247805 0 -1.152918312586539E-8 -1.9089678425084468E-8 -2.76246253271869E-5
0.17846806103523252 -0.12182655323316927 0.054152220507936534 0 -7.131166363636981E-9 -1.762131650264186E-8 -2.760839384051845E-5
0.06445906182530688 -0.2524774236880236 0.055351148337145016 0 -1.554594341447535E-8 -9.66987337321649E-9 -2.7627346458107546E-5
0.01713256069613923 -0.2191946756676691 0.054245341320781695 0 -1.4091945092889068E-8 -6.043432371768973E-9 -2.761078051707727E-5
-0.015811501710617768 -0.22080470166743846 0.054282927994611936 0 -1.9759164787806744E-8 -3.901183213929228E-9 -2.7611419850516194E-5
-0.11115524588477288 -0.32319159740630654 0.058116751891295344 0 -2.5614420897239163E-8 9.521993845842693E-9 -2.76380652606975E-5
-0.2724211583800276 -0.34021230275634257 0.06225471036920954 0 -2.0838326695548975E-8 2.140149432307248E-8 -2.7624406991436035E-5
-0.19295762658678686 -0.33421241295621795 0.059933626134453855 0 -2.4484826465231312E-8 1.672633569197186E-8 -2.7636233484578796E-5
-0.299671918215507 -0.26919022055739933 0.06068803798570996 0 -1.7838203865022662E-8 2.6399555703391868E-8 -2.762997864485847E-5
-0.35401952964801076 -0.2618191533072333 0.0624765930436588 0 -2.0452386150292508E-8 3.065963007053428E-8 -2.762711567285393E-5
-0.059917909088264505 -0.2537684697083779 0.05535616729591674 0 -2.3657051322993294E-8 -5.950043938375148E-10 -2.7628605457496764E-5
-0.4286041911968905 -0.21160410640457614 0.06443452009247358 0 -1.6847256638836432E-8 2.8941957991876575E-8 -2.762908195083707E-5
-0.3837371950984817 -0.21760730691022395 0.06251779019199943 0 -1.6319491992072424E-8 2.9002876213215817E-8 -2.7631519662723616E-5
0.44078820931890417 0.17778853409565737 0.06428879605061415 0 1.0763667969288966E-8 -2.703951568668871E-8 -2.7613911981659815E-5
0.4759951064045458 0.23047538821939026 0.0673334019397155 0 1.9495469293519605E-8 -2.9869540158520854E-8 -2.7623930100852978E-5
0.5023235944487765 0.29151864533540206 0.07059623054924213 0 2.394240566439971E-8 -3.470582203826448E-8 -2.763122324167003E-5
0.5853609901656723 0.37038384021673393 0.07867156144500055 0 2.208489544454648E-8 -4.440789803410729E-8 -2.7622469227767567E-5
0.5293785213896149 0.3388907230126146 0.07386902220939724 0 2.4645295672247733E-8 -3.851295543444707E-8 -2.763144947155912E-5
0.8010710017272104 0.46249419126110125 0.09999999999999991 0 3.971800804592584E-8 -5.456019391672676E-8 -2.761078725956766E-5
0.626960623589047 0.4522983371432033 0.08535306995964971 0 2.9109134026070866E-8 -4.346667937568144E-8 -2.7610921734964028E-5
0.7061350528834721 0.4673278645716987 0.09212747065803699 0 3.623846257821761E-8 -4.519444498246781E-8 -2.760524331627711E-5
0.3592371994727271 0.12552401442410036 0.05970040660633737 0 5.293091713089595E-9 -2.6666999277443067E-8 -2.7629079720561935E-5
0.39449037889125516 0.17177804019933995 0.06198157459134765 0 8.253349936004848E-9 -2.7098519576905795E-8 -2.7621828275495393E-5
0.2907007887888551 0.1297941048796961 0.057242741237689944 0 1.1339528266782995E-8 -2.045219617318961E-8 -2.7633810452711667E-5
0.2538184516803514 0.06940494742292715 0.05542696753822805 0 1.0870819456769815E-8 -1.9143705101807465E-8 -2.7628026502744312E-5
0.20062573683728857 0.09527047772396227 0.054301155270572714 0 1.2572610675720392E-8 -1.4222491549672328E-8 -2.7611527524091552E-5
-0.4690213191754545 -0.16282051739106812 0.06545407679976868 0 -1.4203141645877937E-8 2.933542400389349E-8 -2.761714639537397E-5
-0.5329845388239064 -0.1985594752136454 0.06981392050905111 0 -2.0722629939533783E-8 3.5450105501626246E-8 -2.7634000466439855E-5
-0.5985835515449605 -0.2260297922817816 0.07467942546060531 0 -1.83815084165917E-8 4.3833546459430646E-8 -2.7639714846113717E-5
-0.6738902730202506 -0.22049852083738797 0.07997070091519404 0 -1.4509191537828995E-8 5.011666955416689E-8 -2.763311075235102E-5
-0.7224932718504692 -0.1846612188414888 0.08299584497449673 0 -1.013826487366336E-8 5.19819715921299E-8 -2.7623786972079716E-5
-0.784218194998307 -0.17459658052838994 0.0880668176158918 0 -1.422298073341349E-8 5.4674475448039884E-8 -2.7613024139748988E-5
-0.8340398056073667 -0.21902107573341573 0.09363611174877708 0 -2.2544834515741233E-8 5.751455893949818E-8 -2.7622548089870558E-5
-0.8809151182252344 -0.2821428693025129 0.09999999999999996 0 -2.8255165555908415E-8 6.206468385784583E-8 -2.7632122110654534E-5
0.11138757858716244 -0.19292894544503636 0.054318208030815426 0 -1.2394452059388431E-8 -1.2382442590862592E-8 -2.762490406471659E-5
0.2238875048948224 7.238912562247948E-17 0.054346295287657886 0 4.5918110048911595E-9 -1.613845899991313E-8 -2.7625002162932323E-5
0.19420772375092543 -0.04676552312468657 0.053768452091938715 0 -1.2890826367577767E-10 -1.095143381024844E-8 -2.7615979408643202E-5
0.16765785073129597 -0.0820458117059934 0.0534822586461166 0 -6.542028386443946E-9 -9.890489293148038E-9 -2.7607033077750535E-5
0.1532214795718842 -0.1047515501973591 0.0534601593182905 0 -1.0319179324226074E-8 -1.2291418461717244E-8 -2.7607397889334905E-5
0.13365633223327952 -0.1314943305448411 0.053500013617672364 0 -1.2321758164481245E-8 -1.3258586234636178E-8 -2.7613999592457585E-5
0.1909210649037196 0.04684254353730671 0.053697308093126346 0 6.321359171017773E-9 -1.665981863386454E-8 -2.7616337388909302E-5
0.05493858025113072 -0.1872116672800932 0.053664600392910426 0 -1.0254501705023559E-8 -5.126283269573705E-9 -2.761622013810647E-5
0.0015895535343272628 -0.18045943852644164 0.053353802929854664 0 -1.3841379222482397E-8 2.259083032755394E-9 -2.7608425061433355E-5
-0.053441146730527564 -0.18709102439814254 0.05365287398922711 0 -1.9090957507198443E-8 3.016574200137837E-9 -2.7617409398528638E-5
-0.15050660974349658 -0.260685094950677 0.05663516711153095 0 -2.159629817005954E-8 8.993232451773992E-9 -2.7640303882410364E-5
-0.22974591189928226 -0.256397975299907 0.05821373401797809 0 -1.8476858377215775E-8 1.7369441981778353E-8 -2.7639527859983308E-5
-0.2901412929767384 -0.21922908092139923 0.05898973037684318 0 -1.622567905387239E-8 2.3069793126384186E-8 -2.7637987461013667E-5
-0.3302765228915605 -0.22443841547131757 0.06052899064430553 0 -1.6127809620655103E-8 2.7268337368106048E-8 -2.76345892710917E-5
-0.11217260429255088 -0.1942886498520168 0.05435789315243198 0 -1.7797018333799306E-8 4.185038000947859E-9 -2.762824388011289E-5
-0.4043520178042477 -0.16901983470521795 0.062374130552393804 0 -9.494890681983766E-9 2.8295925066520836E-8 -2.762783831166586E-5
-0.36201088411519367 -0.17400839360604692 0.060635096430618034 0 -1.0955793814952493E-8 2.7235554595458243E-8 -2.7635018917539788E-5
-0.42569230627547644 -0.12215318657273527 0.06260425960749791 0 -4.3525984516457945E-9 3.288108749891596E-8 -2.762062344139112E-5
-0.467604489294916 -0.09647351175034927 0.06440527405535047 0 -8.30496597614557E-9 3.9890940998916315E-8 -2.7616243190625733E-5
0.40159415937487924 0.2222711945652258 0.06342742714419668 0 1.5628808823457316E-8 -2.8217599575833177E-8 -2.762341055170853E-5
0.4374027432196876 0.28280425722564984 0.06685837267776952 0 2.5192058641554216E-8 -3.1027719733258196E-8 -2.7625186523434357E-5
0.4716692828943538 0.34325991058700284 0.07076541111671204 0 2.930651281793647E-8 -3.3103708572372756E-8 -2.7630127176350212E-5
0.5572755215547438 0.4510872900080022 0.08061070588876619 0 3.0098472826258836E-8 -4.2013771541332574E-8 -2.762229234146385E-5
0.5201731653431543 0.38799390136202994 0.0753439569886662 0 2.7728791061603322E-8 -3.829955898482579E-8 -2.7630290219620473E-5
0.7501545426059838 0.541195955123228 0.09999999999999998 0 4.307157911616676E-8 -4.8259863720027156E-8 -2.7616917582055315E-5
0.5828756184496425 0.5332115379316271 0.0868511630159933 0 4.0709877371188E-8 -4.415668642900443E-8 -2.761349699931115E-5
0.650470548607775 0.5465931881196748 0.09240305490818579 0 4.3133012589448677E-8 -4.439153504310149E-8 -2.76150084837985E-5
0.33827356631260735 0.19741612693850677 0.06018657141513714 0 1.2304144168354732E-8 -2.5416888556678446E-8 -2.76306091423506E-5
0.2643297840462276 0.19520810401833616 0.057617277126140565 0 1.4769811380130067E-8 -1.7864415123502076E-8 -2.7635271386411985E-5
0.23462332403576286 0.13422621113694244 0.055643167928538385 0 1.538654625233184E-8 -1.3462921683271903E-8 -2.762562625325832E-5
0.1835322570857455 0.12636576122723128 0.05431954168807021 0 1.2042510092252392E-8 -7.77430409433562E-9 -2.761223794452093E-5
0.15384433041034717 0.09209874155024383 0.0533301823681776 0 4.037850688745441E-9 -1.1616245731463057E-8 -2.760893485043118E-5
-0.5199939829281822 -0.124648956040805 0.06768673130026932 0 -1.826209263821245E-8 3.891658872805373E-8 -2.7622322692347443E-5
-0.5744027965338087 -0.14938461510286838 0.07144252826293566 0 -1.722870857634716E-8 4.1785548899996577E-8 -2.7635935862661237E-5
-0.6477191420222239 -0.14358128013705043 0.07642272847163621 0 -1.000147595875859E-8 4.8692080502046125E-8 -2.7637254641723892E-5
-0.735100345459195 -0.11930462056175606 0.08291132970822637 0 -4.109989926877759E-9 5.708848378850902E-8 -2.7620410227800954E-5
-0.8023821229894582 -0.12465004703532732 0.08885408731398864 0 -1.2949009865523235E-8 6.192934358141408E-8 -2.7611110294115157E-5
-0.8531067718150073 -0.15803750226362165 0.09415708085227005 0 -2.004370069610224E-8 6.201327907370695E-8 -2.7618423944287423E-5
-0.9051158299750595 -0.19076243784282 0.09999999999999995 0 -2.2369686249157855E-8 6.448913173567954E-8 -2.7626814404050948E-5
-0.8393412000271001 -0.10211595922316327 0.09200820531311653 0 -1.4781157498548621E-8 6.569008834667775E-8 -2.7618341720604232E-5
-0.5124187514513647 -0.05184789683178334 0.06651654728017117 0 -9.742320150227803E-9 4.2356961562335324E-8 -2.7631570003932414E-5
-0.4662367643365183 -0.05429215722432917 0.06397307879016166 0 -5.386330581780463E-9 3.995264941820538E-8 -2.7627672318523192E-5
0.07846305682895906 -0.1359020009449211 0.0529048760801971 0 -1.0931877139985248E-8 -5.144130600343794E-9 -2.761973596354131E-5
0.1581850159804538 4.03666044625459E-17 0.05292729798071231 0 -9.71182047758847E-10 -1.1290466340616793E-8 -2.7619592566649382E-5
0.1339429855522494 -0.042721659792281826 0.052630185389843626 0 -6.599905658577118E-9 -6.989592919387439E-9 -2.7618465770305607E-5
0.12170874450296679 -0.07937873255132208 0.05270638285367756 0 -1.0669936374332548E-8 -6.7115326802102075E-9 -2.7615902972590104E-5
0.0926329081859553 -0.0934021566431387 0.052491087538806276 0 -1.0837295201967518E-8 -4.8945367477712765E-9 -2.762077652213115E-5
-0.07925046645516257 -0.1372658344238745 0.05293295280422828 0 -1.0833700643788647E-8 6.459886887958303E-9 -2.7621776508977637E-5
0.12737884186502532 0.04457914646124025 0.052542398875778 0 -5.047842993060936E-10 -1.1409014384621069E-8 -2.7620220318209E-5
0.025874926118163208 -0.13266950985365822 0.05254567933671947 0 -9.968014440242616E-9 2.4168467547062157E-9 -2.7620044079381275E-5
-0.025243839799718233 -0.13300675455069116 0.052548920040911946 0 -1.119337069532355E-8 6.269488362115366E-9 -2.7620741262379813E-5
-0.18973296493485722 -0.18461798069110355 0.055474546986767154 0 -1.709999104086236E-8 8.638601172547504E-9 -2.7632291702837343E-5
-0.2483235922732361 -0.1816505696604007 0.05686432272721824 0 -1.6730589518837843E-8 1.622365446791183E-8 -2.763767410172612E-5
-0.30831506111577245 -0.17770170158565643 0.058672582596364375 0 -1.390250703729112E-8 2.3440232894854192E-8 -2.7639510632985674E-5
-0.13643849435757827 -0.142707733989249 0.05371629461338724 0 -1.05721656737617E-8 5.722882012203513E-9 -2.76194011465537E-5
-0.184039983968445 -0.12735803584373426 0.05434432437859786 0 -1.3728451990209465E-8 8.674121608196206E-9 -2.7615477418002435E-5
-0.10393602836491156 -0.0928684349452979 0.05261104654913399 0 -3.979665200240651E-9 9.313609338755573E-9 -2.7621462840908607E-5
-0.33491839009005275 -0.13913239257244242 0.05894927757126896 0 -9.76706599267759E-9 2.548505024823361E-8 -2.7639267541934608E-5
-0.379850741799242 -0.12110542276221135 0.060500587943527986 0 -5.081741303187661E-9 2.948776660676151E-8 -2.763300237692229E-5
-0.40842759083875496 -0.05875232359605658 0.061140527783328784 0 -1.779360146445217E-9 3.387737186623173E-8 -2.7633627173362873E-5
0.36282250283673584 0.2686598783514224 0.06303900336729046 0 2.020883091669768E-8 -3.036315546173294E-8 -2.762052732303107E-5
0.4058790843317993 0.3317218591300756 0.06705525860874961 0 3.1308336902801536E-8 -2.911622112164226E-8 -2.7617745644023336E-5
0.4678168231247622 0.39722837411780604 0.07282402579327739 0 3.1772284110023266E-8 -3.279867529395217E-8 -2.7630492157775147E-5
0.43228391685071293 0.3802988180284773 0.07026687195777441 0 3.333261266870811E-8 -2.8518290359858964E-8 -2.7625865092273117E-5
0.5096255127299391 0.5106912413470729 0.08097857821614195 0 3.579879123394549E-8 -4.157619777352242E-8 -2.761947863470917E-5
0.49005227512439575 0.44470401859070535 0.07629562530822705 0 3.226085268937364E-8 -3.665378722344552E-8 -2.7629197104328555E-5
0.5354804188313992 0.5793968081607486 0.0867593250488703 0 4.409501642616783E-8 -4.24851573295321E-8 -2.7604156415938905E-5
0.6847900044003186 0.621834941224156 0.09999999999999994 0 5.130166303216232E-8 -4.6560194808916455E-8 -2.7619959797758192E-5
0.5876935447112426 0.6161088910778022 0.09257893706827944 0 5.137961236019833E-8 -4.104657874754097E-8 -2.7608577164212484E-5
0.2968769596322443 0.26583446546620604 0.06049214663587174 0 1.6048032806602575E-8 -2.494696605258659E-8 -2.762768756351385E-5
0.22703812963746217 0.26409762190385 0.058370438456053005 0 1.7199612912793456E-8 -1.6367328854042458E-8 -2.7637729933963153E-5
0.18890830540911197 0.18932922319802872 0.05555650018582656 0 1.5605925705480805E-8 -7.814734803938507E-9 -2.7631265035600936E-5
0.10177697427875262 0.08834048795367637 0.05253956863179544 0 2.2507271132109517E-9 -8.560258633842629E-9 -2.7621014346906135E-5
0.13647605991683223 0.1435082568468913 0.053729825805134857 0 9.194190282807462E-9 -4.928948700955135E-9 -2.7618325829317193E-5
0.14969050843762163 0.2592715660247786 0.05657975437506356 0 1.9991940535988184E-8 -7.830417470015749E-9 -2.764050953863801E-5
-0.5844196053235717 -0.07491703801282973 0.07115392026499065 0 -1.0824758226122286E-8 4.545629729870501E-8 -2.7639806335560825E-5
-0.7351410524947968 -0.060926854977285956 0.08231802271497875 0 -1.9100510203806727E-9 5.857711298981533E-8 -2.762813090818121E-5
-0.6752473549062168 -0.060997662019661704 0.07752927755735102 0 -2.729309700397463E-9 5.2544587554442266E-8 -2.7638054623777376E-5
-0.7962287177911108 -0.06074957956360477 0.08762354715881242 0 -6.724471162959089E-9 6.395242993943478E-8 -2.762216765072664E-5
-0.8627884197170684 -0.055125093298773874 0.09385473111979895 0 -1.104279942988389E-8 6.707977753677928E-8 -2.762657802448259E-5
-0.9192838471164881 -0.10263764414409532 0.09999999999999994 0 -1.6400378465057593E-8 7.082065967901528E-8 -2.7628998838347455E-5
-0.5447672634209793 2.858524015158418E-17 0.06830049229574699 0 -5.621800481348196E-9 4.095702499018051E-8 -2.7639664913446382E-5
-0.4638591691868275 2.797468827787367E-18 0.06368112390889594 0 -1.5555114729880645E-9 3.4867111639463926E-8 -2.7634074350720523E-5
0.04273067501608843 0.07401170016957923 0.051925849626185475 0 2.9676832863441837E-9 -5.83769196730965E-9 -2.763132778533096E-5
0.04273873390329096 -0.07402565857166639 0.05192600533605054 0 -7.99933754996596E-9 3.8090167012284174E-10 -2.7630033711077595E-5
0.08580268905133058 2.7616060966210454E-17 0.05192915349305607 0 -4.367275137812902E-9 -5.905865848197587E-9 -2.7629975265100587E-5
0.07416648351753428 -0.042820039223696336 0.051927573540639343 0 -7.2650780602798525E-9 -3.0882516105481295E-9 -2.76296213725418E-5
-0.04299754043112494 -0.07447392462720538 0.05193102148339571 0 -4.421853904418597E-9 6.772274917971957E-9 -2.7631083159082417E-5
0.07415950431437714 0.04281600977887487 0.051927495533993596 0 -9.697992135488063E-10 -6.987301096457634E-9 -2.7630340891664294E-5
1.3904975238826412E-17 -0.08573627431625096 0.051928505242836896 0 -7.0285554396752625E-9 4.368861733868421E-9 -2.7630248606473984E-5
-2.9796378738924766E-17 0.08577355466188762 0.05192886660175564 0 5.676136998895422E-9 -3.4970066211698137E-9 -2.7631706214167823E-5
-0.22815732549244747 -0.13366956667415786 0.05546555293618704 0 -1.70750351746797E-8 1.3527221335117306E-8 -2.7628139668797727E-5
-0.27837086784154214 -0.12617379267311213 0.056793561369108604 0 -1.393601213381381E-8 2.0153320540206E-8 -2.763822988993997E-5
-0.15093740406319933 -0.09389909648308081 0.05329903073383901 0 -5.399446902918964E-9 1.2030637390931578E-8 -2.761191217509927E-5
-0.19761019796705667 -0.10158906953187431 0.054303584925033135 0 -1.4222334333481234E-8 1.386308156862652E-8 -2.7614459197879984E-5
-0.12619399745448537 -0.06614911525416545 0.052660410611162535 0 -1.8868011887705377E-9 1.2241924265395305E-8 -2.7620050435762385E-5
-0.07423701450489274 -0.042860760308234 0.05192836227840669 0 -4.922267301707857E-10 7.86760383858618E-9 -2.7631625652853202E-5
-0.4277423899643161 0.06497482014443749 0.06209784320535729 0 7.31682659313528E-9 2.8162651177197966E-8 -2.763031643463432E-5
-0.33304413722574777 -0.06930677678439595 0.058055306373968225 0 -5.8159290626208715E-9 2.630026971259007E-8 -2.7642665468423104E-5
-0.3847166606924661 9.345124501562139E-19 0.059881376808148805 0 1.4318429646093972E-9 2.8966095345725514E-8 -2.7641506288761493E-5
0.3329058545937796 0.33325924236807375 0.06406157186555389 0 2.1678119521082915E-8 -2.570022402218378E-8 -2.7606056313155944E-5
0.49825230464030634 0.6040689738251999 0.08623250303750961 0 4.139709877969585E-8 -3.73876322148694E-8 -2.760213809921573E-5
0.3818998921620359 0.39282083230988174 0.06849211870683777 0 3.3368557550332414E-8 -2.1138996751608853E-8 -2.7618832032479964E-5
0.4314021965681312 0.42876752259718576 0.07244484890584979 0 3.381271607021556E-8 -2.868852615953469E-8 -2.7629465689850444E-5
0.4723939921181883 0.5653277489130144 0.08223903081434109 0 3.669867480814574E-8 -3.8755146327625533E-8 -2.7613083308162643E-5
0.44736034083495346 0.4974141441538552 0.07684191432450417 0 3.453133838910706E-8 -3.4149448916200414E-8 -2.762782086242316E-5
0.5230354883414245 0.6422697488364204 0.0903707538749386 0 4.822284156749348E-8 -3.351803222582686E-8 -2.7602002758869438E-5
0.6177594130735138 0.6884753307245898 0.09999999999999995 0 5.614317617514048E-8 -4.043577850098604E-8 -2.761541514219098E-5
0.5518007966248653 0.6760563257947593 0.09465507346897212 0 5.3006131783856926E-8 -3.364241967617395E-8 -2.760886531127017E-5
0.2625418688185837 0.33648330779519714 0.06181290503458571 0 1.9278634086417077E-8 -1.9855410417565177E-8 -2.7625758715196142E-5
0.10763513709501461 0.3224957272318108 0.058047784011843594 0 2.4024543094875024E-8 -8.111011897095156E-9 -2.7640390663406602E-5
0.19231764390950024 0.3331039304431938 0.059877835485628014 0 2.275768088246566E-8 -1.5592214689134836E-8 -2.7636901648407904E-5
0.11136664405289663 0.19289268576805546 0.0543171535525474 0 1.615665530066799E-8 -3.132063510760672E-9 -2.76281166693926E-5
0.07844894660138711 0.13587756131386042 0.05290437550856248 0 9.204366061539194E-9 -5.649405551971419E-9 -2.7622046234275307E-5
0.03519829734560284 0.13784946141786306 0.05265706254873472 0 1.0385768883521548E-8 -5.456095003319416E-9 -2.7621530244227132E-5
0.06630901180929025 0.2508565357105051 0.05531869953262273 0 2.1797505038300562E-8 8.77343382558823E-10 -2.7631599499860995E-5
-0.017053837843317182 0.27836069099312905 0.05590951428308119 0 1.87344921363665E-8 7.931586385777776E-9 -2.7633092088048502E-5
0.011677278178983168 0.25977319628253465 0.05533524160416193 0 1.9699427458278716E-8 7.110530707791058E-9 -2.7627159202034515E-5
-0.036475279191632355 0.1302798698937502 0.052547520741153056 0 8.524670595402344E-9 -2.1356943377089446E-10 -2.7623836340665457E-5
-0.004334214649360648 0.15163914092247652 0.05281372846092682 0 1.028411569043736E-8 -3.5040401883818193E-9 -2.761800013358626E-5
-0.5548238392163805 0.07638757137486699 0.06925704553616709 0 -1.3990102434196502E-9 3.9497273622779417E-8 -2.7636671674898258E-5
-0.6361392415232946 1.3179599374821288E-17 0.07441207081886599 0 -1.150782599262959E-9 4.772191804197246E-8 -2.7643990953961696E-5
-0.7353276040989696 1.376885046738379E-19 0.08212306732579755 0 1.7053492451242936E-9 5.512586088637595E-8 -2.763255354530864E-5
-0.8245744171037558 1.994957568951944E-17 0.09002147282184524 0 -4.162330428973595E-9 6.178105711798261E-8 -2.7627390246142213E-5
-0.9249999999999996 -3.487031299242896E-17 0.0999999999999999 0 -7.977710564584046E-9 6.936741933776713E-8 -2.7634915222125764E-5
-0.6215823870108426 0.05940809814964494 0.0735747228508592 0 2.2104098786216668E-9 4.541074765979224E-8 -2.764334248022176E-5
-0.5039157942187592 0.07056797810116018 0.06615707446286308 0 -7.459394274451608E-10 3.319044576503433E-8 -2.762768994630969E-5
-0.4742240483662385 0.11256694280313873 0.06494853319711702 0 5.9915117755131045E-9 3.317608872906383E-8 -2.761471633324565E-5
-0.4362515368769683 0.13236424219261794 0.06326633817399899 0 1.3767430634889913E-8 3.356522759854617E-8 -2.761964312562834E-5
-0.3689420167821231 0.1279817916152874 0.06013540062401418 0 1.2618906227143775E-8 2.7432248649351333E-8 -2.7637003928946896E-5
-0.40020050920329836 0.18553375498639205 0.06251643484045978 0 1.5532923840770577E-8 3.2035329230895475E-8 -2.7632514397663173E-5
-0.11902524067374867 0.3280525016025783 0.058398241089487615 0 2.2793438118532274E-8 7.966035501744926E-9 -2.7643179717739815E-5
-0.278960464150049 0.23105339123962187 0.058930977919053947 0 1.7568690304383825E-8 1.996198759094165E-8 -2.7641506705164045E-5
5.529796886260846E-16 -9.523255661324038E-16 0.05151308386343702 0 -7.073655241766941E-10 4.4052489746916973E-10 -2.7639554155790517E-5
-0.043042879691499385 0.0745524545297515 0.0519319033593881 0 6.636332568860148E-9 4.827827119288523E-10 -2.763230991374837E-5
-0.24680219676358373 -0.07209570484822997 0.055249906628573604 0 -1.2859150215630684E-8 1.95218309991833E-8 -2.7631948989089643E-5
-0.1740533791739203 -0.0457943921612332 0.05334383022045102 0 -5.581543271871148E-9 1.6541502370973836E-8 -2.7619259632211175E-5
-0.12783259126111418 -0.033275347967647695 0.052499203818416273 0 -2.8192279297035364E-10 1.1938997908777056E-8 -2.7624173316520364E-5
-0.08544796042127181 1.2633032021521531E-17 0.05192572029476935 0 2.9057389345122172E-9 6.775384085495834E-9 -2.76323666784846E-5
-0.33947513674739144 0.06240362523718613 0.058248486325065116 0 4.4462625466291016E-9 2.4368093759923953E-8 -2.764370313247155E-5
-0.30816555573663146 0.12979030410922676 0.05783416263257108 0 7.780677639055315E-9 2.352330435620209E-8 -2.764243671823908E-5
-0.22695325756190307 0.2565120405768185 0.05814491145404571 0 1.943502026727105E-8 1.764024801340832E-8 -2.764404278978514E-5
-0.25569422992480956 0.1801064295667739 0.05704280655464759 0 1.0238823369768697E-8 2.1706008574748014E-8 -2.7641089312781917E-5
-0.07471068043782807 0.26158647648355277 0.05569656348774581 0 1.510192728012259E-8 1.0636281889587092E-8 -2.7636900878621757E-5
-0.15073713287945018 0.26108437273446883 0.05665087411303693 0 1.7084387550747172E-8 1.4277217969667346E-8 -2.764470613285555E-5
-0.0793293077376864 0.13740239153093972 0.052935779499837216 0 9.550414620593486E-9 6.204102942815255E-9 -2.7623989080010554E-5
-0.299396714946573 6.0549876586637245E-18 0.05658028588283899 0 -3.940204561449038E-9 2.2669268047695723E-8 -2.7644139585691392E-5
-0.39181543828090004 0.55445735722153 0.07760084140770424 0 4.3159670290932734E-8 2.825561131266879E-8 -2.7639510155231624E-5
-0.42125713605646403 0.6077940464059373 0.08247265847688973 0 4.88482771762647E-8 3.054597258359738E-8 -2.762948170541901E-5
-0.4499036574234317 0.6597655574984553 0.0876254316161508 0 5.0986054581826086E-8 3.723554184512159E-8 -2.76239659037142E-5
-0.4789401191209052 0.7197628636157833 0.09385470752197607 0 5.15031864182587E-8 4.2710104334583755E-8 -2.7628269454457713E-5
0.30693864167133966 0.4042133776050551 0.06608285286906407 0 2.7552637851394312E-8 -1.567758826658756E-8 -2.7621474753000173E-5
0.45341996389119593 0.6343388790419371 0.0859386615701075 0 4.119217031815486E-8 -3.139186672784584E-8 -2.7611019077168275E-5
0.36186279370904106 0.47199806236141656 0.0715259330567936 0 3.477230647133455E-8 -2.2042832149654357E-8 -2.7632602345604654E-5
0.400949758946052 0.5652131577221655 0.07869394977656127 0 3.736692305140481E-8 -3.08656346054328E-8 -2.762728454829701E-5
0.4904238791693691 0.6985151762406319 0.09277567976728547 0 5.0733574930961716E-8 -2.870376219158183E-8 -2.7613249577551996E-5
0.5485314952955888 0.74480230687788 0.1000000000000001 0 5.6070924630777146E-8 -3.221927815461384E-8 -2.761832133752635E-5
-0.157502577302292 0.4062797025959702 0.06224976286168574 0 2.716528536053042E-8 7.190823849596984E-9 -2.7628923526070224E-5
-0.04439277195221168 0.328710102628296 0.0577329050528648 0 2.313512526318747E-8 4.921371014617679E-9 -2.7640956534303065E-5
0.025557696189703685 0.3104658173674805 0.05699894508193312 0 2.2993289688833473E-8 2.005926864029281E-9 -2.7638412309876916E-5
0.05891091878969271 0.3561813785904501 0.05888183035860122 0 2.5232534311849925E-8 -5.35001593164016E-9 -2.763837337890568E-5
-0.07539656272461737 0.3826387268002811 0.060112744280339386 0 2.89990038764018E-8 2.54417875777829E-9 -2.7635661905695014E-5
-0.19156331121345582 0.4731617410648756 0.06625147072173321 0 2.7621977236365417E-8 1.6934914748961985E-8 -2.7627325591838177E-5
-0.31860245148696237 0.5518356333914171 0.0744889558881298 0 3.992043319972444E-8 2.4412349482519646E-8 -2.764463762194052E-5
0.23188989210585279 0.40164507488900236 0.06367695651733306 0 2.9296979387805605E-8 -1.6011563403078946E-8 -2.7628496156562033E-5
0.18545604713463834 0.43047399478074116 0.06393784680976809 0 3.548531277968748E-8 -1.516470419531072E-8 -2.7623385794289818E-5
0.15384627156060351 0.3839117365891883 0.06118533303935759 0 2.8645485856423593E-8 -1.5485058232113548E-8 -2.7630101228270474E-5
0.08567704016096148 0.3934342712802923 0.06068036954612458 0 2.6589395538426685E-8 -1.0404230643381614E-8 -2.7630398237939368E-5
-0.04746651353754765 0.1829715324610284 0.053532622158623755 0 8.718942275513783E-9 4.580233221168409E-9 -2.761907835648213E-5
0.01717373484524668 0.1662656573333219 0.053092157016808576 0 1.335182609281876E-8 -3.7086192961096692E-9 -2.7615064601300525E-5
7.833096257776418E-4 0.19069362679459012 0.05356840441819727 0 1.351317700630624E-8 2.9780206558323367E-10 -2.761054819472527E-5
-0.014253461472862217 0.23459230484404994 0.05463523466770248 0 1.4488428067091433E-8 8.530304379499634E-9 -2.761915149011278E-5
0.04520143550094837 0.1841851235528076 0.053545944108146816 0 1.7208341029271676E-8 -2.320783099021906E-9 -2.7617273647786454E-5
0.017981432514459814 0.22651294475696923 0.05443142027174295 0 1.9000799537599336E-8 5.221004026546948E-9 -2.761651595816353E-5
-0.4509389353459413 0.18062953941108667 0.06485872161226297 0 1.2929593255357107E-8 3.9549451830582615E-8 -2.7625402472043845E-5
-0.43855507291261625 0.22078311851591842 0.06514753629020965 0 1.4130546805813456E-8 3.671379767563676E-8 -2.763346815328661E-5
-0.5430568755805911 0.1088667628343709 0.0688662273363696 0 -3.970162929077825E-10 3.97262785852086E-8 -2.7631663173468516E-5
-0.5075730010734566 0.12513873893141766 0.06697106660603608 0 1.0936521620580561E-9 3.8424083000513584E-8 -2.76205015020607E-5
-0.4876818695036711 0.16005919777938846 0.06641416297022892 0 6.689620156048903E-9 4.23087279388461E-8 -2.7620766381837216E-5
-0.5817364775186938 0.11498204866540508 0.07140762999266016 0 2.607964566749626E-9 4.3276986653940186E-8 -2.763898537217164E-5
-0.6893460495224288 0.06354738512595376 0.07863780818203957 0 7.109810856666565E-9 4.9479097089322275E-8 -2.763679264170557E-5
-0.7599167871431189 0.060700756349994105 0.08441733903220823 0 5.7065870336521815E-9 5.29836522183173E-8 -2.762552860747849E-5
-0.8184909839211809 0.07533925376340878 0.08977629762126756 0 8.638360153969335E-10 5.727860892185366E-8 -2.7621147324493237E-5
-0.8641324069088798 0.06217499425579329 0.09403348687291993 0 -2.6286583927335622E-9 6.211224538713797E-8 -2.7626856268922713E-5
-0.919284810212244 0.10262901652303173 0.09999999999999994 0 -1.1135987686692005E-9 6.704645246399944E-8 -2.763044859071925E-5
-0.7200856347104291 0.1275637570102766 0.08178787314202204 0 1.4557768494778271E-8 5.293004291008985E-8 -2.762565284505581E-5
-0.6366216770914513 0.14805650423757327 0.07568897320024312 0 1.0809638929564002E-8 4.791925472647976E-8 -2.76403205311103E-5
-0.5083123257938114 0.6756675576578803 0.09200745306162258 0 4.826388894352175E-8 4.5103581304969495E-8 -2.7620577827182833E-5
-0.5084523869045262 0.6310249340793687 0.08870435188239581 0 4.6068668852509366E-8 4.115502623096806E-8 -2.7613538967970343E-5
-0.5485031394581954 0.7448231888659755 0.09999999999999998 0 5.193425451987556E-8 4.900587504968543E-8 -2.7631358236730296E-5
-0.47303326379715877 0.5791284533565413 0.08316905076856485 0 4.643488177386185E-8 3.1884972162013304E-8 -2.7621925275217524E-5
-0.45509595152323223 0.4866404390645807 0.07663670286639768 0 3.5938279985364075E-8 3.2775696565286665E-8 -2.763960763709673E-5
-0.4180330375357138 0.4186106610386911 0.07131407766744807 0 2.608591387794825E-8 3.5554027017239986E-8 -2.763836656530158E-5
-0.35805699391726126 0.4725541821277961 0.0714004969823895 0 3.344035908361073E-8 3.137604515948812E-8 -2.764179836658732E-5
-0.3304177610769968 0.2075632873895256 0.060121873146272396 0 1.6004043899213624E-8 2.365061849312918E-8 -2.7639592919702072E-5
-0.3986677525588505 0.2551376793832065 0.06418286265211677 0 1.571063583017942E-8 2.9270119082233345E-8 -2.763333542821311E-5
-0.19326570388917413 0.3347460184966116 0.05996054906425581 0 2.5168802798813944E-8 1.2944578061311025E-8 -2.764186365851565E-5
-0.2326279902659774 0.402923498403311 0.06375456788963607 0 2.8710020682844597E-8 1.8491353673543073E-8 -2.763472464110552E-5
-0.2730034360466582 0.4728558218736924 0.06837705113188595 0 3.1804246846720224E-8 2.5021315677044003E-8 -2.764042242291802E-5
-0.30165136280488025 0.41841452971898935 0.0665620091821718 0 3.0931598879177516E-8 2.9158258867630692E-8 -2.7632720704378747E-5
-0.2982294435153453 0.2720284218761083 0.06072614652584282 0 2.2614138417700098E-8 1.8735523067081618E-8 -2.763393023795555E-5
-0.28071917465641966 0.3771430143239578 0.06401358518053687 0 3.0998933047507603E-8 2.4334903624300156E-8 -2.762879629466444E-5
-0.25621859628623345 0.3266156402995803 0.061257118437086824 0 2.805308701881922E-8 1.799339901983297E-8 -2.763455954523815E-5
-0.07427627943517316 0.042883429926301085 0.05192880169730083 0 5.84922590993974E-9 4.02636517171042E-9 -2.763240909954598E-5
-0.10192189467460559 0.10267269443312377 0.05269596908601702 0 1.0084068911018201E-8 7.3041460992718915E-9 -2.7622807673801003E-5
-0.22270343343645202 -2.7398019802337882E-17 0.054316401779706945 0 -6.054628796912957E-9 1.701937344369657E-8 -2.7630851849752478E-5
-0.1568744501142894 1.9427769320198104E-18 0.05290395974586273 0 -4.432313932749464E-10 1.2109923906596752E-8 -2.762399336240604E-5
-0.1333037269353432 0.03517105967265549 0.05258728793055297 0 4.471837057808065E-9 8.154794871681616E-9 -2.7623755848365786E-5
-0.2668792736165403 0.06671487334767572 0.055790773586017584 0 -1.2919278871352368E-9 1.9559921179108322E-8 -2.7638033718948862E-5
-0.25161809751440434 0.1255049475699697 0.05598231997151887 0 2.726429458431336E-9 2.1167254314543864E-8 -2.7635275087557102E-5
-0.2204702956430696 0.1429341155499399 0.055415459742855375 0 4.17883047770763E-9 2.1656955537049993E-8 -2.762990385276762E-5
-0.18350196867475072 0.18844743574056294 0.05542383280391714 0 1.0920453231586372E-8 2.0026343366138482E-8 -2.7635663134043027E-5
-0.1122914677939212 0.19449452747555573 0.054363926326504504 0 1.101606251087888E-8 1.3412103141257826E-8 -2.763128355124928E-5
-0.13865734030206042 0.13413724110678021 0.05361667711440056 0 1.0610727479808995E-8 1.508877284103426E-8 -2.761971735686644E-5
-0.3679940573528883 0.637384404218618 0.08217817873449762 0 4.7602855177544415E-8 2.5647358476482102E-8 -2.763334880402646E-5
-0.4124740638930545 0.7144260354671818 0.09005646238462257 0 5.029787839059816E-8 3.404164093969937E-8 -2.7628447480524908E-5
-0.4625000000000002 0.8010734985006057 0.09999999999999998 0 5.4830999701793094E-8 4.104152909964709E-8 -2.7636150954569456E-5
0.41227210451772545 0.7140762315680472 0.09001864521731297 0 5.324120014688843E-8 -2.7012869254465178E-8 -2.7618545133046145E-5
0.27234892372669683 0.47172217328134014 0.06829621029644013 0 3.640312270650307E-8 -1.5467173318039012E-8 -2.7633178890914666E-5
0.36764043700660404 0.6367719158122639 0.08211917016769554 0 4.4819937568989985E-8 -2.8747290958083644E-8 -2.762439728526107E-5
0.31803615984503875 0.5508547874957042 0.07440724687637126 0 3.9956979635854394E-8 -2.2679262909828835E-8 -2.7636575469501263E-5
0.46250000000000013 0.8010734985006064 0.09999999999999999 0 6.146310084207782E-8 -2.745982675449016E-8 -2.7625030601661288E-5
0.3836506929290541 0.7746515411716932 0.09384509082801112 0 6.13573337988379E-8 -2.3692594936869952E-8 -2.761857532684244E-5
-0.14030890931253803 0.4679836164169959 0.06501280116403946 0 3.0862261105516445E-8 1.1386930916406625E-8 -2.761372005780626E-5
-0.10294114607188212 0.4464085827438704 0.06338188130081227 0 3.548399623643608E-8 4.706321506872103E-9 -2.761761015461125E-5
0.013052198219917906 0.38970549808144683 0.06010955939350729 0 2.7667525912406276E-8 -2.2052723370032176E-9 -2.763709900541736E-5
-0.04037960269203984 0.44085703180834646 0.06259577733066987 0 3.508578188788583E-8 2.2426928153697155E-9 -2.7630023108677964E-5
0.06533055038853267 0.4354649165439312 0.06247764990259344 0 2.7368380885137594E-8 -6.949593322320219E-9 -2.7625132045427422E-5
0.21079455863719812 0.4693257584201238 0.0664848367230654 0 3.9659566083369244E-8 -1.2635938198803573E-8 -2.762673796163819E-5
-0.2117215867706234 0.5198781223671348 0.06933829044213057 0 3.2601697599227777E-8 2.0653626146807606E-8 -2.7636387789535375E-5
-0.1460434120132441 0.503264073058023 0.06704541835555092 0 3.2984941628415145E-8 1.798178368280699E-8 -2.76196923419465E-5
-0.17773060720916653 0.5259463281585314 0.0689480477972893 0 3.337897501776637E-8 1.9786485159225172E-8 -2.7630951482659397E-5
-0.2900329026458535 0.6297052539110424 0.07871782471366953 0 4.549099323927908E-8 1.8137561427605276E-8 -2.7636595486092305E-5
-0.2598642375444073 0.5690891545970852 0.07365958600480058 0 3.959061775031625E-8 2.0293635204941388E-8 -2.7643258450365048E-5
0.1498593825176401 0.45279307874260616 0.06437801254812758 0 3.6755493247484434E-8 -1.275521572594889E-8 -2.7613040534714367E-5
0.11053788187593885 0.4306223745782792 0.0626902062642271 0 2.934144972747446E-8 -1.2828660887658298E-8 -2.7617879460730054E-5
-0.4490633670822637 0.26293361409508886 0.06682964731028329 0 1.4558921023276136E-8 3.5873262858106656E-8 -2.7637590745821272E-5
-0.4300985673768074 0.3012630280350379 0.0671100012724704 0 1.544781958730527E-8 3.272662212016087E-8 -2.7635111872377826E-5
-0.49761740681994665 0.2259943198914076 0.06840949555720777 0 1.206272956331895E-8 4.232064721523171E-8 -2.7637720512225024E-5
-0.5518948161465873 0.17422255470543743 0.07046196471921622 0 6.181229544053729E-9 4.476837668387908E-8 -2.7636674242712027E-5
-0.4324706598932548 0.35955969358955997 0.06940707877592157 0 1.885205857065236E-8 3.477269213520903E-8 -2.7635819562724444E-5
-0.7940808377677345 0.13178185399490336 0.08820577601429047 0 7.43334141936339E-9 5.8684968356340926E-8 -2.7611770362409596E-5
-0.8565041007211139 0.12935729823844902 0.09401883827528355 0 1.0054741771439166E-9 6.369288587602868E-8 -2.7620738761132387E-5
-0.9051192255768065 0.19074632675980735 0.09999999999999998 0 5.9671163217346045E-9 7.12864418039089E-8 -2.762951392261907E-5
-0.7583678808155521 0.178257805309045 0.085877514601274 0 1.5118867143897304E-8 6.050653360011764E-8 -2.761885739469306E-5
-0.6170663609123308 0.222189336538271 0.07585507468331582 0 1.590533397921468E-8 4.6992785472524586E-8 -2.7642293020963183E-5
-0.6972424057138269 0.20430689657176623 0.08139617396721441 0 1.805502198658853E-8 5.374308074547905E-8 -2.7632383649990393E-5
-0.5596851197575441 0.6634042603718276 0.09419033697962355 0 4.31911590828009E-8 4.786898946178864E-8 -2.762128491936701E-5
-0.5445828559277583 0.5931276201062036 0.08823074690283748 0 3.911164546152416E-8 3.938353197216491E-8 -2.7616239512820914E-5
-0.6177328508859395 0.6884991641819085 0.09999999999999992 0 4.3424420440027945E-8 5.098115058094725E-8 -2.763028362657765E-5
-0.5240933648557363 0.5322322969179639 0.08310069903157469 0 3.8640794297015586E-8 3.45359662230629E-8 -2.7627216622898962E-5
-0.482008368592271 0.40269833860051546 0.07383556549613608 0 2.6758926987771162E-8 3.6901226617565065E-8 -2.7643077185187464E-5
-0.5228737105474611 0.469403410425903 0.07945982017150148 0 3.4926295472660375E-8 3.684202412772324E-8 -2.7637409806267378E-5
-0.3178442209190435 0.3574692689417035 0.06445327462614317 0 2.9524063348220628E-8 2.69339384921657E-8 -2.7618000187927997E-5
-0.3668515165065182 0.391453181331997 0.06779342734587494 0 2.4156151465888824E-8 3.497798911006217E-8 -2.762539714206857E-5
-0.37474174799433474 0.32521524057353407 0.06543736846884436 0 1.7518727265391038E-8 2.6458893485518856E-8 -2.7619673109812125E-5
-0.3445240713159381 0.2767146512083848 0.0625551726814487 0 1.9884332447119524E-8 2.1095413234447587E-8 -2.762816864108393E-5
-0.31825267387856393 0.31228528282505885 0.06275542647814246 0 2.600328254679916E-8 2.003920547276726E-8 -2.7621724753178972E-5
-0.13208776332768443 0.07040426877471616 0.05277929135503948 0 8.143720691912737E-9 7.830699893401944E-9 -2.761939200845628E-5
-0.13558426904309848 0.09984465055515283 0.05311549222562181 0 1.0079394722198322E-8 1.0807287339091005E-8 -2.7616437780788503E-5
-0.18433654548332082 0.04822270923057056 0.05356505347436668 0 -9.636114725754367E-11 1.0753605750692541E-8 -2.762030730775016E-5
-0.2141365218541703 0.10501643106435352 0.054728299370409676 0 -3.3374790684679697E-10 1.7956945461331335E-8 -2.76218944007085E-5
-0.18680865935078547 0.12991541986645883 0.054439563423197654 0 5.067378532415708E-9 1.9996039541673455E-8 -2.761868167974268E-5
-0.1657690318723488 0.09663028560186346 0.05359396061230915 0 6.50070761642192E-9 1.2903398615238238E-8 -2.761156288131702E-5
-0.3275435087421515 0.689022237889938 0.08446715933764735 0 4.762648692996755E-8 2.1104169872921165E-8 -2.7625587265744264E-5
-0.3440235561346144 0.746753392646391 0.089798396197132 0 4.883903643336443E-8 2.732185142859284E-8 -2.762123937294731E-5
-0.3781299746230488 0.7796968295885027 0.09405159466762453 0 5.130008647812598E-8 3.280275323260291E-8 -2.762721187779113E-5
-0.37078556224583165 0.8474286657041803 0.09999999999999998 0 5.624145920521277E-8 3.395540379053942E-8 -2.7630434555294182E-5
0.33139114289377414 0.7785556133621918 0.09206768166444738 0 6.193954388674441E-8 -1.968425782633104E-8 -2.7611612152217358E-5
0.3464548928541494 0.7191482470167311 0.08759713317592265 0 5.6447018118245404E-8 -2.6014583627541423E-8 -2.761498447994488E-5
0.31546555307223767 0.6681703741372863 0.08242156072081934 0 4.959890951482156E-8 -2.7343001217491382E-8 -2.762136271588169E-5
0.22784343961994072 0.5451094489255655 0.0712614275403811 0 4.286981856868496E-8 -1.3311603083614346E-8 -2.7634872071348447E-5
0.28413345033548576 0.6165726819630529 0.0775980862421621 0 4.4915456487319385E-8 -2.3527423627465194E-8 -2.763175419979362E-5
0.290977677915208 0.7546407636986492 0.08855875058870188 0 5.728625757911444E-8 -1.9852163168772278E-8 -2.7605188653751554E-5
0.37075219693550476 0.8474432642497914 0.09999999999999995 0 6.692388451157014E-8 -2.089326161490647E-8 -2.762161084094548E-5
-0.10596501162257625 0.5041773372256164 0.06652572871029448 0 3.89678022670584E-8 1.5154563826275887E-8 -2.7619309898288E-5
-0.07102778036707863 0.4813038479979327 0.06489977746314218 0 4.0065935922359394E-8 8.487159813992757E-9 -2.762291065817087E-5
0.019795838688718658 0.4703114259817324 0.06404440608297313 0 3.216981094720558E-8 5.637361730747254E-10 -2.763026136803947E-5
-0.028427878816465992 0.4894039605592073 0.06510500934199118 0 3.789905856162513E-8 5.6249023528450135E-9 -2.7630685593946203E-5
0.09307018049889713 0.4870154223859189 0.06541754354915294 0 3.050708888390598E-8 -2.3877795452345174E-9 -2.7615659563998607E-5
0.15223360853370174 0.5114589799667827 0.06762073099832455 0 4.09735172846022E-8 -3.602005250878455E-9 -2.7618852745804514E-5
-0.19168892528151515 0.5624523066487594 0.07149027116733256 0 3.797923557139053E-8 1.890059676954343E-8 -2.7638210591694218E-5
-0.12546868182070262 0.5661421054611622 0.07053660282173835 0 4.0979324076383654E-8 1.6579484825833825E-8 -2.7635017398733193E-5
-0.25001651455608004 0.6877574831582879 0.0818288600417976 0 5.206086526519956E-8 1.3406914152234285E-8 -2.762471871660039E-5
-0.19051431605916905 0.626194724144322 0.07575740850014469 0 4.602715706647984E-8 1.4133552688403958E-8 -2.7639040739660144E-5
-0.496968869184538 0.31115828345845903 0.07096354188096898 0 1.8770623090476065E-8 3.871951064499602E-8 -2.7644271483194583E-5
-0.5531916805568735 0.25483900449276115 0.07250231820116239 0 1.6044470439992574E-8 4.3611084714281265E-8 -2.7644295666617107E-5
-0.8285501209973593 0.21135039229984 0.09293041569195869 0 9.696896422689332E-9 6.740880796952408E-8 -2.762418594825005E-5
-0.8809225682293763 0.28211960771987943 0.09999999999999996 0 1.3617898462140025E-8 7.012456048769949E-8 -2.7636109060504413E-5
-0.7578216461505274 0.23114048963723496 0.08705889216020636 0 1.6450695040439896E-8 6.04125758733032E-8 -2.7626437475844046E-5
-0.5442886348821633 0.36830034160648034 0.07595460109733419 0 2.7619519487339593E-8 4.027175063742025E-8 -2.764290441847061E-5
-0.6102329054490169 0.29533181001281994 0.07752504764743703 0 2.3343549185343722E-8 4.3980104757198956E-8 -2.7640235447892387E-5
-0.6672358697757713 0.2726523999513782 0.08092297245691278 0 2.154220031934515E-8 4.8088514991048135E-8 -2.763523524572221E-5
-0.7250638207162802 0.2644091498704253 0.08523826785223539 0 1.915688950216324E-8 5.443020474915732E-8 -2.763019696884964E-5
-0.6071515389330133 0.6092519905512257 0.0934219469334025 0 3.71697452875047E-8 4.74801894289997E-8 -2.762634010209117E-5
-0.5735399527378838 0.553508622043815 0.08749015204644302 0 3.640646434649232E-8 4.090057295225643E-8 -2.7624961747051486E-5
-0.6847646792234087 0.6218628292777222 0.09999999999999995 0 3.838765562513527E-8 5.490122826499642E-8 -2.7636642274342995E-5
-0.5770660846669927 0.4836246905463882 0.08360849061752018 0 3.591960078965758E-8 4.2228142834883674E-8 -2.7632145976888498E-5
-0.5580584193120216 0.42548332869284067 0.07938775238593494 0 3.324326349849777E-8 4.0876863841452286E-8 -2.7637963216394964E-5
-0.28374056147924315 0.7514739211838952 0.0880520415280374 0 5.3117974161345626E-8 2.21302178823425E-8 -2.76112316331045E-5
-0.3165497745723784 0.8071051679018629 0.09409208829712741 0 5.461197963956219E-8 3.057301640138696E-8 -2.762043860247936E-5
-0.28739394850298333 0.8792210714939998 0.09999999999999995 0 6.3448622526486E-8 2.9962995413872E-8 -2.762842904892555E-5
0.29491717071644896 0.8166669280321706 0.09422261270086467 0 6.164470226098672E-8 -1.3835654940274421E-8 -2.7612864463266482E-5
0.15199695343335898 0.5713443637747507 0.07128864354870555 0 4.2619503856225244E-8 -5.1097129019626814E-9 -2.7632658592604608E-5
0.2647361318881631 0.6988930987695543 0.08313425830297129 0 4.9543761501040426E-8 -2.4862659141374398E-8 -2.7614432450754724E-5
0.19363779692619498 0.6392946953673742 0.07676490405819379 0 4.5359857950781686E-8 -1.523348852396094E-8 -2.7632925952933187E-5
0.23873623781901862 0.7680602578468166 0.08814793343306232 0 5.2209996369584795E-8 -1.4439094398990722E-8 -2.760903150962169E-5
0.28735785633849587 0.8792328678266585 0.09999999999999996 0 6.449393455785216E-8 -1.2679534481347443E-8 -2.7621578572823794E-5
0.045020558010702406 0.5239593119206281 0.06715619876796416 0 3.517138518473511E-8 2.6605611539322137E-9 -2.7631603037555577E-5
-0.05203180167969757 0.5443357511275837 0.06842717285738563 0 4.178165770044243E-8 1.019201156036761E-8 -2.7635245093562953E-5
0.00125333399408392 0.5186888782774369 0.06673044987207258 0 3.7488659806760745E-8 5.009525151688347E-9 -2.7634242563251145E-5
0.09263905094403112 0.5551170207203664 0.06943102413110942 0 3.8569327413786045E-8 6.586729640350913E-10 -2.7631657303406637E-5
-0.22520922840433807 0.7458968973346561 0.08588793599516027 0 5.893272535447075E-8 1.6734538581499314E-8 -2.761762772090687E-5
-0.056365569894855645 0.6123374883168232 0.07290850863136553 0 4.5200162397523395E-8 7.077752902702336E-9 -2.7641591358752248E-5
-0.11459365381122652 0.6489796043007032 0.07609123122821615 0 4.7814947289023134E-8 9.022317650421729E-9 -2.7639885227335798E-5
-0.17201424223952635 0.7059350940103869 0.08139872432652714 0 5.4478026882734196E-8 1.0898495329778692E-8 -2.7630687830551882E-5
-0.5619648707592039 0.31624700130713346 0.07504348009682706 0 2.3394398131923077E-8 4.178341461051941E-8 -2.7644027474922292E-5
-0.7888004165309431 0.29037609645717466 0.09153149855841576 0 1.6332729518934415E-8 6.069421158795231E-8 -2.763005951235674E-5
-0.8437609348289447 0.37906778281416026 0.09999999999999995 0 1.9249519039784247E-8 6.389337913976598E-8 -2.7635032623172476E-5
-0.6064827120561797 0.3683452405387546 0.08001332460787643 0 3.154700831317409E-8 4.32895757632283E-8 -2.7633306162065722E-5
-0.6554904399290363 0.3258387756938692 0.08184700708932659 0 2.654503294270267E-8 4.4835537122608224E-8 -2.7629709268839013E-5
-0.7173789460644423 0.321865662586802 0.08652046298759287 0 2.135532355817279E-8 5.034067276703432E-8 -2.7625551372022564E-5
-0.6465139113454262 0.538316822314734 0.09160194260007758 0 3.549857540948771E-8 5.152377965671285E-8 -2.7630503318167134E-5
-0.7501326501074496 0.5412263004122692 0.09999999999999996 0 3.4644254868892264E-8 6.283042898672641E-8 -2.7635319963669707E-5
-0.8010558185062641 0.4625204886241073 0.09999999999999998 0 2.6387744208768597E-8 6.404809286257324E-8 -2.763060933898012E-5
-0.6328963674406779 0.44705014677999644 0.08550954643040555 0 3.567257889008458E-8 5.00414880167589E-8 -2.762541282266168E-5
-0.2313025414788286 0.8233581280344338 0.09294490463014164 0 6.201882178189662E-8 2.483062253493821E-8 -2.762266418157473E-5
-0.19616860770583666 0.9039546015730862 0.09999999999999994 0 6.62467431490571E-8 2.2778562547556707E-8 -2.7633892301735346E-5
0.2216527773738334 0.8287572231622684 0.0932031971273528 0 5.822985916230891E-8 -8.850322444745485E-9 -2.7618722966354015E-5
0.10414931811684251 0.6209165315731189 0.07394244219969823 0 4.4373501441739475E-8 -5.02541529050437E-9 -2.7638196450759016E-5
0.1942511971230704 0.716812779625243 0.08273823779707914 0 4.802362281554547E-8 -1.627409051614415E-8 -2.762165179453257E-5
0.14442364609626682 0.6895139486023729 0.07960445430492032 0 4.835159090422162E-8 -1.2293874297371535E-8 -2.7631410917170354E-5
0.1913914876174544 0.7797285375111098 0.08801717214843206 0 5.30230503279982E-8 -1.0939765575955485E-8 -2.7618425264479124E-5
0.196130597538861 0.9039628493277602 0.09999999999999998 0 6.526428283278285E-8 -6.256026398818164E-9 -2.762925259384451E-5
0.020086990102898373 0.582926818943489 0.07076019404513119 0 4.169210001825909E-8 3.01713141072658E-9 -2.7640396369670504E-5
-0.17894546311077822 0.7718277883825889 0.08706002927260566 0 5.929918539736979E-8 1.55002640744648E-8 -2.7624496071736913E-5
0.04599891718688658 0.6542488180254783 0.07585611859697282 0 4.754230743886152E-8 -4.158266865082406E-9 -2.763866296835017E-5
-0.007855133722757698 0.6491499078369714 0.07536310530979572 0 4.7161543740484844E-8 -1.752980800286901E-10 -2.7639952030985927E-5
-0.13380906082414654 0.7600240739879767 0.08523325950883376 0 5.563026634680441E-8 1.0198184581048302E-8 -2.7627758860795923E-5
-0.04850890629174576 0.6781878024575423 0.07767733236817918 0 4.881400015396383E-8 1.130510468660433E-9 -2.7636738025380227E-5
-0.09794458893422112 0.7138796015511557 0.08090449857215169 0 5.1300700713181745E-8 4.993208605740132E-9 -2.7632613466792355E-5
-0.7603438011582597 0.3738096376808479 0.09217483686370775 0 1.9850196408197223E-8 5.6229397888408115E-8 -2.7623426141221983E-5
-0.6767294999436547 0.3833870641168077 0.0857669286165472 0 2.9888357222107E-8 4.858665066090544E-8 -2.7615739060335906E-5
-0.7186415188607147 0.46354605628657686 0.09293928953994947 0 2.9490348844751136E-8 6.02004861740608E-8 -2.7622634011978125E-5
-0.14285595486183847 0.8282574032154251 0.09152546819348935 0 5.9482622999169126E-8 1.571677990106472E-8 -2.7627485663889396E-5
-0.09363126894349026 0.9202489260084377 0.09999999999999998 0 6.362402576287751E-8 1.4788637952748105E-8 -2.7631523574050696E-5
0.09361324045256657 0.9202507597854978 0.09999999999999996 0 7.028360128525092E-8 9.281429927339879E-10 -2.7629353653384378E-5
0.14341620299378274 0.8294494640794721 0.09164675622284839 0 6.107765553065171E-8 -5.456410119585291E-9 -2.7624163927615485E-5
0.08739963386816947 0.6969472503405287 0.07943927986118828 0 5.109298704384896E-8 -8.812961775192872E-9 -2.763272389770177E-5
0.1332242410665833 0.7460807458646898 0.0840331591986956 0 5.359695132140956E-8 -1.0360663712891692E-8 -2.762572427986659E-5
0.011531729957052445 0.7092408490309093 0.07999382505294728 0 5.20078914599647E-8 -5.827724301725201E-9 -2.7629096655039593E-5
-0.08028628936017151 0.7814679591465112 0.08645850584417021 0 5.306926307337006E-8 6.111656553193418E-9 -2.7622538261190354E-5
-0.04561230651596534 0.7294921334214546 0.08175631121749642 0 5.0970662243620246E-8 -9.487284421064934E-10 -2.762650042528125E-5
-2.6622719632600497E-6 0.924994933365257 0.09999999999999994 0 6.731645315858116E-8 8.762773591210089E-9 -2.76259726133734E-5
-0.057540995049113024 0.8423979795604504 0.0918960227632853 0 5.7042122025594935E-8 1.0382629886939872E-8 -2.761955127627888E-5
0.04284010489062188 0.8515402282381707 0.09269147861274166 0 6.553211348533277E-8 3.856536327019429E-9 -2.7617517067869393E-5
0.06678793864290467 0.7745216917616873 0.0857326633705871 0 6.037275187046931E-8 -5.897646407527813E-9 -2.76194299057007E-5
-0.010066347156763605 0.7750831353836388 0.08553470969702802 0 5.517625695246899E-8 -2.095742811387318E-9 -2.761238926647289E-5
