% Model:
% Version:
% Dimension:          3
% Nodes:              691
% Expressions:        4
% Description:        Surface
% X                       Y                        Z                        Color                    DeformX                  DeformY                  DeformZ
0.09361324045256657 0.9202507597854978 0.09999999999999996 0 1.3140156553057412E-7 -5.926587999656638E-9 0.04997701695876714
0.19613059753886136 0.9039628493277616 0.10000000000000006 0 1.2544077717004136E-7 -1.9284709217266403E-8 0.049977017031571556
0.2873578563384961 0.8792328678266589 0.09999999999999998 0 1.2325433890713098E-7 -3.1222389471622997E-8 0.04997702481129576
0.6177594130735132 0.6884753307245892 0.0999999999999999 0 1.0384863749603369E-7 -7.901146802642123E-8 0.04997703159646586
0.684790004400319 0.6218349412241562 0.09999999999999998 0 9.508732805367745E-8 -8.919226335938054E-8 0.04997702722520306
-2.6622719632544978E-6 0.924994933365257 0.09999999999999995 0 1.2872593795647984E-7 7.522076397730596E-9 0.049977020592156134
0.042840104890621886 0.8515402282381707 0.09269147861274166 0 1.225028144127718E-7 -1.0269734461474889E-10 0.04997703042851055
0.37075219693550476 0.8474432642497914 0.09999999999999995 0 1.2385968102993502E-7 -4.4487075285663834E-8 0.049977024924560125
0.14341620299378263 0.8294494640794716 0.09164675622284833 0 1.1673931641104359E-7 -1.5473668045913573E-8 0.049977023878559075
0.2216527773738334 0.8287572231622684 0.09320319712735281 0 1.138972030006331E-7 -2.355301749427685E-8 0.049977029005006286
0.29491717071644885 0.8166669280321706 0.09422261270086468 0 1.166510625250335E-7 -3.2946586926979964E-8 0.049977034732925786
0.5485314952955888 0.74480230687788 0.1000000000000001 0 1.0706524394448325E-7 -6.659583636892005E-8 0.04997702855325618
0.5518007966248653 0.6760563257947593 0.09465507346897212 0 9.988085033343014E-8 -6.831935620062204E-8 0.04997703910483059
0.5876935447112426 0.6161088910778022 0.09257893706827944 0 9.470153740873002E-8 -7.794183846652133E-8 0.04997703992373894
0.750154542605984 0.541195955123228 0.09999999999999999 0 8.207009115052844E-8 -9.48282181160565E-8 0.049977030573180654
0.6504705486077746 0.5465931881196746 0.09240305490818576 0 8.234503774792299E-8 -8.508794786012471E-8 0.049977033733850464
0.8010710017272109 0.46249419126110153 0.09999999999999994 0 7.400451032844615E-8 -1.041739318614229E-7 0.04997703717595459
0.8437752416466553 0.3790359375932063 0.09999999999999998 0 6.36348878771121E-8 -1.1325306331691205E-7 0.049977034772692025
-0.09363126894349026 0.9202489260084377 0.09999999999999998 0 1.2475642246372918E-7 1.9148379201618785E-8 0.049977015561814046
-0.057540995049113 0.8423979795604501 0.09189602276328529 0 1.134805647892527E-7 1.2419900876696252E-8 0.04997702900824109
0.06678793864290467 0.7745216917616872 0.08573266337058709 0 1.1270693433124329E-7 -1.1417964639919457E-8 0.04997703007348917
-0.010066347156763604 0.7750831353836388 0.085534709697028 0 1.0754860634204979E-7 -3.008037158287971E-9 0.04997703739857284
0.33139114289377414 0.7785556133621918 0.09206768166444738 0 1.1469866218338708E-7 -4.104589915694574E-8 0.04997703650919509
0.46249999999999974 0.8010734985006057 0.09999999999999991 0 1.1572385499055434E-7 -5.661668330306129E-8 0.04997702167901531
0.3836506929290542 0.7746515411716933 0.09384509082801115 0 1.139389203151169E-7 -4.818538667610849E-8 0.049977029246184745
0.1913914876174544 0.7797285375111098 0.08801717214843206 0 1.0572448661451522E-7 -2.3918689435778113E-8 0.04997703045772391
0.13322424106658332 0.7460807458646898 0.0840331591986956 0 1.0424600639704246E-7 -1.9910685904827174E-8 0.04997702412640092
0.290977677915208 0.7546407636986491 0.08855875058870188 0 1.0856995542604032E-7 -3.8838567423900496E-8 0.049977043669560885
0.23873623781901876 0.768060257846817 0.08814793343306236 0 1.042477105950161E-7 -3.027423352502581E-8 0.049977039859577174
0.0873996338681695 0.6969472503405288 0.07943927986118829 0 9.877532043044001E-8 -1.569194141216559E-8 0.04997701838668274
0.5230354883414245 0.6422697488364205 0.0903707538749386 0 9.303263440133806E-8 -6.653255909962499E-8 0.04997704684875236
0.4904238791693691 0.6985151762406319 0.09277567976728547 0 9.887571995430004E-8 -5.969137703238839E-8 0.04997703499974806
0.49825230464030656 0.6040689738252 0.08623250303750964 0 8.388199667970766E-8 -6.898380793804609E-8 0.04997704762922728
0.5828756184496425 0.5332115379316272 0.08685116301599329 0 7.904210758192543E-8 -8.086935673369307E-8 0.04997703633824427
0.5354804188313992 0.5793968081607486 0.0867593250488703 0 8.514725146668455E-8 -7.633043422967162E-8 0.0499770455677245
0.706135052883472 0.46732786457169856 0.09212747065803698 0 7.071939535808849E-8 -8.924462145690136E-8 0.04997704390459937
0.626960623589047 0.4522983371432033 0.08535306995964971 0 6.261483037132083E-8 -8.286352177528164E-8 0.0499770395242201
0.7564175363077812 0.3862256756237963 0.09237249347625182 0 6.397500968669826E-8 -1.0244915152167712E-7 0.049977046603915755
0.7978472984237353 0.3041762806928352 0.09281227257926786 0 5.099209684439665E-8 -1.0665016207200516E-7 0.04997703982020968
0.5572755215547441 0.4510872900080025 0.08061070588876622 0 6.346473938370701E-8 -7.729008059641783E-8 0.04997702913239691
0.8809325160784339 0.2820885436790224 0.09999999999999994 0 4.90843969679163E-8 -1.1474028251829299E-7 0.04997703595301689
0.8318102133114372 0.22322523392999072 0.09353078509252773 0 4.008182750002439E-8 -1.0730655898723319E-7 0.04997704649836123
-0.19616860770583672 0.9039546015730862 0.09999999999999996 0 1.263676393349582E-7 3.3246572444557906E-8 0.049977014009847456
-0.14285595486183858 0.8282574032154257 0.09152546819348939 0 1.150530163719142E-7 2.284334612961107E-8 0.049977021762123264
-0.08028628936017151 0.7814679591465112 0.08645850584417021 0 1.0582801133535507E-7 9.410435565146715E-9 0.0499770274262618
-0.04561230651596534 0.7294921334214545 0.08175631121749641 0 1.0059230471237002E-7 1.9431838338893408E-10 0.049977024445357926
0.011531729957052473 0.70924084903091 0.0799938250529473 0 1.0041226387736352E-7 -8.137192148031723E-9 0.04997702206040919
0.3464548928541494 0.7191482470167311 0.08759713317592265 0 1.0566128151944888E-7 -4.837913797693731E-8 0.049977034172835375
0.41227210451772556 0.7140762315680476 0.090018645217313 0 1.0222276520670086E-7 -5.3315556141098977E-8 0.049977030164510626
0.19425119712307035 0.7168127796252429 0.08273823779707913 0 9.695312953014997E-8 -2.953162810739485E-8 0.04997702852894599
0.1444236460962668 0.6895139486023729 0.07960445430492033 0 9.561387543957421E-8 -2.260602250933171E-8 0.04997701959676712
0.26473613188816314 0.6988930987695542 0.08313425830297129 0 9.745931077657566E-8 -4.237448777057724E-8 0.04997703570449345
0.31546555307223756 0.6681703741372859 0.0824215607208193 0 9.572456282341139E-8 -4.7937383049940474E-8 0.04997702901217587
0.04599891718688658 0.6542488180254783 0.07585611859697282 0 9.264730210117675E-8 -8.61893830473327E-9 0.04997701356874646
0.1041493181168425 0.6209165315731189 0.07394244219969821 0 8.750251060293932E-8 -1.3022562231411771E-8 0.049977014494184284
0.4534199638911959 0.634338879041937 0.0859386615701075 0 8.543708964818838E-8 -6.027165811146303E-8 0.049977038721140905
0.4723939921181885 0.5653277489130147 0.08223903081434113 0 7.68285987844808E-8 -6.886555134152166E-8 0.04997703762176836
0.5096255127299391 0.5106912413470729 0.08097857821614195 0 7.269601942421291E-8 -7.396759241786555E-8 0.049977031655738566
0.49005227512439603 0.44470401859070546 0.07629562530822705 0 6.517770215685107E-8 -6.794715593995291E-8 0.04997702323655533
0.6719229666176102 0.3884051108238118 0.08561888827579651 0 5.416054233511766E-8 -9.283614963608517E-8 0.049977051749024594
0.585360990165672 0.3703838402167338 0.07867156144500052 0 5.0616096559798674E-8 -8.140668522845699E-8 0.0499770297812462
0.7133503615870089 0.32015636681811027 0.08613118221459616 0 4.92092021315244E-8 -1.0033835631439394E-7 0.04997704357096939
0.7561533810021166 0.25116889240286866 0.08746370240455795 0 3.9398328787321424E-8 -1.0004800483116872E-7 0.04997704289987022
0.4678168231247622 0.39722837411780604 0.07282402579327739 0 6.181967332496077E-8 -6.281338464529545E-8 0.04997702299625847
0.5201731653431543 0.38799390136202994 0.0753439569886662 0 5.726633250446093E-8 -7.143014361963442E-8 0.049977022612969185
0.9051251569294584 0.19071818089926673 0.09999999999999992 0 3.764624289401553E-8 -1.1874399868918469E-7 0.04997704453466863
0.7902639371480997 0.1788726841459575 0.08869278761371618 0 3.030371124918781E-8 -1.0239002571281105E-7 0.04997705661967485
0.8510855832446352 0.14814580550682155 0.0937894978149824 0 3.232659263509831E-8 -1.1392751877233409E-7 0.04997705428407131
-0.2873939485029833 0.8792210714939994 0.09999999999999992 0 1.2202128912677086E-7 4.584467176876814E-8 0.04997702032720805
-0.23130254147882853 0.8233581280344335 0.09294490463014163 0 1.1725132516177696E-7 3.724834454152187E-8 0.049977027035489986
-0.31654977457237843 0.8071051679018628 0.09409208829712742 0 1.0880117191846357E-7 4.8069681146630986E-8 0.049977029822860605
-0.17894546311077822 0.7718277883825889 0.08706002927260566 0 1.1144262888032449E-7 2.4688731502759563E-8 0.04997702608379062
-0.13380906082414656 0.7600240739879769 0.08523325950883374 0 1.0707826742932229E-7 1.6664786026648638E-8 0.049977022894749125
-0.09794458893422107 0.7138796015511553 0.08090449857215165 0 9.996886884133118E-8 9.24036592748827E-9 0.04997701888859015
-0.048508906291745806 0.6781878024575432 0.07767733236817927 0 9.533732911395082E-8 2.3660860009490223E-9 0.049977015351620004
-0.0078551337227577 0.6491499078369712 0.07536310530979572 0 9.194379419137146E-8 -1.4167746566084808E-9 0.04997701262003133
-0.22520922840433794 0.7458968973346558 0.08588793599516023 0 1.0948212500432773E-7 2.864796710768097E-8 0.049977033644770054
0.3676404370066046 0.6367719158122648 0.08211917016769558 0 8.911684654295053E-8 -5.250568363879501E-8 0.04997702613073869
0.1936377969261951 0.6392946953673746 0.07676490405819383 0 8.964580196408988E-8 -2.8573408310428183E-8 0.04997701887178675
0.2841334503354857 0.6165726819630527 0.07759808624216208 0 8.791874940782035E-8 -4.232166919677517E-8 0.0499770198688974
0.15199695343335892 0.5713443637747505 0.07128864354870554 0 8.280622225942957E-8 -1.6044028945247698E-8 0.04997702083064688
0.020086990102898376 0.582926818943489 0.07076019404513119 0 8.249958039777415E-8 8.139621148469259E-12 0.049977013534440756
0.09263905094403112 0.5551170207203663 0.06943102413110944 0 7.774581673395872E-8 -6.735718608070651E-9 0.0499770225348179
0.40094975894605217 0.5652131577221657 0.07869394977656125 0 7.741101604017513E-8 -5.6712824490131244E-8 0.04997702421239502
0.44736034083495335 0.4974141441538551 0.07684191432450417 0 7.056455674401245E-8 -6.284791860200015E-8 0.04997702430735687
0.43140219656813134 0.4287675225971859 0.07244484890584983 0 6.571821974471016E-8 -5.650608725005092E-8 0.049977024002796605
0.6341588941531795 0.31283518999890125 0.0798162445324894 0 4.3707178027381736E-8 -8.960915321732893E-8 0.04997703352408978
0.5293785213896149 0.3388907230126146 0.07386902220939724 0 5.123581408821809E-8 -7.22284334431348E-8 0.049977022069217045
0.5661686439840169 0.30314954318445153 0.07485251919573685 0 4.521028265344026E-8 -7.749404605328479E-8 0.04997702389068808
0.6744856330743808 0.25899543825752414 0.08106282636378112 0 3.7660797535611E-8 -9.28563234777599E-8 0.04997703475895775
0.7226994437477959 0.19973529248782174 0.08334138075756292 0 2.8088623865244218E-8 -9.545278514521153E-8 0.049977043872909924
0.432283916850713 0.3802988180284773 0.07026687195777442 0 6.233515380884253E-8 -5.643395313766857E-8 0.04997702838508289
0.471669282894354 0.34325991058700306 0.07076541111671207 0 5.6118604034271596E-8 -6.339465856324387E-8 0.0499770241525912
0.9192877608705788 0.10260257931928718 0.09999999999999994 0 2.64745286214996E-8 -1.2603657947824998E-7 0.049977045142419706
0.8038717607621602 0.12213857484508563 0.08895470660031483 0 2.4289156895540744E-8 -1.1085142168611368E-7 0.049977060584494484
0.7461230180043805 0.13265602880629776 0.08402816782270865 0 1.7808505491943658E-8 -1.0212687481148107E-7 0.04997705445920586
0.8513706752696019 0.07427003550197267 0.09288407134507307 0 2.111575584625327E-8 -1.1833525366151204E-7 0.049977050768749975
-0.37078556224583165 0.8474286657041801 0.09999999999999998 0 1.1282870580431876E-7 5.477592964623018E-8 0.04997701914821963
-0.2837405614792432 0.7514739211838952 0.08805204152803742 0 1.0396188441791678E-7 3.7560634730612594E-8 0.04997704007010887
-0.34402355613461416 0.7467533926463904 0.08979839619713195 0 9.935146170370501E-8 4.636029302269564E-8 0.049977030234689794
-0.37812997462304876 0.7796968295885027 0.09405159466762453 0 1.0378228303151513E-7 5.394506226552375E-8 0.04997702366243283
-0.1720142422395265 0.7059350940103875 0.08139872432652721 0 1.0263797744646706E-7 1.9561877903362793E-8 0.04997702125056813
-0.11459365381122653 0.6489796043007033 0.07609123122821615 0 9.25529608967515E-8 1.4164827227127118E-8 0.0499770130833165
-0.05636556989485568 0.6123374883168238 0.07290850863136557 0 8.774696935423333E-8 8.686085436452796E-9 0.04997701198324384
-0.25001651455608 0.6877574831582878 0.0818288600417976 0 9.907382977771041E-8 2.670824558604212E-8 0.049977027792632335
-0.052031801679697585 0.5443357511275841 0.06842717285738567 0 8.022957935851827E-8 1.1450433156069775E-8 0.04997701982114022
0.3180361598450387 0.5508547874957042 0.07440724687637126 0 7.905882730835623E-8 -4.358763065554346E-8 0.04997701601840738
0.22784343961994075 0.5451094489255655 0.0712614275403811 0 8.154494163127313E-8 -2.8825235666172425E-8 0.04997701862506439
0.15223360853370177 0.5114589799667827 0.06762073099832457 0 7.757398196379272E-8 -1.4622908426155592E-8 0.04997703591475168
0.001253333994083932 0.5186888782774371 0.06673044987207258 0 7.442212962354784E-8 3.047675356233157E-9 0.04997702120132846
0.04502055801070238 0.5239593119206278 0.06715619876796415 0 7.244827839199916E-8 -1.9168389393342416E-9 0.04997702352742441
0.09307018049889716 0.48701542238591894 0.06541754354915293 0 6.559869308293834E-8 -9.888581091186962E-9 0.049977040028863044
-0.028427878816465992 0.4894039605592073 0.06510500934199118 0 7.305217996546193E-8 5.405059847737357E-9 0.04997702552320211
0.3618627937090411 0.47199806236141684 0.07152593305679358 0 6.919908495161847E-8 -4.5663786915848566E-8 0.04997702098347605
0.3818998921620359 0.39282083230988174 0.06849211870683777 0 6.307749253467457E-8 -4.6037844592756656E-8 0.0499770358921087
0.5964895386590119 0.24538252217967105 0.07505456752399718 0 3.817185954746816E-8 -8.066229742752075E-8 0.04997702605476969
0.5023235944487768 0.2915186453354023 0.07059623054924216 0 4.766546633398249E-8 -6.685829951677704E-8 0.04997702339265934
0.5325092597313041 0.25445661626164345 0.07121936353097057 0 4.22184464199479E-8 -6.991983688810812E-8 0.049977024972854896
0.6524176664552401 0.20477109599706136 0.07797707686621597 0 3.0378001778040273E-8 -8.824603181784499E-8 0.04997703171769746
0.6908574756839181 0.1584953945063365 0.07995126254637963 0 2.1553988748675073E-8 -9.341824948090248E-8 0.04997703974940394
0.5953591891669738 0.1936606882201294 0.07369160395615945 0 3.322426573277206E-8 -7.950415230299867E-8 0.049977028398637366
0.6892086201904363 0.11760753932384704 0.079182235454291 0 1.622786102712977E-8 -9.499242762191325E-8 0.04997703932933874
0.405879084331799 0.3317218591300754 0.06705525860874957 0 5.738067216256588E-8 -5.550286405404916E-8 0.04997703766250972
0.4374027432196878 0.28280425722565 0.06685837267776955 0 4.835570667307501E-8 -5.933450983501403E-8 0.04997703052050692
0.9249999999999994 2.4083227273235917E-16 0.09999999999999988 0 1.193794280693836E-8 -1.250287583857717E-7 0.04997704214578007
0.7822439697509949 0.07342341173252223 0.08646750245519459 0 1.4692654748477835E-8 -1.107977233469487E-7 0.04997705306254703
0.7247257834183622 0.08520662975023731 0.08165698245211614 0 1.1801626952285376E-8 -1.0175050208888425E-7 0.04997704536748462
0.8252770499196596 2.2719212644267835E-16 0.09008727174442381 0 8.31669501761718E-9 -1.1187237273952912E-7 0.049977048205450306
0.8548200389796248 -0.0652462727687064 0.09314675085287963 0 2.2509693761366665E-9 -1.1290915466536357E-7 0.04997705206727688
-0.4625 0.8010734985006055 0.09999999999999995 0 1.0853995982388272E-7 6.728842652654487E-8 0.049977014355928606
-0.4789401191209053 0.7197628636157833 0.09385470752197606 0 1.0027992927263491E-7 6.981314710064808E-8 0.0499770236573592
-0.5083123257938114 0.6756675576578802 0.09200745306162256 0 9.435142354246831E-8 7.390738179441412E-8 0.049977032049681895
-0.32754350874215143 0.6890222378899378 0.08446715933764734 0 9.465782019184384E-8 3.9057494612557276E-8 0.04997702698429315
-0.41247406389305447 0.7144260354671815 0.09005646238462256 0 9.880349387849071E-8 5.71387018550765E-8 0.04997702364120164
-0.19051431605916905 0.626194724144322 0.07575740850014469 0 8.935163339281458E-8 2.378319964282922E-8 0.04997701461339651
-0.12546868182070262 0.5661421054611622 0.07053660282173835 0 8.070669958294774E-8 2.2257488566396683E-8 0.049977019771392094
-0.19168892528151546 0.5624523066487603 0.07149027116733264 0 7.744800966295261E-8 2.8535774608874982E-8 0.049977016771345154
-0.29003290264585363 0.6297052539110426 0.07871782471366957 0 8.896288931649552E-8 3.3751704540860377E-8 0.04997701710730221
-0.10596501162257628 0.5041773372256166 0.0665257287102945 0 7.496459390874174E-8 1.9590364785595536E-8 0.049977036781112684
-0.0710277803670786 0.4813038479979327 0.0648997774631422 0 7.470511277602577E-8 1.0807064465818465E-8 0.04997703360481405
0.27234892372669683 0.47172217328134014 0.06829621029644013 0 7.072929950315713E-8 -3.3730168222587803E-8 0.04997702138117566
0.21079455863719812 0.4693257584201238 0.06648483672306539 0 7.378750152059644E-8 -2.7213371421688616E-8 0.04997702845170445
0.14985938251764008 0.45279307874260605 0.06437801254812757 0 6.984252350166535E-8 -2.3699455902982053E-8 0.04997704300204799
0.18545604713463826 0.4304739947807409 0.06393784680976806 0 6.7267675144675E-8 -2.826595138200837E-8 0.04997703282969731
0.11053788187593885 0.4306223745782792 0.0626902062642271 0 6.106546874908714E-8 -2.1441271812117075E-8 0.04997703892820261
0.019795838688718648 0.4703114259817322 0.0640444060829731 0 6.620578477592947E-8 -2.5655415085972503E-9 0.049977026182529874
0.06533055038853271 0.4354649165439313 0.06247764990259347 0 5.934474749347015E-8 -1.2846488675521975E-8 0.049977031853758964
-0.04037960269203985 0.4408570318083466 0.0625957773306699 0 6.730967106643054E-8 2.68252679351369E-9 0.04997702729983397
0.3329058545937796 0.33325924236807375 0.06406157186555389 0 4.778227784937985E-8 -4.772766581170561E-8 0.049977050351188976
0.30693864167133966 0.4042133776050551 0.06608285286906407 0 5.787435186529763E-8 -3.6081607055165835E-8 0.049977033990810105
0.5387084587482874 0.20560708274998704 0.07032262751622614 0 3.751958744830866E-8 -6.940405492668056E-8 0.049977030828207716
0.47599510640454495 0.23047538821938993 0.06733340193971542 0 3.953669135187523E-8 -6.051092002636213E-8 0.04997703195876231
0.5285393108936259 0.16518893231571916 0.06885934434787161 0 3.426618978660719E-8 -6.827548468930927E-8 0.04997703951480145
0.6359863797306671 0.1341128294488754 0.07542020319546491 0 2.275897712194264E-8 -8.681981684495749E-8 0.04997703140067591
0.5665181445886517 0.15558354761445173 0.07104008880031383 0 3.184475136261789E-8 -7.554391940348252E-8 0.049977033313630244
0.660910431014522 0.06111123862815046 0.0764443497197492 0 1.1651982115809842E-8 -9.14968735517113E-8 0.04997703229482879
0.3628225028367361 0.2686598783514226 0.06303900336729049 0 4.247737397888255E-8 -5.4237055661225867E-8 0.04997703652343843
0.40159415937487913 0.22227119456522582 0.06342742714419668 0 3.5147687607802184E-8 -5.4440312126355594E-8 0.049977033749406596
0.8374232558848936 -0.1293417213860296 0.09218338983550127 0 -5.5105572451962785E-9 -1.1299363068980973E-7 0.04997706187578545
0.9192877606928149 -0.10260258091221071 0.09999999999999994 0 -1.0524766235397018E-9 -1.2256166677032868E-7 0.04997704897553169
0.736498120183538 1.9461726324828643E-16 0.0822207664498539 0 2.595011507046362E-9 -1.0015385892697041E-7 0.049977042228609984
0.7859407931602105 -0.07401767626946824 0.08680140328934059 0 -4.738565438446631E-9 -1.0191033684338813E-7 0.04997705633961054
0.7880045515761323 -0.12910173677696724 0.08762058220646912 0 -1.1869474921282296E-8 -1.0577035277749862E-7 0.04997706613117049
0.7883546035916829 -0.16488856810254315 0.08824892692988198 0 -1.6162929456627684E-8 -1.1057588462637795E-7 0.04997706531686757
0.7597010793028802 -0.19500257071099414 0.08634694259141451 0 -2.2923726974472197E-8 -1.0764929562503006E-7 0.04997705829651027
-0.5485031394581955 0.7448231888659758 0.09999999999999998 0 1.021705044634413E-7 8.03374737686833E-8 0.04997702001972665
-0.5596851197575441 0.6634042603718276 0.09419033697962353 0 8.849639140272069E-8 7.975047519983097E-8 0.04997703139768228
-0.4499036574234318 0.6597655574984556 0.08762543161615084 0 9.615973652939665E-8 6.249936502796574E-8 0.04997702905927865
-0.5084523869045262 0.6310249340793687 0.08870435188239581 0 8.945965782599364E-8 6.990124483055208E-8 0.04997703983879142
-0.3679940573528886 0.6373844042186184 0.08217817873449768 0 9.148385581946106E-8 4.5952199968286714E-8 0.04997702018758434
-0.42125713605646403 0.6077940464059373 0.08247265847688973 0 9.090417653769626E-8 5.400996994866596E-8 0.04997702451385288
-0.5445828559277581 0.5931276201062035 0.08823074690283744 0 8.018660015473059E-8 7.02546977790635E-8 0.04997703762883156
-0.2598642375444073 0.5690891545970852 0.07365958600480058 0 7.941767506468072E-8 3.401923059296591E-8 0.04997701162976892
-0.146043412013244 0.5032640730580226 0.06704541835555089 0 6.890391073150177E-8 2.4814140988910213E-8 0.04997703648283036
-0.17773060720916645 0.5259463281585312 0.06894804779728927 0 7.064959066540417E-8 2.8541564876112116E-8 0.04997702477784674
-0.21172158677062325 0.5198781223671345 0.06933829044213057 0 6.94844552187056E-8 3.143639707142616E-8 0.049977019486626154
-0.31860245148696237 0.5518356333914171 0.07448895588812982 0 7.866518567344784E-8 4.1637215965728154E-8 0.04997701054910786
-0.14030890931253803 0.4679836164169959 0.06501280116403946 0 6.465409520383909E-8 1.7835364794022473E-8 0.049977043205187414
-0.1029411460718821 0.44640858274387013 0.06338188130081228 0 6.800000869610789E-8 8.893906797925355E-9 0.049977039734390716
0.2318898921058528 0.4016450748890024 0.06367695651733307 0 5.939614624907165E-8 -3.192399859233875E-8 0.049977027855743865
0.15384627156060382 0.38391173658918915 0.06118533303935767 0 5.761182443152506E-8 -2.6741035742086772E-8 0.04997702735832886
0.08567704016096146 0.39343427128029224 0.06068036954612458 0 5.606197357956159E-8 -1.7565812902418383E-8 0.049977027377858925
0.05891091878969271 0.3561813785904501 0.05888183035860122 0 5.2446681575194856E-8 -1.0945655923535598E-8 0.049977020367765336
0.013052198219917915 0.38970549808144694 0.060109559393507296 0 5.685475131717835E-8 -5.0199217393134795E-9 0.04997702115170059
-0.07539656272461731 0.38263872680028077 0.06011274428033935 0 5.769141469499298E-8 5.013449339610106E-9 0.04997702300677586
0.29687695963224414 0.26583446546620587 0.06049214663587172 0 3.809226285618695E-8 -4.4880145094141596E-8 0.04997703037747238
0.2625418688185837 0.33648330779519714 0.06181290503458571 0 4.550990713847004E-8 -3.7668226696945415E-8 0.04997703150071816
0.4879508039440347 0.1753290332884817 0.06671893154849401 0 3.2912112992388704E-8 -6.051209558499084E-8 0.04997704453221478
0.44078820931890456 0.1777885340956575 0.06428879605061416 0 2.763482205876354E-8 -5.562618732170605E-8 0.04997704325319949
0.5192463818471629 0.12824117265253684 0.06769417632898124 0 3.061732465961073E-8 -7.053269331326497E-8 0.049977046374699165
0.5800435663390094 0.07440259297015445 0.07086095755136958 0 1.990038761068386E-8 -8.090267158459045E-8 0.04997703148986828
0.637168246229727 1.7636191275501274E-16 0.07448630903843242 0 5.5038715112161146E-9 -8.695010800150312E-8 0.04997702963225325
0.394490378891255 0.17177804019933987 0.06198157459134764 0 2.4747122122720098E-8 -5.293093096842423E-8 0.04997703617363323
0.33827356631260735 0.19741612693850674 0.060186571415137134 0 3.029568234987097E-8 -4.7878484341696865E-8 0.049977027930825355
0.823080640176532 -0.2073363860609292 0.09232209730203018 0 -1.8061801183844758E-8 -1.1705810833875924E-7 0.04997705775132719
0.9051251563026288 -0.19071818387397393 0.09999999999999996 0 -1.339302312386184E-8 -1.2591740468566924E-7 0.049977051733139925
0.6918887433807663 -0.06772116765551028 0.07886795692620671 0 -7.4449996975008844E-9 -9.210645720078385E-8 0.049977039857034514
0.7325342916850162 -0.13408386908087777 0.08291013088256638 0 -1.8786304722864202E-8 -9.903684213584082E-8 0.04997705596312009
0.7578046117703348 -0.24801668508133748 0.08751626752734717 0 -2.7577532754547187E-8 -1.0569033326345309E-7 0.04997705282117882
0.7040732060431756 -0.2032143579310842 0.08191372549943252 0 -2.5912052779997096E-8 -9.765627654709889E-8 0.04997704788294979
-0.6177328508859397 0.6884991641819087 0.09999999999999995 0 9.020171851125471E-8 8.64056606851384E-8 0.04997702180136926
-0.6071515389330133 0.6092519905512257 0.0934219469334025 0 7.917170716801711E-8 8.215268302626151E-8 0.04997702701086715
-0.5735399527378838 0.553508622043815 0.08749015204644302 0 7.507289900224215E-8 7.347007031306401E-8 0.04997702939893968
-0.47303326379715877 0.5791284533565412 0.08316905076856485 0 8.672164889511424E-8 5.842379305248073E-8 0.049977032430623285
-0.39181543828090004 0.55445735722153 0.07760084140770421 0 8.201376718860563E-8 4.987833325985692E-8 0.04997701549498799
-0.5240933648557364 0.532232296917964 0.0831006990315747 0 7.605975586339023E-8 6.409338976659081E-8 0.04997702770424652
-0.2730034360466586 0.47285582187369307 0.06837705113188602 0 6.580565718134872E-8 3.942048183142895E-8 0.04997701634295527
-0.19156331121345604 0.4731617410648762 0.06625147072173328 0 6.169364706970143E-8 2.645719881282176E-8 0.04997702950946746
-0.3580569939172612 0.4725541821277962 0.07140049698238948 0 6.736973648973782E-8 5.0875193813396775E-8 0.04997701476349134
-0.30165136280488036 0.4184145297189895 0.06656200918217181 0 6.162808988631732E-8 4.5215666436275105E-8 0.049977025007259396
-0.157502577302292 0.4062797025959702 0.06224976286168573 0 5.722141436771935E-8 1.4597371520395242E-8 0.049977029302922645
0.1923176439095004 0.3331039304431941 0.059877835485628056 0 4.8720781284409017E-8 -2.920099495640677E-8 0.049977021219937176
0.10763513709501452 0.32249572723181036 0.058047784011843524 0 4.926732351097226E-8 -1.6656777607660037E-8 0.04997701872549927
0.02555769618970364 0.3104658173674803 0.05699894508193309 0 4.743117626077762E-8 -1.637754909752269E-9 0.04997702147409503
-0.04439277195221167 0.328710102628296 0.0577329050528648 0 4.8605116758885194E-8 5.481190458045322E-9 0.04997701879026405
-0.11902524067374878 0.32805250160257865 0.05839824108948766 0 4.816180455121077E-8 1.2988188393144662E-8 0.0499770166527
-0.017053837843317182 0.27836069099312905 0.05590951428308119 0 4.1199886273468645E-8 6.8049241154121485E-9 0.04997702762072499
0.011677278178983168 0.25977319628253465 0.05533524160416193 0 4.1077803976572845E-8 4.2465528383290826E-9 0.049977033826706284
0.26432978404622737 0.19520810401833602 0.05761727712614054 0 3.25660779255373E-8 -3.590718262343697E-8 0.04997702444531668
0.22703812963746223 0.26409762190385005 0.058370438456053005 0 3.907276886489181E-8 -3.211818196361358E-8 0.04997702130502079
0.4615326701397575 0.12346215125476942 0.06442192515091573 0 2.0763927712987184E-8 -6.407780462008886E-8 0.0499770562303729
0.41609697408913515 0.13788398400008958 0.06237868126929303 0 1.8202303347325798E-8 -5.662698890615935E-8 0.04997704392526407
0.493812622045095 0.06489296717588176 0.06554297030555511 0 1.798407328318461E-8 -7.273199687647805E-8 0.04997704388299281
0.5965173615012843 -0.07939251741876009 0.07200225824383245 0 -1.959014294688024E-9 -8.029435823453336E-8 0.049977033388476866
0.5449077695259101 1.790659953385319E-16 0.06830916124377963 0 1.003116858785429E-8 -7.466174728859993E-8 0.04997703301426355
0.35923719947272786 0.12552401442410066 0.05970040660633742 0 1.899551346302969E-8 -5.0427199405431254E-8 0.049977030158048684
0.23462332403576253 0.13422621113694225 0.05564316792853833 0 2.9506322057363423E-8 -2.9784055352528507E-8 0.0499770354963195
0.29070078878885497 0.12979410487969603 0.05724274123768994 0 2.5248342451311872E-8 -4.012572705731751E-8 0.04997702650168913
0.8014927716328408 -0.29144105877124366 0.09271262928645599 0 -2.9288729786580958E-8 -1.1085505408941834E-7 0.049977051307126465
0.8809325145611795 -0.2820885484172241 0.09999999999999999 0 -2.658452694521606E-8 -1.234938391591786E-7 0.04997704684738454
0.6510493529215736 -0.15514133280147802 0.07686356365481603 0 -1.77371747814916E-8 -8.911869719594603E-8 0.04997703857458713
0.5770279320473077 -0.1518434761804153 0.07165568912865206 0 -1.0150246827087534E-8 -8.042522848763815E-8 0.04997703782690509
0.7173493567573875 -0.3169596225802428 0.08634023460744476 0 -3.6120956265657295E-8 -9.433870706504478E-8 0.0499770553200904
0.6897625743522149 -0.264441860913035 0.0824063475266023 0 -3.218218080438955E-8 -9.283457653801661E-8 0.049977046970454034
0.6384778628041973 -0.23491899962832427 0.0777084562971251 0 -2.7958308220555127E-8 -8.712973154561937E-8 0.049977038648477065
-0.6847646792234083 0.6218628292777221 0.09999999999999995 0 8.109842784060654E-8 9.4294540494024E-8 0.04997701616294821
-0.6465139113454264 0.538316822314734 0.09160194260007758 0 7.320811654459148E-8 8.849416935019794E-8 0.04997702371827811
-0.5770660846669927 0.4836246905463882 0.08360849061752018 0 7.037882595222249E-8 7.4935630476882E-8 0.04997702325952504
-0.45509595152323246 0.486640439064581 0.0766367028663977 0 7.065608636844548E-8 5.812394958958873E-8 0.04997701635031041
-0.41803303753571375 0.41861066103869105 0.07131407766744806 0 5.6725468154366835E-8 5.860166180280229E-8 0.04997701888933433
-0.5228737105474611 0.469403410425903 0.0794598201715015 0 6.856207609051088E-8 6.625984233417449E-8 0.049977018502811985
-0.2326279902659774 0.402923498403311 0.06375456788963607 0 5.851473348353953E-8 3.0394292768364605E-8 0.04997702347768906
-0.2807191746564195 0.3771430143239577 0.06401358518053686 0 5.921938334255236E-8 3.909321450887974E-8 0.04997702976442935
-0.366851516506518 0.3914531813319968 0.06779342734587492 0 5.31878144176207E-8 5.4920615675194816E-8 0.049977032559691374
-0.31784422091904324 0.3574692689417032 0.06445327462614314 0 5.6536464832862715E-8 4.3898767635096976E-8 0.04997704077241117
-0.19326570388917427 0.3347460184966118 0.05996054906425582 0 5.088698588251404E-8 2.2416961097051032E-8 0.04997701774403079
0.14969050843762158 0.2592715660247785 0.05657975437506353 0 4.1493312115070326E-8 -1.895245409336147E-8 0.049977019495521025
-0.15073713287945018 0.26108437273446894 0.05665087411303694 0 3.8392011202604707E-8 2.1128611392061407E-8 0.04997701638280976
0.06630901180929023 0.250856535710505 0.0553186995326227 0 4.270152391298748E-8 -5.264093219465512E-9 0.04997702926799553
0.017981432514459814 0.22651294475696923 0.05443142027174295 0 3.8388807791827994E-8 1.9426495298394214E-9 0.049977045094829864
-0.07471068043782808 0.2615864764835527 0.0556965634877458 0 3.650224020449169E-8 1.2940037626641905E-8 0.04997702424277755
-0.014253461472862217 0.23459230484404994 0.05463523466770248 0 3.432363678774913E-8 7.1891396855863734E-9 0.049977042419848294
0.20062573683728832 0.09527047772396216 0.05430115527057267 0 2.4313279295257213E-8 -2.856062584351073E-8 0.04997705064707385
0.18890830540911194 0.1893292231980287 0.05555650018582656 0 3.296577204293825E-8 -2.13475564754938E-8 0.049977029583730286
0.18353225708574536 0.1263657612272312 0.05431954168807018 0 2.5621880682272037E-8 -2.1052290258911994E-8 0.04997704971404003
0.4146151646677903 0.077681020975073 0.06157475739077052 0 1.1342138647186547E-8 -6.083708887007515E-8 0.04997703944857888
0.4636209692030302 1.4593888372567647E-16 0.06366862151549985 0 5.976865326898076E-9 -6.387198627993569E-8 0.04997703771268847
0.5270134709035552 -0.12362075461980128 0.0680883893303861 0 -3.1161170766740246E-9 -7.240921055904561E-8 0.049977048709228394
0.5078212312272355 -0.05773868566153319 0.06628756501631428 0 2.258863960836747E-9 -6.587614096844282E-8 0.04997704284451752
0.3331467524821928 0.0633273262949379 0.05801432008933982 0 1.3770826458092917E-8 -4.7605325188512254E-8 0.04997702550219886
0.2538184516803514 0.06940494742292715 0.05542696753822805 0 2.112546712720911E-8 -3.6676504485061046E-8 0.049977033691315405
0.7635253857731481 -0.3782532475337201 0.0926398396720293 0 -3.8536494390172466E-8 -1.0334691002037237E-7 0.04997705992171902
0.8437752388147 -0.3790359438971111 0.09999999999999999 0 -3.798037355851017E-8 -1.1505755288798E-7 0.04997704937914728
0.5898871014295897 -0.20776639827421509 0.07364495662277286 0 -2.074707926961115E-8 -8.262819652119364E-8 0.04997703535850722
0.5408130551366508 -0.18150058753720788 0.06992281214701015 0 -1.3141224860106754E-8 -7.837205178434986E-8 0.04997704118249872
0.6777956079436661 -0.39290477214771746 0.08626804024189792 0 -4.973476442969865E-8 -9.13538943877634E-8 0.04997706804731533
0.6346730356926773 -0.3174870091624343 0.08001946855914076 0 -4.0931591376828564E-8 -8.316190653160126E-8 0.04997704627826039
0.5796784116794852 -0.2776116098201063 0.07488927562467991 0 -3.237496386917339E-8 -7.951235993546482E-8 0.049977035190594175
-0.7501326501074496 0.5412263004122693 0.09999999999999999 0 7.247449085189728E-8 1.0610749263269842E-7 0.04997701830650093
-0.7186415188607144 0.4635460562865767 0.09293928953994947 0 6.268936748355547E-8 1.0148347797744408E-7 0.04997703226540478
-0.5580584193120213 0.42548332869284045 0.0793877523859349 0 6.421894189200363E-8 7.238231476578067E-8 0.049977018429315574
-0.6328963674406778 0.4470501467799965 0.08550954643040555 0 6.790783087305774E-8 8.609841337994152E-8 0.049977030214832296
-0.6767294999436545 0.3833870641168075 0.08576692861654717 0 5.8298881666762005E-8 8.726524739407532E-8 0.04997704054863677
-0.4324706598932547 0.3595596935895599 0.06940707877592157 0 4.5928406376666026E-8 5.863375638718885E-8 0.04997702232835833
-0.48200836859227103 0.4026983386005155 0.07383556549613608 0 5.6405397357319246E-8 6.37898659028379E-8 0.049977014103825455
-0.5442886348821633 0.36830034160648034 0.07595460109733419 0 5.5169257027637654E-8 7.089602123760206E-8 0.049977014437235574
-0.3182526738785638 0.31228528282505874 0.06275542647814243 0 5.029264842461154E-8 3.698099217502439E-8 0.049977037827899994
-0.25621859628623345 0.32661564029958035 0.06125711843708684 0 5.324194979556521E-8 3.122895612322659E-8 0.04997702501352259
-0.37474174799433474 0.325215240573534 0.06543736846884436 0 4.255594165726049E-8 4.681042010104108E-8 0.04997703936026598
-0.4300985673768074 0.3012630280350379 0.06711000127247038 0 3.9019335674751625E-8 5.6390658099456685E-8 0.04997702396968481
-0.22695325756190313 0.2565120405768185 0.058144911454045704 0 4.0415723249001704E-8 2.905013384561516E-8 0.049977016886167756
-0.18350196867475074 0.18844743574056294 0.05542383280391715 0 2.7830752601910274E-8 2.876357195965223E-8 0.04997702657861881
0.11136664405289663 0.19289268576805546 0.0543171535525474 0 3.363389080662871E-8 -1.2027893899870336E-8 0.04997703349094035
-0.1122914677939212 0.19449452747555573 0.054363926326504504 0 2.8345089438179552E-8 1.7890494930385974E-8 0.04997703105980772
7.833096257776418E-4 0.19069362679459012 0.05356840441819727 0 3.072707556772843E-8 -2.0000115435129726E-9 0.04997705178847101
0.04520143550094839 0.18418512355280772 0.05354594410814683 0 3.408653136160091E-8 -7.2792503226014585E-9 0.04997704497150057
0.017173734845246678 0.1662656573333219 0.05309215701680856 0 2.9118285323984237E-8 -7.018358840153915E-9 0.04997704762217304
-0.04746651353754764 0.1829715324610284 0.053532622158623755 0 2.54128022393652E-8 5.160725065833477E-9 0.04997704348844393
0.1909210649037195 0.04684254353730668 0.05369730809312632 0 1.5140099732922614E-8 -3.047510599564451E-8 0.049977046561673004
0.15384433041034729 0.09209874155024392 0.053330182368177645 0 1.5513623134095217E-8 -2.316877903221741E-8 0.049977053859173365
0.13647605991683223 0.1435082568468913 0.053729825805134857 0 2.373404080803777E-8 -1.537851369989263E-8 0.04997704388547487
0.38492668203237634 1.0023152680894796E-16 0.05989052034096669 0 3.1036773443593385E-9 -5.338871357557499E-8 0.04997702946099689
0.4253355502182104 -0.06042681663517086 0.061949401873126426 0 -5.916844274153045E-9 -5.5082802109268885E-8 0.04997704129347506
0.48600244774065643 -0.18106149615140063 0.0667271620082264 0 -1.518135657679703E-8 -7.357302856469344E-8 0.04997704995334339
0.4535801009187721 -0.11979187747949692 0.06395953291420167 0 -1.3484423224636391E-8 -6.141170897378655E-8 0.04997705958503228
0.30024351839566077 1.0287337474471442E-16 0.0566089984335615 0 8.3592211650511E-9 -4.212682384162793E-8 0.04997702562138503
0.2238875048948223 7.961310541061857E-17 0.054346295287657866 0 1.0640036027419531E-8 -3.195310879734833E-8 0.049977037930243245
0.7176713367395706 -0.46521260674377907 0.09294805270739667 0 -5.3550406912673226E-8 -1.0385323668682419E-7 0.04997706174950345
0.8010709981238167 -0.46249419750242293 0.09999999999999998 0 -5.0171886796561276E-8 -1.1265141271539489E-7 0.04997705517093538
0.526450453306162 -0.2376825100162034 0.07038843476625323 0 -2.3024755062071184E-8 -7.620243718540336E-8 0.04997703602748481
0.4546475825643904 -0.23293628734368743 0.06627327609670221 0 -2.3233756143997622E-8 -6.683893424677042E-8 0.049977041419790647
0.5306797663003683 -0.29923675531161764 0.07251363051783592 0 -3.328606376673285E-8 -7.397712381321644E-8 0.04997703368261628
0.6103906305879975 -0.40135765312469507 0.08172372928462608 0 -5.4209077671576386E-8 -8.264165945078507E-8 0.04997705231370629
0.6403517767463041 -0.46278562534170165 0.08686037768572827 0 -5.8947146192184224E-8 -9.074552429158073E-8 0.049977058197433866
0.5664981365845182 -0.34007595181336636 0.07621962270586985 0 -4.244779111237269E-8 -7.659638485547623E-8 0.04997703802652225
-0.8010558185062641 0.4625204886241073 0.09999999999999998 0 5.949260134565966E-8 1.1036672396958531E-7 0.04997702386187116
-0.7603438011582597 0.3738096376808479 0.09217483686370775 0 4.7676269897110984E-8 9.999579950354763E-8 0.04997703253849115
-0.6064827120561795 0.3683452405387546 0.0800133246078764 0 5.9074213972003674E-8 7.768583787807652E-8 0.0499770236433004
-0.6554904399290363 0.3258387756938692 0.08184700708932659 0 5.1517561448176436E-8 8.217904473595962E-8 0.04997702755607751
-0.7173789460644423 0.3218656625868021 0.0865204629875929 0 4.608210613189965E-8 9.144844026258708E-8 0.04997703140329761
-0.4490633670822638 0.262933614095089 0.06682964731028332 0 3.582077617438072E-8 6.064587915329176E-8 0.04997702194390039
-0.561964870759204 0.31624700130713357 0.07504348009682706 0 4.781724115156075E-8 7.343499859725516E-8 0.04997701397635527
-0.4969688691845382 0.31115828345845914 0.070963541880969 0 4.291056876459815E-8 6.643074334640351E-8 0.04997701423061041
-0.3445240713159381 0.2767146512083848 0.0625551726814487 0 4.201712393710578E-8 3.9581082738860046E-8 0.049977031824972484
-0.29822944351534514 0.2720284218761082 0.06072614652584281 0 4.44890502313509E-8 3.4434739640604066E-8 0.04997702639854734
-0.278960464150049 0.23105339123962187 0.058930977919053947 0 3.698611490773573E-8 3.446430962313764E-8 0.049977019589728285
-0.39866775255885006 0.2551376793832062 0.06418286265211672 0 3.652217398875463E-8 5.099553288856673E-8 0.04997702665189443
-0.43855507291261625 0.22078311851591842 0.06514753629020965 0 3.2865463415904495E-8 6.081265917160673E-8 0.049977026744563204
-0.25569422992480945 0.18010642956677383 0.05704280655464758 0 2.660210413866748E-8 3.4761112222421116E-8 0.049977020921409356
-0.22047029564306936 0.14293411554993973 0.05541545974285534 0 1.8325873644690862E-8 3.256120153260563E-8 0.04997703284399385
-0.18680865935078536 0.12991541986645877 0.05443956342319764 0 1.845568639104408E-8 2.886779172026283E-8 0.04997704442331614
-0.13865734030206037 0.13413724110678016 0.05361667711440055 0 2.4293267576004857E-8 2.1078341817062253E-8 0.049977043513927455
-0.13558426904309848 0.09984465055515283 0.05311549222562181 0 2.1706872495390934E-8 1.6570935513664088E-8 0.049977047269231564
-0.25161809751440434 0.1255049475699697 0.05598231997151887 0 1.580811194777593E-8 3.3921930594586194E-8 0.04997702752148796
0.19420772375092543 -0.04676552312468657 0.05376845209193871 0 3.0716689201969444E-9 -2.5035266059188466E-8 0.04997704776047575
0.07844894660138703 0.13587756131386025 0.05290437550856243 0 2.3214205975750844E-8 -1.2649919467179442E-8 0.04997704077556804
0.1581850159804538 4.03666044625459E-17 0.05292729798071231 0 4.986616433182008E-9 -2.319443586987899E-8 0.049977044176062066
-0.0793293077376864 0.13740239153093967 0.05293577949983721 0 2.3479110437179916E-8 8.638934253458297E-9 0.04997703930043895
-0.10192189467460562 0.10267269443312377 0.05269596908601703 0 2.190962108745036E-8 1.10528378054156E-8 0.04997704093957511
-0.004334214649360648 0.15163914092247652 0.05281372846092682 0 2.5144695177384773E-8 -5.546914150466696E-9 0.049977044995359855
0.035198297345602834 0.13784946141786308 0.05265706254873472 0 2.4464382874711197E-8 -9.87608115592833E-9 0.049977041520972806
-0.03647527919163236 0.1302798698937503 0.05254752074115307 0 2.2067044315089774E-8 -3.5666395810167E-10 0.04997703954523241
0.12737884186502524 0.04457914646124021 0.05254239887577797 0 8.081949774497651E-9 -2.1437256392222243E-8 0.04997704341304424
0.10177697427875258 0.08834048795367636 0.05253956863179542 0 1.342901052077838E-8 -1.7010422015176137E-8 0.04997704231253445
0.34118511954802583 -0.062154607897978366 0.058312559079427444 0 -3.780262875942252E-9 -4.635225741355682E-8 0.04997702836543329
0.37836392981717903 -0.12391451309547875 0.06047575124681005 0 -1.5840190284794042E-8 -5.194024929570856E-8 0.04997703843709251
0.41238404925178007 -0.18021837395374024 0.06296662723972753 0 -2.171922996737137E-8 -6.008158619299295E-8 0.04997704500415245
0.1676578507312959 -0.08204581170599337 0.05348225864611659 0 -5.49779576059784E-9 -2.2421952865349868E-8 0.049977057268135054
0.20181374228166962 -0.09141964150518621 0.05428754190491373 0 -6.262086827580645E-10 -2.8781382103721114E-8 0.04997705348628793
0.25485064501553883 -0.06881848120103617 0.05545206946541742 0 2.474717053203831E-9 -3.536024414333438E-8 0.049977035867385576
0.6644823007055147 -0.5389515943966049 0.09297818153954257 0 -6.357980059570651E-8 -9.444199672193619E-8 0.04997705442802913
0.7501545366059805 -0.541195963440213 0.09999999999999984 0 -6.311040074721847E-8 -1.0832712240820325E-7 0.04997705147885405
0.6027366073062329 -0.5213223560235656 0.08747588350371878 0 -6.298839519601639E-8 -8.231989040668313E-8 0.049977055384195286
0.3907221727608636 -0.23584567652234328 0.06329187670784996 0 -2.5649979677241803E-8 -5.379303207860908E-8 0.049977042100796204
0.47890979704271586 -0.2863984098188226 0.06912760288748078 0 -2.8855214303323423E-8 -6.810561170118827E-8 0.0499770361847171
0.4250914842628162 -0.2904030737883922 0.06650384046370365 0 -2.7978289338146283E-8 -5.880297695396228E-8 0.04997704325877144
0.5018045759598764 -0.3463645861940246 0.07254833341115846 0 -3.8776753307661254E-8 -6.966038473741866E-8 0.049977035047259276
0.5395049675561714 -0.4037977139333864 0.07721405836956645 0 -5.0587491974259476E-8 -7.311019192970437E-8 0.04997703994462182
0.5629289159938321 -0.47314451663551055 0.08212579004392509 0 -5.972024251789873E-8 -7.538949739057685E-8 0.04997704902972524
-0.8437609348289447 0.37906778281416026 0.09999999999999995 0 4.7356391756983776E-8 1.127554796374191E-7 0.049977020422464234
-0.7888004165309437 0.2903760964571749 0.0915314985584158 0 3.915895657405622E-8 1.061223192032398E-7 0.049977026949605846
-0.6102329054490165 0.2953318100128198 0.07752504764743698 0 4.65011774702134E-8 7.85442704722541E-8 0.049977017758072326
-0.6672358697757713 0.2726523999513782 0.08092297245691278 0 4.333313783391592E-8 8.609833280031158E-8 0.04997702272109504
-0.7578216461505273 0.23114048963723496 0.08705889216020636 0 3.574045576335424E-8 1.0389309603080003E-7 0.04997703155615615
-0.7250638207162802 0.2644091498704253 0.08523826785223539 0 4.044459438002495E-8 9.595126361743545E-8 0.0499770275304938
-0.49761740681994665 0.2259943198914076 0.06840949555720777 0 3.109498649310139E-8 6.999274829655458E-8 0.0499770220037327
-0.5531916805568725 0.2548390044927608 0.07250231820116229 0 3.679197908040212E-8 7.467537018503004E-8 0.04997701464709169
-0.3304177610769968 0.2075632873895256 0.060121873146272396 0 3.398366185159119E-8 4.122156293121089E-8 0.04997702154985478
-0.40020050920329836 0.18553375498639196 0.06251643484045977 0 3.216414159035422E-8 5.3787578493115526E-8 0.04997702845725136
-0.4509389353459413 0.1806295394110867 0.06485872161226297 0 2.9252523783875035E-8 6.435762059501527E-8 0.049977035265586105
-0.3081655557366316 0.12979030410922685 0.057834162632571066 0 2.109515291367158E-8 3.9680333206080005E-8 0.04997701992451846
-0.21413652185417031 0.10501643106435352 0.05472829937040968 0 1.1538013694003579E-8 2.843943069167958E-8 0.049977041393849675
-0.1657690318723487 0.09663028560186343 0.05359396061230914 0 1.7908325159614473E-8 2.047308278611146E-8 0.049977052077451636
-0.13208776332768432 0.07040426877471608 0.05277929135503944 0 1.800626134157843E-8 1.3350709747753539E-8 0.049977044680530665
-0.2668792736165402 0.06671487334767569 0.05579077358601759 0 8.251992688498943E-9 3.317252071922435E-8 0.04997702535778722
0.13394298555224937 -0.04272165979228181 0.052630185389843605 0 -3.2415193375061284E-9 -1.748024602407941E-8 0.049977045909969396
0.04273067501608838 0.07401170016957918 0.05192584962618541 0 1.3216821281188271E-8 -1.0779038032394172E-8 0.049977032560471917
-0.07427627943517315 0.042883429926301064 0.051928801697300825 0 1.4110285736785602E-8 6.055128613239998E-9 0.049977032071693274
0.08580268905133058 2.7924535741052085E-17 0.05192915349305607 0 1.4909580500017094E-9 -1.3490678140038693E-8 0.04997703444251008
-0.04304287969149937 0.07455245452975151 0.0519319033593881 0 1.682775523700962E-8 6.724801136439648E-10 0.04997703181571405
-2.9796378738924766E-17 0.08577355466188762 0.05192886660175564 0 1.6585184178838402E-8 -5.872215708567043E-9 0.04997703220307658
0.0741595043143772 0.04281600977887492 0.05192749553399362 0 7.4423656177336E-9 -1.3838089923642026E-8 0.04997703372917876
0.12170874450296679 -0.07937873255132208 0.05270638285367756 0 -9.52813678849284E-9 -1.65023377864514E-8 0.049977048829797116
0.1532214795718842 -0.1047515501973591 0.0534601593182905 0 -1.065744605533325E-8 -2.3982481805070892E-8 0.04997705718074255
0.2997814449763266 -0.13025461904441932 0.057552736756421516 0 -1.0335061957505008E-8 -4.267911767958199E-8 0.049977030888650534
0.34046960443170665 -0.192505611563268 0.060162576700472446 0 -2.207782110137145E-8 -4.687703212322907E-8 0.04997703509272966
0.34557599933864525 -0.25420475687873284 0.06192004258218349 0 -2.9347496844861122E-8 -4.4448409769666185E-8 0.04997704324880596
0.17846806103523252 -0.12182655323316931 0.05415222050793654 0 -8.460573417182467E-9 -3.082868210227254E-8 0.04997705599510544
0.23090062297727748 -0.133798202671902 0.055538699139373295 0 -6.347103437432782E-9 -3.67562896809689E-8 0.049977041314843956
0.6050561438570468 -0.6036830020468081 0.09289418017943481 0 -6.901296280121518E-8 -8.409056215670572E-8 0.04997706039357399
0.6847899965302142 -0.6218349498910589 0.09999999999999994 0 -7.169181927740266E-8 -9.644489371780397E-8 0.049977051106889187
0.5365057739834544 -0.6074638984061791 0.08871198704411519 0 -7.301906956864204E-8 -7.33596517077063E-8 0.04997707148623613
0.5490740032503056 -0.5442731464552362 0.08535659345024513 0 -6.598116565002696E-8 -7.110386760638798E-8 0.049977059529048226
0.3750627258693447 -0.2936858939923493 0.06434654814554322 0 -3.045701785437299E-8 -4.8517503306607545E-8 0.04997705134299447
0.3969354899692888 -0.3460112170117684 0.06719703593166886 0 -3.334959205467009E-8 -5.670536600309317E-8 0.04997705301403851
0.4494990254251991 -0.34835776824770576 0.06980849106780326 0 -3.526247873306541E-8 -6.366215123058202E-8 0.049977040309790687
0.4743994852003083 -0.40954268251415876 0.073738234339428 0 -4.730062894100556E-8 -6.612779345999745E-8 0.0499770379298888
0.5051728219418842 -0.4543425560441293 0.07763963571270259 0 -5.622541515930516E-8 -6.760132410118299E-8 0.04997704181325646
0.5025098789806551 -0.515963207586209 0.08087711077114171 0 -6.535475020706586E-8 -6.440882901246868E-8 0.04997705157676339
-0.8809225682293763 0.28211960771987943 0.09999999999999996 0 3.5918764433968374E-8 1.2115550541375996E-7 0.04997702053039569
-0.828550120997359 0.21135039229983998 0.09293041569195869 0 2.778134322369583E-8 1.1517183489971214E-7 0.04997703367208304
-0.4876818695036711 0.16005919777938843 0.06641416297022892 0 2.177277396617383E-8 6.9316423965755E-8 0.04997703989292545
-0.7583678808155521 0.178257805309045 0.085877514601274 0 3.1244506728644013E-8 1.0396082071209414E-7 0.049977039817957356
-0.6170663609123308 0.222189336538271 0.07585507468331582 0 3.4687060400930814E-8 8.190290694461695E-8 0.04997701667235999
-0.6972424057138273 0.20430689657176634 0.08139617396721441 0 3.5754030095082334E-8 9.350871349855647E-8 0.049977026317403486
-0.5518948161465875 0.17422255470543752 0.07046196471921623 0 2.2102982434860326E-8 7.567721786714253E-8 0.04997702334990043
-0.36894201678212313 0.12798179161528736 0.06013540062401418 0 2.5805200748505588E-8 4.7245627187021356E-8 0.049977024938495526
-0.4362515368769687 0.13236424219261816 0.06326633817399903 0 2.719927324528698E-8 5.744129689744666E-8 0.04997704174012604
-0.33947513674739144 0.06240362523718613 0.058248486325065116 0 1.3705612974877105E-8 4.234523894343536E-8 0.04997701920005407
-0.18433654548332082 0.048222709230570565 0.05356505347436668 0 8.38781239641008E-9 1.938529676182793E-8 0.04997704379016034
-0.13330372693534312 0.03517105967265548 0.052587287930552964 0 1.221713551261271E-8 1.3712716383282621E-8 0.04997704068534527
-0.08544796042127181 1.2633032021521531E-17 0.05192572029476935 0 8.582715450315857E-9 9.434651221458818E-9 0.049977032508660695
-0.2993967149465731 5.4908359945213266E-18 0.05658028588283902 0 1.5898487338899028E-9 3.817915520180697E-8 0.049977019646540825
-0.22270343343645202 -2.7398019802337882E-17 0.054316401779706945 0 -4.888480709348015E-10 2.791509699239677E-8 0.04997703346740357
-0.27837086784154214 -0.12617379267311218 0.05679356136910862 0 -1.594954227898408E-8 3.431243256962167E-8 0.04997702649414761
0.07416648351753428 -0.04282003922369633 0.05192757354063934 0 -3.988984539889438E-9 -1.0012347025820814E-8 0.04997703522147804
-0.07423701450489274 -0.04286076030823398 0.051928362278406685 0 2.6245634088743275E-9 9.820732665060672E-9 0.049977033592096425
5.433302611002987E-16 -9.25534990736191E-16 0.051513083863437 0 5.053169315101611E-9 -2.0157634161140196E-9 0.04997702527204397
-0.10393602836491157 -0.0928684349452979 0.05261104654913398 0 -3.886963542463809E-9 1.3009502717627701E-8 0.04997704399520242
0.09263290818595533 -0.09340215664313874 0.05249108753880629 0 -1.0571006776720343E-8 -1.2961323582612462E-8 0.049977044259254304
0.13365633223327938 -0.131494330544841 0.053500013617672336 0 -1.4287851587443854E-8 -2.3804787290026743E-8 0.049977050881005805
0.32685099627426545 -0.2905697969488598 0.06232853198902639 0 -3.5879016675415335E-8 -4.0612722955633065E-8 0.04997705051567793
0.25568805190108224 -0.19009790761699052 0.05725179690059135 0 -1.845305645535908E-8 -3.8290573458415166E-8 0.04997703181808975
0.2878012678865199 -0.2461068228137798 0.059620677596610265 0 -2.9790117669195053E-8 -3.8299817972002094E-8 0.04997703590463188
0.17648242248939017 -0.17786432905826252 0.055061790182478074 0 -1.6224895029838973E-8 -3.221380032865513E-8 0.049977039985098906
-0.2483235922732361 -0.18165056966040063 0.05686432272721823 0 -2.2047496600940566E-8 2.8548244377047813E-8 0.04997702744235125
0.5547456546446986 -0.6639301342123074 0.09391738389868397 0 -7.927493130544817E-8 -8.165227509140026E-8 0.04997706620859107
0.617759403950767 -0.688475338910477 0.09999999999999995 0 -8.082549795952182E-8 -8.861230915008669E-8 0.04997705815085058
0.5055257679581893 -0.637124600070996 0.08897493457515948 0 -8.098509988663337E-8 -7.303290796325419E-8 0.04997707144892742
0.4877536710430043 -0.5826751104622181 0.08420495651136725 0 -7.646990432581008E-8 -6.311833402162648E-8 0.0499770656977116
0.33633282409977666 -0.3398966968888034 0.06444423660906808 0 -4.1717725879210013E-8 -4.6887214657249766E-8 0.04997706346296067
0.3632772876174715 -0.38800374757803635 0.06749345504717459 0 -4.3217259139817216E-8 -5.783981846620819E-8 0.049977054714034914
0.41704203467651185 -0.4108303752912243 0.07090170067103964 0 -4.528155231462389E-8 -6.187513675162327E-8 0.04997704257179649
0.4381086940659461 -0.4733073985449338 0.07505155127124846 0 -5.809354123726875E-8 -6.064414396500077E-8 0.04997704027447397
0.4531934148271225 -0.5420428192507506 0.07976926362259741 0 -7.120342697542684E-8 -5.8577335585134496E-8 0.04997705070922594
-0.8565041007211142 0.12935729823844902 0.09401883827528355 0 1.4171426493980958E-8 1.1305621583448432E-7 0.04997703795277887
-0.9051192255768068 0.1907463267598074 0.09999999999999999 0 2.279559635898772E-8 1.2368229398175186E-7 0.04997702819448452
-0.7940808377677345 0.13178185399490336 0.08820577601429047 0 2.0763643529844415E-8 1.0425366095764456E-7 0.04997704725279823
-0.33304413722574716 -0.0693067767843958 0.05805530637396814 0 -4.446654878939345E-9 4.3786407536015975E-8 0.049977021363682206
-0.4742240483662385 0.11256694280313873 0.06494853319711702 0 1.8229900996359687E-8 5.932809966320546E-8 0.049977046606942056
-0.5075730010734563 0.12513873893141758 0.06697106660603604 0 1.4082500172095481E-8 6.660332347824253E-8 0.04997704043019024
-0.5430568755805907 0.10886676283437083 0.06886622733636953 0 1.1612031657609732E-8 7.003824701276843E-8 0.04997702919759727
-0.7200856347104287 0.12756375701027653 0.08178787314202199 0 2.7660240267283385E-8 9.399691640624051E-8 0.04997703384966361
-0.6366216770914513 0.1480565042375733 0.07568897320024313 0 2.515346712204101E-8 8.394124374431283E-8 0.04997701945668904
-0.5817364775186938 0.11498204866540508 0.07140762999266016 0 1.4978637422673512E-8 7.593739258514286E-8 0.049977021537407726
-0.42774238996431574 0.06497482014443741 0.06209784320535726 0 1.6710515434039512E-8 5.146300531388176E-8 0.04997703187792681
-0.3847166606924661 5.007387460326135E-18 0.05988137680814879 0 6.9392694866873015E-9 4.961695103335032E-8 0.049977021622076956
-0.3349183900900527 -0.1391323925724424 0.05894927757126893 0 -1.2575479929764376E-8 4.304511378323525E-8 0.04997702511477778
-0.29014129297673835 -0.2192290809213992 0.05898973037684319 0 -2.380652317998605E-8 3.790127595147587E-8 0.04997702697484607
-0.30831506111577245 -0.17770170158565646 0.05867258259636438 0 -1.9008726439773313E-8 3.9380864250842736E-8 0.04997702520954641
-0.8184909839211807 0.07533925376340875 0.08977629762126751 0 1.0805005951339028E-8 1.0426383813796639E-7 0.04997703833401569
-0.15687445011428935 1.9896548115933566E-17 0.05290395974586269 0 5.170873992636932E-9 1.905172443608323E-8 0.04997704067752226
-0.12783259126111396 -0.033275347967647646 0.05249920381841622 0 3.3621770387548422E-9 1.7112575306722438E-8 0.04997704086354918
-0.12619399745448542 -0.06614911525416546 0.05266041061116255 0 -2.1106176297385205E-10 1.7292362900318096E-8 0.04997704520413233
-0.24680219676358395 -0.07209570484823002 0.05524990662857362 0 -1.1624012867500353E-8 3.181251005814849E-8 0.04997703271681755
-0.22815732549244763 -0.13366956667415794 0.05546555293618707 0 -1.9513247153419362E-8 2.4659074135474105E-8 0.0499770369382129
-0.15093740406319942 -0.09389909648308085 0.053299030733839035 0 -5.405775381039891E-9 1.85455341406233E-8 0.04997705339935319
-0.17405337917392047 -0.045794392161233266 0.053343830220451034 0 -2.7254312631773265E-9 2.4479966817336836E-8 0.049977045674596245
-0.18973296493485722 -0.18461798069110347 0.055474546986767154 0 -2.2563555762853867E-8 1.7434532420243356E-8 0.04997703315094407
-0.1364384943575783 -0.14270773398924902 0.05371629461338726 0 -1.349239616782621E-8 1.133531491807924E-8 0.049977046155754046
0.04273873390329096 -0.07402565857166638 0.05192600533605053 0 -6.629456255065159E-9 -4.688854832779413E-9 0.04997703518316104
-0.04299754043112493 -0.07447392462720538 0.051931021483395706 0 -3.1708061472050028E-9 6.831193858610516E-9 0.04997703434286709
1.3904975238826412E-17 -0.08573627431625096 0.051928505242836896 0 -6.407620701314495E-9 1.8473072443567057E-9 0.049977035182053625
-0.07925046645516252 -0.13726583442387433 0.052932952804228266 0 -1.3381283886875187E-8 8.646833943109743E-9 0.04997704390735323
0.078463056828959 -0.135902000944921 0.052904876080197075 0 -1.3225537757815702E-8 -1.2396015922096428E-8 0.04997704557770741
0.11138757858716244 -0.19292894544503636 0.054318208030815426 0 -1.8065892072381175E-8 -2.1636952705939855E-8 0.04997704032509227
0.2704412885460667 -0.32134890739138133 0.06148782850104338 0 -4.308949131059184E-8 -3.6252336402452896E-8 0.049977044405533945
0.21970172124605267 -0.2547036178054315 0.05790944965811469 0 -2.9775478090036403E-8 -3.2299960115144354E-8 0.04997702999516562
0.06445906182530692 -0.2524774236880237 0.05535114833714504 0 -2.483740476432692E-8 -1.614995867279128E-8 0.04997703822589047
0.14972579901011426 -0.2593326910893636 0.056582144341893334 0 -2.801015565747201E-8 -2.4963862878756733E-8 0.049977028852830625
0.031363797849434556 -0.30517057546423765 0.0568332914109285 0 -3.488591424286779E-8 -9.973444302473515E-9 0.049977032871658285
-0.03281109095750645 -0.303248501545522 0.0567724159885361 0 -3.6841368889573275E-8 -1.5246498757487042E-9 0.04997703235260116
-0.22974591189928226 -0.25639797529990704 0.058213734017978094 0 -2.825010907434593E-8 2.8551451580562454E-8 0.04997702584765272
-0.15050660974349658 -0.260685094950677 0.05663516711153095 0 -3.157810636711863E-8 1.540270000534592E-8 0.04997702540143048
-0.0010639892128916778 -0.35571530812846325 0.05866683852382106 0 -4.2742443840701315E-8 -1.7918306388144932E-9 0.049977031745036475
0.4897167015298755 -0.6990669986722716 0.09278011319940965 0 -8.856528043172496E-8 -7.398635136581725E-8 0.04997706155601386
0.5485314847714318 -0.7448023146284537 0.09999999999999996 0 -9.26721634587137E-8 -8.254172871498099E-8 0.04997705708412079
0.4538946410105444 -0.6418290507487608 0.08650541722977732 0 -8.517876843517497E-8 -6.464574518257391E-8 0.049977062842897005
0.43691576165411183 -0.5863880363863174 0.08178506492225697 0 -7.88703473251512E-8 -5.784493960552144E-8 0.04997705516240741
0.30008338071089913 -0.40108479031261085 0.06570468861303413 0 -5.0504758941595464E-8 -4.807159000708768E-8 0.04997704880442427
0.35656776116113886 -0.46142030598113837 0.07075125137743835 0 -5.573320885090888E-8 -5.471684953915126E-8 0.04997703955721689
0.38634553368626 -0.5411366135074784 0.07653244947706513 0 -6.97687288873224E-8 -5.279587228011127E-8 0.049977040871066566
-0.8641324069088798 0.062174994255793294 0.09403348687291993 0 6.510931587789208E-9 1.1185848758802601E-7 0.049977032495435864
-0.9192848102122441 0.10262901652303172 0.09999999999999998 0 1.0435133321991561E-8 1.2019540517793395E-7 0.049977028194145644
-0.7599167871431189 0.06070075634999409 0.08441733903220823 0 1.4790207748020649E-8 9.639350024390864E-8 0.04997703444057375
-0.3798507417992421 -0.12110542276221137 0.06050058794352799 0 -6.824319412623292E-9 4.976611900893154E-8 0.04997703096202184
-0.40842759083875524 -0.05875232359605665 0.06114052778332879 0 2.0527014651015772E-10 5.5916335628165126E-8 0.049977029753837145
-0.5039157942187592 0.07056797810116018 0.06615707446286306 0 8.971719971174707E-9 6.109910253826953E-8 0.04997703386531185
-0.5548238392163808 0.07638757137486703 0.0692570455361671 0 8.662640331139413E-9 7.049124041280254E-8 0.04997702445383347
-0.6893460495224285 0.06354738512595373 0.07863780818203954 0 1.638314018838247E-8 8.861076047719365E-8 0.04997702357465674
-0.6215823870108426 0.05940809814964494 0.0735747228508592 0 1.12471532763962E-8 8.043150337208251E-8 0.04997701749797062
-0.4662367643365183 -0.05429215722432917 0.06397307879016166 0 -3.1436419106972873E-9 6.548378050379901E-8 0.04997703523482411
-0.46385916918682774 -3.671115297680029E-17 0.06368112390889598 0 3.938774537044299E-9 6.029450628024606E-8 0.049977028438296885
-0.3620108841151937 -0.17400839360604695 0.060635096430618034 0 -1.585878747738726E-8 4.6414949415760685E-8 0.04997702931349301
-0.299671918215507 -0.26919022055739933 0.06068803798570996 0 -2.840707144105386E-8 4.1794119540930505E-8 0.04997703503780229
-0.33027652289156045 -0.22443841547131757 0.060528990644305516 0 -2.4035268836136384E-8 4.451790015164164E-8 0.04997703013051397
-0.8245744171037561 3.2427437940114445E-20 0.09002147282184526 0 1.2630995230352196E-9 1.0905595670000873E-7 0.04997703275222803
-0.19761019796705673 -0.10158906953187434 0.054303584925033156 0 -1.4723410080053778E-8 2.317627486601489E-8 0.049977050661866064
-0.18403998396844498 -0.12735803584373423 0.05434432437859784 0 -1.5762644598569013E-8 1.7155820690346255E-8 0.049977049821754584
0.002774404310843052 -0.26370741404826953 0.055444406431408536 0 -3.001325597642313E-8 -1.0071178996082066E-8 0.049977042121375506
-0.11217260429255088 -0.1942886498520168 0.05435789315243198 0 -2.3785540254923543E-8 8.313780641868439E-9 0.049977037506919085
-0.059917909088264505 -0.2537684697083779 0.05535616729591674 0 -3.315442672970252E-8 3.7142039800144977E-10 0.04997703726194184
0.025874926118163173 -0.1326695098536581 0.05254567933671944 0 -1.2128259706146312E-8 -1.6844905999229074E-9 0.049977045520156575
-0.02524383979971824 -0.13300675455069116 0.05254892004091195 0 -1.3432755225956215E-8 5.2274346651231014E-9 0.049977044942254086
0.05493858025113073 -0.18721166728009325 0.05366460039291042 0 -1.564492637334848E-8 -1.1004915152694316E-8 0.049977049358792276
-0.053441146730527585 -0.1870910243981426 0.053652873989227134 0 -2.459916166703965E-8 3.6262359214233707E-9 0.04997704841966871
-0.015811501710617765 -0.22080470166743846 0.05428292799461194 0 -2.7242458040074823E-8 -5.564726569894368E-9 0.04997705442156293
0.001589553534327251 -0.18045943852644147 0.053353802929854637 0 -1.889120190478672E-8 -4.2154839012144823E-10 0.049977057343756015
0.01713256069613923 -0.2191946756676691 0.054245341320781695 0 -2.1441992377363976E-8 -9.679010311888207E-9 0.0499770549853313
0.23193963455587202 -0.4017312313397281 0.06368217918749612 0 -4.838861315435888E-8 -3.365089778892221E-8 0.04997704245756452
0.1923608915779979 -0.3331788376023402 0.059881599761303035 0 -4.0600951544362864E-8 -2.6072736298112756E-8 0.04997703330820207
0.10559774308437371 -0.32641465451667345 0.058167036115944384 0 -3.7826846076639325E-8 -1.540668788509614E-8 0.049977030663728814
0.02839276411724587 -0.3973392921812579 0.060485401730235276 0 -4.948065417624629E-8 -3.831272853939053E-9 0.04997703694328496
0.04349199689707277 -0.3606955682361924 0.05897556113419837 0 -4.379382088373953E-8 -6.770955919608233E-9 0.04997703309957246
-0.2724211583800272 -0.34021230275634196 0.06225471036920945 0 -3.563382610669482E-8 3.514470297265895E-8 0.049977040858785286
-0.04975626500892476 -0.3592625346716331 0.05895024498757896 0 -4.278005018655447E-8 5.878235827361901E-9 0.04997703209466044
-0.11115524588477288 -0.32319159740630654 0.058116751891295344 0 -3.929596323549962E-8 1.355277793400374E-8 0.04997702772577524
-0.1929576265867868 -0.33421241295621784 0.05993362613445384 0 -3.887987255748816E-8 2.567972274102357E-8 0.04997702935443661
-0.00580331192480529 -0.44141011755505605 0.06253303354413747 0 -5.378556856436471E-8 -7.522353390229591E-10 0.04997704084380235
-0.03317807935019408 -0.4000499580003111 0.06062434517611842 0 -4.7187714002302335E-8 4.629760404449847E-9 0.04997703694795443
-0.4124914840826571 -0.7144562081206507 0.09005972521404425 0 -9.288941090126435E-8 5.084366754245513E-8 0.04997704844488458
-0.4625000000000001 -0.8010734985006056 0.09999999999999992 0 -1.0646806579636233E-7 5.448914838154477E-8 0.049977042353992834
-0.38371343710296635 -0.7748603000238191 0.09386619334345217 0 -1.0463496392819568E-7 4.583332833801003E-8 0.04997705048198107
0.41226227881814503 -0.7140592129571534 0.09001680581831234 0 -8.926203038759785E-8 -5.960523490696086E-8 0.04997705738278808
0.4625000000000003 -0.8010734985006056 0.09999999999999992 0 -9.918319322023412E-8 -6.938474996487545E-8 0.04997705239230927
0.36763254236248355 -0.6367582418875386 0.08211785344170675 0 -8.166694930385346E-8 -4.8765311270680545E-8 0.04997705016220766
0.2724100436150707 -0.4718280360333562 0.06830375115676082 0 -5.5803694697772854E-8 -4.265440490070213E-8 0.0499770388559536
0.31808183532075857 -0.5509338997403103 0.07441383187593022 0 -6.872351498572126E-8 -4.4771167969263E-8 0.04997703653262732
0.2111878992556696 -0.5199281931560845 0.06932845783235407 0 -5.96347250189611E-8 -3.464505733175254E-8 0.0499770424351327
0.021803385387518696 -0.48225449508691837 0.06469299319690376 0 -6.159354938635978E-8 -7.4139163788657215E-9 0.04997704324377347
-0.8627884197170683 -0.05512509329877387 0.09385473111979895 0 -8.932447410995143E-9 1.1662084147743972E-7 0.049977033786228614
-0.9249999999999996 -3.487031299242896E-17 0.0999999999999999 0 -2.579740186946178E-9 1.227460419955518E-7 0.04997702467369192
-0.7353276040989696 -1.3378311327871067E-18 0.08212306732579755 0 7.158752164313393E-9 9.698478980090984E-8 0.04997702811544115
-0.4256923062754768 -0.12215318657273537 0.06260425960749795 0 -6.166904264288587E-9 5.592500484380048E-8 0.049977043000901195
-0.4043520178042478 -0.16901983470521803 0.062374130552393804 0 -1.411027997379628E-8 5.003188482768625E-8 0.04997703616804941
-0.46760448929491655 -0.09647351175034935 0.06440527405535054 0 -8.587455920115063E-9 6.547821733697319E-8 0.04997704692348553
-0.5447672634209793 2.858524015158418E-17 0.06830049229574699 0 -1.3581765660981724E-10 7.127487605864774E-8 0.04997702224705309
-0.6361392415232948 1.0428654588114258E-18 0.074412070818866 0 4.324632967174116E-9 8.356982911824404E-8 0.04997701729788686
-0.5124187514513647 -0.051847896831783355 0.06651654728017117 0 -7.358242830687478E-9 7.067911557527585E-8 0.04997703097663292
-0.36799093114432163 -0.6373789894665451 0.08217765681431857 0 -7.95541567867894E-8 4.979853565874036E-8 0.04997704234947976
-0.31827009850817745 -0.5512599811461146 0.07444098367382036 0 -6.940162469688498E-8 4.0461577672109E-8 0.049977029502746996
-0.31386332305040454 -0.40193360988060217 0.06622216379223078 0 -4.778302573860802E-8 3.319626664999108E-8 0.04997704354795747
-0.344912559069745 -0.4432246070018303 0.06935603931497553 0 -5.603386674590869E-8 3.772461349073084E-8 0.04997703488867449
-0.3337091490042147 -0.3553876317528073 0.06495432896100803 0 -4.150639560415917E-8 3.9946871619942966E-8 0.04997705538631507
-0.383737195098482 -0.21760730691022415 0.06251779019199952 0 -2.3835215709024003E-8 4.947938039556201E-8 0.04997703281954201
-0.33230969380311975 -0.3125744339373021 0.06328313435425742 0 -3.541932577217938E-8 4.691354018588079E-8 0.04997705039447254
-0.3540195296480104 -0.26181915330723304 0.06247659304365877 0 -3.060082775493612E-8 4.933306808627307E-8 0.04997703755219153
-0.7962287177911112 -0.06074957956360479 0.08762354715881245 0 -4.931076883981257E-9 1.0945042102337703E-7 0.04997703861902774
-0.7351410524947966 -0.06092685497728594 0.08231802271497875 0 -1.0724010149095158E-10 1.0037160838805838E-7 0.04997703301861532
-0.4839056580716607 -0.700569999447879 0.09257832058039935 0 -8.961069062448012E-8 5.6641646684700954E-8 0.049977050692878174
-0.548567403595686 -0.7447758606713796 0.09999999999999995 0 -9.779804431845879E-8 6.44637749139716E-8 0.04997704542996634
-0.43547631470191006 -0.6351536187841573 0.08509247440255902 0 -7.626594469193403E-8 5.593802977322719E-8 0.04997704978288429
-0.4991515386320159 -0.6334110077816721 0.08834372866104905 0 -7.889514676626736E-8 6.220957434068151E-8 0.04997706067124065
0.19075484218748148 -0.47253116432229375 0.06620021711897693 0 -5.1641250001512436E-8 -2.9704357105904414E-8 0.04997705023935814
0.04901016908663563 -0.43723836174505165 0.062459634223422635 0 -5.711432246312233E-8 -6.994358247971885E-9 0.049977044833614835
0.06673635655852123 -0.4767204709635778 0.06461779605353515 0 -6.405055875351017E-8 -1.3104915969517584E-8 0.049977051362398085
0.08201071126761385 -0.3939388987243752 0.06066806698898625 0 -4.962746955726449E-8 -8.800189450703052E-9 0.04997704117672213
0.15779399244920161 -0.40600143052169285 0.06224217224863409 0 -4.7360327971458617E-8 -1.830341690041982E-8 0.04997704676454395
-0.23228029263418432 -0.4023212684393739 0.06371797650698163 0 -4.953632819056342E-8 2.8418354955377875E-8 0.04997703765279844
-0.272587327693687 -0.4721351010648927 0.06832563375196132 0 -6.096933032443883E-8 3.042677021894055E-8 0.0499770327388042
-0.08918266806588586 -0.39015326021997454 0.06056960464965617 0 -4.589287400278855E-8 1.4317474171615753E-8 0.04997703906868798
-0.15459594130071433 -0.39192658728762203 0.061550218588660825 0 -4.910447721311063E-8 2.337198307531293E-8 0.04997704000572572
-0.18675532053812563 -0.43493251784630643 0.06418357757579085 0 -5.8283062951100566E-8 2.4564684603344057E-8 0.049977044857685
-0.21375905453868752 -0.4723463627877797 0.06671710658979704 0 -6.427174658118157E-8 2.3974910050908304E-8 0.04997704053494242
-0.030837599095424044 -0.4757419881377715 0.06436680609968097 0 -5.6114988241803746E-8 1.6128417379510333E-10 0.04997704364881646
-0.05772042989369192 -0.4373202270026056 0.06251628812885628 0 -4.969657293119762E-8 7.779534413289473E-9 0.049977045222646295
-0.34485879204612635 -0.7195732958375974 0.08756922173357189 0 -9.618122675716875E-8 4.560908495119334E-8 0.0499770542110703
-0.3147326423667731 -0.6679534491621227 0.08237892997106575 0 -8.607888788902359E-8 4.5188800654552715E-8 0.049977047449335996
-0.23145619169988374 -0.5426436945370012 0.07120349698950756 0 -7.147260983485377E-8 2.6163592651014072E-8 0.049977033498495
-0.28415939775573246 -0.6153602706014173 0.07751426427315904 0 -7.806821444015453E-8 3.94846729601225E-8 0.049977036604354284
-0.32938286511096027 -0.7771045511687235 0.09186418681824757 0 -1.0506929783773749E-7 3.8563870126012885E-8 0.049977059290407605
-0.29287844997281653 -0.7560683801841978 0.08874412837590734 0 -9.949215195151557E-8 3.640894678707653E-8 0.049977065867794136
-0.3707535969478622 -0.8474426517245004 0.09999999999999994 0 -1.1461374907566058E-7 4.243853371989795E-8 0.04997704924080334
0.3299132550602819 -0.6955796266909601 0.08507057911176502 0 -8.551598415892706E-8 -4.2386774696342744E-8 0.0499770595813863
0.29721686832567656 -0.7486484838731736 0.08825580478820183 0 -9.24397628550821E-8 -4.17477159340275E-8 0.04997707151923189
0.36329863298780996 -0.7692008953950569 0.09250410835033807 0 -9.268435987630783E-8 -5.366071613540782E-8 0.04997706137728744
0.37078540548822353 -0.84742873429503 0.09999999999999996 0 -1.034901711412496E-7 -5.69542291440895E-8 0.04997705727662296
0.28831363121595577 -0.628175946475062 0.07855241106831119 0 -7.911631065122278E-8 -3.63361487697042E-8 0.04997704515305916
0.2593907519340379 -0.5686281064407216 0.07361593901057979 0 -6.951715510036801E-8 -3.716332196625578E-8 0.04997703721133495
0.1909808398518187 -0.5616900805542804 0.07142639087555927 0 -6.751773688454215E-8 -3.175670424817689E-8 0.04997704093437252
0.17735047116299676 -0.5251479744589087 0.06889288845838194 0 -6.066067921979222E-8 -3.1921151594182896E-8 0.04997704735044441
-0.006975621790116347 -0.518397225687904 0.06671599267023105 0 -6.401984006658885E-8 -5.632243646905575E-9 0.04997703999924084
-0.05196883438319561 -0.5240326103663052 0.06719869985797552 0 -6.231703262933365E-8 -7.205884426897925E-10 0.04997704244527124
0.051893656645759574 -0.5409828050063739 0.06822031633188269 0 -6.999818366577543E-8 -1.4808657971811176E-8 0.04997704101689906
-0.8393412000270999 -0.10211595922316324 0.09200820531311653 0 -1.5481693169450424E-8 1.1376488950427446E-7 0.049977042482165425
-0.8023821229894582 -0.12465004703532731 0.08885408731398863 0 -1.4988812174945502E-8 1.0774459791160604E-7 0.04997705006869709
-0.919283847116488 -0.10263764414409532 0.09999999999999995 0 -1.7155171920590084E-8 1.2374889877295068E-7 0.0499770313901165
-0.4286041911968902 -0.211604106404576 0.06443452009247352 0 -2.4015402862621877E-8 5.2128067106270335E-8 0.04997703492459959
-0.6752473549062171 -0.06099766201966174 0.07752927755735106 0 -9.155343634667379E-10 9.070998536471433E-8 0.04997702346093553
-0.4690213191754545 -0.16282051739106812 0.06545407679976868 0 -1.8458629212439123E-8 5.497818459031294E-8 0.04997704636140928
-0.5199939829281818 -0.12464895604080488 0.06768673130026925 0 -2.0236962322460287E-8 6.7652361978516E-8 0.04997704062603965
-0.5844196053235723 -0.07491703801282976 0.07115392026499068 0 -9.829871696324507E-9 7.811494807599731E-8 0.04997702239420312
-0.40158939943089916 -0.5697012631254147 0.07901179842938963 0 -6.792633067637898E-8 5.4022571047247596E-8 0.04997703758544525
-0.3629672679735455 -0.5093150093458657 0.0736457128337714 0 -6.316496128798766E-8 4.504057418065681E-8 0.04997702937392656
-0.36195665189066545 -0.3775113144203722 0.06698450376718919 0 -4.975322398872818E-8 4.036352544432006E-8 0.04997705005064045
-0.36626813150114046 -0.41664081435894 0.06892167223823108 0 -5.4007260224286184E-8 4.004791072112092E-8 0.04997703942407405
-0.3903068178565833 -0.4466269881485596 0.07141764844659583 0 -5.736891833549939E-8 4.582263323999146E-8 0.049977032566668446
-0.38262787487786487 -0.34149739132768064 0.06638993492953274 0 -4.8067708916987966E-8 4.852027714176846E-8 0.049977049162396155
-0.4062559769371703 -0.26147495596378895 0.06471383725610919 0 -3.347043385020478E-8 5.302477756797011E-8 0.04997703496742834
-0.379843340675863 -0.2969419115223147 0.06465963905911938 0 -3.949862713767563E-8 5.2244722160790166E-8 0.049977043533476664
-0.735100345459195 -0.11930462056175606 0.08291132970822639 0 -5.8052069159291E-9 9.883288857101374E-8 0.04997704112963869
-0.5519968333853201 -0.6639303440969675 0.09374464706266032 0 -8.917555062741472E-8 6.65885143547016E-8 0.04997705470098879
-0.6178002971320175 -0.6884386430529175 0.09999999999999999 0 -9.452121858604715E-8 7.695400501599027E-8 0.049977045125616924
-0.4800125571007386 -0.5637645778356987 0.08255043176744221 0 -6.74069213203656E-8 6.756978638635887E-8 0.04997705003479921
-0.5399346500949583 -0.6040123388311484 0.08868415026698905 0 -8.03317889044596E-8 7.129039880858463E-8 0.04997705957390065
0.1043605879990727 -0.5010308479370807 0.0663275801738497 0 -6.497252437490954E-8 -2.2495643020400994E-8 0.04997705742963944
0.14556246178613041 -0.5017461145955597 0.0669511130546236 0 -5.8888820640499297E-8 -2.7957009405765915E-8 0.049977057930786564
0.1399468089855873 -0.4672126633962517 0.06496624972127404 0 -5.467430620765224E-8 -2.111141065888796E-8 0.04997706269010914
0.10408488366078729 -0.44405468685268906 0.06327666735135784 0 -5.751157652838891E-8 -1.228666094951718E-8 0.049977057416539766
-0.1061373350373039 -0.43371612134398735 0.06278756375601147 0 -5.094449317628641E-8 1.6923515573973352E-8 0.04997705269190951
-0.15386562481962193 -0.515523498759926 0.0678853449092873 0 -6.828394477239072E-8 1.1402775664011267E-8 0.049977050016255846
-0.1533021139497205 -0.45854960024362473 0.06473399748772987 0 -6.138996179757427E-8 1.945220251769974E-8 0.04997705631653049
-0.09527352708204248 -0.48999184724793526 0.06560563290386158 0 -5.667879848735656E-8 6.152729065170233E-9 0.04997705599579412
-0.09590125636856876 -0.5619999312235504 0.06990127823248256 0 -6.909862111470951E-8 3.998900515994381E-9 0.04997703997698533
-0.15663037176370528 -0.5733099421965812 0.07149707499548641 0 -7.342012843815644E-8 1.3832051934422047E-8 0.049977038202794775
-0.2643961373711981 -0.69702971973395 0.0829765309474388 0 -8.762832592589711E-8 3.9623235045305174E-8 0.04997705585606471
-0.19926692702634366 -0.6350324834465847 0.07658242747619838 0 -7.94928190682566E-8 2.6425026950896397E-8 0.04997703810086587
-0.2937621218403118 -0.8161557505482272 0.0941366022415018 0 -1.0713289329074412E-7 3.050950144783285E-8 0.049977059461422335
-0.2445064351501806 -0.7666415232960113 0.08818261063739219 0 -9.488110858259472E-8 2.859672698592672E-8 0.0499770646058534
-0.28738877712844163 -0.8792227618026947 0.09999999999999998 0 -1.1391531407295529E-7 2.9104446256102056E-8 0.04997705194752663
0.24692814396934878 -0.6974874410583481 0.08250617855893734 0 -9.119315155061074E-8 -2.9312956415664212E-8 0.04997706011258703
0.2521627428797361 -0.7694593063835823 0.08864404636431372 0 -1.0072477746115055E-7 -3.8435182256184855E-8 0.04997707081720148
0.297447604941039 -0.8106467532563326 0.09375141746476387 0 -1.0131420485305905E-7 -4.8408118044522206E-8 0.049977066516121216
0.28742318143973467 -0.8792115158194408 0.09999999999999996 0 -1.12592833108168E-7 -4.79512905418663E-8 0.04997705820735983
0.18957159845420457 -0.6243064952889011 0.07560329744867302 0 -7.925769022166467E-8 -2.6848033542194155E-8 0.0499770409044046
0.12475562378528372 -0.5650913910725972 0.07045918166236258 0 -7.087039576737376E-8 -2.5212521170442718E-8 0.04997704286117463
0.16970055881419605 -0.6915759378642314 0.08021607449160519 0 -9.061713832021003E-8 -2.2016313929313192E-8 0.049977048040545806
-0.02127679909875186 -0.5862434400348021 0.07098260267248739 0 -7.313905036388574E-8 -2.797507987288361E-9 0.049977034239649616
0.047679088889249585 -0.6125339534466792 0.07287094188782159 0 -7.793907480347736E-8 -1.0495534809965592E-8 0.04997703509198138
-0.8531067718150073 -0.15803750226362162 0.09415708085227006 0 -2.4102046570388292E-8 1.1087545074955569E-7 0.0499770426576116
-0.7842181949983064 -0.17459658052838975 0.08806681761589173 0 -1.92518428922553E-8 9.935051348159347E-8 0.0499770485375012
-0.9051158299750597 -0.19076243784282004 0.09999999999999996 0 -2.840903235578218E-8 1.1648562949466591E-7 0.04997703415836242
-0.47800098007166625 -0.2183882854981824 0.06713458210584479 0 -2.8029682059492495E-8 5.669069060848181E-8 0.04997703263740103
-0.4503344724862791 -0.2539143429242661 0.06663047103760426 0 -3.299060163926208E-8 5.5922285115716093E-8 0.04997703080787296
-0.647719142022224 -0.1435812801370505 0.07642272847163623 0 -1.31321771203487E-8 8.513364603750917E-8 0.04997702495458694
-0.5329845388239062 -0.1985594752136453 0.0698139205090511 0 -2.71290378277388E-8 6.493995170500567E-8 0.049977029231337754
-0.5744027965338088 -0.14938461510286838 0.07144252826293569 0 -2.0693982089741586E-8 7.379476390502233E-8 0.04997702677740533
-0.44626651447182913 -0.4769553831048422 0.07565680574632234 0 -5.912211804604364E-8 5.8664946280719244E-8 0.04997703138063953
-0.5140310251048448 -0.4921578818310024 0.08018045280724437 0 -6.058708523493243E-8 7.079205045971977E-8 0.049977037035568606
-0.4256087219342948 -0.3924588186076942 0.07047472570296819 0 -5.3596318321330466E-8 5.178589733534984E-8 0.04997703392888384
-0.44295395304453694 -0.3153758255937713 0.06823813858748431 0 -4.4050910951464016E-8 5.6677381313960714E-8 0.04997703162286649
-0.722493271850469 -0.18466121884148878 0.08299584497449673 0 -1.5751187104186267E-8 9.291777249956564E-8 0.049977038183069984
-0.6008930547011089 -0.6092572756078648 0.09299302035398636 0 -8.439102876158818E-8 7.737203591094257E-8 0.049977048576907025
-0.684830613311738 -0.6217902179859557 0.09999999999999995 0 -8.579708983901457E-8 8.701195021194512E-8 0.04997703678087666
-0.5678213237459835 -0.5376676061363831 0.08613904983735729 0 -7.007505827457113E-8 7.72602850373146E-8 0.04997704583504939
-0.10379006268918359 -0.6311723493295895 0.07466578004946203 0 -7.917317762454281E-8 1.0808587575943871E-8 0.04997703534116569
-0.2012336657215405 -0.7196538123444206 0.08312630758513646 0 -8.739330943980091E-8 2.7845295252933673E-8 0.049977052697616535
-0.14538614431124028 -0.6947291331504665 0.08002955113164488 0 -8.656960157230626E-8 1.9831623493821357E-8 0.0499770429831494
-0.2244810935107963 -0.8295744817427091 0.09335179876408069 0 -1.0462466731273957E-7 2.1507664676956585E-8 0.049977055554119326
-0.1948530319449167 -0.7756068237085788 0.08772926134592988 0 -9.550836632322723E-8 2.204439013211375E-8 0.04997705605579199
-0.1961900777341867 -0.9039499420937565 0.09999999999999996 0 -1.1618284216538232E-7 1.7269758092920217E-8 0.04997704697303668
0.18083964416846282 -0.7595104378227607 0.08602850609777067 0 -1.0061694531574616E-7 -2.658671670771214E-8 0.049977057667080854
0.22639239794839497 -0.823169454837357 0.09279966487488275 0 -1.0782996164943145E-7 -3.881299857385481E-8 0.04997706148748635
0.1962292603758944 -0.9039414372048344 0.1 0 -1.170354015211368E-7 -3.532984509603045E-8 0.049977051222843294
0.115198487208555 -0.6531897985847656 0.07640980333620502 0 -8.344069749715503E-8 -1.690297323615598E-8 0.04997703938057461
0.13075868837865867 -0.7179080095003469 0.08165710231721485 0 -9.238808584102866E-8 -1.7155381966218126E-8 0.04997704840092945
0.11581756539084577 -0.7588114009433137 0.08487399945221091 0 -9.599969880925699E-8 -1.638281278103835E-8 0.04997705323640454
0.049373389215154787 -0.6762514634930521 0.07753347573866784 0 -8.543399359448491E-8 -5.554633822723289E-9 0.04997704092889534
-0.018713178495829663 -0.6598847879456909 0.07617577755495697 0 -8.374827646682427E-8 2.749066904472893E-9 0.04997703767723995
-0.6738902730202501 -0.2204985208373878 0.07997070091519397 0 -2.2261722690148746E-8 8.809904725560516E-8 0.049977029315479454
-0.8340398056073672 -0.21902107573341584 0.09363611174877712 0 -3.0256010927008494E-8 1.0517987789850888E-7 0.04997703894527132
-0.7682837005378527 -0.21778108265977308 0.08762455506029669 0 -2.4724640154289578E-8 9.687577567597407E-8 0.04997704092227478
-0.8809151182252344 -0.2821428693025129 0.09999999999999996 0 -3.977598223399775E-8 1.125420344707536E-7 0.04997702938686859
-0.5165019276401033 -0.27345997871285094 0.07083650833060155 0 -3.500388209539575E-8 6.493803024652795E-8 0.04997702367892643
-0.598583551544961 -0.22602979228178174 0.07467942546060534 0 -2.644942746206178E-8 7.727076219830296E-8 0.04997702320700466
-0.5551101229584549 -0.47007014883430126 0.08146563252731462 0 -5.704672231754024E-8 7.460634636751007E-8 0.04997703644075677
-0.5105636494997625 -0.4275668331221898 0.07661161867134536 0 -5.2624458666763884E-8 6.7704726340913E-8 0.04997702887777209
-0.504302912589223 -0.3476237550984314 0.07274022680505549 0 -4.438042302398009E-8 6.527092883329331E-8 0.049977024540177266
-0.7177089386751472 -0.2549295522420565 0.0843570467432338 0 -2.8461543472283082E-8 9.412606431967397E-8 0.0499770350740751
-0.6531660790226061 -0.2763311132584134 0.0799841441751332 0 -3.0125702075110626E-8 8.800377144595147E-8 0.04997703032470886
-0.8437556437212325 -0.37907955935377746 0.0999999999999999 0 -5.436826048474295E-8 1.1101899472061013E-7 0.049977032458932785
-0.8010515387579304 -0.4625279007956028 0.09999999999999996 0 -6.465832557152073E-8 1.0195032430026645E-7 0.04997703880752095
-0.7501479603301011 -0.5412050791178039 0.09999999999999992 0 -7.283005806610625E-8 9.26581703071637E-8 0.04997703603107175
-0.5998767009898777 -0.4788913706345559 0.08487289614566725 0 -5.8401603379957935E-8 7.834328200595389E-8 0.049977040668271286
-0.6562422498346266 -0.5241856689594518 0.09146905933596002 0 -6.862809684029012E-8 8.26173299729644E-8 0.049977041571976764
-0.08839747535315964 -0.7039498716595032 0.08000538942626953 0 -9.023975247148083E-8 1.3155282967429881E-8 0.04997704353387871
-0.13806578705455586 -0.7497079460326577 0.08441541385599154 0 -9.488511627833294E-8 1.755596474220794E-8 0.04997704960998247
-0.14308797449955213 -0.8318118172195702 0.0918642159103333 0 -1.0773824992079836E-7 1.2902941161905905E-8 0.04997705186861649
-0.09361073890939048 -0.9202510142029422 0.09999999999999995 0 -1.2215984512390061E-7 3.868274768565546E-9 0.04997704953553298
0.09365704332523053 -0.9202463037324216 0.1 0 -1.1549137142197123E-7 -2.12646792343386E-8 0.04997705151755871
2.0711142119751377E-5 -0.9249949331376578 0.09999999999999996 0 -1.194403386277953E-7 -9.505074320190943E-9 0.049977055270125956
0.12762107521700664 -0.8265826692803618 0.09113421310198927 0 -1.043842181262978E-7 -2.2803372819975898E-8 0.049977055429481235
0.08068135396090603 -0.7141673032968792 0.08075294753127603 0 -8.976374614095874E-8 -9.1342216387139E-9 0.049977047388791614
0.06358506183867194 -0.7827017733005066 0.08643167294964102 0 -9.592929325168577E-8 -9.273318469099686E-9 0.04997706042301483
0.02032803985547743 -0.7231235035279147 0.08113718206932351 0 -9.117230800872778E-8 1.163648308948022E-9 0.04997705178305384
-0.03309170223836219 -0.7328034628470876 0.08197501691133365 0 -9.536368637021999E-8 8.189048985867304E-9 0.04997705303520109
-0.7926496756412598 -0.2913333375023676 0.0919087000057277 0 -3.908900500721561E-8 1.0307011463658903E-7 0.049977035903573476
-0.5810426636905172 -0.3157640075984303 0.07626188231201679 0 -3.584562749651896E-8 7.733824454878599E-8 0.049977025916521776
-0.5773213056470615 -0.42632356756478973 0.08066830857907491 0 -4.90677411464756E-8 7.646529420752793E-8 0.04997703515713889
-0.5604495700519321 -0.38109429561078195 0.0775098294695611 0 -4.3845165924212706E-8 7.444044143567482E-8 0.04997702915378589
-0.6449966839705538 -0.44452809810358646 0.08625924084344862 0 -5.199016704802862E-8 8.169339235099991E-8 0.049977046945454094
-0.6508158876168189 -0.3390076459058359 0.08199721983987755 0 -3.710637994940838E-8 8.984083999848362E-8 0.0499770399435492
-0.7091826270730177 -0.3233083988571452 0.08590988858162861 0 -3.9705437600457515E-8 9.739238108670712E-8 0.049977041977722333
-0.7619010673352372 -0.3837317836320327 0.09273617861998763 0 -5.4311259793686384E-8 1.0067462077738592E-7 0.04997704506804119
-0.7143597851634016 -0.46065181317541964 0.09243904770387959 0 -6.10974288166894E-8 8.808593987668565E-8 0.04997704800327746
-0.07537530152887754 -0.7754914719888757 0.0858872030654022 0 -1.0313151687680638E-7 9.540406706882272E-9 0.04997705626355095
-0.048377865911234746 -0.8513117859798408 0.09269807273978156 0 -1.1313837952751594E-7 -1.3621352176581845E-9 0.04997706067685894
0.043935839967012356 -0.8511210240129371 0.09265635168129686 0 -1.0595739523182323E-7 -1.3904404734719776E-8 0.04997706226059236
-0.004822548609299441 -0.7855262944057825 0.08645491759740057 0 -1.0123143734992408E-7 8.365397214454267E-10 0.049977068144311625
-0.615323196863825 -0.38077552285640776 0.08115372829448383 0 -4.091076713732789E-8 8.277312872231216E-8 0.0499770390219717
-0.6821995337018092 -0.3893517946424338 0.0864501634511279 0 -4.6263381602047184E-8 9.1272220458396E-8 0.04997705419545321
