% Model:
% Version:
% Dimension:          3
% Nodes:              691
% Expressions:        4
% Description:        Surface
% X                       Y                        Z                        Color                    DeformX                  DeformY                  DeformZ
0.09361324045256657 0.9202507597854978 0.09999999999999996 0 1.3593792335571656E-7 4.450199364808341E-9 0.049977018546617916
0.19613059753886136 0.9039628493277616 0.10000000000000006 0 1.299773873805593E-7 -8.821996372291848E-9 0.04997701909627636
0.2873578563384961 0.8792328678266589 0.09999999999999998 0 1.2780179821171626E-7 -2.0682287187619702E-8 0.0499770272847226
0.6177594130735132 0.6884753307245892 0.0999999999999999 0 1.0855656977700116E-7 -6.81870829198958E-8 0.049977035216567545
0.684790004400319 0.6218349412241562 0.09999999999999998 0 9.986499382493847E-8 -7.830831202869288E-8 0.049977030927917804
-2.6622719632544978E-6 0.924994933365257 0.09999999999999995 0 1.3327059572658964E-7 1.7821326901776712E-8 0.0499770217352838
0.042840104890621886 0.8515402282381707 0.09269147861274166 0 1.2715214099343016E-7 1.0249121947077226E-8 0.04997703157029679
0.37075219693550476 0.8474432642497914 0.09999999999999995 0 1.2842601270072919E-7 -3.387582400179651E-8 0.04997702775134301
0.14341620299378263 0.8294494640794716 0.09164675622284833 0 1.2140233415351748E-7 -5.034680857356363E-9 0.0499770254333194
0.2216527773738334 0.8287572231622684 0.09320319712735281 0 1.1853931733348834E-7 -1.3050744607825245E-8 0.04997703095238542
0.29491717071644885 0.8166669280321706 0.09422261270086468 0 1.212884305564499E-7 -2.2383672256769606E-8 0.04997703702569257
0.5485314952955888 0.74480230687788 0.1000000000000001 0 1.1171674368202386E-7 -5.583106480256696E-8 0.0499770320105197
0.5518007966248653 0.6760563257947593 0.09465507346897212 0 1.046333596676826E-7 -5.753324721341287E-8 0.04997704228630212
0.5876935447112426 0.6161088910778022 0.09257893706827944 0 9.952925818392831E-8 -6.711873743883039E-8 0.049977043041749464
0.750154542605984 0.541195955123228 0.09999999999999999 0 8.693669860033378E-8 -8.388343979275031E-8 0.049977034257988544
0.6504705486077746 0.5465931881196746 0.09240305490818576 0 8.724742264654939E-8 -7.42066997910311E-8 0.049977036880626886
0.8010710017272109 0.46249419126110153 0.09999999999999994 0 7.896351257043637E-8 -9.318189736409548E-8 0.049977040742982856
0.8437752416466553 0.3790359375932063 0.09999999999999998 0 6.869513959561946E-8 -1.022199687131094E-7 0.04997703812352849
-0.09363126894349026 0.9202489260084377 0.09999999999999998 0 1.293192434354943E-7 2.937088133173237E-8 0.04997701625561453
-0.057540995049113 0.8423979795604501 0.09189602276328529 0 1.1815749862988531E-7 2.2689755122069648E-8 0.04997702967225902
0.06678793864290467 0.7745216917616872 0.08573266337058709 0 1.174732980592062E-7 -1.030668883816867E-9 0.04997703109525314
-0.010066347156763604 0.7750831353836388 0.085534709697028 0 1.1232616992577754E-7 7.315268884688093E-9 0.04997703808858681
0.33139114289377414 0.7785556133621918 0.09206768166444738 0 1.1938188006864473E-7 -3.0446033324441016E-8 0.049977038858601205
0.46249999999999974 0.8010734985006057 0.09999999999999991 0 1.2032549449495413E-7 -4.592638611724508E-8 0.04997702485863967
0.3836506929290542 0.7746515411716933 0.09384509082801115 0 1.1860841357901746E-7 -3.754441158929156E-8 0.049977031869999786
0.1913914876174544 0.7797285375111098 0.08801717214843206 0 1.1045223132488251E-7 -1.3430503769230197E-8 0.0499770320821544
0.13322424106658332 0.7460807458646898 0.0840331591986956 0 1.0904181647235201E-7 -9.463302883478451E-9 0.04997702535738286
0.290977677915208 0.7546407636986491 0.08855875058870188 0 1.1330452884867577E-7 -2.82656528555522E-8 0.04997704571163564
0.23873623781901876 0.768060257846817 0.08814793343306236 0 1.0897907859165691E-7 -1.9745606802981368E-8 0.049977041680503244
0.0873996338681695 0.6969472503405288 0.07943927986118829 0 1.0365744738674405E-7 -5.272925249016176E-9 0.04997701925091259
0.5230354883414245 0.6422697488364205 0.0903707538749386 0 9.784691582889788E-8 -5.5759822089189705E-8 0.04997704971618819
0.4904238791693691 0.6985151762406319 0.09277567976728547 0 1.0361851519714946E-7 -4.8953461232475346E-8 0.04997703792291718
0.49825230464030656 0.6040689738252 0.08623250303750964 0 8.876130654305227E-8 -5.8223280156844444E-8 0.04997705018317641
0.5828756184496425 0.5332115379316272 0.08685116301599329 0 8.399068752219137E-8 -7.00330406165836E-8 0.0499770390366912
0.5354804188313992 0.5793968081607486 0.0867593250488703 0 9.00486077613042E-8 -6.55382026837039E-8 0.04997704821820993
0.706135052883472 0.46732786457169856 0.09212747065803698 0 7.571263875028374E-8 -7.830948512389742E-8 0.049977046974902066
0.626960623589047 0.4522983371432033 0.08535306995964971 0 6.765842318901476E-8 -7.197852781378194E-8 0.04997704207566498
0.7564175363077812 0.3862256756237963 0.09237249347625182 0 6.906397773971604E-8 -9.146857000362067E-8 0.049977049532149286
0.7978472984237353 0.3041762806928352 0.09281227257926786 0 5.617894747473392E-8 -9.562974321229761E-8 0.04997704252894967
0.5572755215547441 0.4510872900080025 0.08061070588876622 0 6.853594651652375E-8 -6.645599951386622E-8 0.049977031282779395
0.8809325160784339 0.2820885436790224 0.09999999999999994 0 5.426562428190972E-8 -1.0366765695135606E-7 0.04997703896103734
0.8318102133114372 0.22322523392999072 0.09353078509252773 0 4.536756741699041E-8 -9.625274989754855E-8 0.049977048940678725
-0.19616860770583672 0.9039546015730862 0.09999999999999996 0 1.309617324443358E-7 4.338538020671044E-8 0.04997701421494138
-0.14285595486183858 0.8282574032154257 0.09152546819348939 0 1.1975847116519217E-7 3.3043457896780744E-8 0.049977022030496955
-0.08028628936017151 0.7814679591465112 0.08645850584417021 0 1.10602868796754E-7 1.967357438865508E-8 0.04997702784150061
-0.04561230651596534 0.7294921334214545 0.08175631121749641 0 1.0544495492667337E-7 1.04969512497037E-8 0.04997702486624162
0.011531729957052473 0.70924084903091 0.0799938250529473 0 1.052891575993779E-7 2.216908147158913E-9 0.04997702265107454
0.3464548928541494 0.7191482470167311 0.08759713317592265 0 1.1042967620801585E-7 -3.7755563677078804E-8 0.04997703637282786
0.41227210451772556 0.7140762315680476 0.090018645217313 0 1.0697315952581906E-7 -4.263969838588344E-8 0.049977032706967836
0.19425119712307035 0.7168127796252429 0.08273823779707913 0 1.0177727868164153E-7 -1.9029222153254617E-8 0.04997702994336141
0.1444236460962668 0.6895139486023729 0.07960445430492033 0 1.0049367231507875E-7 -1.2139132975633424E-8 0.049977020683085974
0.26473613188816314 0.6988930987695542 0.08313425830297129 0 1.0228800034349886E-7 -3.1812242918621E-8 0.049977037397177224
0.31546555307223756 0.6681703741372859 0.0824215607208193 0 1.0058129638970806E-7 -3.732927817698273E-8 0.04997703084136609
0.04599891718688658 0.6542488180254783 0.07585611859697282 0 9.760274891954849E-8 1.7741355863590595E-9 0.049977014127502266
0.1041493181168425 0.6209165315731189 0.07394244219969821 0 9.249632945805575E-8 -2.5759165559873372E-9 0.04997701516930207
0.4534199638911959 0.634338879041937 0.0859386615701075 0 9.028923869523028E-8 -4.954972012754316E-8 0.04997704115649607
0.4723939921181885 0.5653277489130147 0.08223903081434113 0 8.177334726790661E-8 -5.811851470747053E-8 0.04997703984915868
0.5096255127299391 0.5106912413470729 0.08097857821614195 0 7.770365278591636E-8 -6.318207277564473E-8 0.049977033830269094
0.49005227512439603 0.44470401859070546 0.07629562530822705 0 7.028322328885327E-8 -5.716326348193041E-8 0.0499770249766003
0.6719229666176102 0.3884051108238118 0.08561888827579651 0 5.927597489694181E-8 -8.1908947428159E-8 0.049977054230988444
0.585360990165672 0.3703838402167338 0.07867156144500052 0 5.578610958711192E-8 -7.053541386703443E-8 0.04997703168612626
0.7133503615870089 0.32015636681811027 0.08613118221459616 0 5.4404686207162086E-8 -8.937168084192054E-8 0.04997704592280843
0.7561533810021166 0.25116889240286866 0.08746370240455795 0 4.4672780612633826E-8 -8.904104806650352E-8 0.04997704511313473
0.4678168231247622 0.39722837411780604 0.07282402579327739 0 6.699796841421787E-8 -5.203594391936143E-8 0.04997702437758212
0.5201731653431543 0.38799390136202994 0.0753439569886662 0 6.243673549191697E-8 -6.061043910049273E-8 0.0499770242395115
0.9051251569294584 0.19071818089926673 0.09999999999999992 0 4.294551758978285E-8 -1.0764331179740823E-7 0.04997704714826947
0.7902639371480997 0.1788726841459575 0.08869278761371618 0 3.5664900013145524E-8 -9.135118657396935E-8 0.04997705862265187
0.8510855832446352 0.14814580550682155 0.0937894978149824 0 3.770867025245598E-8 -1.0285329871644206E-7 0.04997705640887869
-0.2873939485029833 0.8792210714939994 0.09999999999999992 0 1.2665409640097637E-7 5.591027738073056E-8 0.04997702010721242
-0.23130254147882853 0.8233581280344335 0.09294490463014163 0 1.2196673197920614E-7 4.7373004457699856E-8 0.049977026939079176
-0.31654977457237843 0.8071051679018628 0.09409208829712742 0 1.1353924384806756E-7 5.812271903642166E-8 0.049977029374212716
-0.17894546311077822 0.7718277883825889 0.08706002927260566 0 1.1623751652112906E-7 3.486957482921152E-8 0.049977026089367015
-0.13380906082414656 0.7600240739879769 0.08523325950883374 0 1.1189004365118443E-7 2.688681021381903E-8 0.049977023047681375
-0.09794458893422107 0.7138796015511553 0.08090449857215165 0 1.0485004425128876E-7 1.9502140473633974E-8 0.04997701907039866
-0.048508906291745806 0.6781878024575432 0.07767733236817927 0 1.0026926597749846E-7 1.267641463561425E-8 0.04997701562557602
-0.0078551337227577 0.6491499078369712 0.07536310530979572 0 9.691532397982422E-8 8.933036998908873E-9 0.049977012961962636
-0.22520922840433794 0.7458968973346558 0.08588793599516023 0 1.143170866592353E-7 3.8793976461358454E-8 0.049977033429548276
0.3676404370066046 0.6367719158122648 0.08211917016769558 0 9.399992909608485E-8 -4.1851037912054807E-8 0.04997702810321827
0.1936377969261951 0.6392946953673746 0.07676490405819383 0 9.458761520334243E-8 -1.8057789750986053E-8 0.04997701999321667
0.2841334503354857 0.6165726819630527 0.07759808624216208 0 9.286375514054478E-8 -3.172993786581308E-8 0.04997702132521688
0.15199695343335892 0.5713443637747505 0.07128864354870554 0 8.7861779183013E-8 -5.549895139053913E-9 0.04997702151474724
0.020086990102898376 0.582926818943489 0.07076019404513119 0 8.756707553079182E-8 1.0394072709991368E-8 0.04997701377844591
0.09263905094403112 0.5551170207203663 0.06943102413110944 0 8.284105816432944E-8 3.714203488439391E-9 0.049977022937017626
0.40094975894605217 0.5652131577221657 0.07869394977656125 0 8.238463243610008E-8 -4.6020874185977113E-8 0.04997702604479155
0.44736034083495335 0.4974141441538551 0.07684191432450417 0 7.561500042443077E-8 -5.2108044617558765E-8 0.04997702607029121
0.43140219656813134 0.4287675225971859 0.07244484890584983 0 7.086903877871242E-8 -4.57649977931073E-8 0.04997702534164756
0.6341588941531795 0.31283518999890125 0.0798162445324894 0 4.893829720821755E-8 -7.869228949314227E-8 0.04997703540864444
0.5293785213896149 0.3388907230126146 0.07386902220939724 0 5.646888713177674E-8 -6.139056534901448E-8 0.04997702350305295
0.5661686439840169 0.30314954318445153 0.07485251919573685 0 5.047796924677875E-8 -6.662170881185203E-8 0.04997702535115179
0.6744856330743808 0.25899543825752414 0.08106282636378112 0 4.2951302514780616E-8 -8.190139439587685E-8 0.04997703658642568
0.7226994437477959 0.19973529248782174 0.08334138075756292 0 3.344293369432653E-8 -8.445594572768948E-8 0.049977045648016555
0.432283916850713 0.3802988180284773 0.07026687195777442 0 6.755075256275889E-8 -4.56799431161834E-8 0.04997702949006966
0.471669282894354 0.34325991058700306 0.07076541111671207 0 6.136803462705076E-8 -5.2600494532275696E-8 0.04997702529022158
0.9192877608705788 0.10260257931928718 0.09999999999999994 0 3.1890763402011205E-8 -1.1491774298614604E-7 0.049977047320547204
0.8038717607621602 0.12213857484508563 0.08895470660031483 0 2.972311210051714E-8 -9.979866768928288E-8 0.04997706235070141
0.7461230180043805 0.13265602880629776 0.08402816782270865 0 2.3245557413601377E-8 -9.110633742419575E-8 0.049977056006969674
0.8513706752696019 0.07427003550197267 0.09288407134507307 0 2.6598102209084876E-8 -1.0725246186588892E-7 0.049977052489875065
-0.37078556224583165 0.8474286657041801 0.09999999999999998 0 1.1750623120506914E-7 6.477476941979157E-8 0.049977018554066256
-0.2837405614792432 0.7514739211838952 0.08805204152803742 0 1.0878643934979329E-7 4.765397507561485E-8 0.049977039655485764
-0.34402355613461416 0.7467533926463904 0.08979839619713195 0 1.0417936183875408E-7 5.640073720798515E-8 0.0499770296030698
-0.37812997462304876 0.7796968295885027 0.09405159466762453 0 1.0855794282349251E-7 6.394847469023816E-8 0.04997702295338806
-0.1720142422395265 0.7059350940103875 0.08139872432652721 0 1.0753423211061996E-7 2.9762152600065676E-8 0.04997702114835994
-0.11459365381122653 0.6489796043007033 0.07609123122821615 0 9.753425280936137E-8 2.4425681599575952E-8 0.04997701305549017
-0.05636556989485568 0.6123374883168238 0.07290850863136557 0 9.2779614123807E-8 1.9003059976419775E-8 0.04997701205797169
-0.25001651455608 0.6877574831582878 0.0818288600417976 0 1.0399644706410632E-7 3.6844457105439236E-8 0.04997702739336191
-0.052031801679697585 0.5443357511275841 0.06842717285738567 0 8.53633121891803E-8 2.178519453682587E-8 0.04997701973582796
0.3180361598450387 0.5508547874957042 0.07440724687637126 0 8.408690503538611E-8 -3.295864748821129E-8 0.04997701735605837
0.22784343961994075 0.5451094489255655 0.0712614275403811 0 8.661530869646504E-8 -1.8266046990614267E-8 0.0499770195192839
0.15223360853370177 0.5114589799667827 0.06762073099832457 0 8.271793587542332E-8 -4.11685294304526E-9 0.04997703637016267
0.001253333994083932 0.5186888782774371 0.06673044987207258 0 7.958801965310248E-8 1.3431820667337577E-8 0.04997702119826366
0.04502055801070238 0.5239593119206278 0.06715619876796415 0 7.759976415578631E-8 8.501524217019835E-9 0.04997702366908842
0.09307018049889716 0.48701542238591894 0.06541754354915293 0 7.079506250901817E-8 5.762805521313774E-10 0.04997704019569994
-0.028427878816465992 0.4894039605592073 0.06510500934199118 0 7.826458278375464E-8 1.577149855295909E-8 0.04997702536199494
0.3618627937090411 0.47199806236141684 0.07152593305679358 0 7.432149733706564E-8 -3.4986947444247275E-8 0.049977022171418556
0.3818998921620359 0.39282083230988174 0.06849211870683777 0 6.829904426165737E-8 -3.532784395783859E-8 0.04997703679533358
0.5964895386590119 0.24538252217967105 0.07505456752399718 0 4.3506217631799366E-8 -6.975597555127944E-8 0.04997702739498747
0.5023235944487768 0.2915186453354023 0.07059623054924216 0 5.297289309136736E-8 -5.602865927680543E-8 0.04997702444683682
0.5325092597313041 0.25445661626164345 0.07121936353097057 0 4.756392171888821E-8 -5.9059988431982366E-8 0.04997702601193113
0.6524176664552401 0.20477109599706136 0.07797707686621597 0 3.574798467640022E-8 -7.729391541207302E-8 0.049977033155030264
0.6908574756839181 0.1584953945063365 0.07995126254637963 0 2.6973521170219738E-8 -8.243342478789246E-8 0.049977041154354127
0.5953591891669738 0.1936606882201294 0.07369160395615945 0 3.862790954742818E-8 -6.858686886069551E-8 0.04997702948206283
0.6892086201904363 0.11760753932384704 0.079182235454291 0 2.170298444399451E-8 -8.400182612024724E-8 0.04997704052407038
0.405879084331799 0.3317218591300754 0.06705525860874957 0 6.267366569920567E-8 -4.4754432248288105E-8 0.0499770383972065
0.4374027432196878 0.28280425722565 0.06685837267776955 0 5.3702056626960815E-8 -4.8549132861403565E-8 0.04997703119229289
0.9249999999999994 2.4083227273235917E-16 0.09999999999999988 0 1.749185628857717E-8 -1.1389334279676102E-7 0.049977043769690074
0.7822439697509949 0.07342341173252223 0.08646750245519459 0 2.0199104046565386E-8 -9.97502982268586E-8 0.04997705447188489
0.7247257834183622 0.08520662975023731 0.08165698245211614 0 1.7309603581194052E-8 -9.073520282240392E-8 0.04997704657224193
0.8252770499196596 2.2719212644267835E-16 0.09008727174442381 0 1.3907485269127895E-8 -1.0079277289807284E-7 0.04997704941804185
0.8548200389796248 -0.0652462727687064 0.09314675085287963 0 7.917876083838483E-9 -1.0180610927807794E-7 0.049977053061071655
-0.4625 0.8010734985006055 0.09999999999999995 0 1.1327901602032765E-7 7.721372953105145E-8 0.04997701337370611
-0.4789401191209053 0.7197628636157833 0.09385470752197606 0 1.0513417112500996E-7 7.973541676910681E-8 0.04997702254991953
-0.5083123257938114 0.6756675576578802 0.09200745306162256 0 9.92660885165202E-8 8.380988540015376E-8 0.049977030822091546
-0.32754350874215143 0.6890222378899378 0.08446715933764734 0 9.957346680147141E-8 4.912442762292826E-8 0.0499770263346847
-0.41247406389305447 0.7144260354671815 0.09005646238462256 0 1.0367320668525594E-7 6.712320454653088E-8 0.04997702274411797
-0.19051431605916905 0.626194724144322 0.07575740850014469 0 9.436849278003046E-8 3.398383807330398E-8 0.04997701429907111
-0.12546868182070262 0.5661421054611622 0.07053660282173835 0 8.581255906455727E-8 3.2525906274955894E-8 0.049977019530809914
-0.19168892528151546 0.5624523066487603 0.07149027116733264 0 8.25594934806654E-8 3.87485704573564E-8 0.04997701634538248
-0.29003290264585363 0.6297052539110426 0.07871782471366957 0 9.396954800457643E-8 4.386436843268577E-8 0.04997701650058464
-0.10596501162257628 0.5041773372256166 0.0665257287102945 0 8.016074193957434E-8 2.988864045520365E-8 0.04997703646370486
-0.0710277803670786 0.4813038479979327 0.0648997774631422 0 7.993265128903306E-8 2.114000150766648E-8 0.049977033321578074
0.27234892372669683 0.47172217328134014 0.06829621029644013 0 7.589038184311573E-8 -2.3122573152306104E-8 0.04997702214916241
0.21079455863719812 0.4693257584201238 0.06648483672306539 0 7.89747477080046E-8 -1.665238286874157E-8 0.04997702895807771
0.14985938251764008 0.45279307874260605 0.06437801254812757 0 7.507325203821563E-8 -1.3181641741784468E-8 0.04997704322589754
0.18545604713463826 0.4304739947807409 0.06393784680976806 0 7.252000044992175E-8 -1.7715408986560424E-8 0.049977033086458955
0.11053788187593885 0.4306223745782792 0.0626902062642271 0 6.633955371923185E-8 -1.094903566704216E-8 0.049977038953213
0.019795838688718648 0.4703114259817322 0.0640444060829731 0 7.14403995205666E-8 7.844571448915955E-9 0.04997702609174632
0.06533055038853271 0.4354649165439313 0.06247764990259347 0 6.462228985687753E-8 -2.3915690384541154E-9 0.04997703177443891
-0.04037960269203985 0.4408570318083466 0.0625957773306699 0 7.259380263740406E-8 1.3050111209275577E-8 0.04997702699379407
0.3329058545937796 0.33325924236807375 0.06406157186555389 0 5.311212672837933E-8 -3.703500985543223E-8 0.04997705074526202
0.30693864167133966 0.4042133776050551 0.06608285286906407 0 6.311811383133873E-8 -2.543297898293733E-8 0.04997703459832122
0.5387084587482874 0.20560708274998704 0.07032262751622614 0 4.292775522327779E-8 -5.8528339093733604E-8 0.049977031669743904
0.47599510640454495 0.23047538821938993 0.06733340193971542 0 4.493790208850337E-8 -4.968529728459772E-8 0.04997703258984342
0.5285393108936259 0.16518893231571916 0.06885934434787161 0 3.973193598968224E-8 -5.73967207092968E-8 0.04997704012041477
0.6359863797306671 0.1341128294488754 0.07542020319546491 0 2.8229099840260958E-8 -7.5863683943961E-8 0.049977032411056964
0.5665181445886517 0.15558354761445173 0.07104008880031383 0 3.730901653452598E-8 -6.463690940819084E-8 0.04997703407039926
0.660910431014522 0.06111123862815046 0.0764443497197492 0 1.7212658198550704E-8 -8.051329468615959E-8 0.04997703308578063
0.3628225028367361 0.2686598783514226 0.06303900336729049 0 4.787861341895115E-8 -4.3501620682017336E-8 0.04997703677854873
0.40159415937487913 0.22227119456522582 0.06342742714419668 0 4.059386937907168E-8 -4.366510695377689E-8 0.049977033987217215
0.8374232558848936 -0.1293417213860296 0.09218338983550127 0 2.4651120037190157E-10 -1.0189150581064351E-7 0.049977062483823345
0.9192877606928149 -0.10260258091221071 0.09999999999999994 0 4.641487442115466E-9 -1.1141600438550583E-7 0.049977050020407185
0.736498120183538 1.9461726324828643E-16 0.0822207664498539 0 8.214693189313403E-9 -8.912012441122606E-8 0.049977043067511356
0.7859407931602105 -0.07401767626946824 0.08680140328934059 0 9.63593866692503E-10 -9.084139795464315E-8 0.04997705702203528
0.7880045515761323 -0.12910173677696724 0.08762058220646912 0 -6.095832572211681E-9 -9.469383343141964E-8 0.049977066560961084
0.7883546035916829 -0.16488856810254315 0.08824892692988198 0 -1.0343039959161995E-8 -9.949553422951435E-8 0.04997706558503805
0.7597010793028802 -0.19500257071099414 0.08634694259141451 0 -1.70557397036039E-8 -9.65822120797765E-8 0.049977058337123355
-0.5485031394581955 0.7448231888659758 0.09999999999999998 0 1.0698168920795869E-7 9.019368110187304E-8 0.049977018705079715
-0.5596851197575441 0.6634042603718276 0.09419033697962353 0 9.342169899223399E-8 8.960707148844818E-8 0.0499770300113383
-0.4499036574234318 0.6597655574984556 0.08762543161615084 0 1.0110449654526697E-7 7.245944200347484E-8 0.0499770279996295
-0.5084523869045262 0.6310249340793687 0.08870435188239581 0 9.443793432463459E-8 7.98115871396738E-8 0.04997703858977704
-0.3679940573528886 0.6373844042186184 0.08217817873449768 0 9.647116792731459E-8 5.599273993597731E-8 0.04997701935733991
-0.42125713605646403 0.6077940464059373 0.08247265847688973 0 9.592710098747772E-8 6.400704426137735E-8 0.04997702350594836
-0.5445828559277581 0.5931276201062035 0.08823074690283744 0 8.521280423063243E-8 8.013710923256404E-8 0.04997703626820135
-0.2598642375444073 0.5690891545970852 0.07365958600480058 0 8.45155674563273E-8 4.417118507242044E-8 0.04997701103354096
-0.146043412013244 0.5032640730580226 0.06704541835555089 0 7.410268972673247E-8 3.507862651505717E-8 0.04997703606997902
-0.17773060720916645 0.5259463281585312 0.06894804779728927 0 7.581507094184584E-8 3.877405587172458E-8 0.04997702432860903
-0.21172158677062325 0.5198781223671345 0.06933829044213057 0 7.465742533697051E-8 4.1640867071796865E-8 0.0499770189480428
-0.31860245148696237 0.5518356333914171 0.07448895588812982 0 8.378181466553064E-8 5.174004695784687E-8 0.049977009782368555
-0.14030890931253803 0.4679836164169959 0.06501280116403946 0 6.990393147218258E-8 2.8112977007881047E-8 0.049977042745314344
-0.1029411460718821 0.44640858274387013 0.06338188130081228 0 7.32797200129493E-8 1.9208310927851797E-8 0.04997703931277408
0.2318898921058528 0.4016450748890024 0.06367695651733307 0 6.467428871006315E-8 -2.1330991949249576E-8 0.04997702815707621
0.15384627156060382 0.38391173658918915 0.06118533303935767 0 6.294102658406212E-8 -1.6203897886539653E-8 0.04997702734086531
0.08567704016096146 0.39343427128029224 0.06068036954612458 0 6.13955196141498E-8 -7.084987067689165E-9 0.04997702721733482
0.05891091878969271 0.3561813785904501 0.05888183035860122 0 5.783856180128653E-8 -4.783386979358439E-10 0.049977020040897026
0.013052198219917915 0.38970549808144694 0.060109559393507296 0 6.220668627555281E-8 5.402796702286137E-9 0.04997702082829221
-0.07539656272461731 0.38263872680028077 0.06011274428033935 0 6.306127991449849E-8 1.53646352828867E-8 0.04997702252045176
0.29687695963224414 0.26583446546620587 0.06049214663587172 0 4.3529689367192293E-8 -3.419607375969728E-8 0.04997703035858114
0.2625418688185837 0.33648330779519714 0.06181290503458571 0 5.0868482241109686E-8 -2.7032832317435004E-8 0.04997703163924185
0.4879508039440347 0.1753290332884817 0.06671893154849401 0 3.838188380328963E-8 -4.96646839101396E-8 0.04997704497858326
0.44078820931890456 0.1777885340956575 0.06428879605061416 0 3.312377248261322E-8 -4.481230919738974E-8 0.04997704348631259
0.5192463818471629 0.12824117265253684 0.06769417632898124 0 3.613581901362438E-8 -5.965013724970129E-8 0.04997704677576405
0.5800435663390094 0.07440259297015445 0.07086095755136958 0 2.546955634897337E-8 -6.996904751907882E-8 0.0499770319611211
0.637168246229727 1.7636191275501274E-16 0.07448630903843242 0 1.1154875993554868E-8 -7.597112428924593E-8 0.04997703004662047
0.394490378891255 0.17177804019933987 0.06198157459134764 0 3.026518328380374E-8 -4.214801747528218E-8 0.049977036182137134
0.33827356631260735 0.19741612693850674 0.060186571415137134 0 3.580408494639363E-8 -3.714424905474282E-8 0.04997702781133539
0.823080640176532 -0.2073363860609292 0.09232209730203018 0 -1.219886911465421E-8 -1.0595634879486553E-7 0.049977057945714796
0.9051251563026288 -0.19071818387397393 0.09999999999999996 0 -7.577574900336456E-9 -1.1476931073193812E-7 0.04997705227889478
0.6918887433807663 -0.06772116765551028 0.07886795692620671 0 -1.7207265834317494E-9 -8.108841064167153E-8 0.04997704020342794
0.7325342916850162 -0.13408386908087777 0.08291013088256638 0 -1.298780033844768E-8 -8.798962035924891E-8 0.049977056172221784
0.7578046117703348 -0.24801668508133748 0.08751626752734717 0 -2.1641794931647505E-8 -9.462210094126866E-8 0.049977052635529304
0.7040732060431756 -0.2032143579310842 0.08191372549943252 0 -2.0016095535330956E-8 -8.662055567013196E-8 0.04997704771109051
-0.6177328508859397 0.6884991641819087 0.09999999999999995 0 9.508377246570693E-8 9.620606733000004E-8 0.04997702025032375
-0.6071515389330133 0.6092519905512257 0.0934219469334025 0 8.416507520494152E-8 9.197204204316294E-8 0.049977025479260015
-0.5735399527378838 0.553508622043815 0.08749015204644302 0 8.01480309840402E-8 8.332981246199972E-8 0.04997702795858475
-0.47303326379715877 0.5791284533565412 0.08316905076856485 0 9.17775133637095E-8 6.837753631709175E-8 0.0499770312644108
-0.39181543828090004 0.55445735722153 0.07760084140770421 0 8.711653475514511E-8 5.991318704897336E-8 0.04997701453916199
-0.5240933648557364 0.532232296917964 0.0831006990315747 0 8.117200957188012E-8 7.400503769871395E-8 0.049977026395098795
-0.2730034360466586 0.47285582187369307 0.06837705113188602 0 7.104005513251151E-8 4.9580386891782375E-8 0.04997701562067245
-0.19156331121345604 0.4731617410648762 0.06625147072173328 0 6.693525194751013E-8 3.668934738895391E-8 0.04997702895375177
-0.3580569939172612 0.4725541821277962 0.07140049698238948 0 7.259158951554108E-8 6.09566502705672E-8 0.04997701385708112
-0.30165136280488036 0.4184145297189895 0.06656200918217181 0 6.693381973241982E-8 5.5359458559836355E-8 0.04997702419940202
-0.157502577302292 0.4062797025959702 0.06224976286168573 0 6.255891322522483E-8 2.4873711756797507E-8 0.04997702872590385
0.1923176439095004 0.3331039304431941 0.059877835485628056 0 5.410944119468376E-8 -1.8621042242680583E-8 0.049977021124871165
0.10763513709501452 0.32249572723181036 0.058047784011843524 0 5.469557957519881E-8 -6.1427341062163355E-9 0.04997701839346098
0.02555769618970364 0.3104658173674803 0.05699894508193309 0 5.289302186216807E-8 8.811740193564937E-9 0.049977020978623804
-0.04439277195221167 0.328710102628296 0.0577329050528648 0 5.4049311342544915E-8 1.5869017101211365E-8 0.049977018249625166
-0.11902524067374878 0.32805250160257865 0.05839824108948766 0 5.3608821061027155E-8 2.3312633985261E-8 0.04997701603400185
-0.017053837843317182 0.27836069099312905 0.05590951428308119 0 4.671171269918332E-8 1.722536420786674E-8 0.04997702701653539
0.011677278178983168 0.25977319628253465 0.05533524160416193 0 4.66116613944668E-8 1.4694595507037319E-8 0.04997703320952084
0.26432978404622737 0.19520810401833602 0.05761727712614054 0 3.810863488005632E-8 -2.5232840094800262E-8 0.04997702407053396
0.22703812963746223 0.26409762190385005 0.058370438456053005 0 4.454190028501629E-8 -2.1492223324559848E-8 0.049977021057617664
0.4615326701397575 0.12346215125476942 0.06442192515091573 0 2.6316040533486048E-8 -5.323318078367587E-8 0.049977056341081745
0.41609697408913515 0.13788398400008958 0.06237868126929303 0 2.375657629860615E-8 -4.5819161083917986E-8 0.049977043897042314
0.493812622045095 0.06489296717588176 0.06554297030555511 0 2.3598748406424402E-8 -6.185063107757776E-8 0.04997704392474284
0.5965173615012843 -0.07939251741876009 0.07200225824383245 0 3.810744484946017E-9 -6.933095346759631E-8 0.04997703332461993
0.5449077695259101 1.790659953385319E-16 0.06830916124377963 0 1.5713119748171478E-8 -6.373809411551103E-8 0.0499770330403397
0.35923719947272786 0.12552401442410066 0.05970040660633742 0 2.4589341758528108E-8 -3.965850486030843E-8 0.04997702986990688
0.23462332403576253 0.13422621113694225 0.05564316792853833 0 3.5137235987056524E-8 -1.911998546566929E-8 0.049977034861874846
0.29070078878885497 0.12979410487969603 0.05724274123768994 0 3.08632374395152E-8 -2.9412860253659814E-8 0.0499770260033792
0.8014927716328408 -0.29144105877124366 0.09271262928645599 0 -2.3312077300835502E-8 -9.976160173064515E-8 0.04997705107168926
0.8809325145611795 -0.2820885484172241 0.09999999999999999 0 -2.0643324441996723E-8 -1.1235301928323572E-7 0.04997704688584266
0.6510493529215736 -0.15514133280147802 0.07686356365481603 0 -1.188625390455677E-8 -7.811700881605211E-8 0.049977038417129874
0.5770279320473077 -0.1518434761804153 0.07165568912865206 0 -4.280788184585744E-9 -6.94700109075566E-8 0.049977037439380485
0.7173493567573875 -0.3169596225802428 0.08634023460744476 0 -3.00870616611603E-8 -8.329408231174514E-8 0.04997705475237054
0.6897625743522149 -0.264441860913035 0.0824063475266023 0 -2.620508163151139E-8 -8.180617298688922E-8 0.049977046521934215
0.6384778628041973 -0.23491899962832427 0.0777084562971251 0 -2.2002755488499405E-8 -7.613335508544644E-8 0.04997703816046656
-0.6847646792234083 0.6218628292777221 0.09999999999999995 0 8.6060351312929E-8 1.0403826847080885E-7 0.04997701441483799
-0.6465139113454264 0.538316822314734 0.09160194260007758 0 7.828888652595028E-8 9.828252884948146E-8 0.04997702208607203
-0.5770660846669927 0.4836246905463882 0.08360849061752018 0 7.554523879507319E-8 8.479976605576358E-8 0.04997702182054938
-0.45509595152323246 0.486640439064581 0.0766367028663977 0 7.584155156701047E-8 6.810977247851983E-8 0.04997701521688295
-0.41803303753571375 0.41861066103869105 0.07131407766744806 0 6.200817497536648E-8 6.863355831206675E-8 0.0499770178457972
-0.5228737105474611 0.469403410425903 0.0794598201715015 0 7.375766300371993E-8 7.618052183128804E-8 0.04997701720359429
-0.2326279902659774 0.402923498403311 0.06375456788963607 0 6.385134052941098E-8 4.0604003496253736E-8 0.04997702278033631
-0.2807191746564195 0.3771430143239577 0.06401358518053686 0 6.458469194258301E-8 4.9263063355368034E-8 0.04997702897964215
-0.366851516506518 0.3914531813319968 0.06779342734587492 0 5.851683566539778E-8 6.500650497286387E-8 0.04997703162540442
-0.31784422091904324 0.3574692689417032 0.06445327462614314 0 6.19211188551762E-8 5.403625135908993E-8 0.04997703992671792
-0.19326570388917427 0.3347460184966118 0.05996054906425582 0 5.6320774192658106E-8 3.2674158617377774E-8 0.04997701705540213
0.14969050843762158 0.2592715660247785 0.05657975437506353 0 4.699619143094702E-8 -8.390123588342304E-9 0.049977019051622745
-0.15073713287945018 0.26108437273446894 0.05665087411303694 0 4.3928037454165305E-8 3.143610506393475E-8 0.04997701568372969
0.06630901180929023 0.250856535710505 0.0553186995326227 0 4.823777167695743E-8 5.2312665161388815E-9 0.049977028680117955
0.017981432514459814 0.22651294475696923 0.05443142027174295 0 4.396699171874649E-8 1.2402778266595986E-8 0.04997704441953246
-0.07471068043782808 0.2615864764835527 0.0556965634877458 0 4.204029019355205E-8 2.3314740315749422E-8 0.049977023579347656
-0.014253461472862217 0.23459230484404994 0.05463523466770248 0 3.989508972303204E-8 1.7620434012837794E-8 0.04997704174414436
0.20062573683728832 0.09527047772396216 0.05430115527057267 0 3.00072678375978E-8 -1.791437745778137E-8 0.049977049851467614
0.18890830540911194 0.1893292231980287 0.05555650018582656 0 3.854667793975178E-8 -1.0736935960139056E-8 0.049977029006225956
0.18353225708574536 0.1263657612272312 0.05431954168807018 0 3.128497725835829E-8 -1.0430812653497114E-8 0.049977048959519654
0.4146151646677903 0.077681020975073 0.06157475739077052 0 1.697522011112753E-8 -5.0014545923649505E-8 0.04997703921136845
0.4636209692030302 1.4593888372567647E-16 0.06366862151549985 0 1.1689559563750827E-8 -5.3001949037581695E-8 0.049977037420352415
0.5270134709035552 -0.12362075461980128 0.0680883893303861 0 2.7333672416891766E-9 -6.148800421426171E-8 0.04997704825414206
0.5078212312272355 -0.05773868566153319 0.06628756501631428 0 8.030221178090749E-9 -5.4971054963261664E-8 0.049977042532465626
0.3331467524821928 0.0633273262949379 0.05801432008933982 0 1.945407508150581E-8 -3.6843067522718503E-8 0.04997702494853573
0.2538184516803514 0.06940494742292715 0.05542696753822805 0 2.6830580571542025E-8 -2.597962894503923E-8 0.04997703294582405
0.7635253857731481 -0.3782532475337201 0.0926398396720293 0 -3.24407521100544E-8 -9.227652348113502E-8 0.04997705924213881
0.8437752388147 -0.3790359438971111 0.09999999999999999 0 -3.190555399856898E-8 -1.0393674413623093E-7 0.04997704889745387
0.5898871014295897 -0.20776639827421509 0.07364495662277286 0 -1.4810970458837992E-8 -7.166340761741684E-8 0.04997703482326313
0.5408130551366508 -0.18150058753720788 0.06992281214701015 0 -7.2230913939164346E-9 -6.744031046996875E-8 0.04997704058963573
0.6777956079436661 -0.39290477214771746 0.08626804024189792 0 -4.35968378540845E-8 -8.033736134818165E-8 0.04997706711642498
0.6346730356926773 -0.3174870091624343 0.08001946855914076 0 -3.487313160519993E-8 -7.216942370301351E-8 0.04997704549921325
0.5796784116794852 -0.2776116098201063 0.07488927562467991 0 -2.6349558118324252E-8 -6.855528860852067E-8 0.04997703440458242
-0.7501326501074496 0.5412263004122693 0.09999999999999999 0 7.752873094548592E-8 1.1579175617068128E-7 0.04997701639619783
-0.7186415188607144 0.4635460562865767 0.09293928953994947 0 6.784951496368544E-8 1.1120301128582946E-7 0.049977030466607154
-0.5580584193120213 0.42548332869284045 0.0793877523859349 0 6.946356810165363E-8 8.227130216372741E-8 0.04997701705563586
-0.6328963674406778 0.4470501467799965 0.08550954643040555 0 7.310895564777466E-8 9.590812094088137E-8 0.049977028645100015
-0.6767294999436545 0.3833870641168075 0.08576692861654717 0 6.356833172243725E-8 9.703190741766512E-8 0.04997703889489029
-0.4324706598932547 0.3595596935895599 0.06940707877592157 0 5.128398125484892E-8 6.865805792046139E-8 0.049977021268249024
-0.48200836859227103 0.4026983386005155 0.07383556549613608 0 6.169520372017267E-8 7.375924450690851E-8 0.04997701291985971
-0.5442886348821633 0.36830034160648034 0.07595460109733419 0 6.048830959434302E-8 8.080397956960908E-8 0.04997701312112623
-0.3182526738785638 0.31228528282505874 0.06275542647814243 0 5.57361048351155E-8 4.7123062351102884E-8 0.0499770369837416
-0.25621859628623345 0.32661564029958035 0.06125711843708684 0 5.867863853869071E-8 4.1428930933676805E-8 0.04997702425006727
-0.37474174799433474 0.325215240573534 0.06543736846884436 0 4.796896148998739E-8 5.6895803940802E-8 0.049977038423489405
-0.4300985673768074 0.3012630280350379 0.06711000127247038 0 4.444885913325981E-8 6.642270196434397E-8 0.04997702293937644
-0.22695325756190313 0.2565120405768185 0.058144911454045704 0 4.594849615820126E-8 3.928724734198722E-8 0.049977016140099265
-0.18350196867475074 0.18844743574056294 0.05542383280391715 0 3.345704397577288E-8 3.905048735446017E-8 0.04997702584692029
0.11136664405289663 0.19289268576805546 0.0543171535525474 0 3.923723775780464E-8 -1.4827826959382013E-9 0.049977032811565195
-0.1122914677939212 0.19449452747555573 0.054363926326504504 0 3.397136050432181E-8 2.824291359989608E-8 0.049977030332617994
7.833096257776418E-4 0.19069362679459012 0.05356840441819727 0 3.6355689783876055E-8 8.453056928041502E-9 0.049977051051277394
0.04520143550094839 0.18418512355280772 0.05354594410814683 0 3.971694014471086E-8 3.2128756852494804E-9 0.049977044232804115
0.017173734845246678 0.1662656573333219 0.05309215701680856 0 3.477699008879424E-8 3.453628301984988E-9 0.04997704685206083
-0.04746651353754764 0.1829715324610284 0.053532622158623755 0 3.105538708997063E-8 1.5573115360067327E-8 0.04997704274491151
0.1909210649037195 0.04684254353730668 0.05369730809312632 0 2.089949758407427E-8 -1.9826177741007046E-8 0.049977045667708164
0.15384433041034729 0.09209874155024392 0.053330182368177645 0 2.123392279448049E-8 -1.2562041730347647E-8 0.049977053000794684
0.13647605991683223 0.1435082568468913 0.053729825805134857 0 2.9395232233601136E-8 -4.801371817133219E-9 0.049977043116034674
0.38492668203237634 1.0023152680894796E-16 0.05989052034096669 0 8.84712386551331E-9 -4.257645724195048E-8 0.04997702890200305
0.4253355502182104 -0.06042681663517086 0.061949401873126426 0 -1.123175360346889E-10 -4.4235511791917565E-8 0.04997704070210902
0.48600244774065643 -0.18106149615140063 0.0667271620082264 0 -9.24657767047586E-9 -6.267961592995142E-8 0.049977049210869005
0.4535801009187721 -0.11979187747949692 0.06395953291420167 0 -7.615228745308232E-9 -5.054198604041947E-8 0.04997705891991084
0.30024351839566077 1.0287337474471442E-16 0.0566089984335615 0 1.4134342347504944E-8 -3.138144506102638E-8 0.049977024835618764
0.2238875048948223 7.961310541061857E-17 0.054346295287657866 0 1.6444034596890118E-8 -2.1271086733654858E-8 0.04997703700607097
0.7176713367395706 -0.46521260674377907 0.09294805270739667 0 -4.733622169149153E-8 -9.281708000259055E-8 0.049977060656987746
0.8010709981238167 -0.46249419750242293 0.09999999999999998 0 -4.398212171110554E-8 -1.0156023369793513E-7 0.049977054261645636
0.526450453306162 -0.2376825100162034 0.07038843476625323 0 -1.703272960388569E-8 -6.528119028280317E-8 0.04997703522905977
0.4546475825643904 -0.23293628734368743 0.06627327609670221 0 -1.7225834159843003E-8 -5.5970051488935274E-8 0.049977040467425356
0.5306797663003683 -0.29923675531161764 0.07251363051783592 0 -2.7220528937610863E-8 -6.305529478258055E-8 0.04997703271912301
0.6103906305879975 -0.40135765312469507 0.08172372928462608 0 -4.804272359204595E-8 -7.167074434420165E-8 0.04997705121544618
0.6403517767463041 -0.46278562534170165 0.08686037768572827 0 -5.271550212828787E-8 -7.976008900802106E-8 0.049977056966435285
0.5664981365845182 -0.34007595181336636 0.07621962270586985 0 -3.634302549198864E-8 -6.565145605753439E-8 0.04997703702232339
-0.8010558185062641 0.4625204886241073 0.09999999999999998 0 6.46338764827834E-8 1.2000117630877238E-7 0.04997702184483261
-0.7603438011582597 0.3738096376808479 0.09217483686370775 0 5.293626364891959E-8 1.0967384845336004E-7 0.049977030670352425
-0.6064827120561795 0.3683452405387546 0.0800133246078764 0 6.437877948315077E-8 8.752809943024091E-8 0.04997702217505258
-0.6554904399290363 0.3258387756938692 0.08184700708932659 0 5.686126697980593E-8 9.197049073895774E-8 0.049977025986658936
-0.7173789460644423 0.3218656625868021 0.0865204629875929 0 5.141513807019941E-8 1.0117321343504968E-7 0.04997702967512576
-0.4490633670822638 0.262933614095089 0.06682964731028332 0 4.1292517237553334E-8 7.066152420900499E-8 0.04997702089835684
-0.561964870759204 0.31624700130713357 0.07504348009682706 0 5.31952620783413E-8 8.332770825318891E-8 0.04997701264604706
-0.4969688691845382 0.31115828345845914 0.070963541880969 0 4.831093213217345E-8 7.639286386044458E-8 0.049977013054452075
-0.3445240713159381 0.2767146512083848 0.0625551726814487 0 4.749958772427774E-8 4.970118082456605E-8 0.04997703095135797
-0.29822944351534514 0.2720284218761082 0.06072614652584281 0 4.9988476488977744E-8 4.4601000005342273E-8 0.04997702558567256
-0.278960464150049 0.23105339123962187 0.058930977919053947 0 4.254143678430647E-8 4.4653914671507626E-8 0.04997701880475851
-0.39866775255885006 0.2551376793832062 0.06418286265211672 0 4.2017443759950003E-8 6.106343881837136E-8 0.04997702570347528
-0.43855507291261625 0.22078311851591842 0.06514753629020965 0 3.839139794788217E-8 7.084209144211178E-8 0.04997702574762315
-0.25569422992480945 0.18010642956677383 0.05704280655464758 0 3.222571803568948E-8 4.497839587218379E-8 0.049977020166560054
-0.22047029564306936 0.14293411554993973 0.05541545974285534 0 2.4002197314330987E-8 4.281622784236719E-8 0.0499770321117125
-0.18680865935078536 0.12991541986645877 0.05443956342319764 0 2.4154213341870482E-8 3.9156891424750296E-8 0.04997704369481343
-0.13865734030206037 0.13413724110678016 0.05361667711440055 0 2.999421096621799E-8 3.141361028883642E-8 0.049977042774070314
-0.13558426904309848 0.09984465055515283 0.05311549222562181 0 2.7450725396423702E-8 2.6911484509134234E-8 0.04997704652561403
-0.25161809751440434 0.1255049475699697 0.05598231997151887 0 2.149900566917569E-8 4.414669934909846E-8 0.04997702678735875
0.19420772375092543 -0.04676552312468657 0.05376845209193871 0 8.94344605350705E-9 -1.4376827190450143E-8 0.04997704674201776
0.07844894660138703 0.13587756131386025 0.05290437550856243 0 2.890178253914308E-8 -2.1194703825138238E-9 0.04997703996324082
0.1581850159804538 4.03666044625459E-17 0.05292729798071231 0 1.0816035204731854E-8 -1.2569867356028478E-8 0.04997704319488194
-0.0793293077376864 0.13740239153093967 0.05293577949983721 0 2.918034876075038E-8 1.9029079716155134E-8 0.049977038535288655
-0.10192189467460562 0.10267269443312377 0.05269596908601703 0 2.7653437372210675E-8 2.142526724892145E-8 0.04997704017532963
-0.004334214649360648 0.15163914092247652 0.05281372846092682 0 3.082518041144098E-8 4.909055240631273E-9 0.049977044210558125
0.035198297345602834 0.13784946141786308 0.05265706254873472 0 3.015759353838184E-8 6.167311001880307E-10 0.04997704071142089
-0.03647527919163236 0.1302798698937503 0.05254752074115307 0 2.7777111096153873E-8 1.007369032770619E-8 0.04997703875380479
0.12737884186502524 0.04457914646124021 0.05254239887577797 0 1.386945316412828E-8 -1.084492139319368E-8 0.049977042475746
0.10177697427875258 0.08834048795367636 0.05253956863179542 0 1.917144684090887E-8 -6.4494015786393744E-9 0.04997704142974865
0.34118511954802583 -0.062154607897978366 0.058312559079427444 0 2.0568994356676752E-9 -3.5569490921675E-8 0.049977027546166904
0.37836392981717903 -0.12391451309547875 0.06047575124681005 0 -9.940023094700195E-9 -4.112711294883382E-8 0.04997703757128917
0.41238404925178007 -0.18021837395374024 0.06296662723972753 0 -1.576168944320226E-8 -4.924304747098063E-8 0.049977044087142514
0.1676578507312959 -0.08204581170599337 0.05348225864611659 0 4.247066759832932E-10 -1.1787678218190722E-8 0.049977056197431535
0.20181374228166962 -0.09141964150518621 0.05428754190491373 0 5.295376252906958E-9 -1.8116077608652445E-8 0.049977052416774234
0.25485064501553883 -0.06881848120103617 0.05545206946541742 0 8.350766319404537E-9 -2.4648475111206694E-8 0.04997703487923978
0.6644823007055147 -0.5389515943966049 0.09297818153954257 0 -5.7264041804303396E-8 -8.344943730595177E-8 0.049977053000649425
0.7501545366059805 -0.541195963440213 0.09999999999999984 0 -5.681190887601949E-8 -9.727549471906978E-8 0.04997705018772626
0.6027366073062329 -0.5213223560235656 0.08747588350371878 0 -5.667820852655042E-8 -7.136807437951696E-8 0.049977053916609906
0.3907221727608636 -0.23584567652234328 0.06329187670784996 0 -1.9618831886884455E-8 -4.29742106609239E-8 0.04997704101888689
0.47890979704271586 -0.2863984098188226 0.06912760288748078 0 -2.2790381001269454E-8 -5.7221186989789345E-8 0.0499770351477555
0.4250914842628162 -0.2904030737883922 0.06650384046370365 0 -2.18932329015808E-8 -4.796045463913456E-8 0.0499770421134866
0.5018045759598764 -0.3463645861940246 0.07254833341115846 0 -3.2646973886956187E-8 -5.876295617467053E-8 0.049977033898937775
0.5395049675561714 -0.4037977139333864 0.07721405836956645 0 -4.439967983831977E-8 -6.21899231562541E-8 0.04997703870904866
0.5629289159938321 -0.47314451663551055 0.08212579004392509 0 -5.345677850912376E-8 -6.445996483410922E-8 0.049977047640440427
-0.8437609348289447 0.37906778281416026 0.09999999999999995 0 5.25886740545749E-8 1.2234616946465894E-7 0.04997701832946959
-0.7888004165309437 0.2903760964571749 0.0915314985584158 0 4.451159750271143E-8 1.157711267247545E-7 0.04997702504881959
-0.6102329054490165 0.2953318100128198 0.07752504764743698 0 5.189204506020631E-8 8.838600822675183E-8 0.049977016321500776
-0.6672358697757713 0.2726523999513782 0.08092297245691278 0 4.8736304887014654E-8 9.587866678384737E-8 0.049977021152249654
-0.7578216461505273 0.23114048963723496 0.08705889216020636 0 4.1169920314445733E-8 1.1357563898033725E-7 0.04997702977125602
-0.7250638207162802 0.2644091498704253 0.08523826785223539 0 4.584323757958268E-8 1.0566882638875663E-7 0.04997702581395878
-0.49761740681994665 0.2259943198914076 0.06840949555720777 0 3.6597217017491786E-8 7.995950338110318E-8 0.04997702088308658
-0.5531916805568725 0.2548390044927608 0.07250231820116229 0 4.2244940809185536E-8 8.458077385538122E-8 0.04997701337756897
-0.3304177610769968 0.2075632873895256 0.060121873146272396 0 3.9556032747766844E-8 5.13620058663271E-8 0.04997702072259481
-0.40020050920329836 0.18553375498639196 0.06251643484045977 0 3.774421091096249E-8 6.385824064830389E-8 0.0499770275507133
-0.4509389353459413 0.1806295394110867 0.06485872161226297 0 3.482273991050239E-8 7.437580121780596E-8 0.04997703427611554
-0.3081655557366316 0.12979030410922685 0.057834162632571066 0 2.6767418670480343E-8 4.9847361369475946E-8 0.0499770191582924
-0.21413652185417031 0.10501643106435352 0.05472829937040968 0 1.7261497188385826E-8 3.870269060974062E-8 0.0499770406722713
-0.1657690318723487 0.09663028560186343 0.05359396061230914 0 2.3651246931348162E-8 3.0784491524788064E-8 0.04997705134824086
-0.13208776332768432 0.07040426877471608 0.05277929135503944 0 2.3786403566953077E-8 2.369591755024228E-8 0.049977043933703835
-0.2668792736165402 0.06671487334767569 0.05579077358601759 0 1.4008789802626216E-8 4.338276511979283E-8 0.04997702464412006
0.13394298555224937 -0.04272165979228181 0.052630185389843605 0 2.646292913583386E-9 -6.876896227036578E-9 0.049977044879736664
0.04273067501608838 0.07401170016957918 0.05192584962618541 0 1.8989519573477895E-8 -2.6923860285997465E-10 0.04997703167600441
-0.07427627943517315 0.042883429926301064 0.051928801697300825 0 1.992845092842383E-8 1.6457077225300806E-8 0.049977031269614815
0.08580268905133058 2.7924535741052085E-17 0.05192915349305607 0 7.3430623195286945E-9 -2.9337508578606175E-9 0.04997703346719112
-0.04304287969149937 0.07455245452975151 0.0519319033593881 0 2.2607680849144217E-8 1.1102537119358418E-8 0.049977030995174435
-2.9796378738924766E-17 0.08577355466188762 0.05192886660175564 0 2.2348828015307952E-8 4.5969270420877805E-9 0.04997703135548096
0.0741595043143772 0.04281600977887492 0.05192749553399362 0 1.3246786386459804E-8 -3.2953650670779503E-9 0.04997703279871047
0.12170874450296679 -0.07937873255132208 0.05270638285367756 0 -3.5943383570055735E-9 -5.9110713183777764E-9 0.04997704776765142
0.1532214795718842 -0.1047515501973591 0.0534601593182905 0 -4.704078283127609E-9 -1.3362096833469624E-8 0.04997705608540481
0.2997814449763266 -0.13025461904441932 0.057552736756421516 0 -4.400646035082958E-9 -3.1929486317028647E-8 0.04997702986464743
0.34046960443170665 -0.192505611563268 0.060162576700472446 0 -1.6082330515932722E-8 -3.6096339030264004E-8 0.04997703401780078
0.34557599933864525 -0.25420475687873284 0.06192004258218349 0 -2.32808971189271E-8 -3.366780890192661E-8 0.04997704206346639
0.17846806103523252 -0.12182655323316931 0.05415222050793654 0 -2.495868242267187E-9 -2.0185147656168994E-8 0.04997705488174724
0.23090062297727748 -0.133798202671902 0.055538699139373295 0 -3.8578553134249057E-10 -2.6065795964778932E-8 0.04997704020995018
0.6050561438570468 -0.6036830020468081 0.09289418017943481 0 -6.26071575218069E-8 -7.31498979948133E-8 0.049977058691457764
0.6847899965302142 -0.6218349498910589 0.09999999999999994 0 -6.528167520275004E-8 -8.544875515029415E-8 0.04997704945100479
0.5365057739834544 -0.6074638984061791 0.08871198704411519 0 -6.659365256339775E-8 -6.247102040302537E-8 0.049977069701294466
0.5490740032503056 -0.5442731464552362 0.08535659345024513 0 -5.963148954650809E-8 -6.019482136231604E-8 0.049977057926437585
0.3750627258693447 -0.2936858939923493 0.06434654814554322 0 -2.4353363522654758E-8 -3.771580882193769E-8 0.04997705011626349
0.3969354899692888 -0.3460112170117684 0.06719703593166886 0 -2.719186221577633E-8 -4.589007324794552E-8 0.04997705170495831
0.4494990254251991 -0.34835776824770576 0.06980849106780326 0 -2.9116331125281563E-8 -5.2804919405119586E-8 0.0499770390687684
0.4743994852003083 -0.40954268251415876 0.073738234339428 0 -4.108945817434806E-8 -5.525724243475269E-8 0.049977036578381345
0.5051728219418842 -0.4543425560441293 0.07763963571270259 0 -4.9969698667751714E-8 -5.6712520975913046E-8 0.04997704039179508
0.5025098789806551 -0.515963207586209 0.08087711077114171 0 -5.902705378054221E-8 -5.353089234416108E-8 0.0499770499949739
-0.8809225682293763 0.28211960771987943 0.09999999999999996 0 4.125722436741514E-8 1.3070767946867398E-7 0.049977018387699974
-0.828550120997359 0.21135039229983998 0.09293041569195869 0 3.321727209152935E-8 1.247792519386539E-7 0.04997703170924758
-0.4876818695036711 0.16005919777938843 0.06641416297022892 0 2.7354667197540616E-8 7.929557379970269E-8 0.04997703884630364
-0.7583678808155521 0.178257805309045 0.085877514601274 0 3.67346753317292E-8 1.1364344294382787E-7 0.0499770380627556
-0.6170663609123308 0.222189336538271 0.07585507468331582 0 4.0160934578193203E-8 9.173953586865859E-8 0.049977015266537736
-0.6972424057138273 0.20430689657176634 0.08139617396721441 0 4.122844255166855E-8 1.0325754937307772E-7 0.04997702471164674
-0.5518948161465875 0.17422255470543752 0.07046196471921623 0 2.764899778322761E-8 8.558619890868668E-8 0.04997702214357291
-0.36894201678212313 0.12798179161528736 0.06013540062401418 0 3.14632903416346E-8 5.73498673932265E-8 0.049977024114179855
-0.4362515368769687 0.13236424219261816 0.06326633817399903 0 3.283137266157699E-8 6.747468552659862E-8 0.049977040815098135
-0.33947513674739144 0.06240362523718613 0.058248486325065116 0 1.944820683188351E-8 5.247950131358594E-8 0.04997701844670399
-0.18433654548332082 0.048222709230570565 0.05356505347436668 0 1.4185140205799096E-8 2.9679585976730882E-8 0.049977043076146706
-0.13330372693534312 0.03517105967265548 0.052587287930552964 0 1.8039106824839894E-8 2.4057471394282057E-8 0.04997703993930889
-0.08544796042127181 1.2633032021521531E-17 0.05192572029476935 0 1.4451437725202412E-8 1.9825899984242517E-8 0.049977031709432046
-0.2993967149465731 5.4908359945213266E-18 0.05658028588283902 0 7.414581784503476E-9 4.8352535641479535E-8 0.049977018949086585
-0.22270343343645202 -2.7398019802337882E-17 0.054316401779706945 0 5.355634061567701E-9 3.8169048979378574E-8 0.049977032778420215
-0.27837086784154214 -0.12617379267311218 0.05679356136910862 0 -9.977803795016209E-9 4.448892652882922E-8 0.04997702580395631
0.07416648351753428 -0.04282003922369633 0.05192757354063934 0 1.915164694060459E-9 5.33941655677921E-10 0.04997703421852483
-0.07423701450489274 -0.04286076030823398 0.051928362278406685 0 8.543729064367446E-9 2.0220705450265997E-8 0.04997703276698316
5.433302611002987E-16 -9.25534990736191E-16 0.051513083863437 0 1.0920299227269857E-8 8.458737125848837E-9 0.04997702436997782
-0.10393602836491157 -0.0928684349452979 0.05261104654913398 0 2.08762660574207E-9 2.3373552429098395E-8 0.04997704319260776
0.09263290818595533 -0.09340215664313874 0.05249108753880629 0 -4.613896584912094E-9 -2.3987577026542164E-9 0.0499770432011654
0.13365633223327938 -0.131494330544841 0.053500013617672336 0 -8.29852719719192E-9 -1.3204114064322647E-8 0.04997704976417526
0.32685099627426545 -0.2905697969488598 0.06232853198902639 0 -2.976457984362619E-8 -2.9851229712726044E-8 0.04997704924151185
0.25568805190108224 -0.19009790761699052 0.05725179690059135 0 -1.2433766618472663E-8 -2.7581578764127215E-8 0.04997703065251162
0.2878012678865199 -0.2461068228137798 0.059620677596610265 0 -2.3715560334028982E-8 -2.7567577170445584E-8 0.04997703467558351
0.17648242248939017 -0.17786432905826252 0.055061790182478074 0 -1.0196050393019481E-8 -2.1575598862496415E-8 0.049977038809380044
-0.2483235922732361 -0.18165056966040063 0.05686432272721823 0 -1.6005150903721122E-8 3.874493674937065E-8 0.04997702671111379
0.5547456546446986 -0.6639301342123074 0.09391738389868397 0 -7.278843258955147E-8 -7.076042384674151E-8 0.049977064288350914
0.617759403950767 -0.688475338910477 0.09999999999999995 0 -7.432250781158193E-8 -7.767631750504873E-8 0.049977056218875514
0.5055257679581893 -0.637124600070996 0.08897493457515948 0 -7.451924455103182E-8 -6.217420378789677E-8 0.04997706956043785
0.4877536710430043 -0.5826751104622181 0.08420495651136725 0 -7.006244278438918E-8 -5.2263281719057747E-8 0.04997706393342858
0.33633282409977666 -0.3398966968888034 0.06444423660906808 0 -3.5549521431530696E-8 -3.612234193190357E-8 0.0499770621035866
0.3632772876174715 -0.38800374757803635 0.06749345504717459 0 -3.700204861416782E-8 -4.70566651659194E-8 0.04997705328333127
0.41704203467651185 -0.4108303752912243 0.07090170067103964 0 -3.9054313223314655E-8 -5.1050244958456123E-8 0.04997704114567592
0.4381086940659461 -0.4733073985449338 0.07505155127124846 0 -5.1799712832334995E-8 -4.981077758893884E-8 0.04997703872908602
0.4531934148271225 -0.5420428192507506 0.07976926362259741 0 -6.483472962180472E-8 -4.774285491738666E-8 0.0499770490157866
-0.8565041007211142 0.12935729823844902 0.09401883827528355 0 1.969625405602867E-8 1.2263548874383078E-7 0.04997703596613544
-0.9051192255768068 0.1907463267598074 0.09999999999999999 0 2.823560309759979E-8 1.3320998878781695E-7 0.04997702603996438
-0.7940808377677345 0.13178185399490336 0.08820577601429047 0 2.6299782618120428E-8 1.1389898163451347E-7 0.049977045430102
-0.33304413722574716 -0.0693067767843958 0.05805530637396814 0 1.4468919679824331E-9 5.391579507021598E-8 0.04997702066316894
-0.4742240483662385 0.11256694280313873 0.06494853319711702 0 2.387119903153477E-8 6.931991057294614E-8 0.049977045625681206
-0.5075730010734563 0.12513873893141758 0.06697106660603604 0 1.969770833104157E-8 7.655982395096566E-8 0.04997703936728156
-0.5430568755805907 0.10886676283437083 0.06886622733636953 0 1.723474272513143E-8 7.99555970083728E-8 0.049977028062598565
-0.7200856347104287 0.12756375701027653 0.08178787314202199 0 3.3216598881149975E-8 1.0372163184029192E-7 0.049977032231595504
-0.6366216770914513 0.1480565042375733 0.07568897320024313 0 3.07065205363488E-8 9.375700582134453E-8 0.04997701805169729
-0.5817364775186938 0.11498204866540508 0.07140762999266016 0 2.0583422876499488E-8 8.581276274752297E-8 0.049977020300599265
-0.42774238996431574 0.06497482014443741 0.06209784320535726 0 2.242256505226698E-8 6.150297338034305E-8 0.049977031013111906
-0.3847166606924661 5.007387460326135E-18 0.05988137680814879 0 1.2739052550430324E-8 5.969970361541174E-8 0.049977020854278416
-0.3349183900900527 -0.1391323925724424 0.05894927757126893 0 -6.6041919310946745E-9 5.3159759450282E-8 0.049977024401252276
-0.29014129297673835 -0.2192290809213992 0.05898973037684319 0 -1.7733057821827357E-8 4.804798843404124E-8 0.049977026215336146
-0.30831506111577245 -0.17770170158565646 0.05867258259636438 0 -1.2986928422108946E-8 4.95162171605686E-8 0.04997702448452694
-0.8184909839211807 0.07533925376340875 0.08977629762126751 0 1.6400691937573493E-8 1.1388296896332171E-7 0.04997703648390482
-0.15687445011428935 1.9896548115933566E-17 0.05290395974586269 0 1.103042385664985E-8 2.9372731267351922E-8 0.04997703995301862
-0.12783259126111396 -0.033275347967647646 0.05249920381841622 0 9.265641128786003E-9 2.7460445542728485E-8 0.049977040109677975
-0.12619399745448542 -0.06614911525416546 0.05266041061116255 0 5.730874666411981E-9 2.7638174495813212E-8 0.04997704444242061
-0.24680219676358395 -0.07209570484823002 0.05524990662857362 0 -5.705181940342442E-9 4.203267104292353E-8 0.04997703204056256
-0.22815732549244763 -0.13366956667415794 0.05546555293618707 0 -1.3520524741402884E-8 3.488560804823057E-8 0.04997703623683941
-0.15093740406319942 -0.09389909648308085 0.053299030733839035 0 5.634640679604126E-10 2.8861242690185584E-8 0.0499770526599585
-0.17405337917392047 -0.045794392161233266 0.053343830220451034 0 3.1832676206860446E-9 3.4780598335394696E-8 0.049977044966732595
-0.18973296493485722 -0.18461798069110347 0.055474546986767154 0 -1.650375475840338E-8 2.7691221705176644E-8 0.04997703238059611
-0.1364384943575783 -0.14270773398924902 0.05371629461338726 0 -7.46729253636577E-9 2.165594713131441E-8 0.049977045366423244
0.04273873390329096 -0.07402565857166638 0.05192600533605053 0 -6.837611666385333E-10 5.825556140449158E-9 0.049977034186432
-0.04299754043112493 -0.07447392462720538 0.051931021483395706 0 2.7842778159472977E-9 1.7259702103020205E-8 0.04997703345935068
1.3904975238826412E-17 -0.08573627431625096 0.051928505242836896 0 -4.429659507882698E-10 1.2318155891576282E-8 0.04997703423054887
-0.07925046645516252 -0.13726583442387433 0.052932952804228266 0 -7.357118705480177E-9 1.9029522081196038E-8 0.049977043038891646
0.078463056828959 -0.135902000944921 0.052904876080197075 0 -7.218318875320502E-9 -1.8502523327394478E-9 0.04997704449463592
0.11138757858716244 -0.19292894544503636 0.054318208030815426 0 -1.2003959846520803E-8 -1.1063501371986331E-8 0.049977039159505555
0.2704412885460667 -0.32134890739138133 0.06148782850104338 0 -3.692437673843805E-8 -2.554341168231063E-8 0.049977043042156645
0.21970172124605267 -0.2547036178054315 0.05790944965811469 0 -2.367206971656432E-8 -2.1629355886934107E-8 0.04997702872274487
0.06445906182530692 -0.2524774236880237 0.05535114833714504 0 -1.870321131322548E-8 -5.631383280370546E-9 0.0499770370371267
0.14972579901011426 -0.2593326910893636 0.056582144341893334 0 -2.188462224150211E-8 -1.4360200078873445E-8 0.049977027587541856
0.031363797849434556 -0.30517057546423765 0.0568332914109285 0 -2.869243759503405E-8 5.026646887269546E-10 0.049977031653195655
-0.03281109095750645 -0.303248501545522 0.0567724159885361 0 -3.064499443860646E-8 8.882671628898137E-9 0.04997703122104496
-0.22974591189928226 -0.25639797529990704 0.058213734017978094 0 -2.211971793266985E-8 3.87540561849946E-8 0.04997702502194632
-0.15050660974349658 -0.260685094950677 0.05663516711153095 0 -2.542956704921332E-8 2.568871713411743E-8 0.04997702449359431
-0.0010639892128916778 -0.35571530812846325 0.05866683852382106 0 -3.6494475176281776E-8 8.64135542843312E-9 0.04997703049070129
0.4897167015298755 -0.6990669986722716 0.09278011319940965 0 -8.20257199471493E-8 -6.31531077443033E-8 0.04997705949849398
0.5485314847714318 -0.7448023146284537 0.09999999999999996 0 -8.609043656999146E-8 -7.167067413698058E-8 0.04997705494091581
0.4538946410105444 -0.6418290507487608 0.08650541722977732 0 -7.869722711207912E-8 -5.3829692088004196E-8 0.049977060908883195
0.43691576165411183 -0.5863880363863174 0.08178506492225697 0 -7.24479606267648E-8 -4.703190762855821E-8 0.049977053351899975
0.30008338071089913 -0.40108479031261085 0.06570468861303413 0 -4.425831605723448E-8 -3.734553614167332E-8 0.04997704731169346
0.35656776116113886 -0.46142030598113837 0.07075125137743835 0 -4.943345086557083E-8 -4.394989367173375E-8 0.04997703797442431
0.38634553368626 -0.5411366135074784 0.07653244947706513 0 -6.338653286215333E-8 -4.201701622182132E-8 0.04997703913513909
-0.8641324069088798 0.062174994255793294 0.09403348687291993 0 1.2111240597354032E-8 1.2142905173089062E-7 0.049977030533217115
-0.9192848102122441 0.10262901652303172 0.09999999999999998 0 1.597439206949649E-8 1.2970849435446336E-7 0.04997702605939663
-0.7599167871431189 0.06070075634999409 0.08441733903220823 0 2.0414587059897778E-8 1.0607439325674799E-7 0.049977032757849794
-0.3798507417992421 -0.12110542276221137 0.06050058794352799 0 -8.862554420657782E-10 5.983658146696618E-8 0.04997703022003797
-0.40842759083875524 -0.05875232359605665 0.06114052778332879 0 6.063855573491432E-9 6.596764203906033E-8 0.04997702897739526
-0.5039157942187592 0.07056797810116018 0.06615707446286306 0 1.4650352373909485E-8 7.105713222519651E-8 0.04997703284909575
-0.5548238392163808 0.07638757137486703 0.0692570455361671 0 1.4318750569379635E-8 8.03944608594957E-8 0.04997702331265448
-0.6893460495224285 0.06354738512595373 0.07863780818203954 0 2.2019212075160967E-8 9.836743357522127E-8 0.0499770220835598
-0.6215823870108426 0.05940809814964494 0.0735747228508592 0 1.690385534646675E-8 9.026139095214729E-8 0.04997701619426575
-0.4662367643365183 -0.05429215722432917 0.06397307879016166 0 2.6886096426632564E-9 7.54746305735632E-8 0.04997703436428623
-0.46385916918682774 -3.671115297680029E-17 0.06368112390889598 0 9.711096753871844E-9 7.029238044848245E-8 0.04997702754751307
-0.3620108841151937 -0.17400839360604695 0.060635096430618034 0 -9.85701782595541E-9 5.6493970056296324E-8 0.049977028564553765
-0.299671918215507 -0.26919022055739933 0.06068803798570996 0 -2.228045659719701E-8 5.192172386302566E-8 0.049977034221638836
-0.33027652289156045 -0.22443841547131757 0.060528990644305516 0 -1.7968108259976657E-8 5.462162034076228E-8 0.04997702935940409
-0.8245744171037561 3.2427437940114445E-20 0.09002147282184526 0 6.9434914190717856E-9 1.1866516584094372E-7 0.04997703093377575
-0.19761019796705673 -0.10158906953187434 0.054303584925033156 0 -8.75869723144943E-9 3.344180364507059E-8 0.049977049963001605
-0.18403998396844498 -0.12735803584373423 0.05434432437859784 0 -9.764962074271053E-9 2.7429006921728428E-8 0.04997704909812217
0.002774404310843052 -0.26370741404826953 0.055444406431408536 0 -2.3859544938733664E-8 3.8080050851540794E-10 0.0499770409951256
-0.11217260429255088 -0.1942886498520168 0.05435789315243198 0 -1.7702881368313095E-8 1.865191207623875E-8 0.049977036633482054
-0.059917909088264505 -0.2537684697083779 0.05535616729591674 0 -2.7007674566611435E-8 1.075698763111056E-8 0.049977036238946705
0.025874926118163173 -0.1326695098536581 0.05254567933671944 0 -6.115241309015616E-9 8.808234914062266E-9 0.049977044499269804
-0.02524383979971824 -0.13300675455069116 0.05254892004091195 0 -7.414086805092062E-9 1.566730444841466E-8 0.049977043993822225
0.05493858025113073 -0.18721166728009325 0.05366460039291042 0 -9.578139026605574E-9 -4.882034596308213E-10 0.04997704825209748
-0.053441146730527585 -0.1870910243981426 0.053652873989227134 0 -1.8521779121849754E-8 1.4028838529071571E-8 0.049977047465660646
-0.015811501710617765 -0.22080470166743846 0.05428292799461194 0 -2.113151348301274E-8 4.873416966794158E-9 0.04997705337343753
0.001589553534327251 -0.18045943852644147 0.053353802929854637 0 -1.2824013953560941E-8 1.0040320663503192E-8 0.04997705631323576
0.01713256069613923 -0.2191946756676691 0.054245341320781695 0 -1.5336023296984495E-8 7.944302511177092E-10 0.04997705389234912
0.23193963455587202 -0.4017312313397281 0.06368217918749612 0 -4.212618404963281E-8 -2.298819868271701E-8 0.04997704095600073
0.1923608915779979 -0.3331788376023402 0.059881599761303035 0 -3.440443321638194E-8 -1.5437732116986135E-8 0.04997703192429348
0.10559774308437371 -0.32641465451667345 0.058167036115944384 0 -3.162133764956134E-8 -4.856519034107989E-9 0.04997702933882823
0.02839276411724587 -0.3973392921812579 0.060485401730235276 0 -4.31926783068655E-8 6.6267030798091044E-9 0.049977035585782176
0.04349199689707277 -0.3606955682361924 0.05897556113419837 0 -3.7544664201270905E-8 3.7091435137866575E-9 0.04997703178495616
-0.2724211583800272 -0.34021230275634196 0.06225471036920945 0 -2.9421319791917484E-8 4.5285323626879904E-8 0.04997703992741444
-0.04975626500892476 -0.3592625346716331 0.05895024498757896 0 -3.6526188334374084E-8 1.6257843214404208E-8 0.04997703089659265
-0.11115524588477288 -0.32319159740630654 0.058116751891295344 0 -3.307933214579271E-8 2.3871114263709533E-8 0.049977026670021525
-0.1929576265867868 -0.33421241295621784 0.05993362613445384 0 -3.265918141033324E-8 3.590692314972035E-8 0.04997702837477978
-0.00580331192480529 -0.44141011755505605 0.06253303354413747 0 -4.745043142079749E-8 9.661702975356923E-9 0.04997703944625728
-0.03317807935019408 -0.4000499580003111 0.06062434517611842 0 -4.089317921437557E-8 1.502073239133755E-8 0.049977035657564915
-0.4124914840826571 -0.7144562081206507 0.09005972521404425 0 -8.629333619519513E-8 6.078262107977905E-8 0.049977046776289905
-0.4625000000000001 -0.8010734985006056 0.09999999999999992 0 -9.977773904474875E-8 6.436320277403437E-8 0.0499770405363141
-0.38371343710296635 -0.7748603000238191 0.09386619334345217 0 -9.796523172256109E-8 5.5792901215196853E-8 0.04997704868794031
0.41226227881814503 -0.7140592129571534 0.09001680581831234 0 -8.26913273503247E-8 -4.883953289069251E-8 0.04997705525740072
0.4625000000000003 -0.8010734985006056 0.09999999999999992 0 -9.252175393898081E-8 -5.859634355837231E-8 0.04997705006508058
0.36763254236248355 -0.6367582418875386 0.08211785344170675 0 -7.517464853708925E-8 -3.8021513136852144E-8 0.049977048206248195
0.2724100436150707 -0.4718280360333562 0.06830375115676082 0 -4.947378819315272E-8 -3.196489511669061E-8 0.0499770372277854
0.31808183532075857 -0.5509338997403103 0.07441383187593022 0 -6.231646964119666E-8 -3.4054243974603934E-8 0.049977034752951274
0.2111878992556696 -0.5199281931560845 0.06932845783235407 0 -5.324176897769398E-8 -2.4022357242158524E-8 0.049977040726168584
0.021803385387518696 -0.48225449508691837 0.06469299319690376 0 -5.521831158175138E-8 3.0227018688895925E-9 0.04997704174058827
-0.8627884197170683 -0.05512509329877387 0.09385473111979895 0 -3.1971215927723133E-9 1.2618666437061208E-7 0.049977031899430764
-0.9249999999999996 -3.487031299242896E-17 0.0999999999999999 0 3.076875667353488E-9 1.3224946367405568E-7 0.04997702259296017
-0.7353276040989696 -1.3378311327871067E-18 0.08212306732579755 0 1.2857000118521117E-8 1.0668813810595885E-7 0.04997702653646555
-0.4256923062754768 -0.12215318657273537 0.06260425960749795 0 -2.4263601812305673E-10 6.594623765769287E-8 0.04997704220574377
-0.4043520178042478 -0.16901983470521803 0.062374130552393804 0 -8.127602066536556E-9 6.006581897319022E-8 0.04997703538216392
-0.46760448929491655 -0.09647351175034935 0.06440527405535054 0 -2.7085469797250893E-9 7.546084319546596E-8 0.04997704606219664
-0.5447672634209793 2.858524015158418E-17 0.06830049229574699 0 5.6086840101077394E-9 8.1184790821805E-8 0.04997702117799597
-0.6361392415232948 1.0428654588114258E-18 0.074412070818866 0 1.0044185453643864E-8 9.338002045963512E-8 0.04997701599018705
-0.5124187514513647 -0.051847896831783355 0.06651654728017117 0 -1.546218538010816E-9 8.061997999653796E-8 0.04997703000845478
-0.36799093114432163 -0.6373789894665451 0.08217765681431857 0 -7.303946494880088E-8 5.979374832720962E-8 0.04997704082368658
-0.31827009850817745 -0.5512599811461146 0.07444098367382036 0 -6.297444572903589E-8 5.0519280408134045E-8 0.0499770281458011
-0.31386332305040454 -0.40193360988060217 0.06622216379223078 0 -4.151604194025365E-8 4.3277840014013314E-8 0.049977042510760336
-0.344912559069745 -0.4432246070018303 0.06935603931497553 0 -4.9731392298901446E-8 4.776661687179814E-8 0.049977033765269394
-0.3337091490042147 -0.3553876317528073 0.06495432896100803 0 -3.5295911479844544E-8 5.001789232689912E-8 0.04997705444131539
-0.383737195098482 -0.21760730691022415 0.06251779019199952 0 -1.779324361761927E-8 5.952679554958202E-8 0.04997703202046976
-0.33230969380311975 -0.3125744339373021 0.06328313435425742 0 -2.925536085392724E-8 5.699804893862697E-8 0.04997704951845511
-0.3540195296480104 -0.26181915330723304 0.06247659304365877 0 -2.450065505381345E-8 5.940488122292788E-8 0.04997703673159058
-0.7962287177911112 -0.06074957956360479 0.08762354715881245 0 8.244505481286192E-10 1.190848304847884E-7 0.049977036907764984
-0.7351410524947966 -0.06092685497728594 0.08231802271497875 0 5.659890785932638E-9 1.1007010506685618E-7 0.049977031469925985
-0.4839056580716607 -0.700569999447879 0.09257832058039935 0 -8.304222450859379E-8 6.65097167711747E-8 0.04997704905371211
-0.548567403595686 -0.7447758606713796 0.09999999999999995 0 -9.118752607627755E-8 7.425941333752231E-8 0.04997704370989226
-0.43547631470191006 -0.6351536187841573 0.08509247440255902 0 -6.976542042771421E-8 6.586418883787719E-8 0.049977048265170944
-0.4991515386320159 -0.6334110077816721 0.08834372866104905 0 -7.240861284123094E-8 7.207173087438364E-8 0.049977059142639495
0.19075484218748148 -0.47253116432229375 0.06620021711897693 0 -4.5295310697525434E-8 -1.909302003157918E-8 0.04997704862564602
0.04901016908663563 -0.43723836174505165 0.062459634223422635 0 -5.0787332734729134E-8 3.478781493754689E-9 0.049977043385644515
0.06673635655852123 -0.4767204709635778 0.06461779605353515 0 -5.768449327150268E-8 -2.6200347923941214E-9 0.04997704982643765
0.08201071126761385 -0.3939388987243752 0.06066806698898625 0 -4.334843194075385E-8 1.7149045211558795E-9 0.049977039770163045
0.15779399244920161 -0.40600143052169285 0.06224217224863409 0 -4.10794353225902E-8 -7.713300436595862E-9 0.049977045281398014
-0.23228029263418432 -0.4023212684393739 0.06371797650698163 0 -4.325065727348345E-8 3.858984080002865E-8 0.04997703657653182
-0.272587327693687 -0.4721351010648927 0.06832563375196132 0 -5.461837377185802E-8 4.054311455867903E-8 0.04997703153774786
-0.08918266806588586 -0.39015326021997454 0.06056960464965617 0 -3.960748940425102E-8 2.4648645133204938E-8 0.049977037865638826
-0.15459594130071433 -0.39192658728762203 0.061550218588660825 0 -4.281992209569885E-8 3.36307703611107E-8 0.04997703887699762
-0.18675532053812563 -0.43493251784630643 0.06418357757579085 0 -5.1957308113671046E-8 3.478094440461912E-8 0.04997704367449758
-0.21375905453868752 -0.4723463627877797 0.06671710658979704 0 -5.791068317866308E-8 3.415579720564038E-8 0.04997703929535894
-0.030837599095424044 -0.4757419881377715 0.06436680609968097 0 -4.974380680774036E-8 1.054261488852938E-8 0.04997704221347897
-0.05772042989369192 -0.4373202270026056 0.06251628812885628 0 -4.336370214028074E-8 1.8137618829596692E-8 0.049977043892053756
-0.34485879204612635 -0.7195732958375974 0.08756922173357189 0 -8.957005979043995E-8 5.561732436293144E-8 0.04997705251088259
-0.3147326423667731 -0.6679534491621227 0.08237892997106575 0 -7.952203721470364E-8 5.5235770401153055E-8 0.04997704584274287
-0.23145619169988374 -0.5426436945370012 0.07120349698950756 0 -6.504067435722945E-8 3.6315947285767494E-8 0.04997703211770186
-0.28415939775573246 -0.6153602706014173 0.07751426427315904 0 -7.156532815154686E-8 4.957081387402557E-8 0.049977035095424005
-0.32938286511096027 -0.7771045511687235 0.09186418681824757 0 -9.839103378476037E-8 4.85795809463169E-8 0.04997705746537425
-0.29287844997281653 -0.7560683801841978 0.08874412837590734 0 -9.283427229651221E-8 4.6466120858366763E-8 0.049977064064447484
-0.3707535969478622 -0.8474426517245004 0.09999999999999994 0 -1.0785889274207595E-7 5.239922267684554E-8 0.04997704729865412
0.3299132550602819 -0.6955796266909601 0.08507057911176502 0 -7.895190928533004E-8 -3.168905335365769E-8 0.049977057488892584
0.29721686832567656 -0.7486484838731736 0.08825580478820183 0 -8.581189103629575E-8 -3.109148387034008E-8 0.04997706931066017
0.36329863298780996 -0.7692008953950569 0.09250410835033807 0 -8.604362713423635E-8 -4.295003375833608E-8 0.049977059115187905
0.37078540548822353 -0.84742873429503 0.09999999999999996 0 -9.676185967273417E-8 -4.6255727590364424E-8 0.049977054828382425
0.28831363121595577 -0.628175946475062 0.07855241106831119 0 -7.261938545841082E-8 -2.5661869412357992E-8 0.049977043210337246
0.2593907519340379 -0.5686281064407216 0.07361593901057979 0 -6.308001060020615E-8 -2.6503945589806785E-8 0.04997703539545562
0.1909808398518187 -0.5616900805542804 0.07142639087555927 0 -6.107720174008743E-8 -2.116165304742316E-8 0.049977039152771865
0.17735047116299676 -0.5251479744589087 0.06889288845838194 0 -5.425695610982615E-8 -2.1332577365589347E-8 0.04997704564569407
-0.006975621790116347 -0.518397225687904 0.06671599267023105 0 -5.760577482851517E-8 4.767698996295717E-9 0.04997703845503549
-0.05196883438319561 -0.5240326103663052 0.06719869985797552 0 -5.589577930528154E-8 9.630307825033822E-9 0.049977040935977116
0.051893656645759574 -0.5409828050063739 0.06822031633188269 0 -6.356418987244377E-8 -4.350617447244875E-9 0.04997703937179345
-0.8393412000270999 -0.10211595922316324 0.09200820531311653 0 -9.687189897194842E-9 1.2335171505872512E-7 0.049977040678789234
-0.8023821229894582 -0.12465004703532731 0.08885408731398863 0 -9.161183319966132E-9 1.1736775342438564E-7 0.04997704836811024
-0.919283847116488 -0.10263764414409532 0.09999999999999995 0 -1.1378468607845907E-8 1.3325196228732602E-7 0.04997702938588603
-0.4286041911968902 -0.211604106404576 0.06443452009247352 0 -1.7995397112846323E-8 6.21273769309624E-8 0.049977034079760216
-0.6752473549062171 -0.06099766201966174 0.07752927755735106 0 4.863472797006847E-9 1.0047230279900266E-7 0.04997702207461198
-0.4690213191754545 -0.16282051739106812 0.06545407679976868 0 -1.2506864123729418E-8 6.494245387023747E-8 0.04997704548573317
-0.5199939829281818 -0.12464895604080488 0.06768673130026925 0 -1.4347934682473152E-8 7.757170787928364E-8 0.049977039655038406
-0.5844196053235723 -0.07491703801282976 0.07115392026499068 0 -4.01416237918347E-9 8.797341301962925E-8 0.049977021255819
-0.40158939943089916 -0.5697012631254147 0.07901179842938963 0 -6.14948319559621E-8 6.399121641373724E-8 0.04997703619628566
-0.3629672679735455 -0.5093150093458657 0.0736457128337714 0 -5.679361944310833E-8 5.5055812078799045E-8 0.04997702811061958
-0.36195665189066545 -0.3775113144203722 0.06698450376718919 0 -4.352930989262626E-8 5.0398923004409176E-8 0.049977049056389826
-0.36626813150114046 -0.41664081435894 0.06892167223823108 0 -4.77407606348356E-8 5.007147612124523E-8 0.049977038350832795
-0.3903068178565833 -0.4466269881485596 0.07141764844659583 0 -5.10754991178577E-8 5.5817190459463424E-8 0.049977031423841974
-0.38262787487786487 -0.34149739132768064 0.06638993492953274 0 -4.189173521997967E-8 5.854343102158319E-8 0.04997704821825646
-0.4062559769371703 -0.26147495596378895 0.06471383725610919 0 -2.738904048473851E-8 6.303982201187588E-8 0.04997703410369018
-0.379843340675863 -0.2969419115223147 0.06465963905911938 0 -3.33699807748462E-8 6.228183962475017E-8 0.049977042654060895
-0.735100345459195 -0.11930462056175606 0.08291132970822639 0 2.8091588258113767E-11 1.0852600974259144E-7 0.049977039601512764
-0.5519968333853201 -0.6639303440969675 0.09374464706266032 0 -8.266286683180823E-8 7.639359664735883E-8 0.04997705310322164
-0.6178002971320175 -0.6884386430529175 0.09999999999999999 0 -8.799060244692777E-8 8.668899546023008E-8 0.04997704346045843
-0.4800125571007386 -0.5637645778356987 0.08255043176744221 0 -6.099865577177482E-8 7.746000386474313E-8 0.049977048631030946
-0.5399346500949583 -0.6040123388311484 0.08868415026698905 0 -7.38881425049251E-8 8.111591467475472E-8 0.049977058072075656
0.1043605879990727 -0.5010308479370807 0.0663275801738497 0 -5.858491119092763E-8 -1.1976229548603165E-8 0.04997705581700638
0.14556246178613041 -0.5017461145955597 0.0669511130546236 0 -5.2505326729335076E-8 -1.739585109249089E-8 0.049977056287732524
0.1399468089855873 -0.4672126633962517 0.06496624972127404 0 -4.832628063325311E-8 -1.0549658744951692E-8 0.04997706111345211
0.10408488366078729 -0.44405468685268906 0.06327666735135784 0 -5.118322462229434E-8 -1.7572507480691066E-9 0.04997705590688151
-0.1061373350373039 -0.43371612134398735 0.06278756375601147 0 -4.461520965743033E-8 2.7228851635483303E-8 0.0499770514245385
-0.15386562481962193 -0.515523498759926 0.0678853449092873 0 -6.187270900289383E-8 2.164396524406564E-8 0.049977048629084295
-0.1533021139497205 -0.45854960024362473 0.06473399748772987 0 -5.50370934118543E-8 2.970183681095954E-8 0.049977055049910867
-0.09527352708204248 -0.48999184724793526 0.06560563290386158 0 -5.029223924525235E-8 1.6461829742877416E-8 0.04997705460169606
-0.09590125636856876 -0.5619999312235504 0.06990127823248256 0 -6.263770147147373E-8 1.429642133975311E-8 0.04997703843369208
-0.15663037176370528 -0.5733099421965812 0.07149707499548641 0 -6.694926735009869E-8 2.406184241752289E-8 0.04997703669359634
-0.2643961373711981 -0.69702971973395 0.0829765309474388 0 -8.103362449465596E-8 4.9719254527690546E-8 0.04997705415987818
-0.19926692702634366 -0.6350324834465847 0.07658242747619838 0 -7.295975640830109E-8 3.659963999852813E-8 0.04997703649301742
-0.2937621218403118 -0.8161557505482272 0.0941366022415018 0 -1.0040720843915921E-7 4.055593425092505E-8 0.049977057534147745
-0.2445064351501806 -0.7666415232960113 0.08818261063739219 0 -8.820769391338582E-8 3.870306453901107E-8 0.04997706274727526
-0.28738877712844163 -0.8792227618026947 0.09999999999999998 0 -1.0711781384835677E-7 3.914593009894907E-8 0.04997704988604197
0.24692814396934878 -0.6974874410583481 0.08250617855893734 0 -8.461422457754322E-8 -1.8692058307760943E-8 0.04997705802942551
0.2521627428797361 -0.7694593063835823 0.08864404636431372 0 -9.406762395808131E-8 -2.7825334125034242E-8 0.04997706857437577
0.297447604941039 -0.8106467532563326 0.09375141746476387 0 -9.461737935706513E-8 -3.776625849151285E-8 0.04997706416673193
0.28742318143973467 -0.8792115158194408 0.09999999999999996 0 -1.0581753865939202E-7 -3.733557847686906E-8 0.049977055702854364
0.18957159845420457 -0.6243064952889011 0.07560329744867302 0 -7.275009281245468E-8 -1.6266724647436625E-8 0.049977038997797645
0.12475562378528372 -0.5650913910725972 0.07045918166236258 0 -6.441785487159934E-8 -1.4684124422862289E-8 0.04997704111076325
0.16970055881419605 -0.6915759378642314 0.08021607449160519 0 -8.40348364102254E-8 -1.1468292045269228E-8 0.049977046003777
-0.02127679909875186 -0.5862434400348021 0.07098260267248739 0 -6.665391517596595E-8 7.575744806857298E-9 0.04997703257175565
0.047679088889249585 -0.6125339534466792 0.07287094188782159 0 -7.14298668959567E-8 -5.483754741554351E-11 0.049977033306486174
-0.8531067718150073 -0.15803750226362162 0.09415708085227006 0 -1.824614177808606E-8 1.2044403568692298E-7 0.04997704084391907
-0.7842181949983064 -0.17459658052838975 0.08806681761589173 0 -1.3363450342564337E-8 1.0898814347625108E-7 0.04997704689864655
-0.9051158299750597 -0.19076243784282004 0.09999999999999996 0 -2.2526954056033932E-8 1.2599621945194582E-7 0.049977032232072054
-0.47800098007166625 -0.2183882854981824 0.06713458210584479 0 -2.2019897886183103E-8 6.66352161345577E-8 0.049977031710153955
-0.4503344724862791 -0.2539143429242661 0.06663047103760426 0 -2.6932173532926202E-8 6.589072449724047E-8 0.04997702989478355
-0.647719142022224 -0.1435812801370505 0.07642272847163623 0 -7.253954755741823E-9 9.49147272873686E-8 0.04997702366084426
-0.5329845388239062 -0.1985594752136453 0.0698139205090511 0 -2.115964761715156E-8 7.483038362301801E-8 0.04997702820723354
-0.5744027965338088 -0.14938461510286838 0.07144252826293569 0 -1.479261429131923E-8 8.365151139058386E-8 0.049977025671324594
-0.44626651447182913 -0.4769553831048422 0.07565680574632234 0 -5.2808076827857706E-8 6.85992455689134E-8 0.0499770301482604
-0.5140310251048448 -0.4921578818310024 0.08018045280724437 0 -5.427088897627862E-8 8.065736525178268E-8 0.04997703572163773
-0.4256087219342948 -0.3924588186076942 0.07047472570296819 0 -4.737568615447267E-8 6.175341449047337E-8 0.04997703286168447
-0.44295395304453694 -0.3153758255937713 0.06823813858748431 0 -3.7922826953729716E-8 6.664243917346482E-8 0.049977030651096856
-0.722493271850469 -0.18466121884148878 0.08299584497449673 0 -9.840069134590413E-9 1.0261693538297873E-7 0.04997703670039754
-0.6008930547011089 -0.6092572756078648 0.09299302035398636 0 -7.795321071064515E-8 8.713654317240808E-8 0.049977047024851125
-0.684830613311738 -0.6217902179859557 0.09999999999999995 0 -7.935973470433806E-8 9.669027897053106E-8 0.049977035139980794
-0.5678213237459835 -0.5376676061363831 0.08613904983735729 0 -6.371613897055313E-8 8.706699045687117E-8 0.04997704440492723
-0.10379006268918359 -0.6311723493295895 0.07466578004946203 0 -7.263988889341585E-8 2.1086401234829743E-8 0.049977033657704575
-0.2012336657215405 -0.7196538123444206 0.08312630758513646 0 -8.076892738644032E-8 3.8004894658335925E-8 0.04997705090692332
-0.14538614431124028 -0.6947291331504665 0.08002955113164488 0 -7.996960603952059E-8 3.005460010766051E-8 0.04997704119966759
-0.2244810935107963 -0.8295744817427091 0.09335179876408069 0 -9.787967228718201E-8 3.162407111119767E-8 0.04997705354672925
-0.1948530319449167 -0.7756068237085788 0.08772926134592988 0 -8.882216991508699E-8 3.220146053095747E-8 0.04997705413921364
-0.1961900777341867 -0.9039499420937565 0.09999999999999996 0 -1.0935341639359748E-7 2.7400910417244168E-8 0.049977044784173294
0.18083964416846282 -0.7595104378227607 0.08602850609777067 0 -9.396213782429772E-8 -1.6042470038311108E-8 0.04997705547833976
0.22639239794839497 -0.823169454837357 0.09279966487488275 0 -1.011102064430296E-7 -2.8239967451708618E-8 0.04997705913545187
0.1962292603758944 -0.9039414372048344 0.1 0 -1.1022230917610436E-7 -2.480541699169223E-8 0.049977048704833715
0.115198487208555 -0.6531897985847656 0.07640980333620502 0 -7.689394949750038E-8 -6.40119185619969E-9 0.04997703745841058
0.13075868837865867 -0.7179080095003469 0.08165710231721485 0 -8.577340092045624E-8 -6.651253386535402E-9 0.049977046331912266
0.11581756539084577 -0.7588114009433137 0.08487399945221091 0 -8.933941524005636E-8 -5.902172008182433E-9 0.04997705108977691
0.049373389215154787 -0.6762514634930521 0.07753347573866784 0 -7.885739247724059E-8 4.8757170741905364E-9 0.04997703900909861
-0.018713178495829663 -0.6598847879456909 0.07617577755495697 0 -7.718568108879202E-8 1.3111928622710732E-8 0.049977035852151575
-0.6738902730202501 -0.2204985208373878 0.07997070091519397 0 -1.6299665106199108E-8 9.784268342975896E-8 0.04997702795192689
-0.8340398056073672 -0.21902107573341584 0.09363611174877712 0 -2.432581639247497E-8 1.1476228812024308E-7 0.04997703719766755
-0.7682837005378527 -0.21778108265977308 0.08762455506029669 0 -1.878320505329771E-8 1.0652483621906897E-7 0.049977039330761516
-0.8809151182252344 -0.2821428693025129 0.09999999999999996 0 -3.3782052273670556E-8 1.220679781537712E-7 0.049977027546363365
-0.5165019276401033 -0.27345997871285094 0.07083650833060155 0 -2.894382452889341E-8 7.48333156796582E-8 0.04997702263516096
-0.598583551544961 -0.22602979228178174 0.07467942546060534 0 -2.0465301085971593E-8 8.708969113262022E-8 0.04997702202098608
-0.5551101229584549 -0.47007014883430126 0.08146563252731462 0 -5.0765768549172566E-8 8.443416557435346E-8 0.04997703511287367
-0.5105636494997625 -0.4275668331221898 0.07661161867134536 0 -4.638415818619212E-8 7.758204977878085E-8 0.049977027661995584
-0.504302912589223 -0.3476237550984314 0.07274022680505549 0 -3.823222676971856E-8 7.516669907728756E-8 0.049977023439053955
-0.7177089386751472 -0.2549295522420565 0.0843570467432338 0 -2.246735283726131E-8 1.0382106456191288E-7 0.049977033601792745
-0.6531660790226061 -0.2763311132584134 0.0799841441751332 0 -2.409421494795855E-8 9.77602297695197E-8 0.04997702899324522
-0.8437556437212325 -0.37907955935377746 0.0999999999999999 0 -4.8252322827489526E-8 1.2057057845143161E-7 0.04997703070393781
-0.8010515387579304 -0.4625279007956028 0.09999999999999996 0 -5.843473525903047E-8 1.1153459517938556E-7 0.04997703711399358
-0.7501479603301011 -0.5412050791178039 0.09999999999999992 0 -6.650248588435325E-8 1.0228299290334599E-7 0.04997703437804832
-0.5998767009898777 -0.4788913706345559 0.08487289614566725 0 -5.2119528428776047E-8 8.812616527414074E-8 0.04997703927310665
-0.6562422498346266 -0.5241856689594518 0.09146905933596002 0 -6.230320314406366E-8 9.233915274612553E-8 0.0499770400576283
-0.08839747535315964 -0.7039498716595032 0.08000538942626953 0 -8.362890462298556E-8 2.3436986733820094E-8 0.04997704167869191
-0.13806578705455586 -0.7497079460326577 0.08441541385599154 0 -8.82253479447111E-8 2.7777293850525144E-8 0.049977047700556186
-0.14308797449955213 -0.8318118172195702 0.0918642159103333 0 -1.0098808953126611E-7 2.3103839501902432E-8 0.049977049786315855
-0.09361073890939048 -0.9202510142029422 0.09999999999999995 0 -1.1531135332825809E-7 1.4101606433917374E-8 0.04997704721686512
0.09365704332523053 -0.9202463037324216 0.1 0 -1.0865135011992882E-7 -1.0843363946768949E-8 0.04997704903349208
2.0711142119751377E-5 -0.9249949331376578 0.09999999999999996 0 -1.1258937820571706E-7 8.22138431155814E-10 0.04997705285444712
0.12762107521700664 -0.8265826692803618 0.09113421310198927 0 -9.765074318283836E-8 -1.2326130861302224E-8 0.049977053127290096
0.08068135396090603 -0.7141673032968792 0.08075294753127603 0 -8.314883747817068E-8 1.3204861929283718E-9 0.04997704536354408
0.06358506183867194 -0.7827017733005066 0.08643167294964102 0 -8.923906702774627E-8 1.1499523536597122E-9 0.04997705826371964
0.02032803985547743 -0.7231235035279147 0.08113718206932351 0 -8.454390661244456E-8 1.1554972507019974E-8 0.04997704978793527
-0.03309170223836219 -0.7328034628470876 0.08197501691133365 0 -8.872257394632913E-8 1.8523263556831202E-8 0.04997705106666108
-0.7926496756412598 -0.2913333375023676 0.0919087000057277 0 -3.306621493327831E-8 1.1268585099416972E-7 0.04997703425960081
-0.5810426636905172 -0.3157640075984303 0.07626188231201679 0 -2.9752733574826256E-8 8.716131772073965E-8 0.04997702471229535
-0.5773213056470615 -0.42632356756478973 0.08066830857907491 0 -4.2843744263572255E-8 8.627701733622911E-8 0.04997703385177617
-0.5604495700519321 -0.38109429561078195 0.0775098294695611 0 -3.767106809474582E-8 8.427487651746485E-8 0.049977027924384916
-0.6449966839705538 -0.44452809810358646 0.08625924084344862 0 -4.575825123330544E-8 9.143653910907797E-8 0.04997704551869452
-0.6508158876168189 -0.3390076459058359 0.08199721983987755 0 -3.100076369526401E-8 9.95910158637198E-8 0.04997703858442408
-0.7091826270730177 -0.3233083988571452 0.08590988858162861 0 -3.362911673511213E-8 1.0708673005839883E-7 0.04997704050704501
-0.7619010673352372 -0.3837317836320327 0.09273617861998763 0 -4.817352985069379E-8 1.1030959233046114E-7 0.04997704347153571
-0.7143597851634016 -0.46065181317541964 0.09243904770387959 0 -5.485959443409203E-8 9.775892138544728E-8 0.049977046454620304
-0.07537530152887754 -0.7754914719888757 0.0858872030654022 0 -9.644316171492305E-8 1.9822612541675016E-8 0.04997705424119692
-0.048377865911234746 -0.8513117859798408 0.09269807273978156 0 -1.0636718133146371E-7 8.93279010490439E-9 0.04997705846542996
0.043935839967012356 -0.8511210240129371 0.09265635168129686 0 -9.919071557218828E-8 -3.515755072500406E-9 0.04997705996848781
-0.004822548609299441 -0.7855262944057825 0.08645491759740057 0 -9.453420028228464E-8 1.1189648882265466E-8 0.04997706603617147
-0.615323196863825 -0.38077552285640776 0.08115372829448383 0 -3.474885654709881E-8 9.255320411950475E-8 0.049977037699230904
-0.6821995337018092 -0.3893517946424338 0.0864501634511279 0 -4.010411842513306E-8 1.0098525871217312E-7 0.04997705274507245
