% Model:
% Version:
% Dimension:          3
% Nodes:              691
% Expressions:        4
% Description:        Surface
% X                       Y                        Z                        Color                    DeformX                  DeformY                  DeformZ
0.09361324045256657 0.9202507597854978 0.09999999999999996 0 1.3347874648756045E-7 3.3715463199584E-10 0.049977025816179736
0.19613059753886136 0.9039628493277616 0.10000000000000006 0 1.2746923329312717E-7 -1.33656239383564E-8 0.049977025438429995
0.2873578563384961 0.8792328678266589 0.09999999999999998 0 1.252057292526823E-7 -2.5609913101381712E-8 0.04997703273007378
0.6177594130735132 0.6884753307245892 0.0999999999999999 0 1.0519662294174436E-7 -7.451376108307868E-8 0.04997703682353365
0.684790004400319 0.6218349412241562 0.09999999999999998 0 9.62259397296633E-8 -8.492348457881984E-8 0.04997703162900433
-2.6622719632544978E-6 0.924994933365257 0.09999999999999995 0 1.3081314745969092E-7 1.4100634509134975E-8 0.049977029777248064
0.042840104890621886 0.8515402282381707 0.09269147861274166 0 1.2433335352725232E-7 6.386455483200464E-9 0.049977038937308316
0.37075219693550476 0.8474432642497914 0.09999999999999995 0 1.2571018768853778E-7 -3.91550180389761E-8 0.04997703231710268
0.14341620299378263 0.8294494640794716 0.09164675622284833 0 1.185001951459961E-7 -9.314507776879539E-9 0.04997703188652394
0.2216527773738334 0.8287572231622684 0.09320319712735281 0 1.1566204598293924E-7 -1.7667967262692772E-8 0.049977036744649206
0.29491717071644885 0.8166669280321706 0.09422261270086468 0 1.1838158620012101E-7 -2.7315042883293865E-8 0.04997704213107971
0.5485314952955888 0.74480230687788 0.1000000000000001 0 1.0859091584162507E-7 -6.186322197509387E-8 0.04997703450217457
0.5518007966248653 0.6760563257947593 0.09465507346897212 0 1.0116853365417331E-7 -6.355578685965082E-8 0.049977044457566025
0.5876935447112426 0.6161088910778022 0.09257893706827944 0 9.579293763905773E-8 -7.328445296189188E-8 0.04997704462969679
0.750154542605984 0.541195955123228 0.09999999999999999 0 8.295710185679174E-8 -9.07851170094201E-8 0.04997703400736374
0.6504705486077746 0.5465931881196746 0.09240305490818576 0 8.32180493716712E-8 -8.064366469780454E-8 0.04997703759331325
0.8010710017272109 0.46249419126110153 0.09999999999999994 0 7.464757768025879E-8 -1.0030952058795697E-7 0.04997703967989555
0.8437752416466553 0.3790359375932063 0.09999999999999998 0 6.401964736251915E-8 -1.0954032789400219E-7 0.049977036301235074
-0.09363126894349026 0.9202489260084377 0.09999999999999998 0 1.2682168869463854E-7 2.6041867140933312E-8 0.04997702499717184
-0.057540995049113 0.8423979795604501 0.09189602276328529 0 1.1527370868747791E-7 1.9252239175618646E-8 0.04997703777735682
0.06678793864290467 0.7745216917616872 0.08573266337058709 0 1.142742808453139E-7 -4.957944467581074E-9 0.049977037928394495
-0.010066347156763604 0.7750831353836388 0.085534709697028 0 1.0911422273309741E-7 3.7119491866579696E-9 0.049977045525047836
0.33139114289377414 0.7785556133621918 0.09206768166444738 0 1.1630107031974843E-7 -3.552054763895236E-8 0.0499770434783967
0.46249999999999974 0.8010734985006057 0.09999999999999991 0 1.1742764926622027E-7 -5.1593487482498406E-8 0.04997702838901045
0.3836506929290542 0.7746515411716933 0.09384509082801115 0 1.1553504224070922E-7 -4.2848847171313965E-8 0.04997703600564191
0.1913914876174544 0.7797285375111098 0.08801717214843206 0 1.073171852027272E-7 -1.7893758667690165E-8 0.04997703791810066
0.13322424106658332 0.7460807458646898 0.0840331591986956 0 1.0571955566749244E-7 -1.3661503439200785E-8 0.04997703153081821
0.290977677915208 0.7546407636986491 0.08855875058870188 0 1.100849898124856E-7 -3.315154174149484E-8 0.049977050585565466
0.23873623781901876 0.768060257846817 0.08814793343306236 0 1.05804033300216E-7 -2.4409041434073366E-8 0.04997704706403237
0.0873996338681695 0.6969472503405288 0.07943927986118829 0 1.0007982998444057E-7 -9.255748669171283E-9 0.0499770255822606
0.5230354883414245 0.6422697488364205 0.0903707538749386 0 9.419808900795345E-8 -6.163931113591273E-8 0.04997705201446861
0.4904238791693691 0.6985151762406319 0.09277567976728547 0 1.0022732708464991E-7 -5.470603510263262E-8 0.04997704075926424
0.49825230464030656 0.6040689738252 0.08623250303750964 0 8.491185798799012E-8 -6.397598967412405E-8 0.049977052556558293
0.5828756184496425 0.5332115379316272 0.08685116301599329 0 7.985141370620208E-8 -7.615308726849412E-8 0.04997704033254006
0.5354804188313992 0.5793968081607486 0.0867593250488703 0 8.61013416870835E-8 -7.145245465912916E-8 0.04997705014478658
0.706135052883472 0.46732786457169856 0.09212747065803698 0 7.13447989654063E-8 -8.49910197806098E-8 0.0499770468291173
0.626960623589047 0.4522983371432033 0.08535306995964971 0 6.316492054200676E-8 -7.82876459276156E-8 0.049977042620912224
0.7564175363077812 0.3862256756237963 0.09237249347625182 0 6.435041666975764E-8 -9.837484958714279E-8 0.0499770485630268
0.7978472984237353 0.3041762806928352 0.09281227257926786 0 5.111482897020008E-8 -1.027263469698608E-7 0.0499770408082172
0.5572755215547441 0.4510872900080025 0.08061070588876622 0 6.399191338268639E-8 -7.244148452373002E-8 0.049977032489963005
0.8809325160784339 0.2820885436790224 0.09999999999999994 0 4.9168897564492924E-8 -1.1116055972654765E-7 0.04997703636477554
0.8318102133114372 0.22322523392999072 0.09353078509252773 0 3.995633717581949E-8 -1.0350963810100194E-7 0.04997704653245053
-0.19616860770583672 0.9039546015730862 0.09999999999999996 0 1.2837072144966771E-7 4.048394612182895E-8 0.04997702363106181
-0.14285595486183858 0.8282574032154257 0.09152546819348939 0 1.167926023191122E-7 2.996484768513997E-8 0.049977030701977704
-0.08028628936017151 0.7814679591465112 0.08645850584417021 0 1.0741172549658294E-7 1.6359893962546732E-8 0.04997703583780994
-0.04561230651596534 0.7294921334214545 0.08175631121749641 0 1.0200205300715258E-7 7.061870105262897E-9 0.049977032368810105
0.011531729957052473 0.70924084903091 0.0799938250529473 0 1.0175594445313656E-7 -1.4495198388628164E-9 0.0499770296296489
0.3464548928541494 0.7191482470167311 0.08759713317592265 0 1.0706033949868112E-7 -4.2870964551669166E-8 0.049977040607758476
0.41227210451772556 0.7140762315680476 0.090018645217313 0 1.0361383517522655E-7 -4.8046369044341103E-8 0.04997703632732506
0.19425119712307035 0.7168127796252429 0.08273823779707913 0 9.833008483300657E-8 -2.3477813374119408E-8 0.04997703548646057
0.1444236460962668 0.6895139486023729 0.07960445430492033 0 9.689512777233987E-8 -1.6362590151979853E-8 0.04997702652284654
0.26473613188816314 0.6988930987695542 0.08313425830297129 0 9.87800583331276E-8 -3.655966304415045E-8 0.04997704226530681
0.31546555307223756 0.6681703741372859 0.0824215607208193 0 9.694492798877777E-8 -4.228720306762254E-8 0.04997703514047573
0.04599891718688658 0.6542488180254783 0.07585611859697282 0 9.380704584804806E-8 -2.0180189665418025E-9 0.04997702059916359
0.1041493181168425 0.6209165315731189 0.07394244219969821 0 8.855095563541366E-8 -6.603989508084365E-9 0.04997702104103222
0.4534199638911959 0.634338879041937 0.0859386615701075 0 8.65614668057678E-8 -5.511044750257402E-8 0.04997704406971521
0.4723939921181885 0.5653277489130147 0.08223903081434113 0 7.772160679995185E-8 -6.374098129827635E-8 0.04997704231026993
0.5096255127299391 0.5106912413470729 0.08097857821614195 0 7.341201059710797E-8 -6.895958067786545E-8 0.04997703572780242
0.49005227512439603 0.44470401859070546 0.07629562530822705 0 6.566814137529654E-8 -6.283892483268229E-8 0.04997702679929529
0.6719229666176102 0.3884051108238118 0.08561888827579651 0 5.451309730836247E-8 -8.841901211567562E-8 0.04997705407501962
0.585360990165672 0.3703838402167338 0.07867156144500052 0 5.088296902326926E-8 -7.664132011668729E-8 0.04997703228918428
0.7133503615870089 0.32015636681811027 0.08613118221459616 0 4.935255487620888E-8 -9.6070681183506E-8 0.049977045074047405
0.7561533810021166 0.25116889240286866 0.08746370240455795 0 3.933322401683342E-8 -9.594086605823135E-8 0.04997704354448795
0.4678168231247622 0.39722837411780604 0.07282402579327739 0 6.214749385672974E-8 -5.7604911108177145E-8 0.04997702622213697
0.5201731653431543 0.38799390136202994 0.0753439569886662 0 5.757485789708713E-8 -6.641766537168344E-8 0.04997702554554775
0.9051251569294584 0.19071818089926673 0.09999999999999992 0 3.744755555197981E-8 -1.1525226056156837E-7 0.04997704391388148
0.7902639371480997 0.1788726841459575 0.08869278761371618 0 3.001920817843788E-8 -9.841354174744963E-8 0.049977056391112315
0.8510855832446352 0.14814580550682155 0.0937894978149824 0 3.1968897477535533E-8 -1.1020316325929536E-7 0.0499770534695638
-0.2873939485029833 0.8792210714939994 0.09999999999999992 0 1.2393461948269758E-7 5.338745875249776E-8 0.049977030034072494
-0.23130254147882853 0.8233581280344335 0.09294490463014163 0 1.189695621174958E-7 4.465531079441088E-8 0.049977036209298935
-0.31654977457237843 0.8071051679018628 0.09409208829712742 0 1.1045949670789336E-7 5.575237079945863E-8 0.04997703913144075
-0.17894546311077822 0.7718277883825889 0.08706002927260566 0 1.1298773881221066E-7 3.196546190846602E-8 0.04997703475154757
-0.13380906082414656 0.7600240739879769 0.08523325950883374 0 1.0858627269512864E-7 2.380365932138987E-8 0.049977031335881376
-0.09794458893422107 0.7138796015511553 0.08090449857215165 0 1.0132374641070992E-7 1.6290791544026567E-8 0.04997702688885258
-0.048508906291745806 0.6781878024575432 0.07767733236817927 0 9.65750029527325E-8 9.273067547233743E-9 0.04997702292037363
-0.0078551337227577 0.6491499078369712 0.07536310530979572 0 9.308562543184363E-8 5.369347550633104E-9 0.04997701982323785
-0.22520922840433794 0.7458968973346558 0.08588793599516023 0 1.1093644818849905E-7 3.608939869440212E-8 0.04997704228541388
0.3676404370066046 0.6367719158122648 0.08211917016769558 0 9.023607148278074E-8 -4.702808915204987E-8 0.04997703181028846
0.1936377969261951 0.6392946953673746 0.07676490405819383 0 9.075841064215221E-8 -2.2474664798907546E-8 0.04997702521671788
0.2841334503354857 0.6165726819630527 0.07759808624216208 0 8.895981442647191E-8 -3.6531499259437624E-8 0.04997702568884334
0.15199695343335892 0.5713443637747505 0.07128864354870554 0 8.368803358027913E-8 -9.76744584689824E-9 0.049977026794350836
0.020086990102898376 0.582926818943489 0.07076019404513119 0 8.342153658261327E-8 6.731938929051109E-9 0.04997702013463779
0.09263905094403112 0.5551170207203663 0.06943102413110944 0 7.857432886573309E-8 -2.472459504958061E-10 0.04997702861479914
0.40094975894605217 0.5652131577221657 0.07869394977656125 0 7.829128799758653E-8 -5.132182124929547E-8 0.04997702916598532
0.44736034083495335 0.4974141441538551 0.07684191432450417 0 7.122343411935913E-8 -5.759940816090299E-8 0.04997702850045174
0.43140219656813134 0.4287675225971859 0.07244484890584983 0 6.614418070308948E-8 -5.11718352143204E-8 0.0499770276546698
0.6341588941531795 0.31283518999890125 0.0798162445324894 0 4.3799940740006135E-8 -8.502138031258297E-8 0.04997703528992799
0.5293785213896149 0.3388907230126146 0.07386902220939724 0 5.1384678259231776E-8 -6.723725502096263E-8 0.04997702451422322
0.5661686439840169 0.30314954318445153 0.07485251919573685 0 4.525165361001556E-8 -7.263644510201587E-8 0.04997702584993287
0.6744856330743808 0.25899543825752414 0.08106282636378112 0 3.759183519553369E-8 -8.841834261216229E-8 0.04997703583474902
0.7226994437477959 0.19973529248782174 0.08334138075756292 0 2.784544625839331E-8 -9.120053628679893E-8 0.049977044154585586
0.432283916850713 0.3802988180284773 0.07026687195777442 0 6.260012324522053E-8 -5.10869330821148E-8 0.0499770316022268
0.471669282894354 0.34325991058700306 0.07076541111671207 0 5.62688423623758E-8 -5.818465792775647E-8 0.04997702687488546
0.9192877608705788 0.10260257931928718 0.09999999999999994 0 2.6002506079465024E-8 -1.2259863212079403E-7 0.04997704354811585
0.8038717607621602 0.12213857484508563 0.08895470660031483 0 2.3829252977049122E-8 -1.0692696661591881E-7 0.0499770597182805
0.7461230180043805 0.13265602880629776 0.08402816782270865 0 1.7359598284025287E-8 -9.796385984713848E-8 0.049977053963055865
0.8513706752696019 0.07427003550197267 0.09288407134507307 0 2.05241725701262E-8 -1.1460887375448251E-7 0.04997704919222049
-0.37078556224583165 0.8474286657041801 0.09999999999999998 0 1.1462805893774705E-7 6.259629286696227E-8 0.04997702886439662
-0.2837405614792432 0.7514739211838952 0.08805204152803742 0 1.0543165161708073E-7 4.5181076057999414E-8 0.04997704892375453
-0.34402355613461416 0.7467533926463904 0.08979839619713195 0 1.0080083851092142E-7 5.416751487069232E-8 0.049977039229737015
-0.37812997462304876 0.7796968295885027 0.09405159466762453 0 1.0534255559210105E-7 6.183223270260275E-8 0.049977032958357134
-0.1720142422395265 0.7059350940103875 0.08139872432652721 0 1.0396185433433101E-7 2.685891038153469E-8 0.04997702945507439
-0.11459365381122653 0.6489796043007033 0.07609123122821615 0 9.369122425325007E-8 2.1306974588851328E-8 0.04997702069871033
-0.05636556989485568 0.6123374883168238 0.07290850863136557 0 8.876600885015508E-8 1.5653433465290537E-8 0.04997701911490635
-0.25001651455608 0.6877574831582878 0.0818288600417976 0 1.003309952191776E-7 3.4265336832222666E-8 0.04997703613695819
-0.052031801679697585 0.5443357511275841 0.06842717285738567 0 8.102508832303052E-8 1.843351646642705E-8 0.049977026448912526
0.3180361598450387 0.5508547874957042 0.07440724687637126 0 7.987982548598837E-8 -3.788755116608473E-8 0.04997702116374936
0.22784343961994075 0.5451094489255655 0.0712614275403811 0 8.23397772941082E-8 -2.2801335864632222E-8 0.0499770240727837
0.15223360853370177 0.5114589799667827 0.06762073099832457 0 7.825453520316643E-8 -8.321021753896979E-9 0.04997704139371455
0.001253333994083932 0.5186888782774371 0.06673044987207258 0 7.513249008205078E-8 9.862370262879333E-9 0.049977027402377416
0.04502055801070238 0.5239593119206278 0.06715619876796415 0 7.317488135561904E-8 4.747584950859442E-9 0.04997702957180531
0.09307018049889716 0.48701542238591894 0.06541754354915293 0 6.620121714275261E-8 -3.373066528061626E-9 0.0499770455679492
-0.028427878816465992 0.4894039605592073 0.06510500934199118 0 7.366737491122971E-8 1.2330261032660102E-8 0.04997703164302341
0.3618627937090411 0.47199806236141684 0.07152593305679358 0 6.975931389721771E-8 -4.008926921033492E-8 0.0499770252871568
0.3818998921620359 0.39282083230988174 0.06849211870683777 0 6.337594702939307E-8 -4.0508430600330425E-8 0.04997703942454647
0.5964895386590119 0.24538252217967105 0.07505456752399718 0 3.8034244655949455E-8 -7.591155339469641E-8 0.04997702733624099
0.5023235944487768 0.2915186453354023 0.07059623054924216 0 4.7652873616219095E-8 -6.175185016671628E-8 0.04997702551173283
0.5325092597313041 0.25445661626164345 0.07121936353097057 0 4.2092661867787716E-8 -6.492155638368486E-8 0.04997702661663732
0.6524176664552401 0.20477109599706136 0.07797707686621597 0 3.012684562934803E-8 -8.371064027675835E-8 0.04997703236058909
0.6908574756839181 0.1584953945063365 0.07995126254637963 0 2.116753215112565E-8 -8.903203506025498E-8 0.04997703976320341
0.5953591891669738 0.1936606882201294 0.07369160395615945 0 3.291974751427068E-8 -7.474098531689042E-8 0.049977029186122
0.6892086201904363 0.11760753932384704 0.079182235454291 0 1.5710703729033478E-8 -9.059655042695521E-8 0.049977038941754634
0.405879084331799 0.3317218591300754 0.06705525860874957 0 5.748077291202545E-8 -5.0043683880122716E-8 0.04997704055237233
0.4374027432196878 0.28280425722565 0.06685837267776955 0 4.8300989149871366E-8 -5.3980750108720694E-8 0.04997703283400573
0.9249999999999994 2.4083227273235917E-16 0.09999999999999988 0 1.1146912804614575E-8 -1.2161646987462126E-7 0.04997703945143675
0.7822439697509949 0.07342341173252223 0.08646750245519459 0 1.4070006076416548E-8 -1.0678161922603636E-7 0.04997705179703874
0.7247257834183622 0.08520662975023731 0.08165698245211614 0 1.1194453590048015E-8 -9.749773303708366E-8 0.049977044488947166
0.8252770499196596 2.2719212644267835E-16 0.09008727174442381 0 7.481084284156106E-9 -1.0803793440558065E-7 0.04997704597950511
0.8548200389796248 -0.0652462727687064 0.09314675085287963 0 1.2252876375016185E-9 -1.0920525949291561E-7 0.049977049018604724
-0.4625 0.8010734985006055 0.09999999999999995 0 1.1017335136066723E-7 7.541032814404023E-8 0.049977023995011076
-0.4789401191209053 0.7197628636157833 0.09385470752197606 0 1.0162674915114288E-7 7.803068772948964E-8 0.04997703281625263
-0.5083123257938114 0.6756675576578802 0.09200745306162256 0 9.554466852250266E-8 8.223288741657454E-8 0.04997704099508307
-0.32754350874215143 0.6890222378899378 0.08446715933764734 0 9.591178294145953E-8 4.685256808903205E-8 0.04997703557164524
-0.41247406389305447 0.7144260354671815 0.09005646238462256 0 1.0013604018916372E-7 6.51690419283799E-8 0.04997703261130409
-0.19051431605916905 0.626194724144322 0.07575740850014469 0 9.041032010336423E-8 3.118554046650987E-8 0.04997702236224619
-0.12546868182070262 0.5661421054611622 0.07053660282173835 0 8.157328305916853E-8 2.947535902377058E-8 0.04997702686871323
-0.19168892528151546 0.5624523066487603 0.07149027116733264 0 7.829910569677538E-8 3.597257377985274E-8 0.04997702411764029
-0.29003290264585363 0.6297052539110426 0.07871782471366957 0 9.002211984751998E-8 4.146735018266493E-8 0.04997702521953532
-0.10596501162257628 0.5041773372256166 0.0665257287102945 0 7.563018137699715E-8 2.676794808321076E-8 0.04997704336772102
-0.0710277803670786 0.4813038479979327 0.0648997774631422 0 7.529532016384653E-8 1.7876964293066452E-8 0.04997703986664321
0.27234892372669683 0.47172217328134014 0.06829621029644013 0 7.127979076691442E-8 -2.7832855238037896E-8 0.04997702603859054
0.21079455863719812 0.4693257584201238 0.06648483672306539 0 7.432694729210371E-8 -2.109759012047024E-8 0.04997703334083404
0.14985938251764008 0.45279307874260605 0.06437801254812757 0 7.032737926651021E-8 -1.736500844304196E-8 0.04997704801353204
0.18545604713463826 0.4304739947807409 0.06393784680976806 0 6.767751701002203E-8 -2.2046956023431517E-8 0.04997703750336319
0.11053788187593885 0.4306223745782792 0.0626902062642271 0 6.147921345085774E-8 -1.4963887361626282E-8 0.04997704393669016
0.019795838688718648 0.4703114259817322 0.0640444060829731 0 6.675644158353289E-8 4.204634090694844E-9 0.049977031930729506
0.06533055038853271 0.4354649165439313 0.06247764990259347 0 5.977779556403521E-8 -6.217681736587569E-9 0.049977037113287166
-0.04037960269203985 0.4408570318083466 0.0625957773306699 0 6.77669339453494E-8 9.66309872986968E-9 0.04997703311711767
0.3329058545937796 0.33325924236807375 0.06406157186555389 0 4.7877717683256175E-8 -4.2001693871185065E-8 0.049977053560652226
0.30693864167133966 0.4042133776050551 0.06608285286906407 0 5.8202305358059285E-8 -3.0283660293519984E-8 0.04997703792943612
0.5387084587482874 0.20560708274998704 0.07032262751622614 0 3.7237643963685624E-8 -6.442158201900153E-8 0.04997703198147332
0.47599510640454495 0.23047538821938993 0.06733340193971542 0 3.9319793043589984E-8 -5.529227449055295E-8 0.04997703362193296
0.5285393108936259 0.16518893231571916 0.06885934434787161 0 3.385191925084535E-8 -6.324877067078177E-8 0.04997704032637016
0.6359863797306671 0.1341128294488754 0.07542020319546491 0 2.2276632111193277E-8 -8.22114334492133E-8 0.049977031421323106
0.5665181445886517 0.15558354761445173 0.07104008880031383 0 3.141007507711158E-8 -7.066357505614326E-8 0.049977033860845024
0.660910431014522 0.06111123862815046 0.0764443497197492 0 1.0946652494892708E-8 -8.698562426946636E-8 0.04997703147031331
0.3628225028367361 0.2686598783514226 0.06303900336729049 0 4.236429619124842E-8 -4.860446463760532E-8 0.04997703902834838
0.40159415937487913 0.22227119456522582 0.06342742714419668 0 3.4889595605495285E-8 -4.894165315210115E-8 0.04997703566225055
0.8374232558848936 -0.1293417213860296 0.09218338983550127 0 -6.740976741592249E-9 -1.0922609674040122E-7 0.049977058236774806
0.9192877606928149 -0.10260258091221071 0.09999999999999994 0 -2.1631158284550807E-9 -1.1913617579297764E-7 0.04997704522484762
0.736498120183538 1.9461726324828643E-16 0.0822207664498539 0 1.7245945175818092E-9 -9.595108421312822E-8 0.04997704042334975
0.7859407931602105 -0.07401767626946824 0.08680140328934059 0 -5.8199116836873326E-9 -9.791897260541163E-8 0.049977053529316806
0.7880045515761323 -0.12910173677696724 0.08762058220646912 0 -1.3119432696317215E-8 -1.0179614380949407E-7 0.049977062734726865
0.7883546035916829 -0.16488856810254315 0.08824892692988198 0 -1.7522120189645646E-8 -1.0661036617339525E-7 0.04997706154401532
0.7597010793028802 -0.19500257071099414 0.08634694259141451 0 -2.438578277708206E-8 -1.035728190269162E-7 0.04997705435013277
-0.5485031394581955 0.7448231888659758 0.09999999999999998 0 1.036051673299632E-7 8.873774566788182E-8 0.04997702948574041
-0.5596851197575441 0.6634042603718276 0.09419033697962353 0 8.964706688132221E-8 8.822486357582096E-8 0.04997704037006647
-0.4499036574234318 0.6597655574984556 0.08762543161615084 0 9.730042372856401E-8 7.06699228938296E-8 0.049977037780052254
-0.5084523869045262 0.6310249340793687 0.08870435188239581 0 9.049835641607464E-8 7.825185534736346E-8 0.04997704850730501
-0.3679940573528886 0.6373844042186184 0.08217817873449768 0 9.255710093275427E-8 5.3898959618364156E-8 0.049977028572849684
-0.42125713605646403 0.6077940464059373 0.08247265847688973 0 9.186902165910386E-8 6.212829104818893E-8 0.04997703285642227
-0.5445828559277581 0.5931276201062035 0.08823074690283744 0 8.109415516716384E-8 7.872364783936966E-8 0.049977046135266934
-0.2598642375444073 0.5690891545970852 0.07365958600480058 0 8.028145368585603E-8 4.1672094470777757E-8 0.04997701927620367
-0.146043412013244 0.5032640730580226 0.06704541835555089 0 6.95672498371778E-8 3.212433728656173E-8 0.04997704324728307
-0.17773060720916645 0.5259463281585312 0.06894804779728927 0 7.13844745056104E-8 3.594770217682621E-8 0.04997703183248111
-0.21172158677062325 0.5198781223671345 0.06933829044213057 0 7.019665333810722E-8 3.895585669128235E-8 0.04997702664739988
-0.31860245148696237 0.5518356333914171 0.07448895588812982 0 7.946060142665682E-8 4.9480840165032955E-8 0.0499770182915069
-0.14030890931253803 0.4679836164169959 0.06501280116403946 0 6.520431300607473E-8 2.513842315738884E-8 0.04997704970497059
-0.1029411460718821 0.44640858274387013 0.06338188130081228 0 6.847885537823834E-8 1.608013644325315E-8 0.04997704590223717
0.2318898921058528 0.4016450748890024 0.06367695651733307 0 5.971103707337448E-8 -2.5857995038358407E-8 0.04997703208789656
0.15384627156060382 0.38391173658918915 0.06118533303935767 0 5.7868067029439924E-8 -2.039766761038734E-8 0.04997703178633701
0.08567704016096146 0.39343427128029224 0.06068036954612458 0 5.635399116920403E-8 -1.0993006427669625E-8 0.049977032203567674
0.05891091878969271 0.3561813785904501 0.05888183035860122 0 5.261724455904133E-8 -4.273934633660167E-9 0.04997702502274138
0.013052198219917915 0.38970549808144694 0.060109559393507296 0 5.714023142790666E-8 1.7964573412669069E-9 0.04997702630738746
-0.07539656272461731 0.38263872680028077 0.06011274428033935 0 5.7961708900268206E-8 1.2122111711004751E-8 0.04997702856798224
0.29687695963224414 0.26583446546620587 0.06049214663587172 0 3.796272539104556E-8 -3.900851781553874E-8 0.049977033146365445
0.2625418688185837 0.33648330779519714 0.06181290503458571 0 4.5610464132190296E-8 -3.1691184592991436E-8 0.049977035041254274
0.4879508039440347 0.1753290332884817 0.06671893154849401 0 3.2520216243853273E-8 -5.533098551706765E-8 0.04997704562301548
0.44078820931890456 0.1777885340956575 0.06428879605061416 0 2.7240431588470968E-8 -5.026721024209253E-8 0.04997704457864376
0.5192463818471629 0.12824117265253684 0.06769417632898124 0 3.008276984715346E-8 -6.546716101418656E-8 0.049977046872651996
0.5800435663390094 0.07440259297015445 0.07086095755136958 0 1.921181907412288E-8 -7.607109799705218E-8 0.0499770311781975
0.637168246229727 1.7636191275501274E-16 0.07448630903843242 0 4.5991518759971286E-9 -8.234606846676769E-8 0.049977028302773806
0.394490378891255 0.17177804019933987 0.06198157459134764 0 2.4324739505050658E-8 -4.739892203215797E-8 0.04997703765152776
0.33827356631260735 0.19741612693850674 0.060186571415137134 0 2.994772260803826E-8 -4.214397754193866E-8 0.04997702989865578
0.823080640176532 -0.2073363860609292 0.09232209730203018 0 -1.9535508938950163E-8 -1.1324835914342204E-7 0.04997705336190743
0.9051251563026288 -0.19071818387397393 0.09999999999999996 0 -1.4778602872396727E-8 -1.224493230330914E-7 0.049977047117367626
0.6918887433807663 -0.06772116765551028 0.07886795692620671 0 -8.541776562970581E-9 -8.77286250574905E-8 0.0499770375692195
0.7325342916850162 -0.13408386908087777 0.08291013088256638 0 -2.0072623035507634E-8 -9.483502683701693E-8 0.049977052787367804
0.7578046117703348 -0.24801668508133748 0.08751626752734717 0 -2.920074383085953E-8 -1.0162217359485802E-7 0.04997704832849319
0.7040732060431756 -0.2032143579310842 0.08191372549943252 0 -2.7419961329736593E-8 -9.335517322873485E-8 0.04997704412887011
-0.6177328508859397 0.6884991641819087 0.09999999999999995 0 9.144143617510835E-8 9.502710175074137E-8 0.04997703104348749
-0.6071515389330133 0.6092519905512257 0.0934219469334025 0 8.013563441870247E-8 9.078214799609267E-8 0.04997703573129591
-0.5735399527378838 0.553508622043815 0.08749015204644302 0 7.584320855240062E-8 8.203365177650611E-8 0.04997703771331327
-0.47303326379715877 0.5791284533565412 0.08316905076856485 0 8.758242521582729E-8 6.670335980319742E-8 0.049977040715577195
-0.39181543828090004 0.55445735722153 0.07760084140770421 0 8.280190792185027E-8 5.7938733384688494E-8 0.049977023457177035
-0.5240933648557364 0.532232296917964 0.0831006990315747 0 7.675629490567911E-8 7.253265422973857E-8 0.04997703580550902
-0.2730034360466586 0.47285582187369307 0.06837705113188602 0 6.635595744834635E-8 4.715273790816764E-8 0.04997702347044867
-0.19156331121345604 0.4731617410648762 0.06625147072173328 0 6.225932791833214E-8 3.3926586466251625E-8 0.049977036286954976
-0.3580569939172612 0.4725541821277962 0.07140049698238948 0 6.789137038470288E-8 5.8869019585722316E-8 0.04997702217676035
-0.30165136280488036 0.4184145297189895 0.06656200918217181 0 6.199697454090524E-8 5.304981609941527E-8 0.049977031929989056
-0.157502577302292 0.4062797025959702 0.06224976286168573 0 5.757421114221551E-8 2.1969688745805814E-8 0.04997703546843623
0.1923176439095004 0.3331039304431941 0.059877835485628056 0 4.8808205452214226E-8 -2.2976876023977585E-8 0.04997702504476166
0.10763513709501452 0.32249572723181036 0.058047784011843524 0 4.932244427221466E-8 -1.014070055235677E-8 0.0499770228605791
0.02555769618970364 0.3104658173674803 0.05699894508193309 0 4.7453462691359895E-8 5.153242722967891E-9 0.04997702592518109
-0.04439277195221167 0.328710102628296 0.0577329050528648 0 4.8695650541073796E-8 1.2497063539787596E-8 0.04997702376492344
-0.11902524067374878 0.32805250160257865 0.05839824108948766 0 4.825790255292141E-8 2.0243202221052676E-8 0.04997702203469082
-0.017053837843317182 0.27836069099312905 0.05590951428308119 0 4.112076368706438E-8 1.3739535926977823E-8 0.049977032033889215
0.011677278178983168 0.25977319628253465 0.05533524160416193 0 4.0933593062906543E-8 1.1091181380635528E-8 0.0499770379276571
0.26432978404622737 0.19520810401833602 0.05761727712614054 0 3.220373384210628E-8 -2.990740017009835E-8 0.04997702673204542
0.22703812963746223 0.26409762190385005 0.058370438456053005 0 3.893346940875945E-8 -2.5999291479983042E-8 0.049977024374351454
0.4615326701397575 0.12346215125476942 0.06442192515091573 0 2.020002611496429E-8 -5.8792033403943576E-8 0.04997705694787977
0.41609697408913515 0.13788398400008958 0.06237868126929303 0 1.7675064047870668E-8 -5.1171822693080685E-8 0.04997704498802675
0.493812622045095 0.06489296717588176 0.06554297030555511 0 1.7242169544851578E-8 -6.756719167687457E-8 0.04997704388488327
0.5965173615012843 -0.07939251741876009 0.07200225824383245 0 -3.123119679518609E-9 -7.55380265225107E-8 0.04997703145114499
0.5449077695259101 1.790659953385319E-16 0.06830916124377963 0 9.098843351261639E-9 -6.969539748871703E-8 0.04997703213107853
0.35923719947272786 0.12552401442410066 0.05970040660633742 0 1.841920801693521E-8 -4.476123814447402E-8 0.049977031368212195
0.23462332403576253 0.13422621113694225 0.05564316792853833 0 2.8945134547111546E-8 -2.3672001555705103E-8 0.04997703737670504
0.29070078878885497 0.12979410487969603 0.05724274123768994 0 2.467722562896514E-8 -3.421206606979885E-8 0.04997702807344379
0.8014927716328408 -0.29144105877124366 0.09271262928645599 0 -3.10243340326229E-8 -1.0698342718008934E-7 0.04997704613810868
0.8809325145611795 -0.2820885484172241 0.09999999999999999 0 -2.8256074389317653E-8 -1.1995143778208406E-7 0.049977041381661196
0.6510493529215736 -0.15514133280147802 0.07686356365481603 0 -1.9116927108850872E-8 -8.459252730605995E-8 0.04997703558649116
0.5770279320473077 -0.1518434761804153 0.07165568912865206 0 -1.1543223350730227E-8 -7.560654590868329E-8 0.049977035246684405
0.7173493567573875 -0.3169596225802428 0.08634023460744476 0 -3.796642011629946E-8 -9.013155811128787E-8 0.04997705030663594
0.6897625743522149 -0.264441860913035 0.0824063475266023 0 -3.388050258048412E-8 -8.84953580072062E-8 0.04997704264877045
0.6384778628041973 -0.23491899962832427 0.0777084562971251 0 -2.9585212368180044E-8 -8.25755838095075E-8 0.049977034896064663
-0.6847646792234083 0.6218628292777221 0.09999999999999995 0 8.210907369487167E-8 1.0312475488305845E-7 0.04997702509545626
-0.6465139113454264 0.538316822314734 0.09160194260007758 0 7.39281174992349E-8 9.725523434534734E-8 0.049977032052590915
-0.5770660846669927 0.4836246905463882 0.08360849061752018 0 7.090728828930847E-8 8.353137045147216E-8 0.04997703114553447
-0.45509595152323246 0.486640439064581 0.0766367028663977 0 7.120089129365413E-8 6.63894811736436E-8 0.049977024062025116
-0.41803303753571375 0.41861066103869105 0.07131407766744806 0 5.704406119246906E-8 6.677861766934224E-8 0.04997702613837828
-0.5228737105474611 0.469403410425903 0.0794598201715015 0 6.90414724931804E-8 7.471464422883362E-8 0.049977026223183355
-0.2326279902659774 0.402923498403311 0.06375456788963607 0 5.885240717155566E-8 3.80082573599934E-8 0.0499770300002098
-0.2807191746564195 0.3771430143239577 0.06401358518053686 0 5.946624040657105E-8 4.685941238975199E-8 0.04997703634772965
-0.366851516506518 0.3914531813319968 0.06779342734587492 0 5.343440996735499E-8 6.295350971946234E-8 0.049977039542337294
-0.31784422091904324 0.3574692689417032 0.06445327462614314 0 5.67053676128172E-8 5.177600176341419E-8 0.049977047390925775
-0.19326570388917427 0.3347460184966118 0.05996054906425582 0 5.100850341480305E-8 2.990518133366383E-8 0.0499770235879229
0.14969050843762158 0.2592715660247785 0.05657975437506353 0 4.1337852112191435E-8 -1.2565654304072103E-8 0.04997702288837583
-0.15073713287945018 0.26108437273446894 0.05665087411303694 0 3.826914355006866E-8 2.8484956853105296E-8 0.049977021406235916
0.06630901180929023 0.250856535710505 0.0553186995326227 0 4.252233481503777E-8 1.403883386842409E-9 0.04997703300585949
0.017981432514459814 0.22651294475696923 0.05443142027174295 0 3.8133489452281734E-8 8.773032884853023E-9 0.049977048879037644
-0.07471068043782808 0.2615864764835527 0.0556965634877458 0 3.637430775332666E-8 2.0060614179267776E-8 0.04997702883779462
-0.014253461472862217 0.23459230484404994 0.05463523466770248 0 3.409930588707095E-8 1.4121681360639707E-8 0.049977046448421256
0.20062573683728832 0.09527047772396216 0.05430115527057267 0 2.362632534282453E-8 -2.2325932132256895E-8 0.04997705234601588
0.18890830540911194 0.1893292231980287 0.05555650018582656 0 3.258148067054279E-8 -1.5083330578221462E-8 0.04997703217633453
0.18353225708574536 0.1263657612272312 0.05431954168807018 0 2.50342608599577E-8 -1.4761423028487374E-8 0.049977051775350695
0.4146151646677903 0.077681020975073 0.06157475739077052 0 1.0623063885662102E-8 -5.53736074014726E-8 0.0499770399484526
0.4636209692030302 1.4593888372567647E-16 0.06366862151549985 0 5.023811153803448E-9 -5.8594514785937526E-8 0.04997703722568137
0.5270134709035552 -0.12362075461980128 0.0680883893303861 0 -4.4364827341243295E-9 -6.739067849665459E-8 0.049977046671534735
0.5078212312272355 -0.05773868566153319 0.06628756501631428 0 1.1368094851099613E-9 -6.077256461259436E-8 0.049977041567506354
0.3331467524821928 0.0633273262949379 0.05801432008933982 0 1.2993198607283876E-8 -4.1841729012199334E-8 0.04997702625686348
0.2538184516803514 0.06940494742292715 0.05542696753822805 0 2.0358938979261614E-8 -3.0627857770906297E-8 0.04997703489156238
0.7635253857731481 -0.3782532475337201 0.0926398396720293 0 -4.0545358873606176E-8 -9.935690253314794E-8 0.04997705402541268
0.8437752388147 -0.3790359438971111 0.09999999999999999 0 -3.9956194511494E-8 -1.1140029315940557E-7 0.049977043068501446
0.5898871014295897 -0.20776639827421509 0.07364495662277286 0 -2.2307000711996886E-8 -7.787442721662396E-8 0.049977032136286376
0.5408130551366508 -0.18150058753720788 0.06992281214701015 0 -1.4635312313673906E-8 -7.342048531074978E-8 0.04997703848286211
0.6777956079436661 -0.39290477214771746 0.08626804024189792 0 -5.1819833421273854E-8 -8.702303098591487E-8 0.049977062434863696
0.6346730356926773 -0.3174870091624343 0.08001946855914076 0 -4.280806662000065E-8 -7.862352851882106E-8 0.04997704168249938
0.5796784116794852 -0.2776116098201063 0.07488927562467991 0 -3.414928130541433E-8 -7.474213131230172E-8 0.049977031295817514
-0.7501326501074496 0.5412263004122693 0.09999999999999999 0 7.321178194196268E-8 1.1513565791522992E-7 0.04997702681120233
-0.7186415188607144 0.4635460562865767 0.09293928953994947 0 6.315981118537805E-8 1.1045328573016383E-7 0.049977040209748046
-0.5580584193120213 0.42548332869284045 0.0793877523859349 0 6.454785175956144E-8 8.094006897229341E-8 0.04997702592425755
-0.6328963674406778 0.4470501467799965 0.08550954643040555 0 6.831368473501818E-8 9.485001292649625E-8 0.04997703794089126
-0.6767294999436545 0.3833870641168075 0.08576692861654717 0 5.8494452180518695E-8 9.614510683257156E-8 0.04997704790338107
-0.4324706598932547 0.3595596935895599 0.06940707877592157 0 4.604313013339444E-8 6.684809895039638E-8 0.049977029239503444
-0.48200836859227103 0.4026983386005155 0.07383556549613608 0 5.665921215871088E-8 7.214392045688539E-8 0.04997702135805078
-0.5442886348821633 0.36830034160648034 0.07595460109733419 0 5.530522267842148E-8 7.942342757230047E-8 0.04997702154689365
-0.3182526738785638 0.31228528282505874 0.06275542647814243 0 5.031327632288936E-8 4.484268950069194E-8 0.04997704412389836
-0.25621859628623345 0.32661564029958035 0.06125711843708684 0 5.3331680923452254E-8 3.890974432249531E-8 0.0499770311284799
-0.37474174799433474 0.325215240573534 0.06543736846884436 0 4.2579678916768844E-8 5.484541104972235E-8 0.049977045934387704
-0.4300985673768074 0.3012630280350379 0.06711000127247038 0 3.8947268869757886E-8 6.458969530781363E-8 0.049977030474463675
-0.22695325756190313 0.2565120405768185 0.058144911454045704 0 4.02769837315749E-8 3.6637499918988485E-8 0.04997702229554901
-0.18350196867475074 0.18844743574056294 0.05542383280391715 0 2.7467534891946464E-8 3.622466986097834E-8 0.04997703116664132
0.11136664405289663 0.19289268576805546 0.0543171535525474 0 3.3262196817732675E-8 -5.499513354818428E-9 0.04997703650068149
-0.1122914677939212 0.19449452747555573 0.054363926326504504 0 2.7996352737716944E-8 2.5135947071953626E-8 0.04997703529884995
7.833096257776418E-4 0.19069362679459012 0.05356840441819727 0 3.035556830302422E-8 4.893410802699957E-9 0.04997705536097921
0.04520143550094839 0.18418512355280772 0.05354594410814683 0 3.368938681282374E-8 -5.289696506483941E-10 0.04997704825006565
0.017173734845246678 0.1662656573333219 0.05309215701680856 0 2.8664860051466606E-8 -1.731088073763313E-10 0.049977050898626134
-0.04746651353754764 0.1829715324610284 0.053532622158623755 0 2.5020392299174215E-8 1.220854451175822E-8 0.049977047263440655
0.1909210649037195 0.04684254353730668 0.05369730809312632 0 1.4299666045468651E-8 -2.4204765466805623E-8 0.04997704787799335
0.15384433041034729 0.09209874155024392 0.053330182368177645 0 1.4816901744340952E-8 -1.6771915004723458E-8 0.04997705576952942
0.13647605991683223 0.1435082568468913 0.053729825805134857 0 2.3202132623045044E-8 -8.927967214327177E-9 0.049977046337055214
0.38492668203237634 1.0023152680894796E-16 0.05989052034096669 0 2.134805982722698E-9 -4.781708886098571E-8 0.0499770293610908
0.4253355502182104 -0.06042681663517086 0.061949401873126426 0 -7.066429782294784E-9 -4.966769924523379E-8 0.049977040403187054
0.48600244774065643 -0.18106149615140063 0.0667271620082264 0 -1.668843149857561E-8 -6.841178179186244E-8 0.04997704754124705
0.4535801009187721 -0.11979187747949692 0.06395953291420167 0 -1.4811463876264827E-8 -5.611307412236818E-8 0.04997705796091247
0.30024351839566077 1.0287337474471442E-16 0.0566089984335615 0 7.378688890660146E-9 -3.624609107075591E-8 0.0499770259462007
0.2238875048948223 7.961310541061857E-17 0.054346295287657866 0 9.653618639662942E-9 -2.5800148510527262E-8 0.049977038649800014
0.7176713367395706 -0.46521260674377907 0.09294805270739667 0 -5.583162865134351E-8 -9.97243302013178E-8 0.049977055162830665
0.8010709981238167 -0.46249419750242293 0.09999999999999998 0 -5.241020320757235E-8 -1.0886189229546633E-7 0.04997704818592966
0.526450453306162 -0.2376825100162034 0.07038843476625323 0 -2.46936298987229E-8 -7.121244939512847E-8 0.04997703282341042
0.4546475825643904 -0.23293628734368743 0.06627327609670221 0 -2.4905756076760074E-8 -6.157485450297988E-8 0.049977038640997194
0.5306797663003683 -0.29923675531161764 0.07251363051783592 0 -3.513924263301372E-8 -6.902586055409613E-8 0.049977029818065816
0.6103906305879975 -0.40135765312469507 0.08172372928462608 0 -5.634199112326223E-8 -7.804748196739746E-8 0.049977046961187904
0.6403517767463041 -0.46278562534170165 0.08686037768572827 0 -6.124950564622805E-8 -8.630464690306279E-8 0.04997705203749684
0.5664981365845182 -0.34007595181336636 0.07621962270586985 0 -4.4412874464129025E-8 -7.180072150607724E-8 0.04997703354785651
-0.8010558185062641 0.4625204886241073 0.09999999999999998 0 5.996856505296548E-8 1.1954711252618908E-7 0.0499770319070041
-0.7603438011582597 0.3738096376808479 0.09217483686370775 0 4.785137340370817E-8 1.0909362152546949E-7 0.04997703992659211
-0.6064827120561795 0.3683452405387546 0.0800133246078764 0 5.9212517260065615E-8 8.6381978031618E-8 0.04997703082110251
-0.6554904399290363 0.3258387756938692 0.08184700708932659 0 5.151980278913626E-8 9.101166313137263E-8 0.04997703449705038
-0.7173789460644423 0.3218656625868021 0.0865204629875929 0 4.6079339605696926E-8 1.0044431981690092E-7 0.049977038383460806
-0.4490633670822638 0.262933614095089 0.06682964731028332 0 3.562430439968864E-8 6.889996966543128E-8 0.04997702819558987
-0.561964870759204 0.31624700130713357 0.07504348009682706 0 4.778199912987286E-8 8.201439445748151E-8 0.04997702075472081
-0.4969688691845382 0.31115828345845914 0.070963541880969 0 4.2860028885544144E-8 7.482662599562038E-8 0.049977020900256935
-0.3445240713159381 0.2767146512083848 0.0625551726814487 0 4.190542615889625E-8 4.7516410280727814E-8 0.04997703793458402
-0.29822944351534514 0.2720284218761082 0.06072614652584281 0 4.438510889248433E-8 4.2233244197009974E-8 0.049977032288341175
-0.278960464150049 0.23105339123962187 0.058930977919053947 0 3.675297819957572E-8 4.2207531053115884E-8 0.04997702504945182
-0.39866775255885006 0.2551376793832062 0.06418286265211672 0 3.631673480751411E-8 5.9096863916778986E-8 0.049977032741579865
-0.43855507291261625 0.22078311851591842 0.06514753629020965 0 3.2540532619159144E-8 6.9036655674731E-8 0.04997703265187127
-0.25569422992480945 0.18010642956677383 0.05704280655464758 0 2.620787632538859E-8 4.2441811333021114E-8 0.04997702582969623
-0.22047029564306936 0.14293411554993973 0.05541545974285534 0 1.7815397445953415E-8 4.01429771157328E-8 0.04997703724004248
-0.18680865935078536 0.12991541986645877 0.05443956342319764 0 1.7900448185423488E-8 3.6350916312115176E-8 0.049977048515449915
-0.13865734030206037 0.13413724110678016 0.05361667711440055 0 2.3743989697120736E-8 2.8415562296229796E-8 0.04997704737688755
-0.13558426904309848 0.09984465055515283 0.05311549222562181 0 2.1043971570046867E-8 2.3909969626990947E-8 0.04997705082463256
-0.25161809751440434 0.1255049475699697 0.05598231997151887 0 1.5238322604825346E-8 4.160320998088615E-8 0.049977031938582786
0.19420772375092543 -0.04676552312468657 0.05376845209193871 0 1.938296411401692E-9 -1.878309568440782E-8 0.049977048209656975
0.07844894660138703 0.13587756131386025 0.05290437550856243 0 2.2659037569479676E-8 -6.002220299553624E-9 0.04997704346460294
0.1581850159804538 4.03666044625459E-17 0.05292729798071231 0 3.998524308552408E-9 -1.681239580719163E-8 0.04997704524740146
-0.0793293077376864 0.13740239153093967 0.05293577949983721 0 2.2936996834485614E-8 1.5794883872841925E-8 0.049977042865685
-0.10192189467460562 0.10267269443312377 0.05269596908601703 0 2.1254147251364313E-8 1.8287018780294615E-8 0.049977044336261635
-0.004334214649360648 0.15163914092247652 0.05281372846092682 0 2.4645170060242344E-8 1.3703366442729557E-9 0.04997704826559053
0.035198297345602834 0.13784946141786308 0.05265706254873472 0 2.391735199391583E-8 -3.085172223908542E-9 0.04997704445885322
-0.03647527919163236 0.1302798698937503 0.05254752074115307 0 2.14994807948857E-8 6.66658136217739E-9 0.04997704281281353
0.12737884186502524 0.04457914646124021 0.05254239887577797 0 7.234457558964269E-9 -1.494797839062119E-8 0.04997704504730402
0.10177697427875258 0.08834048795367636 0.05253956863179542 0 1.272101532110921E-8 -1.0436094868101974E-8 0.04997704446661097
0.34118511954802583 -0.062154607897978366 0.058312559079427444 0 -4.94929331171421E-9 -4.062688317071125E-8 0.0499770278877539
0.37836392981717903 -0.12391451309547875 0.06047575124681005 0 -1.7194266006315637E-8 -4.636248309820333E-8 0.04997703716109024
0.41238404925178007 -0.18021837395374024 0.06296662723972753 0 -2.3239651389162944E-8 -5.464366552258167E-8 0.04997704298552237
0.1676578507312959 -0.08204581170599337 0.05348225864611659 0 -6.741354527285019E-9 -1.6083490782754555E-8 0.049977057538556455
0.20181374228166962 -0.09141964150518621 0.05428754190491373 0 -1.8976385740910075E-9 -2.2563398247292522E-8 0.04997705347748671
0.25485064501553883 -0.06881848120103617 0.05545206946541742 0 1.2761680870442725E-9 -2.9325061119581388E-8 0.04997703578111868
0.6644823007055147 -0.5389515943966049 0.09297818153954257 0 -6.609285390686046E-8 -9.014677633349131E-8 0.04997704732887601
0.7501545366059805 -0.541195963440213 0.09999999999999984 0 -6.559618182362347E-8 -1.0437892056225216E-7 0.049977043911046355
0.6027366073062329 -0.5213223560235656 0.08747588350371878 0 -6.547178373524892E-8 -7.776774922854357E-8 0.049977048797917346
0.3907221727608636 -0.23584567652234328 0.06329187670784996 0 -2.734320503385165E-8 -4.8292034937062495E-8 0.04997703963339133
0.47890979704271586 -0.2863984098188226 0.06912760288748078 0 -3.068292982758992E-8 -6.295209071087653E-8 0.04997703272642192
0.4250914842628162 -0.2904030737883922 0.06650384046370365 0 -2.982963760321948E-8 -5.344921895463488E-8 0.049977040046521454
0.5018045759598764 -0.3463645861940246 0.07254833341115846 0 -4.077804740324943E-8 -6.46189799288464E-8 0.04997703084373132
0.5395049675561714 -0.4037977139333864 0.07721405836956645 0 -5.274858014126994E-8 -6.824140400599616E-8 0.0499770349388203
0.5629289159938321 -0.47314451663551055 0.08212579004392509 0 -6.207696005959965E-8 -7.065086305337007E-8 0.04997704316678483
-0.8437609348289447 0.37906778281416026 0.09999999999999995 0 4.755960485601137E-8 1.220626522667217E-7 0.049977027949352965
-0.7888004165309437 0.2903760964571749 0.0915314985584158 0 3.906357810587936E-8 1.1530643287719112E-7 0.04997703379161845
-0.6102329054490165 0.2953318100128198 0.07752504764743698 0 4.639964387316656E-8 8.725783859631639E-8 0.04997702444155271
-0.6672358697757713 0.2726523999513782 0.08092297245691278 0 4.316287955588086E-8 9.496778317834228E-8 0.04997702930437374
-0.7578216461505273 0.23114048963723496 0.08705889216020636 0 3.544784563068863E-8 1.1300432222508048E-7 0.049977037942904014
-0.7250638207162802 0.2644091498704253 0.08523826785223539 0 4.0254867405104663E-8 1.0497405749503535E-7 0.049977034117129386
-0.49761740681994665 0.2259943198914076 0.06840949555720777 0 3.077496058523219E-8 7.839148961335668E-8 0.04997702805434587
-0.5531916805568725 0.2548390044927608 0.07250231820116229 0 3.6558997605786455E-8 8.323276621774095E-8 0.04997702098267435
-0.3304177610769968 0.2075632873895256 0.060121873146272396 0 3.36563833802795E-8 4.912120409533151E-8 0.049977027033672974
-0.40020050920329836 0.18553375498639196 0.06251643484045977 0 3.17414256293086E-8 6.190041013009523E-8 0.049977033989893185
-0.4509389353459413 0.1806295394110867 0.06485872161226297 0 2.8799689299530752E-8 7.262228753683116E-8 0.04997704088236638
-0.3081655557366316 0.12979030410922685 0.057834162632571066 0 2.0526168094701525E-8 4.752912549517003E-8 0.04997702465700042
-0.21413652185417031 0.10501643106435352 0.05472829937040968 0 1.0905060017634285E-8 3.601479925468973E-8 0.04997704542908919
-0.1657690318723487 0.09663028560186343 0.05359396061230914 0 1.7239551764993727E-8 2.7905999945939444E-8 0.04997705576885677
-0.13208776332768432 0.07040426877471608 0.05277929135503944 0 1.7248460570493675E-8 2.0687418678475478E-8 0.04997704797638988
-0.2668792736165402 0.06671487334767569 0.05579077358601759 0 7.48809648860953E-9 4.091438884853444E-8 0.04997702936598354
0.13394298555224937 -0.04272165979228181 0.052630185389843605 0 -4.36314186126605E-9 -1.1019427072945622E-8 0.049977046731037124
0.04273067501608838 0.07401170016957918 0.05192584962618541 0 1.2464555951511497E-8 -4.006225228825825E-9 0.049977034914122684
-0.07427627943517315 0.042883429926301064 0.051928801697300825 0 1.326303300405105E-8 1.3211517004454946E-8 0.049977034823020114
0.08580268905133058 2.7924535741052085E-17 0.05192915349305607 0 5.037278231670686E-10 -6.8620061334569E-9 0.04997703591614059
-0.04304287969149937 0.07455245452975151 0.0519319033593881 0 1.6079948669026888E-8 7.725268099659244E-9 0.049977034652828725
-2.9796378738924766E-17 0.08577355466188762 0.05192886660175564 0 1.587189289144686E-8 1.0400865621375365E-9 0.04997703489380609
0.0741595043143772 0.04281600977887492 0.05192749553399362 0 6.59023899527314E-9 -7.168963639567758E-9 0.049977035640674565
0.12170874450296679 -0.07937873255132208 0.05270638285367756 0 -1.0763509397505417E-8 -1.0005781565674374E-8 0.04997704938697642
0.1532214795718842 -0.1047515501973591 0.0534601593182905 0 -1.1971356188850004E-8 -1.7598916615687637E-8 0.04997705732162013
0.2997814449763266 -0.13025461904441932 0.057552736756421516 0 -1.1719002007467649E-8 -3.6816827498971134E-8 0.049977029968604876
0.34046960443170665 -0.192505611563268 0.060162576700472446 0 -2.364719722077864E-8 -4.11783246121956E-8 0.04997703333560171
0.34557599933864525 -0.25420475687873284 0.06192004258218349 0 -3.110307897124841E-8 -3.878863648381746E-8 0.04997704084060014
0.17846806103523252 -0.12182655323316931 0.05415222050793654 0 -9.82666129520314E-9 -2.4536118427007047E-8 0.04997705583081519
0.23090062297727748 -0.133798202671902 0.055538699139373295 0 -7.747571279153675E-9 -3.064972331820674E-8 0.04997704073973828
0.6050561438570468 -0.6036830020468081 0.09289418017943481 0 -7.172936905107644E-8 -7.960702442612903E-8 0.04997705291334404
0.6847899965302142 -0.6218349498910589 0.09999999999999994 0 -7.44306130147968E-8 -9.229163329360314E-8 0.04997704301079395
0.5365057739834544 -0.6074638984061791 0.08871198704411519 0 -7.576647258946743E-8 -6.861197977793913E-8 0.04997706433264949
0.5490740032503056 -0.5442731464552362 0.08535659345024513 0 -6.854618012852215E-8 -6.635817247397059E-8 0.04997705298325431
0.3750627258693447 -0.2936858939923493 0.06434654814554322 0 -3.2327034713383695E-8 -4.298036640894152E-8 0.04997704836871749
0.3969354899692888 -0.3460112170117684 0.06719703593166886 0 -3.537225139476334E-8 -5.127087436665066E-8 0.04997704937932359
0.4494990254251991 -0.34835776824770576 0.06980849106780326 0 -3.728185360788335E-8 -5.8424132630683094E-8 0.049977036365230605
0.4743994852003083 -0.40954268251415876 0.073738234339428 0 -4.949505804604928E-8 -6.10137226541558E-8 0.04997703321141868
0.5051728219418842 -0.4543425560441293 0.07763963571270259 0 -5.854324121260749E-8 -6.26291456209207E-8 0.049977036457506084
0.5025098789806551 -0.515963207586209 0.08087711077114171 0 -6.785122649611661E-8 -5.946501602513481E-8 0.04997704558272504
-0.8809225682293763 0.28211960771987943 0.09999999999999996 0 3.581014433402387E-8 1.3057206302141525E-7 0.04997702742627636
-0.828550120997359 0.21135039229983998 0.09293041569195869 0 2.7437606752581178E-8 1.2446695193422825E-7 0.049977040002377494
-0.4876818695036711 0.16005919777938843 0.06641416297022892 0 2.1248502694081727E-8 7.769129755268116E-8 0.04997704542122045
-0.7583678808155521 0.178257805309045 0.085877514601274 0 3.078200555197082E-8 1.1307878961599376E-7 0.04997704582602922
-0.6170663609123308 0.222189336538271 0.07585507468331582 0 3.435042849091063E-8 9.064055495785602E-8 0.04997702284340565
-0.6972424057138273 0.20430689657176634 0.08139617396721441 0 3.5366224391190334E-8 1.0246403110100303E-7 0.04997703244556369
-0.5518948161465875 0.17422255470543752 0.07046196471921623 0 2.161545185159133E-8 8.423594506111515E-8 0.04997702908929778
-0.36894201678212313 0.12798179161528736 0.06013540062401418 0 2.5211831731768942E-8 5.527519387828947E-8 0.04997702989974282
-0.4362515368769687 0.13236424219261816 0.06326633817399903 0 2.659966451493517E-8 6.566902879395473E-8 0.049977046939026964
-0.33947513674739144 0.06240362523718613 0.058248486325065116 0 1.2912039237132468E-8 5.0299716489383174E-8 0.04997702351010407
-0.18433654548332082 0.048222709230570565 0.05356505347436668 0 7.565824580914219E-9 2.688834899046363E-8 0.049977047199103265
-0.13330372693534312 0.03517105967265548 0.052587287930552964 0 1.1348395876671046E-8 2.10584498297677E-8 0.049977043706592776
-0.08544796042127181 1.2633032021521531E-17 0.05192572029476935 0 7.60180279089969E-9 1.6627991631415822E-8 0.049977034973482284
-0.2993967149465731 5.4908359945213266E-18 0.05658028588283902 0 6.037341759836134E-10 4.6022409257297846E-8 0.04997702327434598
-0.22270343343645202 -2.7398019802337882E-17 0.054316401779706945 0 -1.466903822633808E-9 3.553455578219652E-8 0.04997703670891205
-0.27837086784154214 -0.12617379267311218 0.05679356136910862 0 -1.7334377401981964E-8 4.2072567856454064E-8 0.049977028975679405
0.07416648351753428 -0.04282003922369633 0.05192757354063934 0 -5.10969498334444E-9 -3.348943998093289E-9 0.04997703638408318
-0.07423701450489274 -0.04286076030823398 0.051928362278406685 0 1.5103174818558706E-9 1.6973501851614E-8 0.04997703563631049
5.433302611002987E-16 -9.25534990736191E-16 0.051513083863437 0 4.0688345741244654E-9 4.898942966671841E-9 0.04997702723888675
-0.10393602836491157 -0.0928684349452979 0.05261104654913398 0 -5.154433879744116E-9 2.0246480069318373E-8 0.049977045795447435
0.09263290818595533 -0.09340215664313874 0.05249108753880629 0 -1.1849235934872502E-8 -6.369015366503333E-9 0.04997704485762991
0.13365633223327938 -0.131494330544841 0.053500013617672336 0 -1.5684203446500688E-8 -1.7360403376753853E-8 0.04997705088444677
0.32685099627426545 -0.2905697969488598 0.06232853198902639 0 -3.774630948945222E-8 -3.4898987611851675E-8 0.04997704784046124
0.25568805190108224 -0.19009790761699052 0.05725179690059135 0 -2.0024002354825925E-8 -3.228683161942274E-8 0.049977030554377556
0.2878012678865199 -0.2461068228137798 0.059620677596610265 0 -3.152798565233471E-8 -3.24288476693789E-8 0.04997703390077814
0.17648242248939017 -0.17786432905826252 0.055061790182478074 0 -1.7762828577973216E-8 -2.5929180728232154E-8 0.04997703929533574
-0.2483235922732361 -0.18165056966040063 0.05686432272721823 0 -2.3600303268324067E-8 3.619926198530104E-8 0.04997702927844955
0.5547456546446986 -0.6639301342123074 0.09391738389868397 0 -8.217477202696863E-8 -7.70208715538854E-8 0.04997705835026978
0.617759403950767 -0.688475338910477 0.09999999999999995 0 -8.377245807210638E-8 -8.424744119137887E-8 0.049977049689897274
0.5055257679581893 -0.637124600070996 0.08897493457515948 0 -8.382387274177803E-8 -6.818986185939628E-8 0.04997706414555811
0.4877536710430043 -0.5826751104622181 0.08420495651136725 0 -7.916012689600423E-8 -5.816523897178806E-8 0.04997705907363333
0.33633282409977666 -0.3398966968888034 0.06444423660906808 0 -4.3731140184878845E-8 -4.122857689839209E-8 0.04997706022726381
0.3632772876174715 -0.38800374757803635 0.06749345504717459 0 -4.536955669033409E-8 -5.2301743423405825E-8 0.04997705082926274
0.41704203467651185 -0.4108303752912243 0.07090170067103964 0 -4.749186159319667E-8 -5.6546917954005155E-8 0.049977038151607735
0.4381086940659461 -0.4733073985449338 0.07505155127124846 0 -6.048175183743672E-8 -5.543008566274826E-8 0.04997703508242419
0.4531934148271225 -0.5420428192507506 0.07976926362259741 0 -7.378614159399618E-8 -5.3464561866419326E-8 0.049977044706815896
-0.8565041007211142 0.12935729823844902 0.09401883827528355 0 1.3572991566786666E-8 1.2243133963480856E-7 0.04997704373818291
-0.9051192255768068 0.1907463267598074 0.09999999999999999 0 2.2398413377131125E-8 1.331712262647262E-7 0.0499770344782847
-0.7940808377677345 0.13178185399490336 0.08820577601429047 0 2.0160701563480987E-8 1.1346915489159114E-7 0.04997705297070844
-0.33304413722574716 -0.0693067767843958 0.05805530637396814 0 -5.658916034378636E-9 5.1720939706201346E-8 0.04997702457512901
-0.4742240483662385 0.11256694280313873 0.06494853319711702 0 1.755997250256286E-8 6.766932454819358E-8 0.04997705173758446
-0.5075730010734563 0.12513873893141758 0.06697106660603604 0 1.3446363146800097E-8 7.5039438658277E-8 0.049977045725020784
-0.5430568755805907 0.10886676283437083 0.06886622733636953 0 1.092077906781748E-8 7.857680738930618E-8 0.04997703442936844
-0.7200856347104287 0.12756375701027653 0.08178787314202199 0 2.7030709768801503E-8 1.0301903182780371E-7 0.04997703944909811
-0.6366216770914513 0.1480565042375733 0.07568897320024313 0 2.4582170843381662E-8 9.273764823100546E-8 0.0499770251095081
-0.5817364775186938 0.11498204866540508 0.07140762999266016 0 1.430375915424322E-8 8.458412584827838E-8 0.04997702687431958
-0.42774238996431574 0.06497482014443741 0.06209784320535726 0 1.5902191286452663E-8 5.967430674256587E-8 0.04997703651618308
-0.3847166606924661 5.007387460326135E-18 0.05988137680814879 0 5.9364811119528216E-9 5.770716321422193E-8 0.049977025601441384
-0.3349183900900527 -0.1391323925724424 0.05894927757126893 0 -1.4006824257391109E-8 5.0967203899860563E-8 0.04997702774110131
-0.29014129297673835 -0.2192290809213992 0.05898973037684319 0 -2.5478710079695166E-8 4.566324359003998E-8 0.04997702867370215
-0.30831506111577245 -0.17770170158565646 0.05867258259636438 0 -2.0556173170018618E-8 4.721224559612567E-8 0.04997702737549813
-0.8184909839211807 0.07533925376340875 0.08977629762126751 0 1.0029524474850416E-8 1.1354473119606802E-7 0.04997704368455228
-0.15687445011428935 1.9896548115933566E-17 0.05290395974586269 0 4.192826325673963E-9 2.647204150481863E-8 0.04997704355357818
-0.12783259126111396 -0.033275347967647646 0.05249920381841622 0 2.2794029120382667E-9 2.4438711599167835E-8 0.04997704330535166
-0.12619399745448542 -0.06614911525416546 0.05266041061116255 0 -1.3956237945025483E-9 2.460719372980687E-8 0.04997704736608685
-0.24680219676358395 -0.07209570484823002 0.05524990662857362 0 -1.283601087515238E-8 3.949416068973335E-8 0.04997703550196462
-0.22815732549244763 -0.13366956667415794 0.05546555293618707 0 -2.0916813090964183E-8 3.226603750102031E-8 0.04997703910137282
-0.15093740406319942 -0.09389909648308085 0.053299030733839035 0 -6.677002942792756E-9 2.5930191903799106E-8 0.049977055476075415
-0.17405337917392047 -0.045794392161233266 0.053343830220451034 0 -3.8481411686293054E-9 3.194888064694334E-8 0.049977048283002166
-0.18973296493485722 -0.18461798069110347 0.055474546986767154 0 -2.4119603685604752E-8 2.4906018100651907E-8 0.04997703463993236
-0.1364384943575783 -0.14270773398924902 0.05371629461338726 0 -1.4914802439458303E-8 1.865773389013886E-8 0.049977047715351434
0.04273873390329096 -0.07402565857166638 0.05192600533605053 0 -7.845843274973615E-9 2.0745766304893784E-9 0.04997703625307982
-0.04299754043112493 -0.07447392462720538 0.051931021483395706 0 -4.384130931708959E-9 1.3876781025840868E-8 0.049977035928228455
1.3904975238826412E-17 -0.08573627431625096 0.051928505242836896 0 -7.658073622464257E-9 8.749785519982773E-9 0.04997703640586
-0.07925046645516252 -0.13726583442387433 0.052932952804228266 0 -1.4786878366302943E-8 1.579175911497145E-8 0.04997704516205185
0.078463056828959 -0.135902000944921 0.052904876080197075 0 -1.4634572352752267E-8 -5.766162801024591E-9 0.0499770458678299
0.11138757858716244 -0.19292894544503636 0.054318208030815426 0 -1.965064451050259E-8 -1.5134368849574446E-8 0.049977039875806394
0.2704412885460667 -0.32134890739138133 0.06148782850104338 0 -4.5054647156014296E-8 -3.0349376661257674E-8 0.049977041736507646
0.21970172124605267 -0.2547036178054315 0.05790944965811469 0 -3.154464889348112E-8 -2.619125581738204E-8 0.04997702829599267
0.06445906182530692 -0.2524774236880237 0.05535114833714504 0 -2.660277217001357E-8 -9.51093952726924E-9 0.049977037484845305
0.14972579901011426 -0.2593326910893636 0.056582144341893334 0 -2.9796188936217868E-8 -1.8614838085918598E-8 0.049977027522514816
0.031363797849434556 -0.30517057546423765 0.0568332914109285 0 -3.6809815679568135E-8 -3.247534568578877E-9 0.04997703181539457
-0.03281109095750645 -0.303248501545522 0.0567724159885361 0 -3.875767843474804E-8 5.409083053928482E-9 0.04997703172193673
-0.22974591189928226 -0.25639797529990704 0.058213734017978094 0 -3.0028018433888116E-8 3.611611413182301E-8 0.0499770268787191
-0.15050660974349658 -0.260685094950677 0.05663516711153095 0 -3.336424652475825E-8 2.2723382211176517E-8 0.0499770259305441
-0.0010639892128916778 -0.35571530812846325 0.05866683852382106 0 -4.4818072894209924E-8 5.01494675701657E-9 0.04997703038200344
0.4897167015298755 -0.6990669986722716 0.09278011319940965 0 -9.157950481743378E-8 -6.913536240141821E-8 0.04997705367375594
0.5485314847714318 -0.7448023146284537 0.09999999999999996 0 -9.579433271932622E-8 -7.795744948724412E-8 0.04997704838713366
0.4538946410105444 -0.6418290507487608 0.08650541722977732 0 -8.804304863394429E-8 -5.961073422700056E-8 0.04997705577239975
0.43691576165411183 -0.5863880363863174 0.08178506492225697 0 -8.158255207025242E-8 -5.270307686706783E-8 0.049977048777973564
0.30008338071089913 -0.40108479031261085 0.06570468861303413 0 -5.270345115493925E-8 -4.2311889772154265E-8 0.04997704514215552
0.35656776116113886 -0.46142030598113837 0.07075125137743835 0 -5.8101336505123135E-8 -4.919470893435989E-8 0.04997703494364547
0.38634553368626 -0.5411366135074784 0.07653244947706513 0 -7.236184575516664E-8 -4.7434023659716254E-8 0.049977035249335715
-0.8641324069088798 0.062174994255793294 0.09403348687291993 0 5.702869598934691E-9 1.21254898972816E-7 0.04997703781811512
-0.9192848102122441 0.10262901652303172 0.09999999999999998 0 9.762959484771052E-9 1.297266701059232E-7 0.04997703388041928
-0.7599167871431189 0.06070075634999409 0.08441733903220823 0 1.3957686527894235E-8 1.0552237347180462E-7 0.049977039607340255
-0.3798507417992421 -0.12110542276221137 0.06050058794352799 0 -8.20540314259341E-9 5.782343409307031E-8 0.04997703392628872
-0.40842759083875524 -0.05875232359605665 0.06114052778332879 0 -9.864916671476908E-10 6.407027205964095E-8 0.04997703334083411
-0.5039157942187592 0.07056797810116018 0.06615707446286306 0 8.165424485179725E-9 6.952916195023809E-8 0.049977038731522816
-0.5548238392163808 0.07638757137486703 0.0692570455361671 0 7.868720104565786E-9 7.906448291734922E-8 0.04997702945783722
-0.6893460495224285 0.06354738512595373 0.07863780818203954 0 1.5549915515819592E-8 9.755237961897741E-8 0.04997702867142294
-0.6215823870108426 0.05940809814964494 0.0735747228508592 0 1.0397330004515865E-8 8.918947086049696E-8 0.04997702247441207
-0.4662367643365183 -0.05429215722432917 0.06397307879016166 0 -4.333600161723207E-9 7.38037233550554E-8 0.04997703903329674
-0.46385916918682774 -3.671115297680029E-17 0.06368112390889598 0 2.9187639092788613E-9 6.861181091437346E-8 0.04997703266090966
-0.3620108841151937 -0.17400839360604695 0.060635096430618034 0 -1.740194043951047E-8 5.4403721857793954E-8 0.04997703174499475
-0.299671918215507 -0.26919022055739933 0.06068803798570996 0 -3.0231581338101034E-8 4.956308167022401E-8 0.04997703630995499
-0.33027652289156045 -0.22443841547131757 0.060528990644305516 0 -2.5729037569621375E-8 5.2396063970673696E-8 0.04997703196800154
-0.8245744171037561 3.2427437940114445E-20 0.09002147282184526 0 2.5425910342832897E-10 1.1834761159947873E-7 0.049977037573385064
-0.19761019796705673 -0.10158906953187434 0.054303584925033156 0 -1.60240383841344E-8 3.0701798486301905E-8 0.04997705294108247
-0.18403998396844498 -0.12735803584373423 0.05434432437859784 0 -1.714159729749604E-8 2.463027694834534E-8 0.049977051800323975
0.002774404310843052 -0.26370741404826953 0.055444406431408536 0 -3.181038790646441E-8 -3.234256336050054E-9 0.049977041657154345
-0.11217260429255088 -0.1942886498520168 0.05435789315243198 0 -2.5367069242783158E-8 1.5542309484817896E-8 0.049977038440355004
-0.059917909088264505 -0.2537684697083779 0.05535616729591674 0 -3.491876975040892E-8 7.412674521063301E-9 0.049977037294046324
0.025874926118163173 -0.1326695098536581 0.05254567933671944 0 -1.3524963302328006E-8 5.121005392173828E-9 0.04997704616068577
-0.02524383979971824 -0.13300675455069116 0.05254892004091195 0 -1.482754756030565E-8 1.2200079341164419E-8 0.04997704589724871
0.05493858025113073 -0.18721166728009325 0.05366460039291042 0 -1.7210988320307025E-8 -4.311648970484113E-9 0.049977049308272736
-0.053441146730527585 -0.1870910243981426 0.053652873989227134 0 -2.6159000169833212E-8 1.0672131555541421E-8 0.04997704905128884
-0.015811501710617765 -0.22080470166743846 0.05428292799461194 0 -2.890743437647598E-8 1.3486856210334784E-9 0.04997705449225009
0.001589553534327251 -0.18045943852644147 0.053353802929854637 0 -2.0433491929625693E-8 6.4489701559175334E-9 0.04997705768932546
0.01713256069613923 -0.2191946756676691 0.054245341320781695 0 -2.3104141765385858E-8 -2.8718715736248586E-9 0.04997705486314904
0.23193963455587202 -0.4017312313397281 0.06368217918749612 0 -5.059555902169757E-8 -2.7650727142346967E-8 0.04997703918686813
0.1923608915779979 -0.3331788376023402 0.059881599761303035 0 -4.260702467550115E-8 -1.9901344095740648E-8 0.04997703097805176
0.10559774308437371 -0.32641465451667345 0.058167036115944384 0 -3.9815280689916355E-8 -8.936438404587544E-9 0.04997702893029987
0.02839276411724587 -0.3973392921812579 0.060485401730235276 0 -5.168120139268573E-8 2.8587028245361905E-9 0.04997703496676828
0.04349199689707277 -0.3606955682361924 0.05897556113419837 0 -4.588495625062094E-8 -1.1124595048827866E-10 0.049977031404915065
-0.2724211583800272 -0.34021230275634196 0.06225471036920945 0 -3.766729999707072E-8 4.27954558366668E-8 0.04997704128923072
-0.04975626500892476 -0.3592625346716331 0.05895024498757896 0 -4.486555637361344E-8 1.28383685448119E-8 0.049977031002715715
-0.11115524588477288 -0.32319159740630654 0.058116751891295344 0 -4.1271658639213127E-8 2.0722972772804863E-8 0.04997702738778217
-0.1929576265867868 -0.33421241295621784 0.05993362613445384 0 -4.0890198242765156E-8 3.309508649229177E-8 0.04997702939995014
-0.00580331192480529 -0.44141011755505605 0.06253303354413747 0 -5.61170901718298E-8 6.023889463431369E-9 0.04997703862357457
-0.03317807935019408 -0.4000499580003111 0.06062434517611842 0 -4.9396009769841777E-8 1.1516011957468602E-8 0.04997703533034148
-0.4124914840826571 -0.7144562081206507 0.09005972521404425 0 -9.599953026482762E-8 5.8662269822726426E-8 0.049977045671309894
-0.4625000000000001 -0.8010734985006056 0.09999999999999992 0 -1.0980505436984606E-7 6.237478483859396E-8 0.049977038951523695
-0.38371343710296635 -0.7748603000238191 0.09386619334345217 0 -1.0790852156777477E-7 5.351781089314989E-8 0.049977046936562436
0.41226227881814503 -0.7140592129571534 0.09001680581831234 0 -9.233439094346742E-8 -5.447579575105499E-8 0.049977049770115314
0.4625000000000003 -0.8010734985006056 0.09999999999999992 0 -1.0247861438400494E-7 -6.452558551865937E-8 0.0499770435616047
0.36763254236248355 -0.6367582418875386 0.08211785344170675 0 -8.453339937188314E-8 -4.340606840665532E-8 0.04997704362908948
0.2724100436150707 -0.4718280360333562 0.06830375115676082 0 -5.8212395329388285E-8 -3.6836168184245085E-8 0.04997703461692667
0.31808183532075857 -0.5509338997403103 0.07441383187593022 0 -7.135472055063174E-8 -3.9167721086106654E-8 0.04997703119555414
0.2111878992556696 -0.5199281931560845 0.06932845783235407 0 -6.218775220150433E-8 -2.8642225368511347E-8 0.04997703805396846
0.021803385387518696 -0.48225449508691837 0.06469299319690376 0 -6.404495466526601E-8 -7.507373211311901E-10 0.049977040423173746
-0.8627884197170683 -0.05512509329877387 0.09385473111979895 0 -1.010306873808928E-8 1.2600161945855324E-7 0.049977038268792115
-0.9249999999999996 -3.487031299242896E-17 0.0999999999999999 0 -3.5692563974699786E-9 1.3228704587163494E-7 0.04997702964995129
-0.7353276040989696 -1.3378311327871067E-18 0.08212306732579755 0 6.1338858433874195E-9 1.0604421858899057E-7 0.049977032806637255
-0.4256923062754768 -0.12215318657273537 0.06260425960749795 0 -7.558498200438284E-9 6.411285055915359E-8 0.04997704612062728
-0.4043520178042478 -0.16901983470521803 0.062374130552393804 0 -1.564423346280605E-8 5.8142913465476774E-8 0.04997703880595211
-0.46760448929491655 -0.09647351175034935 0.06440527405535054 0 -9.908688253359487E-9 7.379314468914386E-8 0.049977050385764006
-0.5447672634209793 2.858524015158418E-17 0.06830049229574699 0 -1.168208078473854E-9 7.981915156748711E-8 0.04997702664764043
-0.6361392415232948 1.0428654588114258E-18 0.074412070818866 0 3.2898637563100166E-9 9.236414272373267E-8 0.049977021848011276
-0.5124187514513647 -0.051847896831783355 0.06651654728017117 0 -8.549296495687756E-9 7.912858689698141E-8 0.049977034906082435
-0.36799093114432163 -0.6373789894665451 0.08217765681431857 0 -8.245508686106102E-8 5.754749128096446E-8 0.04997704014764935
-0.31827009850817745 -0.5512599811461146 0.07444098367382036 0 -7.206013854164011E-8 4.812366878547018E-8 0.049977027951538286
-0.31386332305040454 -0.40193360988060217 0.06622216379223078 0 -5.0006371196950473E-8 4.093204226441599E-8 0.04997704355434629
-0.344912559069745 -0.4432246070018303 0.06935603931497553 0 -5.838308999958091E-8 4.5527827250187027E-8 0.04997703461136016
-0.3337091490042147 -0.3553876317528073 0.06495432896100803 0 -4.359463621840014E-8 4.7768564876115905E-8 0.0499770559723785
-0.383737195098482 -0.21760730691022415 0.06251779019199952 0 -2.5516556395946263E-8 5.751417954057436E-8 0.04997703494184136
-0.33230969380311975 -0.3125744339373021 0.06328313435425742 0 -3.737962348404446E-8 5.475733083672697E-8 0.04997705140154548
-0.3540195296480104 -0.26181915330723304 0.06247659304365877 0 -3.2412542201265504E-8 5.7264716748908884E-8 0.04997703914270541
-0.7962287177911112 -0.06074957956360479 0.08762354715881245 0 -6.132064212030058E-9 1.18659791410413E-7 0.04997704295262887
-0.7351410524947966 -0.06092685497728594 0.08231802271497875 0 -1.3196887098284513E-9 1.0942126156763445E-7 0.04997703725521622
-0.4839056580716607 -0.700569999447879 0.09257832058039935 0 -9.26794339769163E-8 6.467506706085895E-8 0.049977048412279096
-0.548567403595686 -0.7447758606713796 0.09999999999999995 0 -1.009783324784986E-7 7.264057441912049E-8 0.04997704301263603
-0.43547631470191006 -0.6351536187841573 0.08509247440255902 0 -7.915955693726717E-8 6.388352972834433E-8 0.049977047936227766
-0.4991515386320159 -0.6334110077816721 0.08834372866104905 0 -8.178137121317205E-8 7.033778143976835E-8 0.049977059135970905
0.19075484218748148 -0.47253116432229375 0.06620021711897693 0 -5.405858359047997E-8 -2.3601089312216853E-8 0.04997704647803782
0.04901016908663563 -0.43723836174505165 0.062459634223422635 0 -5.9432994186436126E-8 -3.936279854208805E-10 0.04997704231386233
0.06673635655852123 -0.4767204709635778 0.06461779605353515 0 -6.648472897128908E-8 -6.585499765973538E-9 0.049977048319531765
0.08201071126761385 -0.3939388987243752 0.06066806698898625 0 -5.1817581934844744E-8 -2.2846353918471043E-9 0.04997703889970865
0.15779399244920161 -0.40600143052169285 0.06224217224863409 0 -4.9584178696039113E-8 -1.2049463374796668E-8 0.049977043895482645
-0.23228029263418432 -0.4023212684393739 0.06371797650698163 0 -5.1753094490070066E-8 3.591454766861611E-8 0.049977037218965306
-0.272587327693687 -0.4721351010648927 0.06832563375196132 0 -6.3396074996532E-8 3.800225062376199E-8 0.04997703178765242
-0.08918266806588586 -0.39015326021997454 0.06056960464965617 0 -4.807087843460241E-8 2.1384966194514067E-8 0.04997703790446891
-0.15459594130071433 -0.39192658728762203 0.061550218588660825 0 -5.128748332153864E-8 3.0639916650674836E-8 0.04997703922520353
-0.18675532053812563 -0.43493251784630643 0.06418357757579085 0 -6.059500658571912E-8 3.190612735612102E-8 0.049977043816541666
-0.21375905453868752 -0.4723463627877797 0.06671710658979704 0 -6.669549377630375E-8 3.137588463914767E-8 0.04997703925383068
-0.030837599095424044 -0.4757419881377715 0.06436680609968097 0 -5.8547965892185734E-8 6.997504124940944E-9 0.04997704122458894
-0.05772042989369192 -0.4373202270026056 0.06251628812885628 0 -5.201594277710333E-8 1.4722743778544872E-8 0.04997704336932034
-0.34485879204612635 -0.7195732958375974 0.08756922173357189 0 -9.930777336224137E-8 5.322757701531479E-8 0.049977051031398795
-0.3147326423667731 -0.6679534491621227 0.08237892997106575 0 -8.906480773978137E-8 5.275952419943126E-8 0.0499770446484183
-0.23145619169988374 -0.5426436945370012 0.07120349698950756 0 -7.410276587080153E-8 3.357496915259779E-8 0.04997703156892473
-0.28415939775573246 -0.6153602706014173 0.07751426427315904 0 -8.090739331549553E-8 4.7003609449246495E-8 0.04997703419325497
-0.32938286511096027 -0.7771045511687235 0.09186418681824757 0 -1.0835163568830026E-7 4.608844199926467E-8 0.049977055427551924
-0.29287844997281653 -0.7560683801841978 0.08874412837590734 0 -1.0271944978643237E-7 4.384433887110386E-8 0.04997706202207262
-0.3707535969478622 -0.8474426517245004 0.09999999999999994 0 -1.1807989701634193E-7 5.001787756400481E-8 0.049977044876961446
0.3299132550602819 -0.6955796266909601 0.08507057911176502 0 -8.855106551235179E-8 -3.693888964630125E-8 0.04997705263586071
0.29721686832567656 -0.7486484838731736 0.08825580478820183 0 -9.562327474241614E-8 -3.622813291001968E-8 0.049977064196945586
0.36329863298780996 -0.7692008953950569 0.09250410835033807 0 -9.591470868958757E-8 -4.840051632782785E-8 0.04997705345168638
0.37078540548822353 -0.84742873429503 0.09999999999999996 0 -1.069259060872064E-7 -5.1799368949112115E-8 0.049977048468897285
0.28831363121595577 -0.628175946475062 0.07855241106831119 0 -8.196917766854678E-8 -3.068336852105341E-8 0.049977039169108256
0.2593907519340379 -0.5686281064407216 0.07361593901057979 0 -7.220518767434312E-8 -3.1362979872247514E-8 0.049977032029593686
0.1909808398518187 -0.5616900805542804 0.07142639087555927 0 -7.019155148945211E-8 -2.571208775777717E-8 0.04997703623500327
0.17735047116299676 -0.5251479744589087 0.06889288845838194 0 -6.323093958056908E-8 -2.5804687577877235E-8 0.04997704311845578
-0.006975621790116347 -0.518397225687904 0.06671599267023105 0 -6.657710424528812E-8 1.1015620833251668E-9 0.04997703697756354
-0.05196883438319561 -0.5240326103663052 0.06719869985797552 0 -6.489135397636767E-8 6.153156101197294E-9 0.049977039642531695
0.051893656645759574 -0.5409828050063739 0.06822031633188269 0 -7.261919643490516E-8 -8.280821689083285E-9 0.04997703739122513
-0.8393412000270999 -0.10211595922316324 0.09200820531311653 0 -1.6799858328803237E-8 1.2307678115311612E-7 0.04997704658084951
-0.8023821229894582 -0.12465004703532731 0.08885408731398863 0 -1.638257629172215E-8 1.1695600889691559E-7 0.04997705393424796
-0.919283847116488 -0.10263764414409532 0.09999999999999995 0 -1.845839474752286E-8 1.332586899303535E-7 0.04997703562458574
-0.4286041911968902 -0.211604106404576 0.06443452009247352 0 -2.568531865474859E-8 6.029176550420838E-8 0.04997703726355921
-0.6752473549062171 -0.06099766201966174 0.07752927755735106 0 -2.136129537208755E-9 9.96006541782315E-8 0.049977027604787186
-0.4690213191754545 -0.16282051739106812 0.06545407679976868 0 -1.9985280971896536E-8 6.3272594090078E-8 0.049977049264193905
-0.5199939829281818 -0.12464895604080488 0.06768673130026925 0 -2.1655729283332066E-8 7.610394282329446E-8 0.04997704398347037
-0.5844196053235723 -0.07491703801282976 0.07115392026499068 0 -1.1097839601644455E-8 8.675730804469246E-8 0.049977026280812874
-0.40158939943089916 -0.5697012631254147 0.07901179842938963 0 -7.063924715938174E-8 6.191535567757425E-8 0.0499770362523839
-0.3629672679735455 -0.5093150093458657 0.0736457128337714 0 -6.570616166854061E-8 5.285867939903848E-8 0.04997702848748521
-0.36195665189066545 -0.3775113144203722 0.06698450376718919 0 -5.1913223403997425E-8 4.825376509717802E-8 0.04997705053752598
-0.36626813150114046 -0.41664081435894 0.06892167223823108 0 -5.628201080972421E-8 4.7928294063512666E-8 0.04997703952376537
-0.3903068178565833 -0.4466269881485596 0.07141764844659583 0 -5.973293560741541E-8 5.375636350008736E-8 0.04997703246024338
-0.38262787487786487 -0.34149739132768064 0.06638993492953274 0 -5.0125593948223104E-8 5.6492645636269E-8 0.04997705010034422
-0.4062559769371703 -0.26147495596378895 0.06471383725610919 0 -3.529004415426107E-8 6.110549477641415E-8 0.04997703676654369
-0.379843340675863 -0.2969419115223147 0.06465963905911938 0 -4.142200408844091E-8 6.02340737815389E-8 0.04997704489542802
-0.735100345459195 -0.11930462056175606 0.08291132970822639 0 -7.195594506458493E-9 1.0786954596979129E-7 0.04997704492048506
-0.5519968333853201 -0.6639303440969675 0.09374464706266032 0 -9.214053701362294E-8 7.484199568901912E-8 0.04997705309641528
-0.6178002971320175 -0.6884386430529175 0.09999999999999999 0 -9.754381844311722E-8 8.536811405416686E-8 0.04997704356580597
-0.4800125571007386 -0.5637645778356987 0.08255043176744221 0 -7.010289863439208E-8 7.56918574164046E-8 0.04997704911515608
-0.5399346500949583 -0.6040123388311484 0.08868415026698905 0 -8.313528579451951E-8 7.955459756858807E-8 0.04997705850713822
0.1043605879990727 -0.5010308479370807 0.0663275801738497 0 -6.747633892631504E-8 -1.6116092125300856E-8 0.04997705389818307
0.14556246178613041 -0.5017461145955597 0.0669511130546236 0 -6.139322859964847E-8 -2.171685231448375E-8 0.04997705413808793
0.1399468089855873 -0.4672126633962517 0.06496624972127404 0 -5.707858666920171E-8 -1.4831267380038424E-8 0.04997705929335493
0.10408488366078729 -0.44405468685268906 0.06327666735135784 0 -5.984916713191864E-8 -5.872285161467492E-9 0.04997705448270968
-0.1061373350373039 -0.43371612134398735 0.06278756375601147 0 -5.325268707338968E-8 2.4019507283985938E-8 0.04997705117601063
-0.15386562481962193 -0.515523498759926 0.0678853449092873 0 -7.083329033326051E-8 1.8597910193795014E-8 0.049977047923398396
-0.1533021139497205 -0.45854960024362473 0.06473399748772987 0 -6.377146435292264E-8 2.6678904125778486E-8 0.04997705482516889
-0.09527352708204248 -0.48999184724793526 0.06560563290386158 0 -5.915380465418434E-8 1.3183093490455212E-8 0.049977053818536
-0.09590125636856876 -0.5619999312235504 0.06990127823248256 0 -7.178301631898631E-8 1.098576396149597E-8 0.04997703704144075
-0.15663037176370528 -0.5733099421965812 0.07149707499548641 0 -7.613744099738734E-8 2.099817901471554E-8 0.049977035512301635
-0.2643961373711981 -0.69702971973395 0.0829765309474388 0 -9.06953036833388E-8 4.7022585645093755E-8 0.04997705247214391
-0.19926692702634366 -0.6350324834465847 0.07658242747619838 0 -8.238683817062402E-8 3.3676779941428446E-8 0.049977035003711
-0.2937621218403118 -0.8161557505482272 0.0941366022415018 0 -1.1052128077682569E-7 3.7893886192013626E-8 0.049977054993347335
-0.2445064351501806 -0.7666415232960113 0.08818261063739219 0 -9.813880075422984E-8 3.587909142297667E-8 0.049977060376031515
-0.28738877712844163 -0.8792227618026947 0.09999999999999998 0 -1.1747040794575883E-7 3.640826116336971E-8 0.04997704678674785
0.24692814396934878 -0.6974874410583481 0.08250617855893734 0 -9.424166327855842E-8 -2.3569670456145396E-8 0.049977053635031556
0.2521627428797361 -0.7694593063835823 0.08864404636431372 0 -1.0396823198367815E-7 -3.277341059417832E-8 0.049977063541491756
0.297447604941039 -0.8106467532563326 0.09375141746476387 0 -1.0466343000123692E-7 -4.294768744023893E-8 0.04997705853183873
0.28742318143973467 -0.8792115158194408 0.09999999999999996 0 -1.1612267663963733E-7 -4.252583215357304E-8 0.04997704955148752
0.18957159845420457 -0.6243064952889011 0.07560329744867302 0 -8.210817533274376E-8 -2.084459881422852E-8 0.0499770355512885
0.12475562378528372 -0.5650913910725972 0.07045918166236258 0 -7.355762197393938E-8 -1.8943856838963044E-8 0.04997703853032366
0.16970055881419605 -0.6915759378642314 0.08021607449160519 0 -9.365552147712494E-8 -1.59980840790172E-8 0.04997704209494105
-0.02127679909875186 -0.5862434400348021 0.07098260267248739 0 -7.589192507286861E-8 3.936862354675434E-9 0.049977030589751344
0.047679088889249585 -0.6125339534466792 0.07287094188782159 0 -8.076435872477136E-8 -4.0039898066146415E-9 0.04997703073707996
-0.8531067718150073 -0.15803750226362162 0.09415708085227006 0 -2.5585785524319928E-8 1.2020812295625385E-7 0.04997704636405748
-0.7842181949983064 -0.17459658052838975 0.08806681761589173 0 -2.07991751283243E-8 1.0850082161864892E-7 0.04997705198828265
-0.9051158299750597 -0.19076243784282004 0.09999999999999996 0 -2.9978852011273134E-8 1.2593559765015395E-7 0.04997703771952473
-0.47800098007166625 -0.2183882854981824 0.06713458210584479 0 -2.9727852005238898E-8 6.499006481362215E-8 0.04997703506855975
-0.4503344724862791 -0.2539143429242661 0.06663047103760426 0 -3.4793089222128876E-8 6.413025213512748E-8 0.04997703282851623
-0.647719142022224 -0.1435812801370505 0.07642272847163623 0 -1.4607233669188137E-8 9.392971604440993E-8 0.04997702840286198
-0.5329845388239062 -0.1985594752136453 0.0698139205090511 0 -2.8772671086806894E-8 7.340083976035989E-8 0.049977031983409116
-0.5744027965338088 -0.14938461510286838 0.07144252826293569 0 -2.2190640329808065E-8 8.238862825940009E-8 0.04997703004046404
-0.44626651447182913 -0.4769553831048422 0.07565680574632234 0 -6.157555888570366E-8 6.674367756265264E-8 0.04997703119838242
-0.5140310251048448 -0.4921578818310024 0.08018045280724437 0 -6.308300331367146E-8 7.905587815200165E-8 0.04997703696775598
-0.4256087219342948 -0.3924588186076942 0.07047472570296819 0 -5.580808118363769E-8 5.985287268345314E-8 0.04997703452168436
-0.44295395304453694 -0.3153758255937713 0.06823813858748431 0 -4.6038012431535224E-8 6.483618753603465E-8 0.04997703303787518
-0.722493271850469 -0.18466121884148878 0.08299584497449673 0 -1.7339715286421346E-8 1.0190193648828354E-7 0.04997704143865234
-0.6008930547011089 -0.6092572756078648 0.09299302035398636 0 -8.72034456227576E-8 8.58019428787935E-8 0.04997704770812291
-0.684830613311738 -0.6217902179859557 0.09999999999999995 0 -8.86316269082565E-8 9.565897812327745E-8 0.049977036119046116
-0.5678213237459835 -0.5376676061363831 0.08613904983735729 0 -7.269438099835704E-8 8.564739499128194E-8 0.049977045526949565
-0.10379006268918359 -0.6311723493295895 0.07466578004946203 0 -8.205525696910459E-8 1.777093304746964E-8 0.04997703171958652
-0.2012336657215405 -0.7196538123444206 0.08312630758513646 0 -9.05234395416858E-8 3.503704965688005E-8 0.049977048714469244
-0.14538614431124028 -0.6947291331504665 0.08002955113164488 0 -8.963056023915003E-8 2.6873349076688494E-8 0.04997703893627999
-0.2244810935107963 -0.8295744817427091 0.09335179876408069 0 -1.0805151128063103E-7 2.8672308247499824E-8 0.04997705054878691
-0.1948530319449167 -0.7756068237085788 0.08772926134592988 0 -9.879121347501535E-8 2.9168944063973255E-8 0.04997705144489296
-0.1961900777341867 -0.9039499420937565 0.09999999999999996 0 -1.198060646883361E-7 2.427370191061475E-8 0.04997704102267609
0.18083964416846282 -0.7595104378227607 0.08602850609777067 0 -1.038394909363031E-7 -2.0665991302802362E-8 0.04997705093183411
0.22639239794839497 -0.823169454837357 0.09279966487488275 0 -1.1121906209567345E-7 -3.3111689051524646E-8 0.049977053797555133
0.1962292603758944 -0.9039414372048344 0.1 0 -1.20639091945084E-7 -2.960770084622971E-8 0.049977042859748855
0.115198487208555 -0.6531897985847656 0.07640980333620502 0 -8.637664132032176E-8 -1.0667558929691107E-8 0.04997703417751245
0.13075868837865867 -0.7179080095003469 0.08165710231721485 0 -9.55015073169452E-8 -1.102608202781295E-8 0.049977042415850485
0.11581756539084577 -0.7588114009433137 0.08487399945221091 0 -9.922546910931239E-8 -1.023894601863445E-8 0.049977046910264986
0.049373389215154787 -0.6762514634930521 0.07753347573866784 0 -8.843761609486615E-8 8.820444242304019E-10 0.04997703588925607
-0.018713178495829663 -0.6598847879456909 0.07617577755495697 0 -8.670923462234768E-8 9.420446515050782E-9 0.04997703323184552
-0.6738902730202501 -0.2204985208373878 0.07997070091519397 0 -2.396364503320069E-8 9.69399676392575E-8 0.049977032183830296
-0.8340398056073672 -0.21902107573341584 0.09363611174877712 0 -3.1925263528165115E-8 1.1444406646907966E-7 0.049977042150131906
-0.7682837005378527 -0.21778108265977308 0.08762455506029669 0 -2.6403291196465307E-8 1.0596968943898267E-7 0.04997704400375954
-0.8809151182252344 -0.2821428693025129 0.09999999999999996 0 -4.161967057052788E-8 1.2189709673203568E-7 0.04997703220211104
-0.5165019276401033 -0.27345997871285094 0.07083650833060155 0 -3.687029941554513E-8 7.332316730732483E-8 0.049977025714994405
-0.598583551544961 -0.22602979228178174 0.07467942546060534 0 -2.8174813812327465E-8 8.590367061308456E-8 0.0499770258689524
-0.5551101229584549 -0.47007014883430126 0.08146563252731462 0 -5.947890939933796E-8 8.299939804094953E-8 0.04997703673815588
-0.5105636494997625 -0.4275668331221898 0.07661161867134536 0 -5.493869626445474E-8 7.599606115109626E-8 0.049977029431289705
-0.504302912589223 -0.3476237550984314 0.07274022680505549 0 -4.646500300456789E-8 7.358703735353432E-8 0.04997702584549071
-0.7177089386751472 -0.2549295522420565 0.0843570467432338 0 -3.025840370070758E-8 1.0307143753150413E-7 0.049977037749474436
-0.6531660790226061 -0.2763311132584134 0.0799841441751332 0 -3.199438038000029E-8 9.676587431584514E-8 0.049977032675597666
-0.8437556437212325 -0.37907955935377746 0.0999999999999999 0 -5.649929649862254E-8 1.202338642242039E-7 0.04997703441335812
-0.8010515387579304 -0.4625279007956028 0.09999999999999996 0 -6.703411853304049E-8 1.1100966455877554E-7 0.04997703994947225
-0.7501479603301011 -0.5412050791178039 0.09999999999999992 0 -7.543412352773585E-8 1.0153545386590405E-7 0.049977036331339576
-0.5998767009898777 -0.4788913706345559 0.08487289614566725 0 -6.085504793656077E-8 8.685619894744333E-8 0.049977041036175264
-0.6562422498346266 -0.5241856689594518 0.09146905933596002 0 -7.120105759281795E-8 9.12571384307125E-8 0.04997704171032207
-0.08839747535315964 -0.7039498716595032 0.08000538942626953 0 -9.332540782551146E-8 2.0012465088082635E-8 0.049977039047433
-0.13806578705455586 -0.7497079460326577 0.08441541385599154 0 -9.809749882135014E-8 2.452907542043566E-8 0.049977044937461405
-0.14308797449955213 -0.8318118172195702 0.0918642159103333 0 -1.1117184238437425E-7 1.981627992975021E-8 0.04997704635968615
-0.09361073890939048 -0.9202510142029422 0.09999999999999995 0 -1.2582529498069706E-7 1.05362296577095E-8 0.04997704279681191
0.09365704332523053 -0.9202463037324216 0.1 0 -1.191466227481671E-7 -1.520828552732617E-8 0.04997704361911893
2.0711142119751377E-5 -0.9249949331376578 0.09999999999999996 0 -1.2311431573165454E-7 -3.143136388029947E-9 0.04997704790484144
0.12762107521700664 -0.8265826692803618 0.09113421310198927 0 -1.0779079703079291E-7 -1.6763807714741702E-8 0.049977048311962355
0.08068135396090603 -0.7141673032968792 0.08075294753127603 0 -9.287025209082391E-8 -2.832956891908613E-9 0.04997704175352856
0.06358506183867194 -0.7827017733005066 0.08643167294964102 0 -9.922314866556118E-8 -2.9763002395077733E-9 0.04997705416811236
0.02032803985547743 -0.7231235035279147 0.08113718206932351 0 -9.430680511740266E-8 7.656608922294924E-9 0.04997704642706729
-0.03309170223836219 -0.7328034628470876 0.08197501691133365 0 -9.8527171298466E-8 1.4846500711776413E-8 0.04997704790602581
-0.7926496756412598 -0.2913333375023676 0.0919087000057277 0 -4.0978607428491015E-8 1.1219834491810065E-7 0.0499770384477129
-0.5810426636905172 -0.3157640075984303 0.07626188231201679 0 -3.783557866810421E-8 8.588449043143269E-8 0.04997702774012315
-0.5773213056470615 -0.42632356756478973 0.08066830857907491 0 -5.1375404964589505E-8 8.494543950566026E-8 0.0499770359457098
-0.5604495700519321 -0.38109429561078195 0.0775098294695611 0 -4.602507928352752E-8 8.289744850076764E-8 0.04997703031513369
-0.6449966839705538 -0.44452809810358646 0.08625924084344862 0 -5.434250878354419E-8 9.035068653662617E-8 0.049977047778245326
-0.6508158876168189 -0.3390076459058359 0.08199721983987755 0 -3.915744543468469E-8 9.856821425627055E-8 0.049977041741468206
-0.7091826270730177 -0.3233083988571452 0.08590988858162861 0 -4.1702619736097804E-8 1.0628505043360532E-7 0.04997704405913243
-0.7619010673352372 -0.3837317836320327 0.09273617861998763 0 -5.647262513975511E-8 1.0967819109763582E-7 0.049977046770388854
-0.7143597851634016 -0.46065181317541964 0.09243904770387959 0 -6.348487277472989E-8 9.692161222584288E-8 0.04997704890402655
-0.07537530152887754 -0.7754914719888757 0.0858872030654022 0 -1.0641280674768171E-7 1.6294533643822985E-8 0.04997705094091148
-0.048377865911234746 -0.8513117859798408 0.09269807273978156 0 -1.1662154034499098E-7 5.233545549175549E-9 0.04997705438822009
0.043935839967012356 -0.8511210240129371 0.09265635168129686 0 -1.0943503460702602E-7 -7.608887229128437E-9 0.04997705540349747
-0.004822548609299441 -0.7855262944057825 0.08645491759740057 0 -1.0453696060942462E-7 7.3554977272161564E-9 0.049977062283392604
-0.615323196863825 -0.38077552285640776 0.08115372829448383 0 -4.308578602223968E-8 9.138274935112255E-8 0.04997704034804867
-0.6821995337018092 -0.3893517946424338 0.0864501634511279 0 -4.845440000322068E-8 1.0006019515878518E-7 0.0499770556323536
