% Model:
% Version:
% Dimension:          3
% Nodes:              691
% Expressions:        4
% Description:        Surface
% X                       Y                        Z                        Color                    DeformX                  DeformY                  DeformZ
0.7501545366059812 -0.5411959634402135 0.09999999999999992 0 -3.647027838133471E-8 -6.112591391892091E-8 -2.7615069755634333E-5
0.8010709981238165 -0.4624941975024229 0.09999999999999998 0 -2.825015160364151E-8 -6.23996494260559E-8 -2.7610765535893854E-5
0.09365704332523052 -0.9202463037324213 0.1 0 -6.552714974218759E-8 -1.3003615434981566E-8 -2.7615483342414584E-5
0.1962292603758942 -0.9039414372048337 0.09999999999999995 0 -6.808615717938079E-8 -2.0961938794898515E-8 -2.761636655381345E-5
0.2874231814397345 -0.8792115158194402 0.09999999999999994 0 -6.519536831493725E-8 -2.817205365801476E-8 -2.7609823287817625E-5
0.6177594039507672 -0.6884753389104772 0.09999999999999995 0 -4.524332113187794E-8 -4.92809955998464E-8 -2.7609636266610196E-5
0.6847899965302143 -0.621834949891059 0.09999999999999994 0 -4.017548125060677E-8 -5.313732682738053E-8 -2.7616135192265255E-5
0.6644823007055147 -0.538951594396605 0.09297818153954257 0 -3.702949862056272E-8 -5.232810928113068E-8 -2.761255345266483E-5
2.0711142119768948E-5 -0.9249949331376585 0.09999999999999999 0 -6.919549121590931E-8 -6.840326577940763E-9 -2.7611209252635514E-5
0.04393583996701241 -0.8511210240129379 0.09265635168129693 0 -6.016327718283548E-8 -8.62050029506285E-9 -2.760455880880421E-5
0.7176713367395712 -0.4652126067437795 0.09294805270739674 0 -3.1434109216831065E-8 -5.856680028640009E-8 -2.760462844572839E-5
0.8437752388147 -0.3790359438971111 0.09999999999999999 0 -2.1050322495227117E-8 -6.225486259577246E-8 -2.7616017681054294E-5
0.7635253857731481 -0.3782532475337201 0.0926398396720293 0 -2.1620763013074707E-8 -5.530598953623956E-8 -2.7605866620735603E-5
0.5547456546446984 -0.6639301342123076 0.09391738389868395 0 -4.51264649670234E-8 -4.604631802048638E-8 -2.7601698255602988E-5
0.5485314847714319 -0.7448023146284535 0.09999999999999996 0 -5.362923467713414E-8 -4.7308777039878975E-8 -2.7611070987922938E-5
0.12762107521700677 -0.8265826692803626 0.09113421310198931 0 -6.00823719150854E-8 -1.2519214631777164E-8 -2.7611892478667267E-5
0.22639239794839497 -0.823169454837357 0.09279966487488275 0 -6.378036796781159E-8 -2.265147712542673E-8 -2.760632757020715E-5
0.3707854054882235 -0.84742873429503 0.09999999999999998 0 -5.808306823207582E-8 -3.2238205868492987E-8 -2.7611013399618292E-5
0.297447604941039 -0.8106467532563327 0.09375141746476388 0 -5.807443028753293E-8 -2.8030633286166528E-8 -2.7601575073455702E-5
0.6050561438570463 -0.6036830020468074 0.09289418017943475 0 -3.853564273482597E-8 -4.550505129612094E-8 -2.7607127776210757E-5
0.5365057739834548 -0.6074638984061794 0.08871198704411523 0 -4.226126232603764E-8 -3.882941839184779E-8 -2.7596312144662733E-5
0.640351776746304 -0.4627856253417016 0.08686037768572825 0 -3.695269918135933E-8 -5.00462008118005E-8 -2.7608589008179345E-5
0.6027366073062329 -0.5213223560235656 0.08747588350371878 0 -3.746146408490696E-8 -4.386068240574025E-8 -2.7611834069092205E-5
0.11581756539084577 -0.7588114009433137 0.08487399945221091 0 -5.579072170654444E-8 -6.7980035795983034E-9 -2.7614132451836713E-5
-0.09361073890939044 -0.9202510142029422 0.09999999999999994 0 -7.220439896642546E-8 9.232894076395004E-10 -2.761649694762497E-5
-0.19619007773418676 -0.9039499420937565 0.09999999999999996 0 -6.716976651228644E-8 8.156343539491746E-9 -2.7618595867926234E-5
-0.2873887771284415 -0.8792227618026944 0.09999999999999995 0 -6.632070734475396E-8 1.4488060018602959E-8 -2.7613142800568155E-5
0.06358506183867196 -0.7827017733005069 0.08643167294964106 0 -5.426426630381729E-8 -2.8042763965361856E-9 -2.760661978571034E-5
-0.04837786591123471 -0.8513117859798404 0.09269807273978152 0 -6.734684269207655E-8 -1.6024212917462373E-9 -2.7605664891560135E-5
-0.004822548609299431 -0.7855262944057821 0.08645491759740055 0 -5.940066436468385E-8 3.21722769616525E-9 -2.759851793536552E-5
0.8809325145611795 -0.2820885484172241 0.09999999999999999 0 -1.5453481518466287E-8 -6.852222165360441E-8 -2.761797500394454E-5
0.677795607943666 -0.39290477214771735 0.0862680402418979 0 -3.193334193740325E-8 -4.840775499875074E-8 -2.7598241344497988E-5
0.6103906305879976 -0.40135765312469535 0.08172372928462611 0 -3.5883659609019256E-8 -4.370148180982733E-8 -2.7614405877866527E-5
0.8014927716328404 -0.2914410587712435 0.09271262928645595 0 -1.7572937058682315E-8 -6.057397296557639E-8 -2.7613950513563035E-5
0.7173493567573874 -0.31695962258024274 0.08634023460744475 0 -2.2860555383615824E-8 -4.903664497055561E-8 -2.761047843611193E-5
0.8230806401765318 -0.20733638606092913 0.09232209730203018 0 -1.1381861593428316E-8 -6.554927372905808E-8 -2.7606993412837373E-5
0.5055257679581893 -0.637124600070996 0.08897493457515948 0 -4.841125999177913E-8 -4.033461213400237E-8 -2.759652298978967E-5
0.4897167015298755 -0.6990669986722716 0.09278011319940965 0 -5.2238297108863566E-8 -4.222558834768295E-8 -2.760658659312678E-5
0.46249999999999986 -0.8010734985006049 0.09999999999999984 0 -5.6661161671929415E-8 -3.924151608140009E-8 -2.761595991060659E-5
0.18083964416846285 -0.7595104378227608 0.08602850609777069 0 -6.039241615078E-8 -1.3132768571575455E-8 -2.7610017903749526E-5
0.2521627428797361 -0.7694593063835823 0.08864404636431371 0 -5.994336057123012E-8 -2.0744146091113723E-8 -2.759714953629988E-5
0.36329863298781023 -0.7692008953950572 0.09250410835033814 0 -5.2009926698714365E-8 -2.938264465041272E-8 -2.7606861254076618E-5
0.29721686832567656 -0.7486484838731736 0.08825580478820183 0 -5.29549680373681E-8 -2.138582704364059E-8 -2.759659401139073E-5
0.566498136584519 -0.34007595181336675 0.07621962270586992 0 -2.7771142767558228E-8 -4.025676216721489E-8 -2.7628738051657757E-5
0.5490740032503059 -0.5442731464552364 0.08535659345024513 0 -3.903872590654364E-8 -3.5825796238574864E-8 -2.7608019438864798E-5
0.4877536710430043 -0.5826751104622181 0.08420495651136725 0 -4.716436522429973E-8 -3.1472634175023506E-8 -2.7602187545225973E-5
0.5629289159938321 -0.47314451663551055 0.08212579004392509 0 -3.70636371798481E-8 -3.927964648007185E-8 -2.761821065057971E-5
0.5395049675561714 -0.4037977139333864 0.07721405836956645 0 -3.2079891234259656E-8 -3.837691725911138E-8 -2.7627187547148067E-5
0.08068135396090602 -0.714167303296879 0.080752947531276 0 -5.224336389795867E-8 -1.640247019442869E-9 -2.7619886922078082E-5
0.1307586883786586 -0.7179080095003467 0.08165710231721483 0 -5.4657448015933115E-8 -6.6798933270672505E-9 -2.7619115089989E-5
-0.3707535969478622 -0.8474426517245004 0.09999999999999994 0 -6.88477784714396E-8 2.2783632390890282E-8 -2.7615290143315056E-5
-0.14308797449955207 -0.83181181721957 0.0918642159103333 0 -6.310027246941708E-8 6.982892292371113E-9 -2.7614046752887962E-5
-0.22448109351079631 -0.8295744817427092 0.09335179876408067 0 -6.007238251672095E-8 1.0689033753420265E-8 -2.7609933335418804E-5
-0.2937621218403122 -0.816155750548228 0.09413660224150187 0 -6.33270844682635E-8 1.5510744173527603E-8 -2.7605607545864624E-5
0.02032803985547743 -0.7231235035279147 0.08113718206932351 0 -5.310186860076685E-8 5.055961783855341E-9 -2.7615156840997318E-5
0.049373389215154835 -0.676251463493053 0.07753347573866787 0 -5.0195332986457066E-8 7.199904602762708E-11 -2.762627308961218E-5
-0.07537530152887752 -0.7754914719888756 0.0858872030654022 0 -6.190348288120789E-8 7.69143915634432E-9 -2.7610072671659738E-5
-0.03309170223836219 -0.7328034628470876 0.08197501691133365 0 -5.6707064242477395E-8 8.88273710003728E-9 -2.761360294583145E-5
0.9051251563026282 -0.1907181838739738 0.09999999999999992 0 -7.728671755523889E-9 -6.958604302389945E-8 -2.7612496106854744E-5
0.6346730356926771 -0.3174870091624341 0.08001946855914073 0 -2.7627032245042496E-8 -4.2770832824245226E-8 -2.7619995479186944E-5
0.7578046117703346 -0.24801668508133742 0.08751626752734717 0 -1.8446998460430728E-8 -5.8015660979964074E-8 -2.76124745452404E-5
0.6897625743522149 -0.264441860913035 0.0824063475266023 0 -2.2056169080615864E-8 -4.918571917464647E-8 -2.7618773159075688E-5
0.7597010793028803 -0.19500257071099417 0.08634694259141452 0 -1.696357821127083E-8 -5.989670114841894E-8 -2.760672480938026E-5
0.7883546035916825 -0.1648885681025431 0.08824892692988197 0 -1.2013240672871333E-8 -6.115550391884271E-8 -2.7599371417046205E-5
0.8374232558848942 -0.12934172138602965 0.09218338983550128 0 -3.5018972736454715E-9 -6.071116177015404E-8 -2.7602303318451896E-5
0.7880045515761319 -0.1291017367769672 0.0876205822064691 0 -9.861482149691275E-9 -5.6406549662829316E-8 -2.7598322421437885E-5
0.45389464101054455 -0.6418290507487612 0.08650541722977734 0 -5.227599655635648E-8 -3.500183074757709E-8 -2.7605245295347674E-5
0.4122622788181451 -0.7140592129571535 0.09001680581831237 0 -5.196368339678059E-8 -3.242733752270963E-8 -2.7610844766066366E-5
0.1697005588141962 -0.6915759378642319 0.08021607449160523 0 -5.449594270239992E-8 -9.225601230842584E-9 -2.761969130761706E-5
0.24692814396934865 -0.6974874410583478 0.08250617855893733 0 -5.476218593718673E-8 -1.1938379091104489E-8 -2.760788843846307E-5
0.3299132550602819 -0.6955796266909601 0.08507057911176502 0 -4.926857677864866E-8 -2.0089330804755397E-8 -2.7608588941292897E-5
0.5796784116794852 -0.2776116098201063 0.07488927562467991 0 -2.1439208970085683E-8 -4.239835771086432E-8 -2.7631264702587713E-5
0.5306797663003683 -0.29923675531161764 0.07251363051783592 0 -2.1040428810966234E-8 -3.976930344246984E-8 -2.763315438275041E-5
0.5018045759598764 -0.34636458619402455 0.07254833341115845 0 -2.369392158393119E-8 -3.716221363466176E-8 -2.7632114950664878E-5
0.43691576165411183 -0.5863880363863174 0.08178506492225697 0 -4.9298920488576536E-8 -2.9207079875366034E-8 -2.7612854726807173E-5
0.5025098789806555 -0.5159632075862093 0.08087711077114174 0 -4.0081529034577195E-8 -3.188462748237726E-8 -2.761607555455914E-5
0.4531934148271225 -0.5420428192507506 0.07976926362259741 0 -4.4320258876680595E-8 -2.897502105694255E-8 -2.761717866017675E-5
0.5051728219418842 -0.4543425560441293 0.07763963571270259 0 -3.4661555624023595E-8 -3.49109974349346E-8 -2.762564934108018E-5
0.4743994852003083 -0.40954268251415876 0.073738234339428 0 -2.8409671197215563E-8 -3.525701301813475E-8 -2.7629555521043807E-5
0.115198487208555 -0.6531897985847656 0.07640980333620502 0 -4.961582768905172E-8 -7.353994222995523E-9 -2.762818596463983E-5
-0.4625000000000001 -0.8010734985006056 0.09999999999999992 0 -6.338752291503654E-8 2.928567499030744E-8 -2.7621376438083757E-5
-0.3837134371029664 -0.7748603000238192 0.09386619334345218 0 -6.321769617925078E-8 2.539791946318662E-8 -2.7613902020744998E-5
-0.3293828651109605 -0.7771045511687245 0.09186418681824765 0 -6.357251965030874E-8 2.141216908339391E-8 -2.7605527789413713E-5
-0.4839056580716607 -0.700569999447879 0.09257832058039935 0 -5.254588707406537E-8 3.014842993748235E-8 -2.7612655975601687E-5
0.04767908888924959 -0.6125339534466794 0.07287094188782159 0 -4.65418930412394E-8 -4.972780056621807E-9 -2.7632253527617383E-5
-0.19485303194491674 -0.7756068237085788 0.08772926134592987 0 -5.422017916858767E-8 1.300926092119421E-8 -2.7609653300489115E-5
-0.1380657870545559 -0.7497079460326577 0.08441541385599156 0 -5.5183637688038616E-8 1.1939312640487312E-8 -2.7616447989622874E-5
-0.24450643515018045 -0.7666415232960108 0.08818261063739213 0 -5.40937526923979E-8 1.6568000384674858E-8 -2.760081228854488E-5
-0.29287844997281653 -0.7560683801841976 0.08874412837590734 0 -5.929374427148693E-8 2.1460027362305267E-8 -2.759922418911682E-5
-0.018713178495829663 -0.6598847879456907 0.07617577755495693 0 -4.9478941282228745E-8 4.302890940131483E-9 -2.762920897682132E-5
-0.08839747535315964 -0.7039498716595032 0.08000538942626953 0 -5.330389225521922E-8 1.0527144551622346E-8 -2.7622874774934565E-5
0.8548200389796248 -0.0652462727687064 0.09314675085287963 0 4.190390154713053E-10 -5.967001793565213E-8 -2.7611509085985783E-5
0.9192877606928158 -0.10260258091221079 0.10000000000000002 0 -6.618555814077685E-10 -6.54841916021186E-8 -2.7614574302594647E-5
0.6384778628041976 -0.2349189996283244 0.07770845629712514 0 -1.9587405387906347E-8 -4.653873613986676E-8 -2.762726579876685E-5
0.7040732060431756 -0.2032143579310842 0.08191372549943252 0 -1.9447419068311176E-8 -5.319234989131302E-8 -2.76174923398357E-5
0.5898871014295897 -0.20776639827421509 0.07364495662277284 0 -1.3990070554450303E-8 -4.4936510080287166E-8 -2.763072479282009E-5
0.7325342916850157 -0.13408386908087772 0.08291013088256632 0 -1.6462031658846253E-8 -5.2946255478110296E-8 -2.7608839353419932E-5
0.8252770499196602 1.9257059754862352E-16 0.09008727174442388 0 2.584921513088277E-9 -6.044876079102512E-8 -2.7614917879016412E-5
0.7859407931602105 -0.07401767626946823 0.08680140328934058 0 -6.027902098197098E-9 -5.272681098504204E-8 -2.760769700281376E-5
-0.499151538632016 -0.6334110077816723 0.08834372866104906 0 -4.584919376667523E-8 3.479343515221481E-8 -2.760237186150571E-5
-0.539934650094959 -0.6040123388311489 0.08868415026698911 0 -4.9004211338660333E-8 4.140737963531221E-8 -2.760291712474219E-5
-0.55199683338532 -0.6639303440969675 0.09374464706266032 0 -5.423082463771912E-8 3.5975444636200225E-8 -2.7607816146002717E-5
-0.5485674035956859 -0.7447758606713794 0.09999999999999995 0 -5.799829293647265E-8 3.405449501098548E-8 -2.761733858258674E-5
0.36763254236248405 -0.6367582418875392 0.08211785344170683 0 -4.9002051076908015E-8 -2.423113855476493E-8 -2.761799521818372E-5
0.18957159845420457 -0.6243064952889011 0.07560329744867302 0 -4.7214684468204133E-8 -1.2877016730787489E-8 -2.7626992261046193E-5
0.28831363121595577 -0.628175946475062 0.0785524110683112 0 -4.6908216858436964E-8 -1.6505367329309296E-8 -2.7622959075761796E-5
0.526450453306162 -0.23768251001620336 0.07038843476625324 0 -1.4462989404320095E-8 -4.2264083138286967E-8 -2.7630596478277972E-5
0.47890979704271586 -0.2863984098188226 0.06912760288748078 0 -1.7358207576384853E-8 -3.697489581808608E-8 -2.763091908973386E-5
0.4494990254251993 -0.3483577682477059 0.06980849106780328 0 -2.0032678185934133E-8 -3.426812180256041E-8 -2.762714201247802E-5
0.38634553368626057 -0.5411366135074791 0.07653244947706521 0 -4.2889802914829403E-8 -2.715084245838019E-8 -2.7627170355169863E-5
0.43810869406594616 -0.47330739854493387 0.07505155127124848 0 -3.534183537767011E-8 -3.192946365417137E-8 -2.7627514345424198E-5
0.4170420346765119 -0.4108303752912244 0.07090170067103962 0 -2.6276521140268087E-8 -3.440575065640466E-8 -2.7625171851496626E-5
0.1909808398518187 -0.5616900805542806 0.07142639087555928 0 -3.925837499860437E-8 -1.7700333474681188E-8 -2.762704978617857E-5
0.12475562378528363 -0.5650913910725969 0.07045918166236254 0 -4.236799476387322E-8 -1.5096030329312634E-8 -2.7624918924067754E-5
0.05189365664575958 -0.5409828050063739 0.06822031633188272 0 -4.2912562157167375E-8 -9.035811085083885E-9 -2.7626522073150532E-5
-0.41249148408265685 -0.71445620812065 0.0900597252140442 0 -5.50698968797731E-8 2.866836157712419E-8 -2.761562739679581E-5
-0.34485879204612635 -0.7195732958375974 0.08756922173357189 0 -5.812254411075956E-8 2.751913958543311E-8 -2.761046534787923E-5
-0.4354763147019103 -0.6351536187841577 0.08509247440255904 0 -4.3187727961173726E-8 3.237115782071167E-8 -2.7613950668688964E-5
-0.02127679909875187 -0.5862434400348023 0.07098260267248742 0 -4.3295775168854434E-8 -1.4002044121107858E-9 -2.7632811403224682E-5
-0.20123366572154053 -0.7196538123444207 0.08312630758513646 0 -4.945918463551989E-8 1.8421988499897316E-8 -2.7613031589830688E-5
-0.1453861443112404 -0.6947291331504667 0.08002955113164492 0 -5.016314958809297E-8 1.3773437078001225E-8 -2.7623117578430495E-5
-0.26439613737119816 -0.6970297197339501 0.08297653094743883 0 -5.0999705304316977E-8 2.6386825902371248E-8 -2.760945690321156E-5
-0.314732642366773 -0.6679534491621226 0.08237892997106575 0 -5.114798998378146E-8 2.8913963143196116E-8 -2.761746003744885E-5
-0.10379006268918363 -0.6311723493295898 0.07466578004946206 0 -4.659755033009846E-8 7.252658466737785E-9 -2.763112201161459E-5
0.7822439697509947 0.07342341173252223 0.08646750245519458 0 4.575185280500183E-9 -6.199507059397466E-8 -2.7609494679910335E-5
0.9249999999999998 2.358937726024754E-16 0.09999999999999994 0 6.185293608609123E-9 -6.773434516773583E-8 -2.7620450685527472E-5
0.851370675269602 0.07427003550197267 0.09288407134507307 0 1.0929605793325454E-8 -6.546583357468958E-8 -2.761139249850012E-5
0.8038717607621603 0.12213857484508564 0.0889547066003148 0 1.1247931765022953E-8 -6.08381057716151E-8 -2.7601242732698252E-5
0.5408130551366507 -0.18150058753720788 0.06992281214701015 0 -7.945353192712687E-9 -4.360878461573403E-8 -2.76250798782581E-5
0.7247257834183621 0.0852066297502373 0.08165698245211614 0 9.939167480226332E-10 -5.6352184893552413E-8 -2.76173799212266E-5
0.6510493529215736 -0.15514133280147802 0.07686356365481603 0 -1.4137637082160309E-8 -4.783336312294518E-8 -2.7626839059164694E-5
0.5770279320473081 -0.15184347618041535 0.07165568912865208 0 -6.736293875603676E-9 -4.353150110558985E-8 -2.7628030586157217E-5
0.6918887433807659 -0.06772116765551027 0.07886795692620667 0 -9.086344344088163E-9 -4.848405689392347E-8 -2.7624674529860612E-5
0.7364981201835382 1.7871933341171726E-16 0.08222076644985389 0 -3.1136371892237217E-9 -5.3966100198936964E-8 -2.762140461118618E-5
-0.48001255710073826 -0.5637645778356982 0.08255043176744216 0 -3.856843637916614E-8 4.130632522818179E-8 -2.7613056329455197E-5
-0.5678213237459834 -0.537667606136383 0.08613904983735729 0 -4.270638877536698E-8 4.5694455909249855E-8 -2.7616098102827438E-5
-0.600893054701109 -0.6092572756078649 0.09299302035398636 0 -5.2675721206474295E-8 4.380389387710636E-8 -2.7613182889862883E-5
-0.6178002971320171 -0.688438643052917 0.09999999999999995 0 -5.8022829703213103E-8 4.2359715103501214E-8 -2.7616694967495093E-5
0.31808183532075807 -0.5509338997403093 0.07441383187593008 0 -4.120284772398863E-8 -2.3171256220902988E-8 -2.7631588297144368E-5
0.2593907519340379 -0.5686281064407216 0.07361593901057979 0 -4.088515409381012E-8 -1.9045039659519E-8 -2.763088526314149E-5
0.4250914842628162 -0.2904030737883922 0.06650384046370365 0 -1.6216417374490354E-8 -3.086647554184917E-8 -2.7624167450696763E-5
0.4860024477406568 -0.1810614961514008 0.06672716200822644 0 -9.998740600400942E-9 -4.2063491965340685E-8 -2.7616668166462952E-5
0.4546475825643904 -0.2329362873436874 0.0662732760967022 0 -1.4932479748842527E-8 -3.7165724367136354E-8 -2.7625637467315006E-5
0.39693548996928896 -0.3460112170117685 0.06719703593166886 0 -1.823020941685863E-8 -3.043068092945356E-8 -2.761469031618501E-5
0.3565677611611388 -0.4614203059811383 0.07075125137743832 0 -3.3640817845453556E-8 -3.083276218712475E-8 -2.7628456919108774E-5
0.36327728761747163 -0.38800374757803646 0.06749345504717459 0 -2.5551278183719167E-8 -3.3559720874817025E-8 -2.761319728756012E-5
0.3750627258693446 -0.2936858939923492 0.0643465481455432 0 -1.8471182435626837E-8 -2.3551004640652478E-8 -2.7616354245337736E-5
0.14556246178613044 -0.5017461145955597 0.06695111305462358 0 -3.421869872999015E-8 -1.6600993009593338E-8 -2.7610038637086784E-5
0.1773504711629968 -0.5251479744589087 0.06889288845838194 0 -3.459857615719527E-8 -1.8674005144422026E-8 -2.7620655623414906E-5
0.2111878992556696 -0.5199281931560845 0.06932845783235407 0 -3.391007001358599E-8 -1.938631208050946E-8 -2.7625640903822835E-5
0.10436058799907272 -0.5010308479370807 0.0663275801738497 0 -4.032135665658051E-8 -1.3593826599950948E-8 -2.7610415295465756E-5
0.06673635655852131 -0.4767204709635782 0.06461779605353521 0 -4.0840059564555674E-8 -6.447723183201946E-9 -2.7616398792205328E-5
-0.006975621790116399 -0.5183972256879046 0.06671599267023115 0 -3.826132376814824E-8 -3.3804519957019378E-9 -2.762729991099371E-5
0.021803385387518696 -0.4822544950869184 0.06469299319690378 0 -3.8023322338693866E-8 -3.4416815881070546E-9 -2.7624298341080734E-5
-0.05196883438319561 -0.5240326103663052 0.06719869985797552 0 -3.6194854806905596E-8 -1.1663770866934612E-9 -2.762457490867602E-5
-0.3679909311443217 -0.6373789894665455 0.08217765681431859 0 -4.6408866988125415E-8 3.030784980155458E-8 -2.7622058630138075E-5
-0.40158939943089916 -0.5697012631254147 0.07901179842938963 0 -3.8811392074946304E-8 3.24990093509934E-8 -2.7626393393086162E-5
-0.09590125636856872 -0.5619999312235502 0.06990127823248253 0 -4.067457251906245E-8 9.150477851907942E-10 -2.7626674553256554E-5
-0.19926692702634366 -0.6350324834465847 0.07658242747619838 0 -4.6631204732776476E-8 1.7116975908125446E-8 -2.7627721375943302E-5
-0.2841593977557326 -0.6153602706014176 0.07751426427315905 0 -4.6319032435709106E-8 2.5053785403932068E-8 -2.762855394340113E-5
-0.15663037176370528 -0.5733099421965812 0.07149707499548641 0 -4.428349591571364E-8 7.0930164506475175E-9 -2.7628003254608487E-5
0.6892086201904363 0.11760753932384704 0.079182235454291 0 3.4865541743237573E-9 -5.172713442711186E-8 -2.7623217229872124E-5
0.7461230180043805 0.1326560288062978 0.08402816782270867 0 4.153629028971787E-9 -5.552604475795347E-8 -2.7607555400730755E-5
0.6908574756839181 0.1584953945063365 0.07995126254637963 0 6.3620128375855254E-9 -5.0103945894406874E-8 -2.7622229957598368E-5
0.9192877608705788 0.10260257931928718 0.09999999999999994 0 1.4576994238014761E-8 -6.921035058412225E-8 -2.761632008426336E-5
0.8510855832446352 0.14814580550682163 0.09378949781498243 0 1.7715225094453606E-8 -6.117289554382938E-8 -2.760693720356656E-5
0.7902639371481001 0.17887268414595758 0.08869278761371624 0 1.3867099358087365E-8 -5.3251168974983764E-8 -2.760450234178554E-5
0.5270134709035552 -0.12362075461980128 0.0680883893303861 0 -1.3828811968530872E-9 -3.850233620194306E-8 -2.7617300986431386E-5
0.660910431014522 0.06111123862815046 0.0764443497197492 0 2.2992860616719666E-9 -4.983753892579385E-8 -2.7631128768062934E-5
0.5965173615012839 -0.07939251741876008 0.07200225824383245 0 -2.886103694101662E-9 -4.2303044670801885E-8 -2.7631836384543892E-5
0.6371682462297272 1.7636191275501287E-16 0.07448630903843244 0 -1.8489528840065904E-10 -4.662936671749532E-8 -2.7634611095581435E-5
-0.5998767009898777 -0.47889137063455584 0.08487289614566726 0 -3.453797450612603E-8 4.48499783511744E-8 -2.7620637522941407E-5
-0.4462665144718288 -0.4769553831048419 0.07565680574632232 0 -3.553002146354872E-8 3.4442822322033816E-8 -2.7631889638767246E-5
-0.514031025104845 -0.49215788183100256 0.08018045280724438 0 -3.601436291086793E-8 4.2477841331557055E-8 -2.762543403842989E-5
-0.5551101229584549 -0.4700701488343014 0.08146563252731463 0 -3.376007024213211E-8 4.381588798878536E-8 -2.7625426044921016E-5
-0.6562422498346266 -0.5241856689594518 0.09146905933596002 0 -4.197630650118801E-8 4.571479620619223E-8 -2.7619159702914167E-5
-0.6848306133117381 -0.6217902179859557 0.09999999999999995 0 -5.3227252000750165E-8 4.837379353032981E-8 -2.7623963608115548E-5
0.27241004361507065 -0.4718280360333558 0.06830375115676078 0 -3.302469126685234E-8 -2.3760065440580055E-8 -2.7629285181099234E-5
0.4535801009187721 -0.11979187747949692 0.06395953291420167 0 -1.1962086360995449E-8 -3.186572780864114E-8 -2.7606907819358857E-5
0.39072217276086296 -0.23584567652234287 0.06329187670784985 0 -1.7145695351460376E-8 -2.7914935944563714E-8 -2.7625348788745333E-5
0.41238404925178007 -0.18021837395374024 0.06296662723972753 0 -1.6561404709419447E-8 -3.294186611214484E-8 -2.762209305459448E-5
0.33633282409977633 -0.33989669688880314 0.06444423660906805 0 -2.6929859889737117E-8 -2.4209902901690135E-8 -2.760448372589136E-5
0.30008338071089913 -0.40108479031261085 0.06570468861303413 0 -3.200890172913904E-8 -2.753755196444967E-8 -2.7619299521089342E-5
0.32685099627426545 -0.2905697969488598 0.06232853198902638 0 -2.4051024411204346E-8 -1.851025808318847E-8 -2.761739363438321E-5
0.34557599933864525 -0.25420475687873284 0.06192004258218349 0 -1.9717026076900694E-8 -2.1245088625852456E-8 -2.7624494634662726E-5
0.13994680898558723 -0.4672126633962515 0.06496624972127402 0 -3.2082690454120334E-8 -1.0090841481957852E-8 -2.760533400036813E-5
0.19075484218748176 -0.4725311643222945 0.06620021711897697 0 -2.8763534023346447E-8 -1.5659723139621434E-8 -2.7617869813973943E-5
0.04901016908663563 -0.43723836174505165 0.062459634223422635 0 -3.626613421097895E-8 -1.3995503405726053E-9 -2.762294669817595E-5
0.10408488366078726 -0.44405468685268895 0.0632766673513578 0 -3.628973258345583E-8 -3.4049752687658984E-9 -2.761055609251398E-5
-0.03083759909542402 -0.4757419881377713 0.06436680609968096 0 -3.29043321811906E-8 9.806353380960932E-10 -2.7623617161653938E-5
-0.0058033119248053185 -0.4414101175550563 0.06253303354413749 0 -3.265160913751328E-8 1.5643543381518252E-9 -2.762665099684904E-5
-0.39030681785658333 -0.4466269881485597 0.07141764844659583 0 -3.5645347965287807E-8 2.4979801661920645E-8 -2.763131329772069E-5
-0.09527352708204243 -0.48999184724793493 0.06560563290386152 0 -3.257238415145007E-8 3.1041026432823828E-9 -2.7610808824297528E-5
-0.31827009850817745 -0.5512599811461146 0.07444098367382036 0 -4.1465403369655224E-8 2.397046593413275E-8 -2.763531305728041E-5
-0.36296726797354567 -0.5093150093458659 0.07364571283377143 0 -3.7705222296465724E-8 2.5848813773161393E-8 -2.7634929147463403E-5
-0.1538656248196219 -0.515523498759926 0.0678853449092873 0 -4.260957439611453E-8 4.829307435783208E-9 -2.7616294813589527E-5
-0.23145619169988374 -0.5426436945370011 0.07120349698950754 0 -4.412035398710717E-8 1.4913060306209744E-8 -2.7632131861114454E-5
0.02839276411724586 -0.3973392921812578 0.06048540173023527 0 -3.101576555290881E-8 5.260836348801399E-10 -2.763083152837413E-5
0.6359863797306674 0.13411282944887548 0.07542020319546493 0 9.036981046169917E-9 -4.6712204070458795E-8 -2.7631253525598722E-5
0.7226994437477957 0.1997352924878217 0.08334138075756291 0 1.0417789994223892E-8 -5.031293900041305E-8 -2.7617321220022773E-5
0.6524176664552398 0.20477109599706128 0.07797707686621592 0 1.2417174103757214E-8 -4.7247833107859796E-8 -2.7629818055671224E-5
0.9051251569294585 0.19071818089926676 0.09999999999999994 0 2.0469915586639386E-8 -6.286819491842648E-8 -2.7615813398832758E-5
0.8318102133114379 0.22322523392999097 0.09353078509252784 0 2.09763013720173E-8 -5.578212261388973E-8 -2.7613744422546638E-5
0.7561533810021175 0.2511688924028691 0.08746370240455802 0 1.8636271711358657E-8 -5.2999939189644114E-8 -2.761731712086745E-5
0.5078212312272354 -0.05773868566153316 0.06628756501631425 0 4.8643432287581706E-11 -3.31604788937066E-8 -2.7622808536125822E-5
0.580043566339009 0.07440259297015442 0.07086095755136954 0 9.763769290088965E-9 -4.4035825563128387E-8 -2.7632300771955094E-5
0.5449077695259106 1.435041058529122E-16 0.06830916124377966 0 4.355632436357758E-9 -3.980004431732337E-8 -2.7631846199763713E-5
-0.6449966839705535 -0.4445280981035864 0.08625924084344859 0 -3.015287249200082E-8 4.54841705184434E-8 -2.7613623658676363E-5
-0.5773213056470615 -0.42632356756478973 0.08066830857907491 0 -2.839230796182505E-8 4.4342093036974954E-8 -2.7626262791557127E-5
-0.42560872193429483 -0.3924588186076942 0.07047472570296821 0 -3.509526705074072E-8 2.8815363325603866E-8 -2.7629389763181883E-5
-0.5105636494997626 -0.4275668331221898 0.07661161867134533 0 -3.1938869065237836E-8 3.960715593630857E-8 -2.763343606921486E-5
-0.6821995337018094 -0.3893517946424338 0.08645016345112792 0 -2.7724066523959773E-8 5.283717104838107E-8 -2.7605660291300126E-5
-0.7143597851634019 -0.46065181317541976 0.09243904770387963 0 -3.822561966068679E-8 4.7691058961482436E-8 -2.761170020729956E-5
-0.7501479603301018 -0.5412050791178046 0.09999999999999998 0 -4.5046263061574113E-8 5.009245864553365E-8 -2.7623528741634917E-5
0.23193963455587194 -0.401731231339728 0.06368217918749611 0 -2.980669274220463E-8 -1.7163388425662234E-8 -2.762573780951872E-5
0.4253355502182103 -0.060426816635170834 0.06194940187312641 0 -7.943645771861674E-9 -2.725941250075202E-8 -2.7624963995743618E-5
0.3783639298171796 -0.12391451309547895 0.06047575124681011 0 -1.4044074498425106E-8 -2.6856110654040233E-8 -2.762858004397242E-5
0.3404696044317066 -0.192505611563268 0.06016257670047243 0 -1.6149653930084866E-8 -2.400276780857886E-8 -2.7632480218956156E-5
0.2704412885460664 -0.32134890739138106 0.06148782850104334 0 -2.937218181194135E-8 -1.7491215492159395E-8 -2.762373007139979E-5
0.28780126788651955 -0.24610682281377952 0.05962067759661022 0 -2.0610799311554862E-8 -1.8530835877835075E-8 -2.763207251487965E-5
0.15779399244920164 -0.4060014305216929 0.062242172248634084 0 -2.846889183167732E-8 -6.226722635800732E-9 -2.7621397684147917E-5
0.08201071126761389 -0.3939388987243753 0.060668066988986274 0 -3.1405198413661615E-8 -1.2410043828492129E-9 -2.7626826465415367E-5
0.04349199689707277 -0.3606955682361924 0.05897556113419837 0 -2.754101408536826E-8 -1.5167220290253381E-9 -2.763481823651206E-5
-0.05772042989369192 -0.4373202270026056 0.06251628812885628 0 -2.87739087471647E-8 6.981879465900438E-9 -2.7621957612835005E-5
-0.03317807935019408 -0.4000499580003112 0.06062434517611841 0 -2.8516747757828763E-8 5.300086757924557E-9 -2.763047282734512E-5
-0.3619566518906658 -0.37751131442037245 0.06698450376718922 0 -3.219556871507133E-8 2.1232892391527706E-8 -2.7614042932841442E-5
-0.36626813150114024 -0.4166408143589399 0.06892167223823106 0 -3.410025504712355E-8 2.065625397990475E-8 -2.7624689330958862E-5
-0.3449125590697449 -0.44322460700183025 0.06935603931497553 0 -3.4548887823510764E-8 1.9622262761738853E-8 -2.7629523472606495E-5
-0.1061373350373039 -0.43371612134398735 0.06278756375601147 0 -3.02033687726913E-8 1.3214829934451457E-8 -2.7614138791887427E-5
-0.1533021139497205 -0.45854960024362473 0.06473399748772989 0 -3.912560136849858E-8 1.2908939255235662E-8 -2.761008272800967E-5
-0.27258732769368704 -0.47213510106489254 0.06832563375196132 0 -3.7806308068313723E-8 1.669263191071617E-8 -2.7632501208470102E-5
-0.2137590545386873 -0.47234636278777903 0.06671710658979699 0 -4.113844911985246E-8 1.3790432668739111E-8 -2.7625295151441777E-5
-0.18675532053812582 -0.4349325178463068 0.06418357757579088 0 -3.7407422437674E-8 1.6004461608042026E-8 -2.7621258128088567E-5
-0.3826278748778653 -0.34149739132768103 0.06638993492953281 0 -3.2655242213898757E-8 2.8144284571155645E-8 -2.7614593037399323E-5
-0.0010639892128916778 -0.35571530812846325 0.05866683852382106 0 -2.6754173482113913E-8 7.961966871212104E-10 -2.76359573624877E-5
0.5665181445886517 0.15558354761445173 0.07104008880031383 0 1.684747434886145E-8 -3.956017002016858E-8 -2.7629495963424134E-5
0.5953591891669738 0.1936606882201294 0.07369160395615945 0 1.5939356414129548E-8 -4.185712499083275E-8 -2.763366535500204E-5
0.5192463818471629 0.12824117265253684 0.06769417632898124 0 1.726805721163361E-8 -3.731605952722287E-8 -2.7617139086705925E-5
0.5285393108936259 0.16518893231571916 0.06885934434787161 0 1.870132623258381E-8 -3.454549220291192E-8 -2.7623414710332406E-5
0.6744856330743806 0.25899543825752414 0.08106282636378111 0 1.6443539844853972E-8 -5.061727845211637E-8 -2.7625800742259084E-5
0.5964895386590124 0.24538252217967127 0.07505456752399722 0 1.7785388953535933E-8 -4.3000820905513576E-8 -2.7635205654843035E-5
0.8809325160784339 0.2820885436790224 0.09999999999999994 0 2.643230071204961E-8 -6.040126957306902E-8 -2.7623130844117706E-5
0.7133503615870089 0.32015636681811027 0.08613118221459619 0 2.4318392500804513E-8 -5.587586840175743E-8 -2.761576826418708E-5
0.7978472984237357 0.3041762806928354 0.09281227257926788 0 2.704194295588668E-8 -5.721106345139614E-8 -2.7619329107336246E-5
0.4636209692030302 1.4593888372567647E-16 0.06366862151549985 0 3.1785960276164174E-10 -3.382798966011533E-8 -2.762772457785397E-5
0.4938126220450951 0.06489296717588176 0.06554297030555511 0 8.432022739204154E-9 -4.095892532358645E-8 -2.762062375848956E-5
-0.6153231968638251 -0.38077552285640803 0.08115372829448388 0 -2.2944028773793415E-8 4.83678204213689E-8 -2.762171978601406E-5
-0.560449570051932 -0.3810942956107818 0.0775098294695611 0 -2.5909251630644912E-8 4.334090698446529E-8 -2.7632340163113005E-5
-0.4429539530445369 -0.3153758255937713 0.06823813858748431 0 -3.0161787424825435E-8 3.26622391351602E-8 -2.763126093826835E-5
-0.5043029125892239 -0.34762375509843185 0.07274022680505556 0 -2.850709411631191E-8 3.755738834188783E-8 -2.7637607975672936E-5
-0.6508158876168189 -0.3390076459058359 0.08199721983987755 0 -2.1629466329170428E-8 5.3303198914643184E-8 -2.7620166561762592E-5
-0.7091826270730176 -0.32330839885714513 0.08590988858162861 0 -2.5130524748564585E-8 5.733936915424324E-8 -2.7617293074669032E-5
-0.7619010673352372 -0.3837317836320327 0.09273617861998763 0 -3.604664178846931E-8 5.7439367168333455E-8 -2.7613723871906577E-5
-0.8010515387579304 -0.4625279007956028 0.09999999999999996 0 -4.158099052000182E-8 5.633956798123604E-8 -2.7619767035276184E-5
0.19236089157799777 -0.33317883760233996 0.059881599761303 0 -2.611757927214919E-8 -1.1949664607954877E-8 -2.7634940723415097E-5
0.38492668203237634 1.0023152680894796E-16 0.05989052034096669 0 -2.531542977349606E-9 -2.8014784119930843E-8 -2.7636532836889646E-5
0.2997814449763267 -0.1302546190444194 0.057552736756421544 0 -8.122945993500667E-9 -2.2258070041637313E-8 -2.7636626538577483E-5
0.3411851195480258 -0.06215460789797836 0.058312559079427444 0 -5.673495520347766E-9 -2.3523199825695266E-8 -2.7638469159998904E-5
0.25568805190108224 -0.19009790761699052 0.05725179690059135 0 -1.2619847832382754E-8 -2.0454201875660914E-8 -2.763614081492694E-5
0.21970172124605264 -0.25470361780543144 0.057909449658114676 0 -2.003321224213534E-8 -1.6573307656224136E-8 -2.7638198261993796E-5
0.23090062297727731 -0.13379820267190193 0.05553869913937325 0 -3.879574091718013E-9 -2.0427499462958713E-8 -2.7626534759549477E-5
0.10559774308437374 -0.32641465451667345 0.0581670361159444 0 -2.368388915108587E-8 -6.451569696529504E-9 -2.7637512834241117E-5
0.031363797849434556 -0.30517057546423765 0.0568332914109285 0 -2.195730274284365E-8 -5.455450736247879E-9 -2.76350795365047E-5
-0.08918266806588585 -0.39015326021997465 0.06056960464965617 0 -2.7773425076824002E-8 1.1623005500725665E-8 -2.7627966887268138E-5
-0.049756265008924744 -0.359262534671633 0.05895024498757894 0 -2.654139973713043E-8 5.547738319946765E-9 -2.7635288372340095E-5
-0.33370914900421456 -0.3553876317528072 0.06495432896100803 0 -2.5292185360487844E-8 2.252116762960083E-8 -2.760902629800852E-5
-0.31386332305040454 -0.4019336098806021 0.0662221637922308 0 -2.8792883250146323E-8 1.6968029876565935E-8 -2.7621175743856386E-5
-0.15459594130071444 -0.3919265872876224 0.06155021858866086 0 -3.082761450987112E-8 1.6743036145684404E-8 -2.7626454685137048E-5
-0.2322802926341843 -0.4023212684393738 0.06371797650698165 0 -3.058001153265916E-8 1.7112578813324904E-8 -2.762800659090554E-5
-0.33230969380311987 -0.31257443393730217 0.06328313435425743 0 -2.177087320467978E-8 2.9570898126253683E-8 -2.7613966019827277E-5
-0.37984334067586323 -0.29694191152231486 0.06465963905911942 0 -2.6757093882475905E-8 3.2034370424688866E-8 -2.7620158334157244E-5
-0.03281109095750644 -0.303248501545522 0.05677241598853609 0 -2.3972670776454446E-8 -8.499095564360738E-10 -2.763522961043839E-5
0.002774404310843052 -0.26370741404826953 0.055444406431408536 0 -1.954676881135203E-8 -7.275985201644333E-9 -2.762572537704381E-5
-0.4503344724862791 -0.2539143429242661 0.06663047103760426 0 -2.278350807715465E-8 3.1453485474218916E-8 -2.7631780073720307E-5
-0.40625597693717014 -0.2614749559637888 0.06471383725610917 0 -2.283760360999098E-8 3.1215866625772883E-8 -2.7628264225748408E-5
0.4615326701397575 0.12346215125476942 0.06442192515091573 0 7.712974752625424E-9 -3.4274166381165554E-8 -2.760775234448609E-5
0.5387084587482873 0.20560708274998704 0.07032262751622614 0 1.953043907735978E-8 -3.5113128924480716E-8 -2.7631430473959572E-5
0.4879508039440348 0.17532903328848173 0.06671893154849401 0 1.6749510575462455E-8 -2.9193307280848174E-8 -2.7618527966401577E-5
0.532509259731304 0.25445661626164345 0.07121936353097057 0 2.130444816606879E-8 -3.604221859489377E-8 -2.7636560001777132E-5
0.6341588941531792 0.31283518999890103 0.07981624453248937 0 1.926620549154771E-8 -4.979387509812858E-8 -2.762640579808028E-5
0.5661686439840169 0.30314954318445153 0.07485251919573685 0 2.1368699378096933E-8 -4.167428812586411E-8 -2.763662900071693E-5
0.8437752416466553 0.3790359375932063 0.09999999999999998 0 3.517225561238696E-8 -6.119604170114898E-8 -2.762291946390194E-5
0.6719229666176102 0.38840511082381185 0.08561888827579653 0 2.5178767682302987E-8 -5.085934490183526E-8 -2.7606688557851188E-5
0.7564175363077813 0.38622567562379634 0.09237249347625182 0 3.511471339459977E-8 -5.551222316584364E-8 -2.7611410966274433E-5
0.41461516466779025 0.07768102097507298 0.06157475739077051 0 1.0460952426724194E-9 -3.3771573701969693E-8 -2.7625466588807186E-5
0.41609697408913526 0.13788398400008967 0.062378681269293045 0 4.302771338753962E-9 -2.953209536265106E-8 -2.7620176521517052E-5
0.3331467524821928 0.06332732629493788 0.0580143200893398 0 4.363494856560192E-9 -2.5366052639935483E-8 -2.7640140950049788E-5
-0.47800098007166614 -0.21838828549818234 0.06713458210584479 0 -1.9937390499048983E-8 3.054388010476488E-8 -2.7629424486500115E-5
-0.581042663690517 -0.3157640075984302 0.07626188231201678 0 -2.1826718378413055E-8 4.500079049768342E-8 -2.763507015056803E-5
-0.516501927640104 -0.27345997871285144 0.07083650833060166 0 -2.357929119246388E-8 3.648360665719829E-8 -2.7638050639304956E-5
-0.6531660790226061 -0.2763311132584134 0.0799841441751332 0 -1.8425998013436082E-8 5.131782487148811E-8 -2.7629529451125014E-5
-0.7177089386751481 -0.25492955224205677 0.08435704674323387 0 -1.79995529645381E-8 5.354324754872315E-8 -2.762383232409997E-5
-0.7682837005378522 -0.21778108265977297 0.08762455506029665 0 -1.6452946343171125E-8 5.322283928997369E-8 -2.7617163514779706E-5
-0.7926496756412593 -0.29133333750236745 0.09190870000572768 0 -2.6366317036715432E-8 5.797500509337408E-8 -2.7622164444260425E-5
-0.8437556437212325 -0.37907955935377746 0.0999999999999999 0 -3.6293433401317026E-8 6.284908289778089E-8 -2.762526789490411E-5
0.14972579901011426 -0.2593326910893636 0.056582144341893334 0 -1.7936456212143163E-8 -1.3397966986608257E-8 -2.763941195722545E-5
0.30024351839566077 1.0287337474471442E-16 0.0566089984335615 0 2.75875383269654E-9 -2.1784808169828258E-8 -2.7640924055979924E-5
0.25485064501553867 -0.06881848120103613 0.0554520694654174 0 1.0250541027922091E-9 -1.765835933275755E-8 -2.7631508417532653E-5
0.2018137422816696 -0.09141964150518621 0.054287541904913736 0 -6.792124819502691E-10 -1.4217879193954516E-8 -2.76142547223381E-5
0.1764824224893901 -0.17786432905826247 0.05506179018247805 0 -1.1067834720101973E-8 -1.9093195586755912E-8 -2.7628159684136838E-5
0.17846806103523252 -0.12182655323316927 0.054152220507936534 0 -6.667721129919373E-9 -1.762962661939621E-8 -2.7611961477300378E-5
0.06445906182530688 -0.2524774236880236 0.055351148337145016 0 -1.5103095531639035E-8 -9.671139601534744E-9 -2.7629900774267895E-5
0.01713256069613923 -0.2191946756676691 0.054245341320781695 0 -1.3659151969122607E-8 -6.0466824579152474E-9 -2.7612949733842117E-5
-0.015811501710617768 -0.22080470166743846 0.054282927994611936 0 -1.932912791577775E-8 -3.903606663494819E-9 -2.761332100864545E-5
-0.11115524588477288 -0.32319159740630654 0.058116751891295344 0 -2.5167957255654982E-8 9.527928293616498E-9 -2.7639200330392907E-5
-0.2724211583800276 -0.34021230275634257 0.06225471036920954 0 -2.036805922839217E-8 2.141461399103542E-8 -2.7624304723884548E-5
-0.19295762658678686 -0.33421241295621795 0.059933626134453855 0 -2.402894468955102E-8 1.6735778772495653E-8 -2.7636735946051676E-5
-0.299671918215507 -0.26919022055739933 0.06068803798570996 0 -1.7377253012439832E-8 2.641132820710121E-8 -2.7629677905463185E-5
-0.35401952964801076 -0.2618191533072333 0.0624765930436588 0 -1.9979082988296555E-8 3.067388303571524E-8 -2.7626407434556955E-5
-0.059917909088264505 -0.2537684697083779 0.05535616729591674 0 -2.3224342904008522E-8 -5.943359065970989E-10 -2.7630151423537095E-5
-0.4286041911968905 -0.21160410640457614 0.06443452009247358 0 -1.6358570890991604E-8 2.895863658700104E-8 -2.7627819485792286E-5
-0.3837371950984817 -0.21760730691022395 0.06251779019199943 0 -1.584458488051503E-8 2.9017397950977285E-8 -2.7630591252106964E-5
0.44078820931890417 0.17778853409565737 0.06428879605061415 0 1.13388470397178E-8 -2.71051571079199E-8 -2.762009441812628E-5
0.4759951064045458 0.23047538821939026 0.0673334019397155 0 2.0076319796766524E-8 -2.9953640602720464E-8 -2.7630332061727776E-5
0.5023235944487765 0.29151864533540206 0.07059623054924213 0 2.454292760477294E-8 -3.479956910109361E-8 -2.7637728514880254E-5
0.5853609901656723 0.37038384021673393 0.07867156144500055 0 2.273908699027765E-8 -4.451159289314565E-8 -2.7629493910792957E-5
0.5293785213896149 0.3388907230126146 0.07386902220939724 0 2.5268019937966865E-8 -3.861170667042647E-8 -2.7638084921853473E-5
0.8010710017272104 0.46249419126110125 0.09999999999999991 0 4.054066858215859E-8 -5.468490388160897E-8 -2.7619360813326927E-5
0.626960623589047 0.4522983371432033 0.08535306995964971 0 2.981960229535607E-8 -4.357804806176671E-8 -2.7618134390317545E-5
0.7061350528834721 0.4673278645716987 0.09212747065803699 0 3.700086242100002E-8 -4.5312092591789943E-8 -2.761305960562132E-5
0.3592371994727271 0.12552401442410036 0.05970040660633737 0 5.85709159635818E-9 -2.669714392580536E-8 -2.763449910919893E-5
0.39449037889125516 0.17177804019933995 0.06198157459134765 0 8.827853171620265E-9 -2.7151792804423223E-8 -2.7627574696808623E-5
0.2907007887888551 0.1297941048796961 0.057242741237689944 0 1.1886024549482834E-8 -2.047729100791113E-8 -2.7638510397659052E-5
0.2538184516803514 0.06940494742292715 0.05542696753822805 0 1.139518837102486E-8 -1.9162646901053185E-8 -2.7632340570500254E-5
0.20062573683728857 0.09527047772396227 0.054301155270572714 0 1.3076845560248342E-8 -1.4241549198256932E-8 -2.761528000354507E-5
-0.4690213191754545 -0.16282051739106812 0.06545407679976868 0 -1.3705268544844767E-8 2.935300060715829E-8 -2.761558439452439E-5
-0.5329845388239064 -0.1985594752136454 0.06981392050905111 0 -2.0194690244892796E-8 3.547170044743475E-8 -2.7631964064006188E-5
-0.5985835515449605 -0.2260297922817816 0.07467942546060531 0 -1.7819463229472943E-8 4.385900031450635E-8 -2.7637192502207476E-5
-0.6738902730202506 -0.22049852083738797 0.07997070091519404 0 -1.3908453963670271E-8 5.014556215261587E-8 -2.763003306506117E-5
-0.7224932718504692 -0.1846612188414888 0.08299584497449673 0 -9.513874975230346E-9 5.201222682615293E-8 -2.76203521444457E-5
-0.784218194998307 -0.17459658052838994 0.0880668176158918 0 -1.3561187330424879E-8 5.470729890747263E-8 -2.76091351961818E-5
-0.8340398056073667 -0.21902107573341573 0.09363611174877708 0 -2.1844630925012686E-8 5.7550795918734486E-8 -2.7618292262168133E-5
-0.8809151182252344 -0.2821428693025129 0.09999999999999996 0 -2.751159630967177E-8 6.210450789085989E-8 -2.7627519581608934E-5
0.11138757858716244 -0.19292894544503636 0.054318208030815426 0 -1.1948552507982617E-8 -1.2387489665164937E-8 -2.762786612076774E-5
0.2238875048948224 7.238912562247948E-17 0.054346295287657886 0 5.0875292690957245E-9 -1.6155182995017716E-8 -2.762901320203115E-5
0.19420772375092543 -0.04676552312468657 0.053768452091938715 0 3.4698768646953354E-10 -1.0965877845314737E-8 -2.7619701828620062E-5
0.16765785073129597 -0.0820458117059934 0.0534822586461166 0 -6.079609901281613E-9 -9.902941506426875E-9 -2.7610506006011514E-5
0.1532214795718842 -0.1047515501973591 0.0534601593182905 0 -9.862965210505094E-9 -1.2302515454583457E-8 -2.761073813109157E-5
0.13365633223327952 -0.1314943305448411 0.053500013617672364 0 -1.1871983059614043E-8 -1.3268153220216877E-8 -2.7617163370626225E-5
0.1909210649037196 0.04684254353730671 0.053697308093126346 0 6.810324493729165E-9 -1.6682726125647706E-8 -2.7620008161382773E-5
0.05493858025113072 -0.1872116672800932 0.053664600392910426 0 -9.819686490939989E-9 -5.13212826817173E-9 -2.761870428281382E-5
0.0015895535343272628 -0.18045943852644164 0.053353802929854664 0 -1.3414221035210262E-8 2.2537693500195243E-9 -2.7610468201147128E-5
-0.053441146730527564 -0.18709102439814254 0.05365287398922711 0 -1.8666913586610103E-8 3.0135584059803785E-9 -2.761900839081654E-5
-0.15050660974349658 -0.260685094950677 0.05663516711153095 0 -2.1159714787584877E-8 8.99765793742397E-9 -2.764114030477683E-5
-0.22974591189928226 -0.256397975299907 0.05821373401797809 0 -1.8031649699534448E-8 1.7377348615200267E-8 -2.763975695173129E-5
-0.2901412929767384 -0.21922908092139923 0.05898973037684318 0 -1.577501522460924E-8 2.307952212154056E-8 -2.7637760500544527E-5
-0.3302765228915605 -0.22443841547131757 0.06052899064430553 0 -1.5666910958748462E-8 2.7280284424298508E-8 -2.763406053744313E-5
-0.11217260429255088 -0.1942886498520168 0.05435789315243198 0 -1.737227781475689E-8 4.184944443798708E-9 -2.76293792446836E-5
-0.4043520178042477 -0.16901983470521795 0.062374130552393804 0 -9.01933398936633E-9 2.8310318640454786E-8 -2.7626756780944476E-5
-0.36201088411519367 -0.17400839360604692 0.060635096430618034 0 -1.0492664047692187E-8 2.72478527592817E-8 -2.7634253099883933E-5
-0.42569230627547644 -0.12215318657273527 0.06260425960749791 0 -3.87358122698145E-9 3.289556654963222E-8 -2.7619382319680313E-5
-0.467604489294916 -0.09647351175034927 0.06440527405535047 0 -7.811848730579658E-9 3.990701048977439E-8 -2.7614690110956137E-5
0.40159415937487924 0.2222711945652258 0.06342742714419668 0 1.6206226764634157E-8 -2.828768810644078E-8 -2.7629157841326946E-5
0.4374027432196876 0.28280425722564984 0.06685837267776952 0 2.578128320531567E-8 -3.111370627658558E-8 -2.7631154525535085E-5
0.4716692828943538 0.34325991058700284 0.07076541111671204 0 2.991688760238223E-8 -3.319735141619612E-8 -2.7636276026479296E-5
0.5572755215547438 0.4510872900080022 0.08061070588876619 0 3.077677100387233E-8 -4.212004020792575E-8 -2.762894810892212E-5
0.5201731653431543 0.38799390136202994 0.0753439569886662 0 2.836723406613031E-8 -3.8399924795998605E-8 -2.7636758315008535E-5
0.7501545426059838 0.541195955123228 0.09999999999999998 0 4.390140253871207E-8 -4.839055540848284E-8 -2.7624970300907592E-5
0.5828756184496425 0.5332115379316271 0.0868511630159933 0 4.143992615851193E-8 -4.4269447588535854E-8 -2.762021966502105E-5
0.650470548607775 0.5465931881196748 0.09240305490818579 0 4.3905192899818555E-8 -4.451206446756209E-8 -2.7622254702208225E-5
0.33827356631260735 0.19741612693850677 0.06018657141513714 0 1.2868952077087622E-8 -2.5465130343108412E-8 -2.7635765028580797E-5
0.2643297840462276 0.19520810401833616 0.057617277126140565 0 1.531141870734607E-8 -1.7894977453108097E-8 -2.7639674084466625E-5
0.23462332403576286 0.13422621113694244 0.055643167928538385 0 1.591291444964165E-8 -1.3481243091786748E-8 -2.762973258345443E-5
0.1835322570857455 0.12636576122723128 0.05431954168807021 0 1.2539622898511431E-8 -7.786279440277925E-9 -2.761581910003324E-5
0.15384433041034717 0.09209874155024383 0.0533301823681776 0 4.510022976073541E-9 -1.1634128160272214E-8 -2.7612231591360803E-5
-0.5199939829281822 -0.124648956040805 0.06768673130026932 0 -1.774637677686725E-8 3.893583814247221E-8 -2.762038251225739E-5
-0.5744027965338087 -0.14938461510286838 0.07144252826293566 0 -1.668679546899122E-8 4.1807987453149245E-8 -2.7633593586081863E-5
-0.6477191420222239 -0.14358128013705043 0.07642272847163621 0 -9.423039751120962E-9 4.871785704604147E-8 -2.7634370961109866E-5
-0.735100345459195 -0.11930462056175606 0.08291132970822637 0 -3.483106019845155E-9 5.711769200174209E-8 -2.7616882110961066E-5
-0.8023821229894582 -0.12465004703532732 0.08885408731398864 0 -1.2279059025780289E-8 6.196168286629227E-8 -2.760708721572475E-5
-0.8531067718150073 -0.15803750226362165 0.09415708085227005 0 -1.9336778713084687E-8 6.204871179976879E-8 -2.761402861627371E-5
-0.9051158299750595 -0.19076243784282 0.09999999999999995 0 -2.162184414759284E-8 6.452753393138028E-8 -2.7622037356091433E-5
-0.8393412000271001 -0.10211595922316327 0.09200820531311653 0 -1.4087115969269138E-8 6.572346048343302E-8 -2.761404613663505E-5
-0.5124187514513647 -0.05184789683178334 0.06651654728017117 0 -9.23176803300649E-9 4.2374373390211485E-8 -2.762968250660569E-5
-0.4662367643365183 -0.05429215722432917 0.06397307879016166 0 -4.894419152220174E-9 3.9967870012801284E-8 -2.762612694490885E-5
0.07846305682895906 -0.1359020009449211 0.0529048760801971 0 -1.0495527209444568E-8 -5.15379376259032E-9 -2.7622419516633754E-5
0.1581850159804538 4.03666044625459E-17 0.05292729798071231 0 -5.050886949767496E-10 -1.1310970117770501E-8 -2.7622965089482116E-5
0.1339429855522494 -0.042721659792281826 0.052630185389843626 0 -6.146764530228933E-9 -7.006587092744781E-9 -2.7621625909038505E-5
0.12170874450296679 -0.07937873255132208 0.05270638285367756 0 -1.0222560840984421E-8 -6.725528974597755E-9 -2.7618959267384217E-5
0.0926329081859553 -0.0934021566431387 0.052491087538806276 0 -1.0398329943161465E-8 -4.907322404599235E-9 -2.7623578593850646E-5
-0.07925046645516257 -0.1372658344238745 0.05293295280422828 0 -1.0414847546126002E-8 6.455942080926323E-9 -2.7623166643860366E-5
0.12737884186502532 0.04457914646124025 0.052542398875778 0 -4.9217901431330153E-11 -1.1429629980524095E-8 -2.762329275483667E-5
0.025874926118163208 -0.13266950985365822 0.05254567933671947 0 -9.541305209954778E-9 2.4080774137678028E-9 -2.7622284207818125E-5
-0.025243839799718233 -0.13300675455069116 0.052548920040911946 0 -1.0772377952514374E-8 6.2627021558981425E-9 -2.7622562623063018E-5
-0.18973296493485722 -0.18461798069110355 0.055474546986767154 0 -1.6670632641164087E-8 8.642077652995542E-9 -2.763282678477291E-5
-0.2483235922732361 -0.1816505696604007 0.05686432272721824 0 -1.6292959467824015E-8 1.6230134698544783E-8 -2.7637762887911416E-5
-0.30831506111577245 -0.17770170158565643 0.058672582596364375 0 -1.3452971497814637E-8 2.3449792599720428E-8 -2.763914694987122E-5
-0.13643849435757827 -0.142707733989249 0.05371629461338724 0 -1.0151586772843496E-8 5.722192190346135E-9 -2.7620344298886073E-5
-0.184039983968445 -0.12735803584373426 0.05434432437859786 0 -1.3305025170640575E-8 8.675700111395849E-9 -2.761605259061799E-5
-0.10393602836491156 -0.0928684349452979 0.05261104654913399 0 -3.563392524765817E-9 9.309771258929798E-9 -2.7622653147203823E-5
-0.33491839009005275 -0.13913239257244242 0.05894927757126896 0 -9.31445396647218E-9 2.5495135426491023E-8 -2.7638703411014835E-5
-0.379850741799242 -0.12110542276221135 0.060500587943527986 0 -4.617666867675577E-9 2.9499857190122504E-8 -2.7632102169214382E-5
-0.40842759083875496 -0.05875232359605658 0.061140527783328784 0 -1.3081085737545655E-9 3.388981387877668E-8 -2.7632510912899673E-5
0.36282250283673584 0.2686598783514224 0.06303900336729046 0 2.078359731550279E-8 -3.0431679044671106E-8 -2.7625833115701352E-5
0.4058790843317993 0.3317218591300756 0.06705525860874961 0 3.190224137152883E-8 -2.9198845561173587E-8 -2.762334187120496E-5
0.4678168231247622 0.39722837411780604 0.07282402579327739 0 3.239870736180924E-8 -3.289296979790207E-8 -2.7636507635213048E-5
0.43228391685071293 0.3802988180284773 0.07026687195777441 0 3.394463935121047E-8 -2.860656359788965E-8 -2.763160741728895E-5
0.5096255127299391 0.5106912413470729 0.08097857821614195 0 3.648519538307124E-8 -4.167945640677859E-8 -2.7625642312932955E-5
0.49005227512439575 0.44470401859070535 0.07629562530822705 0 3.2911643235913935E-8 -3.675227585520899E-8 -2.7635313468584744E-5
0.5354804188313992 0.5793968081607486 0.0867593250488703 0 4.4827210042134584E-8 -4.2594353611233984E-8 -2.7610418069783204E-5
0.6847900044003186 0.621834941224156 0.09999999999999994 0 5.213775984344279E-8 -4.669226769090125E-8 -2.7627362814511333E-5
0.5876935447112426 0.6161088910778022 0.09257893706827944 0 5.215793242888735E-8 -4.116435138507052E-8 -2.7615205197088937E-5
0.2968769596322443 0.26583446546620604 0.06049214663587174 0 1.6604527431541367E-8 -2.49972391255525E-8 -2.763236209631998E-5
0.22703812963746217 0.26409762190385 0.058370438456053005 0 1.7732190347160845E-8 -1.639949902701606E-8 -2.7641730788983044E-5
0.18890830540911197 0.18932922319802872 0.05555650018582656 0 1.6113757094607386E-8 -7.829175907887778E-9 -2.7634912418430994E-5
0.10177697427875262 0.08834048795367637 0.05253956863179544 0 2.699898402190443E-9 -8.575031949744032E-9 -2.7623848709276983E-5
0.13647605991683223 0.1435082568468913 0.053729825805134857 0 9.666766730398715E-9 -4.937960692971464E-9 -2.7621468189856755E-5
0.14969050843762163 0.2592715660247786 0.05657975437506356 0 2.0495143942563545E-8 -7.847922695122103E-9 -2.7643786615009257E-5
-0.5844196053235717 -0.07491703801282973 0.07115392026499065 0 -1.0281478178023323E-8 4.547758513147117E-8 -2.7637387839666317E-5
-0.7351410524947968 -0.060926854977285956 0.08231802271497875 0 -1.2846001534383068E-9 5.860493176149658E-8 -2.7624599889854038E-5
-0.6752473549062168 -0.060997662019661704 0.07752927755735102 0 -2.1388178819149483E-9 5.2569745976992274E-8 -2.763496498534397E-5
-0.7962287177911108 -0.06074957956360477 0.08762354715881242 0 -6.0603006888645865E-9 6.398290111725053E-8 -2.7618186941864263E-5
-0.8627884197170684 -0.055125093298773874 0.09385473111979895 0 -1.033294660139603E-8 6.711294379699358E-8 -2.7622107531179298E-5
-0.9192838471164881 -0.10263764414409532 0.09999999999999994 0 -1.5648219749718804E-8 7.085737484026342E-8 -2.7624116157494107E-5
-0.5447672634209793 2.858524015158418E-17 0.06830049229574699 0 -5.095650265185264E-9 4.097499971759597E-8 -2.7637533942236748E-5
-0.4638591691868275 2.797468827787367E-18 0.06368112390889594 0 -1.0630762927112723E-9 3.4881323185233275E-8 -2.7632542106504932E-5
0.04273067501608843 0.07401170016957923 0.051925849626185475 0 3.400259853739271E-9 -5.849861784338293E-9 -2.7633664083709394E-5
0.04273873390329096 -0.07402565857166639 0.05192600533605054 0 -7.571679704350765E-9 3.6845540157825375E-10 -2.7632405587726452E-5
0.08580268905133058 2.7616060966210454E-17 0.05192915349305607 0 -3.9285380698789045E-9 -5.923343542073322E-9 -2.763269554324954E-5
0.07416648351753428 -0.042820039223696336 0.051927573540639343 0 -6.830499617422543E-9 -3.103575033173087E-9 -2.7632253518571783E-5
-0.04299754043112494 -0.07447392462720538 0.05193102148339571 0 -4.004900083341698E-9 6.764396440746651E-9 -2.763275231059923E-5
0.07415950431437714 0.04281600977887487 0.051927495533993596 0 -5.325634231908042E-10 -7.003453062256801E-9 -2.7632948118345186E-5
1.3904975238826412E-17 -0.08573627431625096 0.051928505242836896 0 -6.6072972489286E-9 4.3589266565827076E-9 -2.7632268125731598E-5
-2.9796378738924766E-17 0.08577355466188762 0.05192886660175564 0 6.103567874380852E-9 -3.5060691724214892E-9 -2.7633691097958664E-5
-0.22815732549244747 -0.13366956667415786 0.05546555293618704 0 -1.6645240047630835E-8 1.3531395147595634E-8 -2.7628379114085245E-5
-0.27837086784154214 -0.12617379267311213 0.056793561369108604 0 -1.3497595014142366E-8 2.0160098770449457E-8 -2.7638089402491055E-5
-0.15093740406319933 -0.09389909648308081 0.05329903073383901 0 -4.980966389469973E-9 1.2029576869318005E-8 -2.761273796769117E-5
-0.19761019796705667 -0.10158906953187431 0.054303584925033135 0 -1.3798799428367268E-8 1.3864870085957532E-8 -2.761492828631764E-5
-0.12619399745448537 -0.06614911525416545 0.052660410611162535 0 -1.4706681781518769E-9 1.2238935919412998E-8 -2.7621063567140147E-5
-0.07423701450489274 -0.042860760308234 0.05192836227840669 0 -7.7054434578452E-11 7.861156561198154E-9 -2.7633040746378725E-5
-0.4277423899643161 0.06497482014443749 0.06209784320535729 0 7.801167800140874E-9 2.8174180027755542E-8 -2.762904470561597E-5
-0.33304413722574777 -0.06930677678439595 0.058055306373968225 0 -5.366986665782083E-9 2.630900176718049E-8 -2.7642111258195162E-5
-0.3847166606924661 9.345124501562139E-19 0.059881376808148805 0 1.8968192603594676E-9 2.8976496377017654E-8 -2.7640561147018957E-5
0.3329058545937796 0.33325924236807375 0.06406157186555389 0 2.2252778799618736E-8 -2.576645771961925E-8 -2.761098467092173E-5
0.49825230464030634 0.6040689738251999 0.08623250303750961 0 4.2125526716613E-8 -3.749218064010668E-8 -2.760805811483281E-5
0.3818998921620359 0.39282083230988174 0.06849211870683777 0 3.3970581752353724E-8 -2.1217282689558423E-8 -2.7624112642200534E-5
0.4314021965681312 0.42876752259718576 0.07244484890584979 0 3.443925658178938E-8 -2.877746740226979E-8 -2.7635116414053943E-5
0.4723939921181883 0.5653277489130144 0.08223903081434109 0 3.7396144620448423E-8 -3.885476784291358E-8 -2.7618852596940648E-5
0.44736034083495346 0.4974141441538552 0.07684191432450417 0 3.518867730037498E-8 -3.424276812467403E-8 -2.7633492161708253E-5
0.5230354883414245 0.6422697488364204 0.0903707538749386 0 4.898426206344017E-8 -3.362742618722846E-8 -2.7608066707383108E-5
0.6177594130735138 0.6884753307245898 0.09999999999999995 0 5.6982249278955164E-8 -4.056381837915775E-8 -2.7622175669904737E-5
0.5518007966248653 0.6760563257947593 0.09465507346897212 0 5.380183599191709E-8 -3.375810405598526E-8 -2.7615112574285745E-5
0.2625418688185837 0.33648330779519714 0.06181290503458571 0 1.9832905294315798E-8 -1.9904296007155452E-8 -2.763003733058853E-5
0.10763513709501461 0.3224957272318108 0.058047784011843594 0 2.4530647431938512E-8 -8.130808152426082E-9 -2.7643281688770718E-5
0.19231764390950024 0.3331039304431938 0.059877835485628014 0 2.32902866035284E-8 -1.562577608787044E-8 -2.7640541722521916E-5
0.11136664405289663 0.19289268576805546 0.0543171535525474 0 1.66308717633154E-8 -3.1405222547879358E-9 -2.763104385725627E-5
0.07844894660138711 0.13587756131386042 0.05290437550856248 0 9.654522611484406E-9 -5.658491132855993E-9 -2.762467893293853E-5
0.03519829734560284 0.13784946141786306 0.05265706254873472 0 1.0826642577741137E-8 -5.464024058671955E-9 -2.7623800131641105E-5
0.06630901180929025 0.2508565357105051 0.05531869953262273 0 2.227328354438818E-8 8.673506308026808E-10 -2.7634139713366036E-5
-0.017053837843317182 0.27836069099312905 0.05590951428308119 0 1.920449343438221E-8 7.92360077948833E-9 -2.7634937517829215E-5
0.011677278178983168 0.25977319628253465 0.05533524160416193 0 2.016730568919177E-8 7.102333531618856E-9 -2.7629240575412397E-5
-0.036475279191632355 0.1302798698937502 0.052547520741153056 0 8.955748833293942E-9 -2.1935690542758956E-10 -2.7625525814700012E-5
-0.004334214649360648 0.15163914092247652 0.05281372846092682 0 1.0722051052240942E-8 -3.5103210332266336E-9 -2.761994714087682E-5
-0.5548238392163805 0.07638757137486699 0.06925704553616709 0 -8.617878792308989E-10 3.9514229506904335E-8 -2.7634457565733458E-5
-0.6361392415232946 1.3179599374821288E-17 0.07441207081886599 0 -5.79963429473949E-10 4.774400912469262E-8 -2.7641185053197543E-5
-0.7353276040989696 1.376885046738379E-19 0.08212306732579755 0 2.3325018213896678E-9 5.515227475516549E-8 -2.762901631682456E-5
-0.8245744171037558 1.994957568951944E-17 0.09002147282184524 0 -3.477541057421951E-9 6.181123611335084E-8 -2.7623196085232845E-5
-0.9249999999999996 -3.487031299242896E-17 0.0999999999999999 0 -7.220276954968938E-9 6.940175218869606E-8 -2.7629983145027705E-5
-0.6215823870108426 0.05940809814964494 0.0735747228508592 0 2.778256618476578E-9 4.5430938009847385E-8 -2.7640637376338784E-5
-0.5039157942187592 0.07056797810116018 0.06615707446286308 0 -2.3170624756968565E-10 3.320530110311373E-8 -2.7625853217602633E-5
-0.4742240483662385 0.11256694280313873 0.06494853319711702 0 6.499288221694471E-9 3.3188863670171025E-8 -2.7613093635736834E-5
-0.4362515368769683 0.13236424219261794 0.06326633817399899 0 1.426413891507114E-8 3.35760007802866E-8 -2.7618298914125096E-5
-0.3689420167821231 0.1279817916152874 0.06013540062401418 0 1.3092850543812025E-8 2.744022521561331E-8 -2.7636160488245487E-5
-0.40020050920329836 0.18553375498639205 0.06251643484045978 0 1.6027661130931965E-8 3.204362982833686E-8 -2.763142929271765E-5
-0.11902524067374867 0.3280525016025783 0.058398241089487615 0 2.327683404712234E-8 7.959844168465142E-9 -2.764420660343452E-5
-0.278960464150049 0.23105339123962187 0.058930977919053947 0 1.8041921468682337E-8 1.996466152204095E-8 -2.7641321215444693E-5
5.529796886260846E-16 -9.523255661324038E-16 0.05151308386343702 0 -2.8636521665868645E-10 4.2901765129165153E-10 -2.7641554678213766E-5
-0.043042879691499385 0.0745524545297515 0.0519319033593881 0 7.058834397205877E-9 4.757287673979771E-10 -2.763395161166212E-5
-0.24680219676358373 -0.07209570484822997 0.055249906628573604 0 -1.242913706478254E-8 1.9525931466609695E-8 -2.7632042125163684E-5
-0.1740533791739203 -0.0457943921612332 0.05334383022045102 0 -5.162027980326007E-9 1.654112798571869E-8 -2.7619901859178613E-5
-0.12783259126111418 -0.033275347967647695 0.052499203818416273 0 1.3411055854893154E-10 1.1935799953753582E-8 -2.7625168758692835E-5
-0.08544796042127181 1.2633032021521531E-17 0.05192572029476935 0 3.32149672513201E-9 6.769565409590117E-9 -2.7633686063582428E-5
-0.33947513674739144 0.06240362523718613 0.058248486325065116 0 4.902912116158858E-9 2.4375571244268806E-8 -2.764308769964358E-5
-0.30816555573663146 0.12979030410922676 0.05783416263257108 0 8.238592160387767E-9 2.3528654458624458E-8 -2.764204643441896E-5
-0.22695325756190307 0.2565120405768185 0.05814491145404571 0 1.9905779216787302E-8 1.7640466479857165E-8 -2.7644247121772432E-5
-0.25569422992480956 0.1801064295667739 0.05704280655464759 0 1.0695189461537026E-8 2.1708600753379563E-8 -2.7641086297177285E-5
-0.07471068043782807 0.26158647648355277 0.05569656348774581 0 1.5563437053680732E-8 1.0631088298995574E-8 -2.7638283977822952E-5
-0.15073713287945018 0.26108437273446883 0.05665087411303693 0 1.7547745254888947E-8 1.4274641837521492E-8 -2.764549421414234E-5
-0.0793293077376864 0.13740239153093972 0.052935779499837216 0 9.981349132833845E-9 6.200078772238504E-9 -2.7625340149867434E-5
-0.299396714946573 6.0549876586637245E-18 0.05658028588283899 0 -3.4984255826201153E-9 2.26753957003097E-8 -2.7643830348740056E-5
-0.39181543828090004 0.55445735722153 0.07760084140770424 0 4.3791085147610806E-8 2.824969031771008E-8 -2.7638381967882595E-5
-0.42125713605646403 0.6077940464059373 0.08247265847688973 0 4.95186239366886E-8 3.0538328155174494E-8 -2.762810936188166E-5
-0.4499036574234317 0.6597655574984553 0.0876254316161508 0 5.169730663537281E-8 3.722606812196688E-8 -2.7622354941654248E-5
-0.4789401191209052 0.7197628636157833 0.09385470752197607 0 5.226384996982201E-8 4.269822572812563E-8 -2.762641208109851E-5
0.30693864167133966 0.4042133776050551 0.06608285286906407 0 2.8135101097803962E-8 -1.5740249231065692E-8 -2.7626076896539015E-5
0.45341996389119593 0.6343388790419371 0.0859386615701075 0 4.191835811369095E-8 -3.149047854716844E-8 -2.761653112109072E-5
0.36186279370904106 0.47199806236141656 0.0715259330567936 0 3.539244619524568E-8 -2.211980120420807E-8 -2.7637591182039655E-5
0.400949758946052 0.5652131577221655 0.07869394977656127 0 3.8038162045144406E-8 -3.0953411150218065E-8 -2.763246712674258E-5
0.4904238791693691 0.6985151762406319 0.09277567976728547 0 5.151401099147342E-8 -2.8811096553560003E-8 -2.76189710079758E-5
0.5485314952955888 0.74480230687788 0.1000000000000001 0 5.6910260135228415E-8 -3.234022457976339E-8 -2.7624444783571473E-5
-0.157502577302292 0.4062797025959702 0.06224976286168574 0 2.7680666045714783E-8 7.182272032265219E-9 -2.762963374726356E-5
-0.04439277195221168 0.328710102628296 0.0577329050528648 0 2.3619567316639534E-8 4.911848378380471E-9 -2.7642576011266212E-5
0.025557696189703685 0.3104658173674805 0.05699894508193312 0 2.347884785187051E-8 1.993836824836677E-9 -2.7640606318211085E-5
0.05891091878969271 0.3561813785904501 0.05888183035860122 0 2.5738632812134718E-8 -5.368479194055103E-9 -2.7640838789836064E-5
-0.07539656272461737 0.3826387268002811 0.060112744280339386 0 2.9502089644717907E-8 2.532869625364096E-9 -2.7637023389980907E-5
-0.19156331121345582 0.4731617410648756 0.06625147072173321 0 2.8170036961221543E-8 1.6924040447462935E-8 -2.7627751302956806E-5
-0.31860245148696237 0.5518356333914171 0.0744889558881298 0 4.053047467519861E-8 2.4403138030436433E-8 -2.7644062354301943E-5
0.23188989210585279 0.40164507488900236 0.06367695651733306 0 2.985762543612772E-8 -1.6059263146445458E-8 -2.763243810016761E-5
0.18545604713463834 0.43047399478074116 0.06393784680976809 0 3.604308483143867E-8 -1.520663534138397E-8 -2.7626898571127302E-5
0.15384627156060351 0.3839117365891883 0.06118533303935759 0 2.918089082893574E-8 -1.5517546121096057E-8 -2.7633370879907648E-5
0.08567704016096148 0.3934342712802923 0.06068036954612458 0 2.711301650312778E-8 -1.0428795534216539E-8 -2.7633077682083166E-5
-0.04746651353754765 0.1829715324610284 0.053532622158623755 0 9.160353476463336E-9 4.5755250891036705E-9 -2.7620679538765295E-5
0.01717373484524668 0.1662656573333219 0.053092157016808576 0 1.3795745887280778E-8 -3.7151691880278658E-9 -2.761718724036224E-5
7.833096257776418E-4 0.19069362679459012 0.05356840441819727 0 1.3960645067471279E-8 2.918399832589069E-10 -2.7612538032042265E-5
-0.014253461472862217 0.23459230484404994 0.05463523466770248 0 1.494579614985077E-8 8.523984663850921E-9 -2.7621020285266924E-5
0.04520143550094837 0.1841851235528076 0.053545944108146816 0 1.766151775156546E-8 -2.3277234192528717E-9 -2.7619629691163755E-5
0.017981432514459814 0.22651294475696923 0.05443142027174295 0 1.9460059549542035E-8 5.213990827145101E-9 -2.761864877243839E-5
-0.4509389353459413 0.18062953941108667 0.06485872161226297 0 1.3440875124102173E-8 3.955987769476225E-8 -2.7623941163402058E-5
-0.43855507291261625 0.22078311851591842 0.06514753629020965 0 1.4646590835227626E-8 3.672285438035587E-8 -2.7632091215552885E-5
-0.5430568755805911 0.1088667628343709 0.0688662273363696 0 1.3917835359512608E-10 3.9742064384050105E-8 -2.762953141389935E-5
-0.5075730010734566 0.12513873893141766 0.06697106660603608 0 1.6169437972787625E-9 3.843802163961585E-8 -2.7618629847786806E-5
-0.4876818695036711 0.16005919777938846 0.06641416297022892 0 7.2109249233307384E-9 4.2321085611048896E-8 -2.7619036234458035E-5
-0.5817364775186938 0.11498204866540508 0.07140762999266016 0 3.1630695134214726E-9 4.3294274059899184E-8 -2.7636566639602235E-5
-0.6893460495224288 0.06354738512595376 0.07863780818203957 0 7.714881647696427E-9 4.9502083170417846E-8 -2.7633587016546213E-5
-0.7599167871431189 0.060700756349994105 0.08441733903220823 0 6.3537185572764545E-9 5.3009654852474577E-8 -2.7621803335893733E-5
-0.8184909839211809 0.07533925376340878 0.08977629762126756 0 1.5508732684617329E-9 5.730662061458353E-8 -2.7616988911094243E-5
-0.8641324069088798 0.06217499425579329 0.09403348687291993 0 -1.911319796413533E-9 6.214243708743169E-8 -2.76223640131756E-5
-0.919284810212244 0.10262901652303173 0.09999999999999994 0 -3.506110277998078E-10 6.70778500360974E-8 -2.7625545276381706E-5
-0.7200856347104291 0.1275637570102766 0.08178787314202204 0 1.5189386116270563E-8 5.2952731047581124E-8 -2.7622210944780318E-5
-0.6366216770914513 0.14805650423757327 0.07568897320024312 0 1.1397907275234157E-8 4.793804746926797E-8 -2.763749074650114E-5
-0.5083123257938114 0.6756675576578803 0.09200745306162258 0 4.9007433193847393E-8 4.509581049940982E-8 -2.761852418299315E-5
-0.5084523869045262 0.6310249340793687 0.08870435188239581 0 4.678487051796365E-8 4.114990894233564E-8 -2.7611505518906704E-5
-0.5485031394581954 0.7448231888659755 0.09999999999999998 0 5.274142847259681E-8 4.8996225760883496E-8 -2.7628971784715097E-5
-0.47303326379715877 0.5791284533565413 0.08316905076856485 0 4.7107431004672E-8 3.18812753977089E-8 -2.762017885314968E-5
-0.45509595152323223 0.4866404390645807 0.07663670286639768 0 3.655672500502817E-8 3.277599699929106E-8 -2.763803241925624E-5
-0.4180330375357138 0.4186106610386911 0.07131407766744807 0 2.6661078560576964E-8 3.5555871363079845E-8 -2.7637092138002218E-5
-0.35805699391726126 0.4725541821277961 0.0714004969823895 0 3.40210931161611E-8 3.137293504355758E-8 -2.7640956016921375E-5
-0.3304177610769968 0.2075632873895256 0.060121873146272396 0 1.648344087738277E-8 2.3655734908377096E-8 -2.763902481236514E-5
-0.3986677525588505 0.2551376793832065 0.06418286265211677 0 1.62222418525092E-8 2.9276810147073653E-8 -2.763224858702458E-5
-0.19326570388917413 0.3347460184966116 0.05996054906425581 0 2.5660227346693307E-8 1.2941050303527395E-8 -2.7642313041419803E-5
-0.2326279902659774 0.402923498403311 0.06375456788963607 0 2.9232965866345424E-8 1.848631034652765E-8 -2.7634856293231156E-5
-0.2730034360466582 0.4728558218736924 0.06837705113188595 0 3.236496790685314E-8 2.501441543553282E-8 -2.764022397704566E-5
-0.30165136280488025 0.41841452971898935 0.0665620091821718 0 3.147415894319345E-8 2.9155376770532114E-8 -2.763232237348468E-5
-0.2982294435153453 0.2720284218761083 0.06072614652584282 0 2.3103068867878005E-8 1.8737972641468582E-8 -2.763359270458422E-5
-0.28071917465641966 0.3771430143239578 0.06401358518053687 0 3.1520263805466666E-8 2.4333030274119886E-8 -2.7628568256874136E-5
-0.25621859628623345 0.3266156402995803 0.061257118437086824 0 2.8551078425657932E-8 1.7992583649898894E-8 -2.763452926334601E-5
-0.07427627943517316 0.042883429926301085 0.05192880169730083 0 6.267610400084457E-9 4.020354514706992E-9 -2.763380902016619E-5
-0.10192189467460559 0.10267269443312377 0.05269596908601702 0 1.050940774677758E-8 7.30054333389809E-9 -2.762398524063718E-5
-0.22270343343645202 -2.7398019802337882E-17 0.054316401779706945 0 -5.627756555811616E-9 1.7021467010648323E-8 -2.7631118867059916E-5
-0.1568744501142894 1.9427769320198104E-18 0.05290395974586273 0 -2.4387655311496356E-11 1.2108357591863597E-8 -2.7624760645382298E-5
-0.1333037269353432 0.03517105967265549 0.05258728793055297 0 4.8910443106549695E-9 8.152020343208908E-9 -2.7624699037306164E-5
-0.2668792736165403 0.06671487334767572 0.055790773586017584 0 -8.519369285273699E-10 1.956393650602341E-8 -2.763796044049441E-5
-0.25161809751440434 0.1255049475699697 0.05598231997151887 0 3.171559099022967E-9 2.1170204297599344E-8 -2.7635309472049582E-5
-0.2204702956430696 0.1429341155499399 0.055415459742855375 0 4.6216887133860645E-9 2.165847801804764E-8 -2.7630171161851593E-5
-0.18350196867475072 0.18844743574056294 0.05542383280391714 0 1.1367735839513806E-8 2.0026118979752424E-8 -2.763620648187276E-5
-0.1122914677939212 0.19449452747555573 0.054363926326504504 0 1.145956040399426E-8 1.340938744889504E-8 -2.763237480851822E-5
-0.13865734030206042 0.13413724110678021 0.05361667711440056 0 1.104283838454088E-8 1.5087004745503342E-8 -2.7620608785746627E-5
-0.3679940573528883 0.637384404218618 0.08217817873449762 0 4.8274208490313174E-8 2.563534923730316E-8 -2.7632362145560802E-5
-0.4124740638930545 0.7144260354671818 0.09005646238462257 0 5.103152722771986E-8 3.4026855274655046E-8 -2.7627088546574087E-5
-0.4625000000000002 0.8010734985006057 0.09999999999999998 0 5.564378817307176E-8 4.1023959889440036E-8 -2.7634372354785707E-5
0.41227210451772545 0.7140762315680472 0.09001864521731297 0 5.399957606875481E-8 -2.7109319529329137E-8 -2.762361888089276E-5
0.27234892372669683 0.47172217328134014 0.06829621029644013 0 3.699727335353225E-8 -1.5527288624371368E-8 -2.7637401155494128E-5
0.36764043700660404 0.6367719158122639 0.08211917016769554 0 4.551677248614612E-8 -2.8832711245845074E-8 -2.7629209867100077E-5
0.31803615984503875 0.5508547874957042 0.07440724687637126 0 4.0595858515377034E-8 -2.275220167395009E-8 -2.7641089520648244E-5
0.46250000000000013 0.8010734985006064 0.09999999999999999 0 6.230231733465952E-8 -2.7571210819938034E-8 -2.763039469125845E-5
0.3836506929290541 0.7746515411716932 0.09384509082801112 0 6.214588849503812E-8 -2.3789024186421635E-8 -2.7623345936978363E-5
-0.14030890931253803 0.4679836164169959 0.06501280116403946 0 3.1403203958956005E-8 1.1373614054603163E-8 -2.7614545411864578E-5
-0.10294114607188212 0.4464085827438704 0.06338188130081227 0 3.6013530990981634E-8 4.6923115890780875E-9 -2.7618735797145308E-5
0.013052198219917906 0.38970549808144683 0.06010955939350729 0 2.817888757333474E-8 -2.2228013015989375E-9 -2.7639173818162904E-5
-0.04037960269203984 0.44085703180834646 0.06259577733066987 0 3.5613445865374263E-8 2.225016645942628E-9 -2.7631647940005564E-5
0.06533055038853267 0.4354649165439312 0.06247764990259344 0 2.7904139223588906E-8 -6.975963570060143E-9 -2.7627622641764683E-5
0.21079455863719812 0.4693257584201238 0.0664848367230654 0 4.023708816966739E-8 -1.2685252581118266E-8 -2.763043558542701E-5
-0.2117215867706234 0.5198781223671348 0.06933829044213057 0 3.317493478311489E-8 2.064087334866367E-8 -2.7636640522924625E-5
-0.1460434120132441 0.503264073058023 0.06704541835555092 0 3.354293681978187E-8 1.7966373183869852E-8 -2.762045974646485E-5
-0.17773060720916653 0.5259463281585314 0.0689480477972893 0 3.39510896731734E-8 1.9771408773374522E-8 -2.7631463766037204E-5
-0.2900329026458535 0.6297052539110424 0.07871782471366953 0 4.613829888944077E-8 1.8121982136319983E-8 -2.7636201074695842E-5
-0.2598642375444073 0.5690891545970852 0.07365958600480058 0 4.019741512564646E-8 2.0280356991387854E-8 -2.764312178226517E-5
0.1498593825176401 0.45279307874260616 0.06437801254812758 0 3.731313357285119E-8 -1.2793703765564731E-8 -2.7616232273725523E-5
0.11053788187593885 0.4306223745782792 0.0626902062642271 0 2.988304971707963E-8 -1.2859758764553408E-8 -2.7620751720700274E-5
-0.4490633670822637 0.26293361409508886 0.06682964731028329 0 1.509002246683538E-8 3.5881680768055755E-8 -2.7636126764708205E-5
-0.4300985673768074 0.3012630280350379 0.0671100012724704 0 1.5983752082077777E-8 3.2733220236907965E-8 -2.763378023309307E-5
-0.49761740681994665 0.2259943198914076 0.06840949555720777 0 1.2602716132467675E-8 4.233190600225105E-8 -2.7635903891195984E-5
-0.5518948161465873 0.17422255470543743 0.07046196471921622 0 6.732906871656581E-9 4.478306927751232E-8 -2.7634465913500668E-5
-0.4324706598932548 0.35955969358955997 0.06940707877592157 0 1.940886647466853E-8 3.477742625895176E-8 -2.7634454967899794E-5
-0.7940808377677345 0.13178185399490336 0.08820577601429047 0 8.112048676669688E-9 5.871048699613541E-8 -2.7607782753559288E-5
-0.8565041007211139 0.12935729823844902 0.09401883827528355 0 1.726414939240393E-9 6.372091946635431E-8 -2.7616292325951783E-5
-0.9051192255768065 0.19074632675980735 0.09999999999999998 0 6.735099965085151E-9 7.131477386575616E-8 -2.7624698682644606E-5
-0.7583678808155521 0.178257805309045 0.085877514601274 0 1.578323716744201E-8 6.052935965136122E-8 -2.76151240710111E-5
-0.6170663609123308 0.222189336538271 0.07585507468331582 0 1.6499238149052054E-8 4.7008895758375726E-8 -2.763959287898563E-5
-0.6972424057138269 0.20430689657176623 0.08139617396721441 0 1.8688242064250985E-8 5.376282044871564E-8 -2.7629095463717276E-5
-0.5596851197575441 0.6634042603718276 0.09419033697962355 0 4.3949128312903586E-8 4.786423271254033E-8 -2.7618855987806507E-5
-0.5445828559277583 0.5931276201062036 0.08823074690283748 0 3.9821260716686574E-8 3.938207954230032E-8 -2.7613954697577793E-5
-0.6177328508859395 0.6884991641819085 0.09999999999999992 0 4.422662026779898E-8 5.097802982105158E-8 -2.762741333553929E-5
-0.5240933648557363 0.5322322969179639 0.08310069903157469 0 3.9308868950738323E-8 3.453686136354336E-8 -2.7625109616185006E-5
-0.482008368592271 0.40269833860051546 0.07383556549613608 0 2.7350633823670703E-8 3.690625160903577E-8 -2.764133017575926E-5
-0.5228737105474611 0.469403410425903 0.07945982017150148 0 3.556336372599216E-8 3.684583511540482E-8 -2.763533593119721E-5
-0.3178442209190435 0.3574692689417035 0.06445327462614317 0 3.0046214856355066E-8 2.69343149904656E-8 -2.761749629321217E-5
-0.3668515165065182 0.391453181331997 0.06779342734587494 0 2.4704368173538293E-8 3.497891173464874E-8 -2.762451495110539E-5
-0.37474174799433474 0.32521524057353407 0.06543736846884436 0 1.8044753205316645E-8 2.6462629100457923E-8 -2.761874945679944E-5
-0.3445240713159381 0.2767146512083848 0.0625551726814487 0 2.038618157693635E-8 2.1099491781928943E-8 -2.7627482305375862E-5
-0.31825267387856393 0.31228528282505885 0.06275542647814246 0 2.6509627618660163E-8 2.004122420260436E-8 -2.76212283741321E-5
-0.13208776332768443 0.07040426877471616 0.05277929135503948 0 8.566126719887281E-9 7.828152532302312E-9 -2.7620340132467923E-5
-0.13558426904309848 0.09984465055515283 0.05311549222562181 0 1.0505785342366018E-8 1.0805163722481057E-8 -2.761735590450871E-5
-0.18433654548332082 0.04822270923057056 0.05356505347436668 0 3.284816440163787E-10 1.0753613259913139E-8 -2.7620859004225556E-5
-0.2141365218541703 0.10501643106435352 0.054728299370409676 0 1.0188270178128829E-10 1.795835856229565E-8 -2.762221382489889E-5
-0.18680865935078547 0.12991541986645883 0.054439563423197654 0 5.5032822093603935E-9 1.999621511495089E-8 -2.76192056083695E-5
-0.1657690318723488 0.09663028560186346 0.05359396061230915 0 6.929094360127306E-9 1.290263395386775E-8 -2.7612250403459567E-5
-0.3275435087421515 0.689022237889938 0.08446715933764735 0 4.8319163264734576E-8 2.108662974703595E-8 -2.762487913525727E-5
-0.3440235561346144 0.746753392646391 0.089798396197132 0 4.9574468875919585E-8 2.7301158791959032E-8 -2.7620376008193548E-5
-0.3781299746230488 0.7796968295885027 0.09405159466762453 0 5.206836045321383E-8 3.2781643333906764E-8 -2.762607435795286E-5
-0.37078556224583165 0.8474286657041803 0.09999999999999998 0 5.7059424260689396E-8 3.392935599846449E-8 -2.762931261071422E-5
0.33139114289377414 0.7785556133621918 0.09206768166444738 0 6.271372251772483E-8 -1.9773371176462113E-8 -2.761596323416891E-5
0.3464548928541494 0.7191482470167311 0.08759713317592265 0 5.718614411879417E-8 -2.6101607643978022E-8 -2.76195244988812E-5
0.31546555307223767 0.6681703741372863 0.08242156072081934 0 5.029767402488302E-8 -2.7422215739079162E-8 -2.7625713576420176E-5
0.22784343961994072 0.5451094489255655 0.0712614275403811 0 4.3482517630564983E-8 -1.3369373568611697E-8 -2.7638640443633157E-5
0.28413345033548576 0.6165726819630529 0.0775980862421621 0 4.557706484585873E-8 -2.359869214433835E-8 -2.7635909998139866E-5
0.290977677915208 0.7546407636986492 0.08855875058870188 0 5.8032474727076736E-8 -1.9933771412221198E-8 -2.7609245247314142E-5
0.37075219693550476 0.8474432642497914 0.09999999999999995 0 6.776278773037795E-8 -2.099434299770762E-8 -2.76261945894913E-5
-0.10596501162257625 0.5041773372256164 0.06652572871029448 0 3.952400098836353E-8 1.5136563802022773E-8 -2.7620390244113564E-5
-0.07102778036707863 0.4813038479979327 0.06489977746314218 0 4.061079054502857E-8 8.468525337522976E-9 -2.7624275924682322E-5
0.019795838688718658 0.4703114259817324 0.06404440608297313 0 3.271428734688162E-8 5.387257371685621E-10 -2.7632361065978334E-5
-0.028427878816465992 0.4894039605592073 0.06510500934199118 0 3.8448669734827935E-8 5.602432492365559E-9 -2.7632387064674182E-5
0.09307018049889713 0.4870154223859189 0.06541754354915294 0 3.1068062321443985E-8 -2.4219623689987717E-9 -2.7618352701673493E-5
0.15223360853370174 0.5114589799667827 0.06762073099832455 0 4.155525521833908E-8 -3.645983003907144E-9 -2.76220208104601E-5
-0.19168892528151515 0.5624523066487594 0.07149027116733256 0 3.8571944815949344E-8 1.8883873004841136E-8 -2.763859919857193E-5
-0.12546868182070262 0.5661421054611622 0.07053660282173835 0 4.156795259944958E-8 1.6558230523905706E-8 -2.7635917159571813E-5
-0.25001651455608004 0.6877574831582879 0.0818288600417976 0 5.273604582501463E-8 1.3384945508906187E-8 -2.7624597960776463E-5
-0.19051431605916905 0.626194724144322 0.07575740850014469 0 4.665548624188539E-8 1.4112271936810141E-8 -2.7639407279573176E-5
-0.496968869184538 0.31115828345845903 0.07096354188096898 0 1.9334896352686345E-8 3.872836607824564E-8 -2.7642439592133498E-5
-0.5531916805568735 0.25483900449276115 0.07250231820116239 0 1.6616038787980183E-8 4.362378111956329E-8 -2.7642060656820706E-5
-0.8285501209973593 0.21135039229984 0.09293041569195869 0 1.041459918583053E-8 6.743335537593071E-8 -2.761992909103016E-5
-0.8809225682293763 0.28211960771987943 0.09999999999999996 0 1.4391322927153798E-8 7.01491603664273E-8 -2.7631450493164274E-5
-0.7578216461505274 0.23114048963723496 0.08705889216020636 0 1.712680081036556E-8 6.043385405854023E-8 -2.762269681995636E-5
-0.5442886348821633 0.36830034160648034 0.07595460109733419 0 2.8223826629687052E-8 4.0280487706094295E-8 -2.764070508039508E-5
-0.6102329054490169 0.29533181001281994 0.07752504764743703 0 2.3954226279035787E-8 4.3993830333244E-8 -2.7637568204276253E-5
-0.6672358697757713 0.2726523999513782 0.08092297245691278 0 2.217614783512064E-8 4.8105127127645315E-8 -2.7632152627635264E-5
-0.7250638207162802 0.2644091498704253 0.08523826785223539 0 1.9821753142192395E-8 5.4449252456274475E-8 -2.762668978602686E-5
-0.6071515389330133 0.6092519905512257 0.0934219469334025 0 3.791774153906347E-8 4.748043455398174E-8 -2.762358456239108E-5
-0.5735399527378838 0.553508622043815 0.08749015204644302 0 3.710757109158178E-8 4.0902363544549135E-8 -2.7622478982111655E-5
-0.6847646792234087 0.6218628292777222 0.09999999999999995 0 3.918434268455822E-8 5.490448993452326E-8 -2.763330822924343E-5
-0.5770660846669927 0.4836246905463882 0.08360849061752018 0 3.6587459557214833E-8 4.223340993424101E-8 -2.7629664585773155E-5
-0.5580584193120216 0.42548332869284067 0.07938775238593494 0 3.387644345342819E-8 4.0883912861742544E-8 -2.7635643453109465E-5
-0.28374056147924315 0.7514739211838952 0.0880520415280374 0 5.384229881638644E-8 2.2105607223206685E-8 -2.7610819636739232E-5
-0.3165497745723784 0.8071051679018629 0.09409208829712741 0 5.5383781420570593E-8 3.054624877879105E-8 -2.7619746853180795E-5
-0.28739394850298333 0.8792210714939998 0.09999999999999995 0 6.427072071084153E-8 2.992910695858947E-8 -2.762791173628609E-5
0.29491717071644896 0.8166669280321706 0.09422261270086467 0 6.243575009199589E-8 -1.3922698050216199E-8 -2.761688493797267E-5
0.15199695343335898 0.5713443637747507 0.07128864354870555 0 4.3228887154221965E-8 -5.158585456789145E-9 -2.7635775567813644E-5
0.2647361318881631 0.6988930987695543 0.08313425830297129 0 5.024735254648567E-8 -2.4936563286383735E-8 -2.761833987839199E-5
0.19363779692619498 0.6392946953673742 0.07676490405819379 0 4.601272932382225E-8 -1.5293219085840715E-8 -2.7636320749930482E-5
0.23873623781901862 0.7680602578468166 0.08814793343306232 0 5.2952370518424387E-8 -1.4514639022205498E-8 -2.761265893698297E-5
0.28735785633849587 0.8792328678266585 0.09999999999999996 0 6.533249773639061E-8 -1.2771356093618184E-8 -2.7625473450672985E-5
0.045020558010702406 0.5239593119206281 0.06715619876796416 0 3.5742661492306705E-8 2.628453279602007E-9 -2.7633879677286348E-5
-0.05203180167969757 0.5443357511275837 0.06842717285738563 0 4.235716616791597E-8 1.0167026729107905E-8 -2.7636732296637626E-5
0.00125333399408392 0.5186888782774369 0.06673044987207258 0 3.805365541876147E-8 4.982098922291304E-9 -2.763616825879227E-5
0.09263905094403112 0.5551170207203664 0.06943102413110942 0 3.9161345735350055E-8 6.186188132732611E-10 -2.7634301338829845E-5
-0.22520922840433807 0.7458968973346561 0.08588793599516027 0 5.964227791689007E-8 1.6706592550348164E-8 -2.7617662252894593E-5
-0.056365569894855645 0.6123374883168232 0.07290850863136553 0 4.581210699994338E-8 7.047713061914134E-9 -2.7643007072730388E-5
-0.11459365381122652 0.6489796043007032 0.07609123122821615 0 4.844994011990623E-8 8.994014918996483E-9 -2.7640825192327186E-5
-0.17201424223952635 0.7059350940103869 0.08139872432652714 0 5.515358579423981E-8 1.0869966766388556E-8 -2.7631151878471974E-5
-0.5619648707592039 0.31624700130713346 0.07504348009682706 0 2.3988477511801576E-8 4.179461624483226E-8 -2.7641711959557022E-5
-0.7888004165309431 0.29037609645717466 0.09153149855841576 0 1.7044988361994255E-8 6.071478715127092E-8 -2.762607618611116E-5
-0.8437609348289447 0.37906778281416026 0.09999999999999995 0 2.0029011515121456E-8 6.391330567416357E-8 -2.763061986783493E-5
-0.6064827120561797 0.3683452405387546 0.08001332460787643 0 3.218060025370889E-8 4.3300678120100016E-8 -2.763064600484513E-5
-0.6554904399290363 0.3258387756938692 0.08184700708932659 0 2.718908677327529E-8 4.485000037221791E-8 -2.7626699264814597E-5
-0.7173789460644423 0.321865662586802 0.08652046298759287 0 2.2033110725540512E-8 5.0357579346170634E-8 -2.7622085742336253E-5
-0.6465139113454262 0.538316822314734 0.09160194260007758 0 3.6227987328195056E-8 5.1529146528248846E-8 -2.7627486773454618E-5
-0.7501326501074496 0.5412263004122692 0.09999999999999996 0 3.5434813501077285E-8 6.284014866164279E-8 -2.7631538475690717E-5
-0.8010558185062641 0.4625204886241073 0.09999999999999998 0 2.7172779684122234E-8 6.406314222463987E-8 -2.762648289593283E-5
-0.6328963674406779 0.44705014677999644 0.08550954643040555 0 3.6351403723580163E-8 5.005044477438007E-8 -2.762253142274629E-5
-0.2313025414788286 0.8233581280344338 0.09294490463014164 0 6.278531310178295E-8 2.4796996353616058E-8 -2.7622604774744187E-5
-0.19616860770583666 0.9039546015730862 0.09999999999999994 0 6.707282498847738E-8 2.27359801194432E-8 -2.763404511931386E-5
0.2216527773738334 0.8287572231622684 0.0932031971273528 0 5.901192796096761E-8 -8.928591066352321E-9 -2.762215446017348E-5
0.10414931811684251 0.6209165315731189 0.07394244219969823 0 4.500124792149341E-8 -5.07229369775677E-9 -2.7640883994248644E-5
0.1942511971230704 0.716812779625243 0.08273823779707914 0 4.8722827329378794E-8 -1.6339792455130624E-8 -2.7624976643569787E-5
0.14442364609626682 0.6895139486023729 0.07960445430492032 0 4.9025009198132696E-8 -1.2351153496653679E-8 -2.7634363447731153E-5
0.1913914876174544 0.7797285375111098 0.08801717214843206 0 5.3763611014894746E-8 -1.1010114261618372E-8 -2.7621666574416776E-5
0.196130597538861 0.9039628493277602 0.09999999999999998 0 6.610163604983544E-8 -6.337994394667272E-9 -2.7632411696574143E-5
0.020086990102898373 0.582926818943489 0.07076019404513119 0 4.2290681931346056E-8 2.9825446279925973E-9 -2.7642435863964462E-5
-0.17894546311077822 0.7718277883825889 0.08706002927260566 0 6.002036817419721E-8 1.5467031687601513E-8 -2.7624866727335033E-5
0.04599891718688658 0.6542488180254783 0.07585611859697282 0 4.8182706873344975E-8 -4.201387264126315E-9 -2.764085999169571E-5
-0.007855133722757698 0.6491499078369714 0.07536310530979572 0 4.77956790189824E-8 -2.1263896097010992E-10 -2.764172646987667E-5
-0.13380906082414654 0.7600240739879767 0.08523325950883376 0 5.633864438698099E-8 1.0162515220532594E-8 -2.7628482102733803E-5
-0.04850890629174576 0.6781878024575423 0.07767733236817918 0 4.946497798266064E-8 1.094485022866089E-9 -2.7638174329717507E-5
-0.09794458893422112 0.7138796015511557 0.08090449857215169 0 5.1975621623011986E-8 4.958445297084693E-9 -2.7633642619628278E-5
-0.7603438011582597 0.3738096376808479 0.09217483686370775 0 2.057239890467861E-8 5.624601889494922E-8 -2.76196286295711E-5
-0.6767294999436547 0.3833870641168077 0.0857669286165472 0 3.0564650823206814E-8 4.85998209881302E-8 -2.761255512848682E-5
-0.7186415188607147 0.46354605628657686 0.09293928953994947 0 3.022403946639608E-8 6.021190901544034E-8 -2.76191138118051E-5
-0.14285595486183847 0.8282574032154251 0.09152546819348935 0 6.024132606293891E-8 1.5676186412894423E-8 -2.7628094310261007E-5
-0.09363126894349026 0.9202489260084377 0.09999999999999998 0 6.445403937718323E-8 1.4736244470598918E-8 -2.763244151529677E-5
0.09361324045256657 0.9202507597854978 0.09999999999999996 0 7.111897410724275E-8 8.569295992685578E-10 -2.763170485301404E-5
0.14341620299378274 0.8294494640794721 0.09164675622284839 0 6.184600190165011E-8 -5.525089638831911E-9 -2.762698196716076E-5
0.08739963386816947 0.6969472503405287 0.07943927986118828 0 5.176328435735399E-8 -8.864115743012185E-9 -2.7635216311654646E-5
0.1332242410665833 0.7460807458646898 0.0840331591986956 0 5.430482149371031E-8 -1.0421151141892823E-8 -2.7628537434131822E-5
0.011531729957052445 0.7092408490309093 0.07999382505294728 0 5.2679891807623734E-8 -5.87189178184011E-9 -2.7630981340507196E-5
-0.08028628936017151 0.7814679591465112 0.08645850584417021 0 5.378967183708852E-8 6.06985217869289E-9 -2.7623658274023872E-5
-0.04561230651596534 0.7294921334214546 0.08175631121749642 0 5.16546077548346E-8 -9.892181946333856E-10 -2.762792469224534E-5
-2.6622719632600497E-6 0.924994933365257 0.09999999999999994 0 6.814934559477219E-8 8.701054900517885E-9 -2.76276009621878E-5
-0.057540995049113024 0.8423979795604504 0.0918960227632853 0 5.780697323713238E-8 1.0333649855253358E-8 -2.7620802314989368E-5
0.04284010489062188 0.8515402282381707 0.09269147861274166 0 6.630632714519278E-8 3.7970542031707925E-9 -2.7619534304321962E-5
0.06678793864290467 0.7745216917616873 0.0857326633705871 0 6.109222495300822E-8 -5.953003401689599E-9 -2.7621696521831197E-5
-0.010066347156763605 0.7750831353836388 0.08553470969702802 0 5.5891770358604595E-8 -2.1433408931205246E-9 -2.7614056705996466E-5
