% Model:
% Version:
% Dimension:          3
% Nodes:              691
% Expressions:        4
% Description:        Surface
% X                       Y                        Z                        Color                    DeformX                  DeformY                  DeformZ
0.7501545366059812 -0.5411959634402135 0.09999999999999992 0 -3.731838067077804E-8 -6.34650201678223E-8 -2.761925761427106E-5
0.8010709981238165 -0.4624941975024229 0.09999999999999998 0 -2.8926590251408365E-8 -6.485068967599342E-8 -2.7614567920220597E-5
0.09365704332523052 -0.9202463037324213 0.1 0 -6.718009225737721E-8 -1.3879368426853368E-8 -2.761989761584001E-5
0.1962292603758942 -0.9039414372048337 0.09999999999999995 0 -6.970856375636924E-8 -2.2067199952737245E-8 -2.7621078716128215E-5
0.2874231814397345 -0.8792115158194402 0.09999999999999994 0 -6.676791646716672E-8 -2.948121498286467E-8 -2.761471933887139E-5
0.6177594039507672 -0.6884753389104772 0.09999999999999995 0 -4.64108119180424E-8 -5.132685693396536E-8 -2.761440897518364E-5
0.6847899965302143 -0.621834949891059 0.09999999999999994 0 -4.119885755492412E-8 -5.5331975915144743E-8 -2.7620670241289735E-5
0.6644823007055147 -0.538951594396605 0.09297818153954257 0 -3.789582934316767E-8 -5.442834608855254E-8 -2.7616432363277564E-5
2.0711142119768948E-5 -0.9249949331376585 0.09999999999999999 0 -7.085375185933706E-8 -7.506432256491392E-9 -2.7615271478774596E-5
0.04393583996701241 -0.8511210240129379 0.09265635168129693 0 -6.168999669799296E-8 -9.333553759091946E-9 -2.7608296598957184E-5
0.7176713367395712 -0.4652126067437795 0.09294805270739674 0 -3.213976603717292E-8 -6.07842556816894E-8 -2.7608167590182845E-5
0.8437752388147 -0.3790359438971111 0.09999999999999999 0 -2.154411347448061E-8 -6.47989232641346E-8 -2.761937253276474E-5
0.7635253857731481 -0.3782532475337201 0.0926398396720293 0 -2.213714559139255E-8 -5.762174096815933E-8 -2.7608945932207964E-5
0.5547456546446984 -0.6639301342123076 0.09391738389868395 0 -4.626052018913533E-8 -4.790946040663305E-8 -2.7606076273009874E-5
0.5485314847714319 -0.7448023146284535 0.09999999999999996 0 -5.491786668095361E-8 -4.920064747769519E-8 -2.761599530658112E-5
0.12762107521700677 -0.8265826692803626 0.09113421310198931 0 -6.156548586239035E-8 -1.3408900984919933E-8 -2.7615800484651494E-5
0.22639239794839497 -0.823169454837357 0.09279966487488275 0 -6.52544500255842E-8 -2.3773745704059073E-8 -2.761060075895196E-5
0.3707854054882235 -0.84742873429503 0.09999999999999998 0 -5.958969219963059E-8 -3.3733621936892493E-8 -2.7616005171822515E-5
0.297447604941039 -0.8106467532563327 0.09375141746476388 0 -5.9520768085016266E-8 -2.9318431897262398E-8 -2.7606034704165045E-5
0.6050561438570463 -0.6036830020468074 0.09289418017943475 0 -3.954280027368824E-8 -4.747291195098505E-8 -2.7611258150094238E-5
0.5365057739834548 -0.6074638984061794 0.08871198704411523 0 -4.328981977668173E-8 -4.061540523243172E-8 -2.7600229278014285E-5
0.640351776746304 -0.4627856253417016 0.08686037768572825 0 -3.767291863276044E-8 -5.2049593691561266E-8 -2.7611847453450327E-5
0.6027366073062329 -0.5213223560235656 0.08747588350371878 0 -3.830722871574753E-8 -4.578515385713682E-8 -2.7615376002841143E-5
0.11581756539084577 -0.7588114009433137 0.08487399945221091 0 -5.7148559147540374E-8 -7.617517680267042E-9 -2.7617529512721556E-5
-0.09361073890939044 -0.9202510142029422 0.09999999999999994 0 -7.384681550589295E-8 4.669585442592881E-10 -2.7620132302859128E-5
-0.19619007773418676 -0.9039499420937565 0.09999999999999996 0 -6.877001481682673E-8 7.9299552214526E-9 -2.7621676625009326E-5
-0.2873887771284415 -0.8792227618026944 0.09999999999999995 0 -6.78605763501148E-8 1.4466365182817405E-8 -2.7615651028558126E-5
0.06358506183867196 -0.7827017733005069 0.08643167294964106 0 -5.5665921072651526E-8 -3.517790048952271E-9 -2.760997023726706E-5
-0.04837786591123471 -0.8513117859798404 0.09269807273978152 0 -6.886864462804081E-8 -2.1090705234970933E-9 -2.7609021039874266E-5
-0.004822548609299431 -0.7855262944057821 0.08645491759740055 0 -6.080478714125769E-8 2.6566836239557696E-9 -2.7601607610026365E-5
0.8809325145611795 -0.2820885484172241 0.09999999999999999 0 -1.5734546035805806E-8 -7.11459559668647E-8 -2.7620769987497587E-5
0.677795607943666 -0.39290477214771735 0.0862680402418979 0 -3.250273396485643E-8 -5.048948557711324E-8 -2.7601134227659504E-5
0.6103906305879976 -0.40135765312469535 0.08172372928462611 0 -3.6486524017678803E-8 -4.5602172319610514E-8 -2.7617129118186232E-5
0.8014927716328404 -0.2914410587712435 0.09271262928645595 0 -1.789847873805347E-8 -6.297239683148032E-8 -2.7616545039121933E-5
0.7173493567573874 -0.31695962258024274 0.08634023460744475 0 -2.3263155928199884E-8 -5.1205426844195127E-8 -2.7612969437420404E-5
0.8230806401765318 -0.20733638606092913 0.09232209730203018 0 -1.1523583486798273E-8 -6.799020888082256E-8 -2.760906997588643E-5
0.5055257679581893 -0.637124600070996 0.08897493457515948 0 -4.950293339644389E-8 -4.2053431891038454E-8 -2.7600538627540525E-5
0.4897167015298755 -0.6990669986722716 0.09278011319940965 0 -5.345133635364071E-8 -4.3935866979238115E-8 -2.761097950471467E-5
0.46249999999999986 -0.8010734985006049 0.09999999999999984 0 -5.8069915057134185E-8 -4.094163021353394E-8 -2.7620967895434505E-5
0.18083964416846285 -0.7595104378227608 0.08602850609777069 0 -6.175047052403725E-8 -1.4105817324913021E-8 -2.7613676049986274E-5
0.2521627428797361 -0.7694593063835823 0.08864404636431371 0 -6.131660602104066E-8 -2.189497616142695E-8 -2.7601151911046543E-5
0.36329863298781023 -0.7692008953950572 0.09250410835033814 0 -5.337295231499879E-8 -3.0808869897756E-8 -2.7611281256481016E-5
0.29721686832567656 -0.7486484838731736 0.08825580478820183 0 -5.428605400892412E-8 -2.2634672987380548E-8 -2.7600624036475943E-5
0.566498136584519 -0.34007595181336675 0.07621962270586992 0 -2.8258188790746375E-8 -4.202142352578123E-8 -2.7630881040115336E-5
0.5490740032503059 -0.5442731464552364 0.08535659345024513 0 -3.994113156667299E-8 -3.761618723908559E-8 -2.7611536808239472E-5
0.4877536710430043 -0.5826751104622181 0.08420495651136725 0 -4.8153447840520794E-8 -3.311846331557884E-8 -2.760575903553866E-5
0.5629289159938321 -0.47314451663551055 0.08212579004392509 0 -3.78218585221527E-8 -4.1078077766231973E-8 -2.7621276251985343E-5
0.5395049675561714 -0.4037977139333864 0.07721405836956645 0 -3.270297424378673E-8 -4.0088817841545246E-8 -2.7629685705323058E-5
0.08068135396090602 -0.714167303296879 0.080752947531276 0 -5.351730392300455E-8 -2.3523246708921394E-9 -2.7622839249008157E-5
0.1307586883786586 -0.7179080095003467 0.08165710231721483 0 -5.59385612660694E-8 -7.510358704331086E-9 -2.762229199118648E-5
-0.3707535969478622 -0.8474426517245004 0.09999999999999994 0 -7.031178487156485E-8 2.2949168832837502E-8 -2.7617204694082654E-5
-0.14308797449955207 -0.83181181721957 0.0918642159103333 0 -6.457684639999588E-8 6.694230386901757E-9 -2.7616866796237015E-5
-0.22448109351079631 -0.8295744817427092 0.09335179876408067 0 -6.153302974998307E-8 1.057243653677611E-8 -2.7612383169205687E-5
-0.2937621218403122 -0.816155750548228 0.09413660224150187 0 -6.47504087195837E-8 1.5544061263491416E-8 -2.7607657970358924E-5
0.02032803985547743 -0.7231235035279147 0.08113718206932351 0 -5.439091662317722E-8 4.476284009536916E-9 -2.761792580282711E-5
0.049373389215154835 -0.676251463493053 0.07753347573866787 0 -5.139684703373154E-8 -5.474777723527579E-10 -2.762884205752255E-5
-0.07537530152887752 -0.7754914719888756 0.0858872030654022 0 -6.328380929037909E-8 7.29285949383329E-9 -2.7612799210961858E-5
-0.03309170223836219 -0.7328034628470876 0.08197501691133365 0 -5.801124830559775E-8 8.41680664742515E-9 -2.7616217247785856E-5
0.9051251563026282 -0.1907181838739738 0.09999999999999992 0 -7.808773371603136E-9 -7.225999233764324E-8 -2.7614731273525214E-5
0.6346730356926771 -0.3174870091624341 0.08001946855914073 0 -2.8051808157942277E-8 -4.4712811571433216E-8 -2.7622210807741737E-5
0.7578046117703346 -0.24801668508133742 0.08751626752734717 0 -1.8694079376689955E-8 -6.028053114322716E-8 -2.761461682532446E-5
0.6897625743522149 -0.264441860913035 0.0824063475266023 0 -2.2356370776609213E-8 -5.1265328917091454E-8 -2.762080152982454E-5
0.7597010793028803 -0.19500257071099417 0.08634694259141452 0 -1.7097691413337744E-8 -6.215623964564386E-8 -2.760850198521788E-5
0.7883546035916825 -0.1648885681025431 0.08824892692988197 0 -1.2074675365482459E-8 -6.349032978665482E-8 -2.7601034828304234E-5
0.8374232558848942 -0.12934172138602965 0.09218338983550128 0 -3.4720795295263825E-9 -6.317976761129624E-8 -2.7603884485648903E-5
0.7880045515761319 -0.1291017367769672 0.0876205822064691 0 -9.845970330064997E-9 -5.873497358551985E-8 -2.759973565532114E-5
0.45389464101054455 -0.6418290507487612 0.08650541722977734 0 -5.338531457903568E-8 -3.65882552910703E-8 -2.7609109566118452E-5
0.4122622788181451 -0.7140592129571535 0.09001680581831237 0 -5.321697563751505E-8 -3.394547033369077E-8 -2.7615061844418542E-5
0.1697005588141962 -0.6915759378642319 0.08021607449160523 0 -5.572659100439739E-8 -1.0133125355297597E-8 -2.7622840811266587E-5
0.24692814396934865 -0.6974874410583478 0.08250617855893733 0 -5.6000543732427314E-8 -1.3034651065076253E-8 -2.7611375263945773E-5
0.3299132550602819 -0.6955796266909601 0.08507057911176502 0 -5.049658148816691E-8 -2.138898669947213E-8 -2.7612374370087352E-5
0.5796784116794852 -0.2776116098201063 0.07488927562467991 0 -2.1793724397704833E-8 -4.418260268179657E-8 -2.763301388339916E-5
0.5306797663003683 -0.29923675531161764 0.07251363051783592 0 -2.145048532832136E-8 -4.142859349997898E-8 -2.7634889490930513E-5
0.5018045759598764 -0.34636458619402455 0.07254833341115845 0 -2.420702973794254E-8 -3.87577319845403E-8 -2.763408191788778E-5
0.43691576165411183 -0.5863880363863174 0.08178506492225697 0 -5.0303431480629754E-8 -3.07226431526048E-8 -2.7616271551704294E-5
0.5025098789806555 -0.5159632075862093 0.08087711077114174 0 -4.093678813675453E-8 -3.3540012379050267E-8 -2.7619231957118004E-5
0.4531934148271225 -0.5420428192507506 0.07976926362259741 0 -4.523540074952986E-8 -3.0512798838699544E-8 -2.7620344097746966E-5
0.5051728219418842 -0.4543425560441293 0.07763963571270259 0 -3.539339417120585E-8 -3.6549626570107456E-8 -2.7628383549921218E-5
0.4743994852003083 -0.40954268251415876 0.073738234339428 0 -2.9056680035873954E-8 -3.679991287877846E-8 -2.7631870161567754E-5
0.115198487208555 -0.6531897985847656 0.07640980333620502 0 -5.077424272659984E-8 -8.112948347757226E-9 -2.7630860670675982E-5
-0.4625000000000001 -0.8010734985006056 0.09999999999999992 0 -6.474276696646417E-8 2.9657651640508336E-8 -2.762255181179101E-5
-0.3837134371029664 -0.7748603000238192 0.09386619334345218 0 -6.454484875200327E-8 2.563509345322403E-8 -2.7615263690570538E-5
-0.3293828651109605 -0.7771045511687245 0.09186418681824765 0 -6.491648711630652E-8 2.1541311637403632E-8 -2.760715250592208E-5
-0.4839056580716607 -0.700569999447879 0.09257832058039935 0 -5.370723332542727E-8 3.0620034892667234E-8 -2.761304908763785E-5
0.04767908888924959 -0.6125339534466794 0.07287094188782159 0 -4.762132322521072E-8 -5.555801604258452E-9 -2.763438473038687E-5
-0.19485303194491674 -0.7756068237085788 0.08772926134592987 0 -5.5586340960242846E-8 1.2865529326804912E-8 -2.7611866989992697E-5
-0.1380657870545559 -0.7497079460326577 0.08441541385599156 0 -5.650940790776768E-8 1.1691471847539503E-8 -2.7618732580258577E-5
-0.24450643515018045 -0.7666415232960108 0.08818261063739213 0 -5.5435193185090025E-8 1.6532435230970256E-8 -2.7602746644262602E-5
-0.29287844997281653 -0.7560683801841976 0.08874412837590734 0 -6.060641882936077E-8 2.1529045722298348E-8 -2.760087110600838E-5
-0.018713178495829663 -0.6598847879456907 0.07617577755495693 0 -5.064618836043541E-8 3.845363668087151E-9 -2.763138965219218E-5
-0.08839747535315964 -0.7039498716595032 0.08000538942626953 0 -5.454924294714014E-8 1.0198868758580033E-8 -2.7625061862312907E-5
0.8548200389796248 -0.0652462727687064 0.09314675085287963 0 5.935242735697265E-10 -6.218037367100831E-8 -2.76127058908127E-5
0.9192877606928158 -0.10260258091221079 0.10000000000000002 0 -5.478179914015198E-10 -6.81853867203995E-8 -2.7616244618423094E-5
0.6384778628041976 -0.2349189996283244 0.07770845629712514 0 -1.9838428698668945E-8 -4.847206814904744E-8 -2.7628913872360972E-5
0.7040732060431756 -0.2032143579310842 0.08191372549943252 0 -1.961437423082729E-8 -5.529887182802992E-8 -2.7619139465343744E-5
0.5898871014295897 -0.20776639827421509 0.07364495662277284 0 -1.4195189008921526E-8 -4.673404670965632E-8 -2.7632018789134876E-5
0.7325342916850157 -0.13408386908087772 0.08291013088256632 0 -1.6473030637070484E-8 -5.5120393124497726E-8 -2.7610100025016625E-5
0.8252770499196602 1.9257059754862352E-16 0.09008727174442388 0 2.893896928909931E-9 -6.286932950834512E-8 -2.7615568917374713E-5
0.7859407931602105 -0.07401767626946823 0.08680140328934058 0 -5.893314414756198E-9 -5.5042688858018003E-8 -2.7608722047576146E-5
-0.499151538632016 -0.6334110077816723 0.08834372866104906 0 -4.687847324444918E-8 3.5329163887718256E-8 -2.7602239798014535E-5
-0.539934650094959 -0.6040123388311489 0.08868415026698911 0 -4.996409385891528E-8 4.203277218898529E-8 -2.7602393873812452E-5
-0.55199683338532 -0.6639303440969675 0.09374464706266032 0 -5.5301364966031676E-8 3.659246118962057E-8 -2.760763955950781E-5
-0.5485674035956859 -0.7447758606713794 0.09999999999999995 0 -5.9222791963548546E-8 3.462050134627189E-8 -2.7617726291423508E-5
0.36763254236248405 -0.6367582418875392 0.08211785344170683 0 -5.011346956179873E-8 -2.5594399341281812E-8 -2.7621512108986614E-5
0.18957159845420457 -0.6243064952889011 0.07560329744867302 0 -4.831618729148633E-8 -1.3796754553592771E-8 -2.7629758826326464E-5
0.28831363121595577 -0.628175946475062 0.0785524110683112 0 -4.801116348865259E-8 -1.7666531796783986E-8 -2.762612447929891E-5
0.526450453306162 -0.23768251001620336 0.07038843476625324 0 -1.4745217770430633E-8 -4.389900141028515E-8 -2.763188639030775E-5
0.47890979704271586 -0.2863984098188226 0.06912760288748078 0 -1.7751660586076042E-8 -3.8495727405592256E-8 -2.7632389229850674E-5
0.4494990254251993 -0.3483577682477059 0.06980849106780328 0 -2.0559259480171505E-8 -3.572825088223969E-8 -2.7628944343267718E-5
0.38634553368626057 -0.5411366135074791 0.07653244947706521 0 -4.381285579924621E-8 -2.851688592220391E-8 -2.7630091803053994E-5
0.43810869406594616 -0.47330739854493387 0.07505155127124848 0 -3.61230866444629E-8 -3.3400662744824824E-8 -2.7630147586390162E-5
0.4170420346765119 -0.4108303752912244 0.07090170067103962 0 -2.693546205028763E-8 -3.580109378670031E-8 -2.7627297030768767E-5
0.1909808398518187 -0.5616900805542806 0.07142639087555928 0 -4.023843092694523E-8 -1.8594010256946492E-8 -2.7629394849160674E-5
0.12475562378528363 -0.5650913910725969 0.07045918166236254 0 -4.3356225887496495E-8 -1.5834699146852434E-8 -2.7627033496630357E-5
0.05189365664575958 -0.5409828050063739 0.06822031633188272 0 -4.385289456295946E-8 -9.59561610414975E-9 -2.762818849761672E-5
-0.41249148408265685 -0.71445620812065 0.0900597252140442 0 -5.627727866027634E-8 2.8996866828105088E-8 -2.7616447276283405E-5
-0.34485879204612635 -0.7195732958375974 0.08756922173357189 0 -5.9355985690221656E-8 2.771306371996499E-8 -2.761163028168069E-5
-0.4354763147019103 -0.6351536187841577 0.08509247440255904 0 -4.423872834393343E-8 3.27862442605233E-8 -2.7614128896136918E-5
-0.02127679909875187 -0.5862434400348023 0.07098260267248742 0 -4.4321106716310535E-8 -1.8155469867873271E-9 -2.7634486068400153E-5
-0.20123366572154053 -0.7196538123444207 0.08312630758513646 0 -5.072007605125669E-8 1.8324732195157497E-8 -2.7614838902024047E-5
-0.1453861443112404 -0.6947291331504667 0.08002955113164492 0 -5.1384812858977395E-8 1.3572681275954845E-8 -2.7624999262452902E-5
-0.26439613737119816 -0.6970297197339501 0.08297653094743883 0 -5.220731621961393E-8 2.64322555210988E-8 -2.7610832426820377E-5
-0.314732642366773 -0.6679534491621226 0.08237892997106575 0 -5.2290576505203066E-8 2.9076571146575136E-8 -2.761841355560621E-5
-0.10379006268918363 -0.6311723493295898 0.07466578004946206 0 -4.770279263873137E-8 6.996293853392795E-9 -2.7632753839813508E-5
0.7822439697509947 0.07342341173252223 0.08646750245519458 0 5.0353072651915975E-9 -6.429129865879225E-8 -2.76095042569875E-5
0.9249999999999998 2.358937726024754E-16 0.09999999999999994 0 6.525776342792445E-9 -7.044196639126117E-8 -2.762143697325898E-5
0.851370675269602 0.07427003550197267 0.09288407134507307 0 1.1411850129981309E-8 -6.795727041711696E-8 -2.7611630846175303E-5
0.8038717607621603 0.12213857484508564 0.0889547066003148 0 1.1823929665516233E-8 -6.319444805111338E-8 -2.7601002063217736E-5
0.5408130551366507 -0.18150058753720788 0.06992281214701015 0 -8.105558662131544E-9 -4.5271900863799665E-8 -2.7626025155911665E-5
0.7247257834183621 0.0852066297502373 0.08165698245211614 0 1.4647975877741252E-9 -5.848892566491261E-8 -2.7617114055848242E-5
0.6510493529215736 -0.15514133280147802 0.07686356365481603 0 -1.4215556791424275E-8 -4.9787119853324254E-8 -2.7627971224611966E-5
0.5770279320473081 -0.15184347618041535 0.07165568912865208 0 -6.824983180335744E-9 -4.5286203511298635E-8 -2.7628890300036585E-5
0.6918887433807659 -0.06772116765551027 0.07886795692620667 0 -8.964067553220245E-9 -5.0538681968120464E-8 -2.7625337591062046E-5
0.7364981201835382 1.7871933341171726E-16 0.08222076644985389 0 -2.830102544374884E-9 -5.6138209169000636E-8 -2.7621754460721814E-5
-0.48001255710073826 -0.5637645778356982 0.08255043176744216 0 -3.9468925672857126E-8 4.183969325954991E-8 -2.761254669197639E-5
-0.5678213237459834 -0.537667606136383 0.08613904983735729 0 -4.352800658521559E-8 4.640099637325396E-8 -2.761499636538452E-5
-0.600893054701109 -0.6092572756078649 0.09299302035398636 0 -5.3624761993879534E-8 4.4536770231895125E-8 -2.7612403392450736E-5
-0.6178002971320171 -0.688438643052917 0.09999999999999995 0 -5.9117451549499966E-8 4.308227988194638E-8 -2.7616369591745373E-5
0.31808183532075807 -0.5509338997403093 0.07441383187593008 0 -4.2152992663708215E-8 -2.4370048055584265E-8 -2.76343311360258E-5
0.2593907519340379 -0.5686281064407216 0.07361593901057979 0 -4.187493196928928E-8 -2.0107059425655488E-8 -2.76335340319588E-5
0.4250914842628162 -0.2904030737883922 0.06650384046370365 0 -1.6627520553292867E-8 -3.224939511056033E-8 -2.7625483354224745E-5
0.4860024477406568 -0.1810614961514008 0.06672716200822644 0 -1.0169296017506479E-8 -4.358325984458936E-8 -2.7617426905042245E-5
0.4546475825643904 -0.2329362873436874 0.0662732760967022 0 -1.5218592180587948E-8 -3.861284929613181E-8 -2.7626652991453447E-5
0.39693548996928896 -0.3460112170117685 0.06719703593166886 0 -1.876022972254853E-8 -3.1755520175798633E-8 -2.761629625808893E-5
0.3565677611611388 -0.4614203059811383 0.07075125137743832 0 -3.440960597440327E-8 -3.209202373816147E-8 -2.763072048182299E-5
0.36327728761747163 -0.38800374757803646 0.06749345504717459 0 -2.6171439209286817E-8 -3.4811379758035855E-8 -2.7614977388828305E-5
0.3750627258693446 -0.2936858939923492 0.0643465481455432 0 -1.8896604097577133E-8 -2.480741032935216E-8 -2.761752316884177E-5
0.14556246178613044 -0.5017461145955597 0.06695111305462358 0 -3.5082294609193154E-8 -1.7361662062074447E-8 -2.7611804990520125E-5
0.1773504711629968 -0.5251479744589087 0.06889288845838194 0 -3.5507519224178617E-8 -1.951944818854949E-8 -2.762270081459625E-5
0.2111878992556696 -0.5199281931560845 0.06932845783235407 0 -3.480733517372304E-8 -2.031054434596014E-8 -2.762777761771074E-5
0.10436058799907272 -0.5010308479370807 0.0663275801738497 0 -4.118382032592501E-8 -1.4257842518411833E-8 -2.761201891512511E-5
0.06673635655852131 -0.4767204709635782 0.06461779605353521 0 -4.165382682540358E-8 -7.015442991875205E-9 -2.7617693243613736E-5
-0.006975621790116399 -0.5183972256879046 0.06671599267023115 0 -3.915474119846155E-8 -3.797812068477209E-9 -2.762857906680149E-5
0.021803385387518696 -0.4822544950869184 0.06469299319690378 0 -3.884662143106439E-8 -3.909259510141622E-9 -2.7625452303013122E-5
-0.05196883438319561 -0.5240326103663052 0.06719869985797552 0 -3.709631945658807E-8 -1.4863238618885937E-9 -2.7625707472337757E-5
-0.3679909311443217 -0.6373789894665455 0.08217765681431859 0 -4.748124626725557E-8 3.0591556724497566E-8 -2.7622563861751565E-5
-0.40158939943089916 -0.5697012631254147 0.07901179842938963 0 -3.9744837476653074E-8 3.288057924305178E-8 -2.7626290021882923E-5
-0.09590125636856872 -0.5619999312235502 0.06990127823248253 0 -4.164658904155143E-8 6.745078119750701E-10 -2.7627876775872972E-5
-0.19926692702634366 -0.6350324834465847 0.07658242747619838 0 -4.773172549952354E-8 1.7061153769242966E-8 -2.7628967764947132E-5
-0.2841593977557326 -0.6153602706014176 0.07751426427315905 0 -4.7367097754533863E-8 2.5181887458862335E-8 -2.7629292077038478E-5
-0.15663037176370528 -0.5733099421965812 0.07149707499548641 0 -4.527059369186965E-8 6.977355417100461E-9 -2.7629022006564423E-5
0.6892086201904363 0.11760753932384704 0.079182235454291 0 4.021479754781896E-9 -5.37668803343533E-8 -2.7622613362358443E-5
0.7461230180043805 0.1326560288062978 0.08402816782270867 0 4.737542996036806E-9 -5.772160156787109E-8 -2.760704801878833E-5
0.6908574756839181 0.1584953945063365 0.07995126254637963 0 6.990463891320622E-9 -5.2148728457213514E-8 -2.7621362317347543E-5
0.9192877608705788 0.10260257931928718 0.09999999999999994 0 1.5144206690565493E-8 -7.18974085575609E-8 -2.761659792611887E-5
0.8510855832446352 0.14814580550682163 0.09378949781498243 0 1.8363854361105532E-8 -6.36631338863651E-8 -2.7606685455213287E-5
0.7902639371481001 0.17887268414595758 0.08869278761371624 0 1.4568144628009378E-8 -5.557025435510409E-8 -2.7603843851946347E-5
0.5270134709035552 -0.12362075461980128 0.0680883893303861 0 -1.421923052410188E-9 -4.0121808452512865E-8 -2.761779605326427E-5
0.660910431014522 0.06111123862815046 0.0764443497197492 0 2.6994153614548976E-9 -5.18011646834566E-8 -2.7630805607688782E-5
0.5965173615012839 -0.07939251741876008 0.07200225824383245 0 -2.813319315078799E-9 -4.410158350229547E-8 -2.7632257299408402E-5
0.6371682462297272 1.7636191275501287E-16 0.07448630903843244 0 7.268400585186378E-11 -4.853118743709961E-8 -2.763462230597093E-5
-0.5998767009898777 -0.47889137063455584 0.08487289614566726 0 -3.5232401598480935E-8 4.563841994719318E-8 -2.761898921681347E-5
-0.4462665144718288 -0.4769553831048419 0.07565680574632232 0 -3.6268874959776895E-8 3.494889216763708E-8 -2.763096003366215E-5
-0.514031025104845 -0.49215788183100256 0.08018045280724438 0 -3.676372614917246E-8 4.310495082257841E-8 -2.7624285203837687E-5
-0.5551101229584549 -0.4700701488343014 0.08146563252731463 0 -3.4452328022833826E-8 4.4526991130446806E-8 -2.7623934201366638E-5
-0.6562422498346266 -0.5241856689594518 0.09146905933596002 0 -4.273920002863085E-8 4.658423379422063E-8 -2.7617541189486593E-5
-0.6848306133117381 -0.6217902179859557 0.09999999999999995 0 -5.416900684419667E-8 4.924844147054866E-8 -2.7622862961552773E-5
0.27241004361507065 -0.4718280360333558 0.06830375115676078 0 -3.382269676432482E-8 -2.48141392219403E-8 -2.7631318726358616E-5
0.4535801009187721 -0.11979187747949692 0.06395953291420167 0 -1.2007723222636883E-8 -3.3294520783941196E-8 -2.7607131848463627E-5
0.39072217276086296 -0.23584567652234287 0.06329187670784985 0 -1.7448479438270172E-8 -2.9199141142689388E-8 -2.762617023528825E-5
0.41238404925178007 -0.18021837395374024 0.06296662723972753 0 -1.674354178459523E-8 -3.427226882396907E-8 -2.7622600878214445E-5
0.33633282409977633 -0.33989669688880314 0.06444423660906805 0 -2.74552685016728E-8 -2.5380291078915168E-8 -2.760583869682086E-5
0.30008338071089913 -0.40108479031261085 0.06570468861303413 0 -3.266256234184487E-8 -2.863547778025714E-8 -2.7620947822767632E-5
0.32685099627426545 -0.2905697969488598 0.06232853198902638 0 -2.44761313112296E-8 -1.9644920488061366E-8 -2.761837683090086E-5
0.34557599933864525 -0.25420475687873284 0.06192004258218349 0 -2.006447035512669E-8 -2.241893417860467E-8 -2.7625291199508775E-5
0.13994680898558723 -0.4672126633962515 0.06496624972127402 0 -3.287785583450001E-8 -1.0825034902109453E-8 -2.760684622503507E-5
0.19075484218748176 -0.4725311643222945 0.06620021711897697 0 -2.956790380303552E-8 -1.6516353087725873E-8 -2.7619608516381338E-5
0.04901016908663563 -0.43723836174505165 0.062459634223422635 0 -3.7000578180290525E-8 -1.9122961870258273E-9 -2.762390860388942E-5
0.10408488366078726 -0.44405468685268895 0.0632766673513578 0 -3.703883072418201E-8 -4.04694889486408E-9 -2.7611776451598902E-5
-0.03083759909542402 -0.4757419881377713 0.06436680609968096 0 -3.371169862037082E-8 6.333389408191175E-10 -2.7624515598205036E-5
-0.0058033119248053185 -0.4414101175550563 0.06253303354413749 0 -3.339195027075426E-8 1.173956178463496E-9 -2.762742331398868E-5
-0.39030681785658333 -0.4466269881485597 0.07141764844659583 0 -3.6337910880018126E-8 2.538977670840784E-8 -2.7630444389887544E-5
-0.09527352708204243 -0.48999184724793493 0.06560563290386152 0 -3.340257216368327E-8 2.8924738394333285E-9 -2.7611535096309578E-5
-0.31827009850817745 -0.5512599811461146 0.07444098367382036 0 -4.238202315424574E-8 2.419683116909743E-8 -2.763546890402835E-5
-0.36296726797354567 -0.5093150093458659 0.07364571283377143 0 -3.852936991142749E-8 2.6181341484289914E-8 -2.7634601668511295E-5
-0.1538656248196219 -0.515523498759926 0.0678853449092873 0 -4.3483578534080305E-8 4.732933807334256E-9 -2.7616941170144967E-5
-0.23145619169988374 -0.5426436945370011 0.07120349698950754 0 -4.503635400429408E-8 1.4967292724767217E-8 -2.763261958161434E-5
0.02839276411724586 -0.3973392921812578 0.06048540173023527 0 -3.166905929596914E-8 7.36296135855666E-11 -2.7631448288714618E-5
0.6359863797306674 0.13411282944887548 0.07542020319546493 0 9.596295927095878E-9 -4.8609050029716223E-8 -2.763035604533932E-5
0.7226994437477957 0.1997352924878217 0.08334138075756291 0 1.114867714493454E-8 -5.2445704247932265E-8 -2.761629598350788E-5
0.6524176664552398 0.20477109599706128 0.07797707686621592 0 1.3142508185132301E-8 -4.9190507554238895E-8 -2.7628516252642568E-5
0.9051251569294585 0.19071818089926676 0.09999999999999994 0 2.1232004885298715E-8 -6.551549488141118E-8 -2.761546576071471E-5
0.8318102133114379 0.22322523392999097 0.09353078509252784 0 2.1790394852491994E-8 -5.8219901207896765E-8 -2.761294134336928E-5
0.7561533810021175 0.2511688924028691 0.08746370240455802 0 1.9494018130034246E-8 -5.522723645083612E-8 -2.7616079161402505E-5
0.5078212312272354 -0.05773868566153316 0.06628756501631425 0 1.4876459936041258E-10 -3.4724450375913624E-8 -2.7622781012264197E-5
0.580043566339009 0.07440259297015442 0.07086095755136954 0 1.0174280516789008E-8 -4.5784339355010593E-8 -2.7631609840702866E-5
0.5449077695259106 1.435041058529122E-16 0.06830916124377966 0 4.5913356537423585E-9 -4.1457819821142265E-8 -2.7631543843890346E-5
-0.6449966839705535 -0.4445280981035864 0.08625924084344859 0 -3.076205987881889E-8 4.6365581033703046E-8 -2.761152853639679E-5
-0.5773213056470615 -0.42632356756478973 0.08066830857907491 0 -2.8989377109539813E-8 4.5109509717857634E-8 -2.7624374113834748E-5
-0.42560872193429483 -0.3924588186076942 0.07047472570296821 0 -3.5669258781590814E-8 2.93118725412668E-8 -2.7627999491090188E-5
-0.5105636494997626 -0.4275668331221898 0.07661161867134533 0 -3.25600369814356E-8 4.0252000012043514E-8 -2.763187525924727E-5
-0.6821995337018094 -0.3893517946424338 0.08645016345112792 0 -2.8207344171632783E-8 5.380263429577269E-8 -2.7603018846975453E-5
-0.7143597851634019 -0.46065181317541976 0.09243904770387963 0 -3.883917879414527E-8 4.868647264912725E-8 -2.7609374147865172E-5
-0.7501479603301018 -0.5412050791178046 0.09999999999999998 0 -4.5804265475921144E-8 5.111620239829978E-8 -2.7621566041883313E-5
0.23193963455587194 -0.401731231339728 0.06368217918749611 0 -3.046706120810578E-8 -1.80946803175888E-8 -2.762714715668727E-5
0.4253355502182103 -0.060426816635170834 0.06194940187312641 0 -7.866006592138215E-9 -2.861181634783988E-8 -2.7624682141406774E-5
0.3783639298171796 -0.12391451309547895 0.06047575124681011 0 -1.4111861851186826E-8 -2.8093916236135487E-8 -2.762858542114395E-5
0.3404696044317066 -0.192505611563268 0.06016257670047243 0 -1.6368617871567226E-8 -2.515334271619856E-8 -2.7632834847533463E-5
0.2704412885460664 -0.32134890739138106 0.06148782850104334 0 -2.986625121757342E-8 -1.8493591202381875E-8 -2.762472937938111E-5
0.28780126788651955 -0.24610682281377952 0.05962067759661022 0 -2.0948000186104266E-8 -1.9559378628517387E-8 -2.763261850822961E-5
0.15779399244920164 -0.4060014305216929 0.062242172248634084 0 -2.9141060425290907E-8 -6.981791148254085E-9 -2.7622565012544104E-5
0.08201071126761389 -0.3939388987243753 0.060668066988986274 0 -3.205324660486172E-8 -1.8150102850885284E-9 -2.7627628250519856E-5
0.04349199689707277 -0.3606955682361924 0.05897556113419837 0 -2.8120537275395546E-8 -1.9921871818329667E-9 -2.7635252177754924E-5
-0.05772042989369192 -0.4373202270026056 0.06251628812885628 0 -2.9502303537599754E-8 6.707982583636278E-9 -2.762249196372095E-5
-0.03317807935019408 -0.4000499580003112 0.06062434517611841 0 -2.917187328396853E-8 4.984711831381595E-9 -2.763086207768756E-5
-0.3619566518906658 -0.37751131442037245 0.06698450376718922 0 -3.275462116883593E-8 2.1610714862139752E-8 -2.761285144555823E-5
-0.36626813150114024 -0.4166408143589399 0.06892167223823106 0 -3.4737997115568526E-8 2.1029865873570275E-8 -2.7623734331849505E-5
-0.3449125590697449 -0.44322460700183025 0.06935603931497553 0 -3.524516575174055E-8 1.9944617169801794E-8 -2.762884176018778E-5
-0.1061373350373039 -0.43371612134398735 0.06278756375601147 0 -3.091981248630357E-8 1.3047554499737334E-8 -2.761444810902153E-5
-0.1533021139497205 -0.45854960024362473 0.06473399748772989 0 -3.9886268671095525E-8 1.2833592728104525E-8 -2.7610354981858895E-5
-0.27258732769368704 -0.47213510106489254 0.06832563375196132 0 -3.857532666758874E-8 1.685959191356292E-8 -2.7632338545415242E-5
-0.2137590545386873 -0.47234636278777903 0.06671710658979699 0 -4.191799796571989E-8 1.3836675052989508E-8 -2.762539536791076E-5
-0.18675532053812582 -0.4349325178463068 0.06418357757579088 0 -3.81159830907713E-8 1.6008104067289446E-8 -2.7621230331857308E-5
-0.3826278748778653 -0.34149739132768103 0.06638993492953281 0 -3.313543592102091E-8 2.8573134254909613E-8 -2.761307067436971E-5
-0.0010639892128916778 -0.35571530812846325 0.05866683852382106 0 -2.7321289000249735E-8 4.229325998115306E-10 -2.7636184430774022E-5
0.5665181445886517 0.15558354761445173 0.07104008880031383 0 1.7439952220705258E-8 -4.1274585802406534E-8 -2.7628214613236823E-5
0.5953591891669738 0.1936606882201294 0.07369160395615945 0 1.662601081427746E-8 -4.36481961280755E-8 -2.763223543543453E-5
0.5192463818471629 0.12824117265253684 0.06769417632898124 0 1.7787399432832387E-8 -3.8907522786875886E-8 -2.761587580784606E-5
0.5285393108936259 0.16518893231571916 0.06885934434787161 0 1.9307634924032662E-8 -3.616204395191393E-8 -2.7621937260540367E-5
0.6744856330743806 0.25899543825752414 0.08106282636378111 0 1.729935022521392E-8 -5.2621876865797526E-8 -2.7624231197500853E-5
0.5964895386590124 0.24538252217967127 0.07505456752399722 0 1.8592231066514403E-8 -4.479713742467826E-8 -2.7633447855089878E-5
0.8809325160784339 0.2820885436790224 0.09999999999999994 0 2.7396447469369368E-8 -6.298415123504934E-8 -2.762211972693775E-5
0.7133503615870089 0.32015636681811027 0.08613118221459619 0 2.5325349515059284E-8 -5.7990176456503584E-8 -2.7613955196618584E-5
0.7978472984237357 0.3041762806928354 0.09281227257926788 0 2.803311091232674E-8 -5.95583298366356E-8 -2.7617902085332516E-5
0.4636209692030302 1.4593888372567647E-16 0.06366862151549985 0 5.360155576769171E-10 -3.5275944994924125E-8 -2.762714965664138E-5
0.4938126220450951 0.06489296717588176 0.06554297030555511 0 8.801801147835457E-9 -4.248390238763082E-8 -2.7619703212455634E-5
-0.6153231968638251 -0.38077552285640803 0.08115372829448388 0 -2.3435417056670926E-8 4.9218614576540144E-8 -2.7619346933281563E-5
-0.560449570051932 -0.3810942956107818 0.0775098294695611 0 -2.6420299202223313E-8 4.4092838778805E-8 -2.763023416390509E-5
-0.4429539530445369 -0.3153758255937713 0.06823813858748431 0 -3.0572682869900186E-8 3.3214442111880086E-8 -2.7629285458275086E-5
-0.5043029125892239 -0.34762375509843185 0.07274022680505556 0 -2.8967269170983345E-8 3.8216158762205635E-8 -2.7635551327739293E-5
-0.6508158876168189 -0.3390076459058359 0.08199721983987755 0 -2.2022130209793685E-8 5.422952284621277E-8 -2.7617347050467723E-5
-0.7091826270730176 -0.32330839885714513 0.08590988858162861 0 -2.546754587257887E-8 5.837160729425735E-8 -2.7614085790961148E-5
-0.7619010673352372 -0.3837317836320327 0.09273617861998763 0 -3.6484594079599877E-8 5.85424953624986E-8 -2.7610654442988057E-5
-0.8010515387579304 -0.4625279007956028 0.09999999999999996 0 -4.21602253219015E-8 5.7480502108038044E-8 -2.7617027096837767E-5
0.19236089157799777 -0.33317883760233996 0.059881599761303 0 -2.6640848509014574E-8 -1.2765632648278795E-8 -2.763574458541266E-5
0.38492668203237634 1.0023152680894796E-16 0.05989052034096669 0 -2.3289235426451907E-9 -2.9263792361172003E-8 -2.763570049276977E-5
0.2997814449763267 -0.1302546190444194 0.057552736756421544 0 -8.215425139388128E-9 -2.329998690596051E-8 -2.763642064565007E-5
0.3411851195480258 -0.06215460789797836 0.058312559079427444 0 -5.614260967566443E-9 -2.4663833273269897E-8 -2.7637927400576615E-5
0.25568805190108224 -0.19009790761699052 0.05725179690059135 0 -1.28431573150858E-8 -2.1394412973914468E-8 -2.763619824408187E-5
0.21970172124605264 -0.25470361780543144 0.057909449658114676 0 -2.0393692906249214E-8 -1.743692241048854E-8 -2.7638570308890833E-5
0.23090062297727731 -0.13379820267190193 0.05553869913937325 0 -3.986476823418438E-9 -2.1300374002541356E-8 -2.762613052398982E-5
0.10559774308437374 -0.32641465451667345 0.0581670361159444 0 -2.4194867104443804E-8 -7.06058679262682E-9 -2.7637955739401218E-5
0.031363797849434556 -0.30517057546423765 0.0568332914109285 0 -2.24225341750127E-8 -5.888079142874367E-9 -2.7635102863273436E-5
-0.08918266806588585 -0.39015326021997465 0.06056960464965617 0 -2.840348112240319E-8 1.1433645400627543E-8 -2.7628061470872785E-5
-0.049756265008924744 -0.359262534671633 0.05895024498757894 0 -2.7112177313130003E-8 5.281671565460736E-9 -2.763534339559866E-5
-0.33370914900421456 -0.3553876317528072 0.06495432896100803 0 -2.5812145396637626E-8 2.284991040085271E-8 -2.7607820718440357E-5
-0.31386332305040454 -0.4019336098806021 0.0662221637922308 0 -2.9412240786877395E-8 1.7242880965059262E-8 -2.762036485419977E-5
-0.15459594130071444 -0.3919265872876224 0.06155021858866086 0 -3.1453552805316946E-8 1.6693384031495986E-8 -2.7626284364389382E-5
-0.2322802926341843 -0.4023212684393738 0.06371797650698165 0 -3.1215412031622073E-8 1.722183223434075E-8 -2.7627565109854343E-5
-0.33230969380311987 -0.31257443393730217 0.06328313435425743 0 -2.220259484690313E-8 2.990867101409002E-8 -2.7612488986545773E-5
-0.37984334067586323 -0.29694191152231486 0.06465963905911942 0 -2.714552169104047E-8 3.246963885821414E-8 -2.7618359861166614E-5
-0.03281109095750644 -0.303248501545522 0.05677241598853609 0 -2.442967750156486E-8 -1.1379618613279794E-9 -2.763498910064841E-5
0.002774404310843052 -0.26370741404826953 0.055444406431408536 0 -1.992450665209274E-8 -7.634012875000693E-9 -2.7625369531979547E-5
-0.4503344724862791 -0.2539143429242661 0.06663047103760426 0 -2.3063989656372386E-8 3.203471708338371E-8 -2.7629372157605354E-5
-0.40625597693717014 -0.2614749559637888 0.06471383725610917 0 -2.3145382675850043E-8 3.171087583553536E-8 -2.7626113221332262E-5
0.4615326701397575 0.12346215125476942 0.06442192515091573 0 8.20910414454344E-9 -3.571866131794073E-8 -2.7606323386209202E-5
0.5387084587482873 0.20560708274998704 0.07032262751622614 0 2.0232536511808555E-8 -3.6757450813073584E-8 -2.7629723512117398E-5
0.4879508039440348 0.17532903328848173 0.06671893154849401 0 1.7370730453144274E-8 -3.0706805587480644E-8 -2.761684171982361E-5
0.532509259731304 0.25445661626164345 0.07121936353097057 0 2.211927218319967E-8 -3.767291743671105E-8 -2.7634517396040904E-5
0.6341588941531792 0.31283518999890103 0.07981624453248937 0 2.0238361114250896E-8 -5.1693823857311685E-8 -2.762436182777409E-5
0.5661686439840169 0.30314954318445153 0.07485251919573685 0 2.2304338078582996E-8 -4.339462707883926E-8 -2.7634403115979924E-5
0.8437752416466553 0.3790359375932063 0.09999999999999998 0 3.635059703295509E-8 -6.368245678526377E-8 -2.7621189652019507E-5
0.6719229666176102 0.38840511082381185 0.08561888827579653 0 2.633572776356092E-8 -5.286709225021444E-8 -2.760432534550772E-5
0.7564175363077813 0.38622567562379634 0.09237249347625182 0 3.6286044757911746E-8 -5.775175718641358E-8 -2.7609347831579362E-5
0.41461516466779025 0.07768102097507298 0.06157475739077051 0 1.428199389382524E-9 -3.5096483423434514E-8 -2.7624193460537637E-5
0.41609697408913526 0.13788398400008967 0.062378681269293045 0 4.822583096883726E-9 -3.086360971352007E-8 -2.76184958139802E-5
0.3331467524821928 0.06332732629493788 0.0580143200893398 0 4.69731991375523E-9 -2.6488220187884364E-8 -2.763870539539656E-5
-0.47800098007166614 -0.21838828549818234 0.06713458210584479 0 -2.0135171386603442E-8 3.118497799014953E-8 -2.7626656946303668E-5
-0.581042663690517 -0.3157640075984302 0.07626188231201678 0 -2.2196597632629225E-8 4.580928350004101E-8 -2.763243697046984E-5
-0.516501927640104 -0.27345997871285144 0.07083650833060166 0 -2.3881857020176655E-8 3.7184666686448786E-8 -2.763545321142719E-5
-0.6531660790226061 -0.2763311132584134 0.0799841441751332 0 -1.8687855378172036E-8 5.226523966349858E-8 -2.7626289997504932E-5
-0.7177089386751481 -0.25492955224205677 0.08435704674323387 0 -1.8190793926732128E-8 5.460808798610819E-8 -2.7620138912372775E-5
-0.7682837005378522 -0.21778108265977297 0.08762455506029665 0 -1.6543979870922353E-8 5.438223524790409E-8 -2.7612982579650787E-5
-0.7926496756412593 -0.29133333750236745 0.09190870000572768 0 -2.6600329865971375E-8 5.9157071721883006E-8 -2.7618337980155282E-5
-0.8437556437212325 -0.37907955935377746 0.0999999999999999 0 -3.668376601509322E-8 6.408966865923816E-8 -2.7621762981957747E-5
0.14972579901011426 -0.2593326910893636 0.056582144341893334 0 -1.8309196460794048E-8 -1.4094765997237607E-8 -2.7639570705090605E-5
0.30024351839566077 1.0287337474471442E-16 0.0566089984335615 0 2.946882809225845E-9 -2.282333121076816E-8 -2.7639825021663983E-5
0.25485064501553867 -0.06881848120103613 0.0554520694654174 0 1.0584262799521292E-9 -1.8585606095670878E-8 -2.763074061306003E-5
0.2018137422816696 -0.09141964150518621 0.054287541904913736 0 -6.984271005427936E-10 -1.501672251113923E-8 -2.7613473017827315E-5
0.1764824224893901 -0.17786432905826247 0.05506179018247805 0 -1.1270339754458169E-8 -1.9839547281800356E-8 -2.7627870712620658E-5
0.17846806103523252 -0.12182655323316927 0.054152220507936534 0 -6.7523934797280866E-9 -1.8374291329995132E-8 -2.761130735336652E-5
0.06445906182530688 -0.2524774236880236 0.055351148337145016 0 -1.546080847529818E-8 -1.0167163572550053E-8 -2.7629705916214917E-5
0.01713256069613923 -0.2191946756676691 0.054245341320781695 0 -1.3944999399443403E-8 -6.4278521901703545E-9 -2.7612362707663006E-5
-0.015811501710617768 -0.22080470166743846 0.054282927994611936 0 -1.961579496832501E-8 -4.210939428075094E-9 -2.7612617837927997E-5
-0.11115524588477288 -0.32319159740630654 0.058116751891295344 0 -2.565833288105255E-8 9.40582802360879E-9 -2.763876790185036E-5
-0.2724211583800276 -0.34021230275634257 0.06225471036920954 0 -2.0869092727969916E-8 2.1624799009367485E-8 -2.7623279475997784E-5
-0.19295762658678686 -0.33421241295621795 0.059933626134453855 0 -2.453105332556732E-8 1.6784107944419142E-8 -2.7636024547814344E-5
-0.299671918215507 -0.26919022055739933 0.06068803798570996 0 -1.772508774261131E-8 2.6694627003157076E-8 -2.7628070976836998E-5
-0.35401952964801076 -0.2618191533072333 0.0624765930436588 0 -2.0299904296137775E-8 3.1066902059042774E-8 -2.762450283371906E-5
-0.059917909088264505 -0.2537684697083779 0.05535616729591674 0 -2.3575932078644538E-8 -8.107598759594908E-10 -2.7629483867707887E-5
-0.4286041911968905 -0.21160410640457614 0.06443452009247358 0 -1.6555280483441565E-8 2.950710308771762E-8 -2.7625243470072944E-5
-0.3837371950984817 -0.21760730691022395 0.06251779019199943 0 -1.606511832614711E-8 2.9477921350809368E-8 -2.7628264989596564E-5
0.44078820931890417 0.17778853409565737 0.06428879605061415 0 1.1956088348881381E-8 -2.8500338883021606E-8 -2.7618228267444588E-5
0.4759951064045458 0.23047538821939026 0.0673334019397155 0 2.0823702024535725E-8 -3.14396392652467E-8 -2.7628241872997817E-5
0.5023235944487765 0.29151864533540206 0.07059623054924213 0 2.543905360000726E-8 -3.635521124937574E-8 -2.763534504078771E-5
0.5853609901656723 0.37038384021673393 0.07867156144500055 0 2.383639505286464E-8 -4.628664275018723E-8 -2.762693342106326E-5
0.5293785213896149 0.3388907230126146 0.07386902220939724 0 2.6280875850713556E-8 -4.023900610699638E-8 -2.7635510296034973E-5
0.8010710017272104 0.46249419126110125 0.09999999999999991 0 4.190307177470403E-8 -5.7061596707789865E-8 -2.761700123562824E-5
0.626960623589047 0.4522983371432033 0.08535306995964971 0 3.111730511262053E-8 -4.5471307108328313E-8 -2.761525240186537E-5
0.7061350528834721 0.4673278645716987 0.09212747065803699 0 3.835033251877834E-8 -4.7422568865921056E-8 -2.76103609245154E-5
0.3592371994727271 0.12552401442410036 0.05970040660633737 0 6.336864014343053E-9 -2.788757995782472E-8 -2.7632715725454536E-5
0.39449037889125516 0.17177804019933995 0.06198157459134765 0 9.421626285530437E-9 -2.8432088138723037E-8 -2.7625591094170044E-5
0.2907007887888551 0.1297941048796961 0.057242741237689944 0 1.2361870758148135E-8 -2.1501513461817484E-8 -2.7636482872354804E-5
0.2538184516803514 0.06940494742292715 0.05542696753822805 0 1.1728885166160035E-8 -2.0091156593644465E-8 -2.7630623314203615E-5
0.20062573683728857 0.09527047772396227 0.054301155270572714 0 1.3459983462580128E-8 -1.5043861203624654E-8 -2.7613233803410993E-5
-0.4690213191754545 -0.16282051739106812 0.06545407679976868 0 -1.3786967554680027E-8 2.998713869359983E-8 -2.7612506294373548E-5
-0.5329845388239064 -0.1985594752136454 0.06981392050905111 0 -2.0334052240235665E-8 3.621929338168859E-8 -2.762880628832733E-5
-0.5985835515449605 -0.2260297922817816 0.07467942546060531 0 -1.7995528287451592E-8 4.472080268013535E-8 -2.7633893733879843E-5
-0.6738902730202506 -0.22049852083738797 0.07997070091519404 0 -1.4044993932716485E-8 5.114229007201663E-8 -2.7626332510177215E-5
-0.7224932718504692 -0.1846612188414888 0.08299584497449673 0 -9.554600439400007E-9 5.310063011547974E-8 -2.7616184915764668E-5
-0.784218194998307 -0.17459658052838994 0.0880668176158918 0 -1.3553206215237858E-8 5.590246660759826E-8 -2.760460053274185E-5
-0.8340398056073667 -0.21902107573341573 0.09363611174877708 0 -2.1907285969606033E-8 5.8819112282329424E-8 -2.7613794248430776E-5
-0.8809151182252344 -0.2821428693025129 0.09999999999999996 0 -2.76833584587445E-8 6.343393346283202E-8 -2.7623195523000727E-5
0.11138757858716244 -0.19292894544503636 0.054318208030815426 0 -1.218330839147764E-8 -1.2981529797525722E-8 -2.7627452835343525E-5
0.2238875048948224 7.238912562247948E-17 0.054346295287657886 0 5.265697451014192E-9 -1.7006436947759435E-8 -2.7627683671285327E-5
0.19420772375092543 -0.04676552312468657 0.053768452091938715 0 4.2232531952319114E-10 -1.1744579575126195E-8 -2.7618597876034832E-5
0.16765785073129597 -0.0820458117059934 0.0534822586461166 0 -6.0805263025824045E-9 -1.0618720806357198E-8 -2.7609553796515E-5
0.1532214795718842 -0.1047515501973591 0.0534601593182905 0 -9.91229778309663E-9 -1.2985138168180145E-8 -2.760988925916097E-5
0.13365633223327952 -0.1314943305448411 0.053500013617672364 0 -1.1977921522751735E-8 -1.3906554103272667E-8 -2.761642532927792E-5
0.1909210649037196 0.04684254353730671 0.053697308093126346 0 7.0866722391062255E-9 -1.7456295218652154E-8 -2.7618265418877014E-5
0.05493858025113072 -0.1872116672800932 0.053664600392910426 0 -1.0040742839448188E-8 -5.5939706384996576E-9 -2.7618052397109457E-5
0.0015895535343272628 -0.18045943852644164 0.053353802929854664 0 -1.3617449634311746E-8 1.914580231739789E-9 -2.7609575058488752E-5
-0.053441146730527564 -0.18709102439814254 0.05365287398922711 0 -1.88787757204078E-8 2.795908895085831E-9 -2.7617943310368582E-5
-0.15050660974349658 -0.260685094950677 0.05663516711153095 0 -2.1514869814871784E-8 8.97516530166101E-9 -2.7640140059777164E-5
-0.22974591189928226 -0.256397975299907 0.05821373401797809 0 -1.836551383049731E-8 1.7521373090874606E-8 -2.763838351530407E-5
-0.2901412929767384 -0.21922908092139923 0.05898973037684318 0 -1.6019178398012176E-8 2.3354246884866618E-8 -2.7635878120614318E-5
-0.3302765228915605 -0.22443841547131757 0.06052899064430553 0 -1.591393356219321E-8 2.7634261560573163E-8 -2.763202684955695E-5
-0.11217260429255088 -0.1942886498520168 0.05435789315243198 0 -1.7592348218125312E-8 4.093928384530795E-9 -2.7628120166145823E-5
-0.4043520178042477 -0.16901983470521795 0.062374130552393804 0 -9.131158093243005E-9 2.8819538254367386E-8 -2.7624024976830586E-5
-0.36201088411519367 -0.17400839360604692 0.060635096430618034 0 -1.0625114016198662E-8 2.767363283323317E-8 -2.7631751825412958E-5
-0.42569230627547644 -0.12215318657273527 0.06260425960749791 0 -3.879026525745647E-9 3.3452858366888724E-8 -2.761625459812091E-5
-0.467604489294916 -0.09647351175034927 0.06440527405535047 0 -7.750488817857933E-9 4.054769201037447E-8 -2.7611202381926105E-5
0.40159415937487924 0.2222711945652258 0.06342742714419668 0 1.6919713402703044E-8 -2.9588819513589798E-8 -2.762685991758725E-5
0.4374027432196876 0.28280425722564984 0.06685837267776952 0 2.6644984051868588E-8 -3.2506232210269644E-8 -2.7628591301819232E-5
0.4716692828943538 0.34325991058700284 0.07076541111671204 0 3.093021507250129E-8 -3.4678097490692264E-8 -2.7633465596628426E-5
0.5572755215547438 0.4510872900080022 0.08061070588876619 0 3.205905905094496E-8 -4.382795554629871E-8 -2.7625831065301325E-5
0.5201731653431543 0.38799390136202994 0.0753439569886662 0 2.9494521447867655E-8 -4.0006503861581856E-8 -2.76338623968219E-5
0.7501545426059838 0.541195955123228 0.09999999999999998 0 4.5436742720830685E-8 -5.063725023180996E-8 -2.762200764654944E-5
0.5828756184496425 0.5332115379316271 0.0868511630159933 0 4.291969862807371E-8 -4.605435108672652E-8 -2.761675499400813E-5
0.650470548607775 0.5465931881196748 0.09240305490818579 0 4.542918217694886E-8 -4.6481613136409995E-8 -2.7618943148544783E-5
0.33827356631260735 0.19741612693850677 0.06018657141513714 0 1.3511007222094959E-8 -2.661097114333211E-8 -2.7633420046187636E-5
0.2643297840462276 0.19520810401833616 0.057617277126140565 0 1.5932687121890814E-8 -1.8864351242859866E-8 -2.7637111409913758E-5
0.23462332403576286 0.13422621113694244 0.055643167928538385 0 1.6388189978537917E-8 -1.4371044641336546E-8 -2.762751031085763E-5
0.1835322570857455 0.12636576122723128 0.05431954168807021 0 1.298917307363986E-8 -8.5521039383052E-9 -2.7613512371661613E-5
0.15384433041034717 0.09209874155024383 0.0533301823681776 0 4.881423023789322E-9 -1.2322828855934915E-8 -2.7610080811044425E-5
-0.5199939829281822 -0.124648956040805 0.06768673130026932 0 -1.7731087728595007E-8 3.9671488660416185E-8 -2.761681970198339E-5
-0.5744027965338087 -0.14938461510286838 0.07144252826293566 0 -1.6707654047041128E-8 4.2640244163900976E-8 -2.7629923968720703E-5
-0.6477191420222239 -0.14358128013705043 0.07642272847163621 0 -9.405563538015983E-9 4.968305941400649E-8 -2.7630309037078793E-5
-0.735100345459195 -0.11930462056175606 0.08291132970822637 0 -3.378185034447391E-9 5.823933629003635E-8 -2.761224091199987E-5
-0.8023821229894582 -0.12465004703532732 0.08885408731398864 0 -1.215531805182101E-8 6.319628178215401E-8 -2.7602148324653813E-5
-0.8531067718150073 -0.15803750226362165 0.09415708085227005 0 -1.9260089217202922E-8 6.336094938057122E-8 -2.7609048265470565E-5
-0.9051158299750595 -0.19076243784282 0.09999999999999995 0 -2.1588214881259348E-8 6.591762104091305E-8 -2.7617005348487597E-5
-0.8393412000271001 -0.10211595922316327 0.09200820531311653 0 -1.3896636332019462E-8 6.702298683684976E-8 -2.7608783862470325E-5
-0.5124187514513647 -0.05184789683178334 0.06651654728017117 0 -9.06018506301372E-9 4.310460973130044E-8 -2.7625703897609132E-5
-0.4662367643365183 -0.05429215722432917 0.06397307879016166 0 -4.741221227272273E-9 4.061050409710666E-8 -2.762238454933989E-5
0.07846305682895906 -0.1359020009449211 0.0529048760801971 0 -1.060965712039663E-8 -5.662826302496931E-9 -2.7621521871710863E-5
0.1581850159804538 4.03666044625459E-17 0.05292729798071231 0 -3.316182604844133E-10 -1.2002640378381947E-8 -2.762144138355169E-5
0.1339429855522494 -0.042721659792281826 0.052630185389843626 0 -6.064828521608227E-9 -7.639887217363292E-9 -2.7620309330473826E-5
0.12170874450296679 -0.07937873255132208 0.05270638285367756 0 -1.0218383303941938E-8 -7.331194113484732E-9 -2.7617842366312114E-5
0.0926329081859553 -0.0934021566431387 0.052491087538806276 0 -1.0423176035489177E-8 -5.445246240672414E-9 -2.7622456433385005E-5
-0.07925046645516257 -0.1372658344238745 0.05293295280422828 0 -1.0517461524342608E-8 6.302527993549204E-9 -2.762168581027325E-5
0.12737884186502532 0.04457914646124025 0.052542398875778 0 2.1897316189888815E-10 -1.2049156322429372E-8 -2.7621385740620264E-5
0.025874926118163208 -0.13266950985365822 0.05254567933671947 0 -9.645383389455768E-9 2.0207419580829124E-9 -2.7621178615136694E-5
-0.025243839799718233 -0.13300675455069116 0.052548920040911946 0 -1.0872344162928822E-8 5.9907070652900976E-9 -2.762126793782741E-5
-0.18973296493485722 -0.18461798069110355 0.055474546986767154 0 -1.6858754729886434E-8 8.717146945847751E-9 -2.7631175415551364E-5
-0.2483235922732361 -0.1816505696604007 0.05686432272721824 0 -1.646478981519138E-8 1.6426770384799764E-8 -2.763583258211501E-5
-0.30831506111577245 -0.17770170158565643 0.058672582596364375 0 -1.3604835927057815E-8 2.3768455328434872E-8 -2.763691834285554E-5
-0.13643849435757827 -0.142707733989249 0.05371629461338724 0 -1.0257945260402355E-8 5.691319119011155E-9 -2.761866060965061E-5
-0.184039983968445 -0.12735803584373426 0.05434432437859786 0 -1.3370858348387472E-8 8.747376564504183E-9 -2.761406868742116E-5
-0.10393602836491156 -0.0928684349452979 0.05261104654913399 0 -3.5668096332766864E-9 9.215214556422768E-9 -2.762079686847379E-5
-0.33491839009005275 -0.13913239257244242 0.05894927757126896 0 -9.377737169878028E-9 2.5872671180864176E-8 -2.7636109138625435E-5
-0.379850741799242 -0.12110542276221135 0.060500587943527986 0 -4.631899391724713E-9 2.9968306288794135E-8 -2.762918464418696E-5
-0.40842759083875496 -0.05875232359605658 0.061140527783328784 0 -1.1794785619803863E-9 3.442082071226417E-8 -2.7629071220284006E-5
0.36282250283673584 0.2686598783514224 0.06303900336729046 0 2.1599754946521426E-8 -3.1641879562848534E-8 -2.7623094789261126E-5
0.4058790843317993 0.3317218591300756 0.06705525860874961 0 3.2877266404549695E-8 -3.051595439567527E-8 -2.7620359875769433E-5
0.4678168231247622 0.39722837411780604 0.07282402579327739 0 3.353969654000519E-8 -3.436632098059291E-8 -2.763336842356933E-5
0.43228391685071293 0.3802988180284773 0.07026687195777441 0 3.504006319073214E-8 -2.9990228554143836E-8 -2.7628434149561442E-5
0.5096255127299391 0.5106912413470729 0.08097857821614195 0 3.790023938478745E-8 -4.3267878190357785E-8 -2.7622043536781704E-5
0.49005227512439575 0.44470401859070535 0.07629562530822705 0 3.416835743771201E-8 -3.828485476405206E-8 -2.7631991978930344E-5
0.5354804188313992 0.5793968081607486 0.0867593250488703 0 4.640747673527407E-8 -4.425916699007361E-8 -2.7606565340409475E-5
0.6847900044003186 0.621834941224156 0.09999999999999994 0 5.3849063351773476E-8 -4.8772492297340295E-8 -2.7623772810232413E-5
0.5876935447112426 0.6161088910778022 0.09257893706827944 0 5.3833571133792775E-8 -4.297526891819415E-8 -2.7611342060668405E-5
0.2968769596322443 0.26583446546620604 0.06049214663587174 0 1.7400548233321217E-8 -2.605120905111465E-8 -2.7629416561520523E-5
0.22703812963746217 0.26409762190385 0.058370438456053005 0 1.8508320504670603E-8 -1.7291741417941393E-8 -2.7638575714613544E-5
0.18890830540911197 0.18932922319802872 0.05555650018582656 0 1.6705927888094607E-8 -8.619771170863956E-9 -2.7632178807881996E-5
0.10177697427875262 0.08834048795367637 0.05253956863179544 0 3.0618478093455997E-9 -9.137283371778386E-9 -2.7621583800006695E-5
0.13647605991683223 0.1435082568468913 0.053729825805134857 0 1.0148756031179457E-8 -5.593946241316835E-9 -2.7618922709269456E-5
0.14969050843762163 0.2592715660247786 0.05657975437506356 0 2.1242159990284063E-8 -8.562207454608197E-9 -2.7640453516078613E-5
-0.5844196053235717 -0.07491703801282973 0.07115392026499065 0 -1.0137677367739949E-8 4.63386128653646E-8 -2.7633204543570373E-5
-0.7351410524947968 -0.060926854977285956 0.08231802271497875 0 -1.0525770978996573E-9 5.973506188302729E-8 -2.7619596774913633E-5
-0.6752473549062168 -0.060997662019661704 0.07752927755735102 0 -1.931536048531837E-9 5.359549486829315E-8 -2.763025503654196E-5
-0.7962287177911108 -0.06074957956360477 0.08762354715881242 0 -5.800437553193115E-9 6.521689620604794E-8 -2.7612882424920375E-5
-0.8627884197170684 -0.055125093298773874 0.09385473111979895 0 -1.002801312876528E-8 6.845798670405286E-8 -2.7616439138259327E-5
-0.9192838471164881 -0.10263764414409532 0.09999999999999994 0 -1.5417134560159966E-8 7.22864867182912E-8 -2.7618459154496822E-5
-0.5447672634209793 2.858524015158418E-17 0.06830049229574699 0 -4.800022365505343E-9 4.1770448581838175E-8 -2.7633084362875048E-5
-0.4638591691868275 2.797468827787367E-18 0.06368112390889594 0 -7.907706546109038E-10 3.5523932091113136E-8 -2.7628479788848917E-5
0.04273067501608843 0.07401170016957923 0.051925849626185475 0 3.736607819598473E-9 -6.2690448781081704E-9 -2.763132255160509E-5
0.04273873390329096 -0.07402565857166639 0.05192600533605054 0 -7.552445959897776E-9 -5.1619391951291615E-11 -2.7630990136864796E-5
0.08580268905133058 2.7616060966210454E-17 0.05192915349305607 0 -3.7545939301117086E-9 -6.441596418013483E-9 -2.763095351594839E-5
0.07416648351753428 -0.042820039223696336 0.051927573540639343 0 -6.7471088739185105E-9 -3.5950428320574327E-9 -2.763074698173083E-5
-0.04299754043112494 -0.07447392462720538 0.05193102148339571 0 -3.977014363332138E-9 6.538351603040546E-9 -2.7631025820511097E-5
0.07415950431437714 0.04281600977887487 0.051927495533993596 0 -2.6631857693038605E-10 -7.49522830943856E-9 -2.7630897806942812E-5
1.3904975238826412E-17 -0.08573627431625096 0.051928505242836896 0 -6.608906524511177E-9 4.0355400592003225E-9 -2.7630773199724473E-5
-2.9796378738924766E-17 0.08577355466188762 0.05192886660175564 0 6.4730581986656905E-9 -3.8262448751201105E-9 -2.7631141956458517E-5
-0.22815732549244747 -0.13366956667415786 0.05546555293618704 0 -1.6717264197892488E-8 1.3693832827557813E-8 -2.7626239120881817E-5
-0.27837086784154214 -0.12617379267311213 0.056793561369108604 0 -1.3544176431707739E-8 2.0426000832894542E-8 -2.7635675283794366E-5
-0.15093740406319933 -0.09389909648308081 0.05329903073383901 0 -4.979448012851768E-9 1.2035388942220177E-8 -2.761069063013235E-5
-0.19761019796705667 -0.10158906953187431 0.054303584925033135 0 -1.3806398516214986E-8 1.3967884071712975E-8 -2.7612725324993297E-5
-0.12619399745448537 -0.06614911525416545 0.052660410611162535 0 -1.4124615409699774E-9 1.2194645620852327E-8 -2.761895084627306E-5
-0.07423701450489274 -0.042860760308234 0.05192836227840669 0 2.399199602742546E-11 7.706288337120756E-9 -2.7630998284789727E-5
-0.4277423899643161 0.06497482014443749 0.06209784320535729 0 8.20920022240989E-9 2.875041140541458E-8 -2.762476584429456E-5
-0.33304413722574777 -0.06930677678439595 0.058055306373968225 0 -5.278486479028609E-9 2.669080965864164E-8 -2.7639091640400527E-5
-0.3847166606924661 9.345124501562139E-19 0.059881376808148805 0 2.149635057625239E-9 2.9465599714494832E-8 -2.76368748257035E-5
0.3329058545937796 0.33325924236807375 0.06406157186555389 0 2.3219531566739496E-8 -2.690830821703987E-8 -2.7607726407858617E-5
0.49825230464030634 0.6040689738251999 0.08623250303750961 0 4.3757842552977317E-8 -3.906188331346816E-8 -2.7603966624192774E-5
0.3818998921620359 0.39282083230988174 0.06849211870683777 0 3.508897663457835E-8 -2.247701747926615E-8 -2.762067967291597E-5
0.4314021965681312 0.42876752259718576 0.07244484890584979 0 3.5650169745364545E-8 -3.016013674818393E-8 -2.7631667260359552E-5
0.4723939921181883 0.5653277489130144 0.08223903081434109 0 3.893408714216886E-8 -4.035132748123166E-8 -2.7614857223028923E-5
0.44736034083495346 0.4974141441538552 0.07684191432450417 0 3.6563947104918314E-8 -3.566883109301593E-8 -2.7629741090584637E-5
0.5230354883414245 0.6422697488364204 0.0903707538749386 0 5.071005105522089E-8 -3.5269394016885605E-8 -2.7603877675471088E-5
0.6177594130735138 0.6884753307245898 0.09999999999999995 0 5.8837946486940014E-8 -4.2473885111746926E-8 -2.7618058866641422E-5
0.5518007966248653 0.6760563257947593 0.09465507346897212 0 5.561239097148282E-8 -3.548392943894845E-8 -2.7610856997834932E-5
0.2625418688185837 0.33648330779519714 0.06181290503458571 0 2.0794027613159348E-8 -2.088303515487725E-8 -2.7626508043452373E-5
0.10763513709501461 0.3224957272318108 0.058047784011843594 0 2.541877084790312E-8 -8.758886870429135E-9 -2.7639391952441885E-5
0.19231764390950024 0.3331039304431938 0.059877835485628014 0 2.4225855088257397E-8 -1.6446193723636618E-8 -2.763680530339056E-5
0.11136664405289663 0.19289268576805546 0.0543171535525474 0 1.7219863672870427E-8 -3.748990975782828E-9 -2.7628095284811776E-5
0.07844894660138711 0.13587756131386042 0.05290437550856248 0 1.0118775583230969E-8 -6.172546247484229E-9 -2.7622040893418264E-5
0.03519829734560284 0.13784946141786306 0.05265706254873472 0 1.1300646840087912E-8 -5.8738381145989634E-9 -2.7621036247462085E-5
0.06630901180929025 0.2508565357105051 0.05531869953262273 0 2.2991479685689785E-8 3.467253462869977E-10 -2.7630676471968216E-5
-0.017053837843317182 0.27836069099312905 0.05590951428308119 0 1.9999115983204696E-8 7.592220882870819E-9 -2.7631074290433285E-5
0.011677278178983168 0.25977319628253465 0.05533524160416193 0 2.0913581570705266E-8 6.705194402561525E-9 -2.762558670180936E-5
-0.036475279191632355 0.1302798698937502 0.052547520741153056 0 9.432645024667845E-9 -4.6174040867439325E-10 -2.7622581625607995E-5
-0.004334214649360648 0.15163914092247652 0.05281372846092682 0 1.1236680249974222E-8 -3.8293854185967295E-9 -2.7616981542966694E-5
-0.5548238392163805 0.07638757137486699 0.06925704553616709 0 -3.9269877786221265E-10 4.0333506659619195E-8 -2.762950704879497E-5
-0.6361392415232946 1.3179599374821288E-17 0.07441207081886599 0 -2.531302909904017E-10 4.870673563087812E-8 -2.7636294597270617E-5
-0.7353276040989696 1.376885046738379E-19 0.08212306732579755 0 2.6990208112251402E-9 5.628982464124431E-8 -2.762364245341305E-5
-0.8245744171037558 1.994957568951944E-17 0.09002147282184524 0 -3.0700585893660527E-9 6.310008498435633E-8 -2.761738310910246E-5
-0.9249999999999996 -3.487031299242896E-17 0.0999999999999999 0 -6.760163469997834E-9 7.08543323886188E-8 -2.7623670687012824E-5
-0.6215823870108426 0.05940809814964494 0.0735747228508592 0 3.2322301306213587E-9 4.6372066680914766E-8 -2.763546509456939E-5
-0.5039157942187592 0.07056797810116018 0.06615707446286308 0 2.0883948924016073E-10 3.392829426238508E-8 -2.762117943002699E-5
-0.4742240483662385 0.11256694280313873 0.06494853319711702 0 7.026165137666476E-9 3.385677469362816E-8 -2.7608316909558058E-5
-0.4362515368769683 0.13236424219261794 0.06326633817399899 0 1.4826046155360515E-8 3.4170754274264474E-8 -2.761358854631242E-5
-0.3689420167821231 0.1279817916152874 0.06013540062401418 0 1.3628668733379434E-8 2.790157910594417E-8 -2.7631791216854977E-5
-0.40020050920329836 0.18553375498639205 0.06251643484045978 0 1.670087786905712E-8 3.256691510613685E-8 -2.7626588510444183E-5
-0.11902524067374867 0.3280525016025783 0.058398241089487615 0 2.4203563977511725E-8 7.86882057370168E-9 -2.7639715077926655E-5
-0.278960464150049 0.23105339123962187 0.058930977919053947 0 1.8790883144486822E-8 2.0236972465536106E-8 -2.763677299461334E-5
5.529796886260846E-16 -9.523255661324038E-16 0.05151308386343702 0 -1.0336034955222509E-10 1.1077555660988439E-10 -2.76395296184784E-5
-0.043042879691499385 0.0745524545297515 0.0519319033593881 0 7.4129586562524084E-9 2.5369883935385036E-10 -2.7631319513287E-5
-0.24680219676358373 -0.07209570484822997 0.055249906628573604 0 -1.2363618718899575E-8 1.973336838399037E-8 -2.7629437147499805E-5
-0.1740533791739203 -0.0457943921612332 0.05334383022045102 0 -5.0513541247928144E-9 1.659971321375455E-8 -2.761745992346139E-5
-0.12783259126111418 -0.033275347967647695 0.052499203818416273 0 2.647558621445999E-10 1.1897276728447014E-8 -2.762284874919707E-5
-0.08544796042127181 1.2633032021521531E-17 0.05192572029476935 0 3.518475520873772E-9 6.641226332444598E-9 -2.763133868490845E-5
-0.33947513674739144 0.06240362523718613 0.058248486325065116 0 5.284891008538951E-9 2.4777326398333147E-8 -2.763924003029761E-5
-0.30816555573663146 0.12979030410922676 0.05783416263257108 0 8.765323996613741E-9 2.386681929617961E-8 -2.7637947861067552E-5
-0.22695325756190307 0.2565120405768185 0.05814491145404571 0 2.0700979153609618E-8 1.7799185494120335E-8 -2.7639775349521496E-5
-0.25569422992480956 0.1801064295667739 0.05704280655464759 0 1.1324866874059951E-8 2.1935475245502934E-8 -2.7636932344824064E-5
-0.07471068043782807 0.26158647648355277 0.05569656348774581 0 1.633753492541532E-8 1.0441233893948382E-8 -2.7634359274421533E-5
-0.15073713287945018 0.26108437273446883 0.05665087411303693 0 1.8337085327717922E-8 1.4262858642294699E-8 -2.764129887579606E-5
-0.0793293077376864 0.13740239153093972 0.052935779499837216 0 1.0484673051540933E-8 6.051028087910311E-9 -2.7622191035588428E-5
-0.299396714946573 6.0549876586637245E-18 0.05658028588283899 0 -3.263803386480038E-9 2.299451387896285E-8 -2.764054377823152E-5
-0.39181543828090004 0.55445735722153 0.07760084140770424 0 4.532789455003078E-8 2.8730215701305106E-8 -2.763177055303416E-5
-0.42125713605646403 0.6077940464059373 0.08247265847688973 0 5.119725051157904E-8 3.10704320440566E-8 -2.7621152883144934E-5
-0.4499036574234317 0.6597655574984553 0.0876254316161508 0 5.3516126288207237E-8 3.7806519219907605E-8 -2.7615067936492124E-5
-0.4789401191209052 0.7197628636157833 0.09385470752197607 0 5.424482005665589E-8 4.3324012535748626E-8 -2.76187672177313E-5
0.30693864167133966 0.4042133776050551 0.06608285286906407 0 2.9270909977117748E-8 -1.681965343554828E-8 -2.7622296788077832E-5
0.45341996389119593 0.6343388790419371 0.0859386615701075 0 4.361489060378245E-8 -3.294664955423689E-8 -2.7612158641101445E-5
0.36186279370904106 0.47199806236141656 0.0715259330567936 0 3.6697761419671786E-8 -2.332912088478056E-8 -2.7633655184303066E-5
0.400949758946052 0.5652131577221655 0.07869394977656127 0 3.956667223158099E-8 -3.226440538443977E-8 -2.762822805367452E-5
0.4904238791693691 0.6985151762406319 0.09277567976728547 0 5.336687303444524E-8 -3.037745806076828E-8 -2.761443272140497E-5
0.5485314952955888 0.74480230687788 0.1000000000000001 0 5.888673410715695E-8 -3.4075489230961426E-8 -2.7619873295358436E-5
-0.157502577302292 0.4062797025959702 0.06224976286168574 0 2.87922440531932E-8 7.1787102348044E-9 -2.7624581216570693E-5
-0.04439277195221168 0.328710102628296 0.0577329050528648 0 2.4528646574642167E-8 4.642929580483178E-9 -2.763829609156709E-5
0.025557696189703685 0.3104658173674805 0.05699894508193312 0 2.433555051424348E-8 1.5584710255652144E-9 -2.7636620028974917E-5
0.05891091878969271 0.3561813785904501 0.05888183035860122 0 2.66976941784213E-8 -5.883808432238606E-9 -2.7636605491686403E-5
-0.07539656272461737 0.3826387268002811 0.060112744280339386 0 3.053600445194668E-8 2.339464746000309E-9 -2.763233013945714E-5
-0.19156331121345582 0.4731617410648756 0.06625147072173321 0 2.944789439577987E-8 1.6992604970790372E-8 -2.7622256686853628E-5
-0.31860245148696237 0.5518356333914171 0.0744889558881298 0 4.203621457426795E-8 2.473481087879267E-8 -2.7637760058751898E-5
0.23188989210585279 0.40164507488900236 0.06367695651733306 0 3.09739037898692E-8 -1.696578015972128E-8 -2.7628394519169754E-5
0.18545604713463834 0.43047399478074116 0.06393784680976809 0 3.722004087279542E-8 -1.6004481693778912E-8 -2.7622520254751725E-5
0.15384627156060351 0.3839117365891883 0.06118533303935759 0 3.022988497351833E-8 -1.6252409665584034E-8 -2.7629179330291142E-5
0.08567704016096148 0.3934342712802923 0.06068036954612458 0 2.8160750173776343E-8 -1.1005854554625956E-8 -2.762865220868516E-5
-0.04746651353754765 0.1829715324610284 0.053532622158623755 0 9.759067602461074E-9 4.344638543574363E-9 -2.7617370743565442E-5
0.01717373484524668 0.1662656573333219 0.053092157016808576 0 1.4334811178958233E-8 -4.088954717698548E-9 -2.7614194419876557E-5
7.833096257776418E-4 0.19069362679459012 0.05356840441819727 0 1.4558926400342217E-8 -5.2646709608604334E-11 -2.760934258968667E-5
-0.014253461472862217 0.23459230484404994 0.05463523466770248 0 1.5645931761978645E-8 8.194914344741227E-9 -2.7617478003147355E-5
0.04520143550094837 0.1841851235528076 0.053545944108146816 0 1.823188622116859E-8 -2.7752550189998815E-9 -2.761659128797472E-5
0.017981432514459814 0.22651294475696923 0.05443142027174295 0 2.0129858254173044E-8 4.8122168673476285E-9 -2.7615253210717702E-5
-0.4509389353459413 0.18062953941108667 0.06485872161226297 0 1.4115884240054903E-8 4.0183731267465855E-8 -2.7618891170109345E-5
-0.43855507291261625 0.22078311851591842 0.06514753629020965 0 1.5409834557745117E-8 3.732163160332965E-8 -2.762687956178527E-5
-0.5430568755805911 0.1088667628343709 0.0688662273363696 0 6.776337186713592E-10 4.054084055176465E-8 -2.7624449630754455E-5
-0.5075730010734566 0.12513873893141766 0.06697106660603608 0 2.1813859826165132E-9 3.917030658938491E-8 -2.7613623620576492E-5
-0.4876818695036711 0.16005919777938846 0.06641416297022892 0 7.849022843143984E-9 4.301620781772903E-8 -2.7613927623448146E-5
-0.5817364775186938 0.11498204866540508 0.07140762999266016 0 3.728174714388999E-9 4.416540689068215E-8 -2.763126535026456E-5
-0.6893460495224288 0.06354738512595376 0.07863780818203957 0 8.204289084197356E-9 5.0564781376511395E-8 -2.762806181979302E-5
-0.7599167871431189 0.060700756349994105 0.08441733903220823 0 6.8667651347813474E-9 5.4194943838560376E-8 -2.761594946150078E-5
-0.8184909839211809 0.07533925376340878 0.08977629762126756 0 2.124148682516257E-9 5.8592492265688425E-8 -2.7610761456857696E-5
-0.8641324069088798 0.06217499425579329 0.09403348687291993 0 -1.344754540075723E-9 6.350293892090623E-8 -2.7615987191741905E-5
-0.919284810212244 0.10262901652303173 0.09999999999999994 0 3.374773888973453E-10 6.853084632747878E-8 -2.7618659547444707E-5
-0.7200856347104291 0.1275637570102766 0.08178787314202204 0 1.5836697239901983E-8 5.40735843939823E-8 -2.7616168727568885E-5
-0.6366216770914513 0.14805650423757327 0.07568897320024312 0 1.2058170700669314E-8 4.891095280140982E-8 -2.763173960122247E-5
-0.5083123257938114 0.6756675576578803 0.09200745306162258 0 5.088806119587173E-8 4.5787009288223155E-8 -2.761091116331189E-5
-0.5084523869045262 0.6310249340793687 0.08870435188239581 0 4.8553295851670005E-8 4.1848964289676673E-8 -2.7604065485902574E-5
-0.5485031394581954 0.7448231888659755 0.09999999999999998 0 5.480984292568514E-8 4.974733446881843E-8 -2.762091076716772E-5
-0.47303326379715877 0.5791284533565413 0.08316905076856485 0 4.873352536753484E-8 3.251919537391618E-8 -2.761310962119615E-5
-0.45509595152323223 0.4866404390645807 0.07663670286639768 0 3.794984839854545E-8 3.339013956401417E-8 -2.7631438305121225E-5
-0.4180330375357138 0.4186106610386911 0.07131407766744807 0 2.7878792314349647E-8 3.61031366121004E-8 -2.7630971436434357E-5
-0.35805699391726126 0.4725541821277961 0.0714004969823895 0 3.534882279552616E-8 3.179407964079621E-8 -2.763484259483813E-5
-0.3304177610769968 0.2075632873895256 0.060121873146272396 0 1.7190353981738506E-8 2.4036660865118857E-8 -2.763438023969458E-5
-0.3986677525588505 0.2551376793832065 0.06418286265211677 0 1.7053586775402404E-8 2.9794723798984448E-8 -2.7627035023309944E-5
-0.19326570388917413 0.3347460184966116 0.05996054906425581 0 2.6621509497688364E-8 1.3019654707224974E-8 -2.76375286244589E-5
-0.2326279902659774 0.402923498403311 0.06375456788963607 0 3.035988527351203E-8 1.864844725765241E-8 -2.762956565611976E-5
-0.2730034360466582 0.4728558218736924 0.06837705113188595 0 3.3667230666251764E-8 2.525831293187385E-8 -2.763444532797672E-5
-0.30165136280488025 0.41841452971898935 0.0665620091821718 0 3.2657162431448273E-8 2.946409085389217E-8 -2.7626690850031326E-5
-0.2982294435153453 0.2720284218761083 0.06072614652584282 0 2.394891426538073E-8 1.9048190816505073E-8 -2.7628732681705468E-5
-0.28071917465641966 0.3771430143239578 0.06401358518053687 0 3.260165951064287E-8 2.46000667844866E-8 -2.762322445905177E-5
-0.25621859628623345 0.3266156402995803 0.061257118437086824 0 2.9510513546650248E-8 1.8209865904663625E-8 -2.7629547693263584E-5
-0.07427627943517316 0.042883429926301085 0.05192880169730083 0 6.557608039012968E-9 3.86813000991103E-9 -2.7631247788223852E-5
-0.10192189467460559 0.10267269443312377 0.05269596908601702 0 1.0939080844958848E-8 7.205282303594716E-9 -2.7620954846088166E-5
-0.22270343343645202 -2.7398019802337882E-17 0.054316401779706945 0 -5.407419827664259E-9 1.7183683647469723E-8 -2.7628182895534818E-5
-0.1568744501142894 1.9427769320198104E-18 0.05290395974586273 0 1.8476808267091388E-10 1.2132904140702232E-8 -2.762211519374538E-5
-0.1333037269353432 0.03517105967265549 0.05258728793055297 0 5.17462374359801E-9 8.127011555619622E-9 -2.7621942401191218E-5
-0.2668792736165403 0.06671487334767572 0.055790773586017584 0 -4.748641639928172E-10 1.981826936004296E-8 -2.7634422844327034E-5
-0.25161809751440434 0.1255049475699697 0.05598231997151887 0 3.677751242106683E-9 2.1391686912830748E-8 -2.7631492958980138E-5
-0.2204702956430696 0.1429341155499399 0.055415459742855375 0 5.161605201866188E-9 2.1813628202916503E-8 -2.7626390856153174E-5
-0.18350196867475072 0.18844743574056294 0.05542383280391714 0 1.200335002706396E-8 2.0097386051356542E-8 -2.7632316776343948E-5
-0.1122914677939212 0.19449452747555573 0.054363926326504504 0 1.209661988447459E-8 1.3321626927234914E-8 -2.7628742295077402E-5
-0.13865734030206042 0.13413724110678021 0.05361667711440056 0 1.1549996777709754E-8 1.5067861748851934E-8 -2.761723586238918E-5
-0.3679940573528883 0.637384404218618 0.08217817873449762 0 5.000733731478308E-8 2.6056350150913247E-8 -2.7625513847319435E-5
-0.4124740638930545 0.7144260354671818 0.09005646238462257 0 5.297406696387416E-8 3.452278630465189E-8 -2.7619758213151817E-5
-0.4625000000000002 0.8010734985006057 0.09999999999999998 0 5.782074096364967E-8 4.159689470166238E-8 -2.7626506004064986E-5
0.41227210451772545 0.7140762315680472 0.09001864521731297 0 5.587666166693144E-8 -2.84732193842097E-8 -2.7618786564403856E-5
0.27234892372669683 0.47172217328134014 0.06829621029644013 0 3.8291576831889686E-8 -1.6517401635228554E-8 -2.7633128364022846E-5
0.36764043700660404 0.6367719158122639 0.08211917016769554 0 4.7207262900834956E-8 -3.006542339929545E-8 -2.7624553304671925E-5
0.31803615984503875 0.5508547874957042 0.07440724687637126 0 4.2081368699924556E-8 -2.3850522511557107E-8 -2.7636622683838043E-5
0.46250000000000013 0.8010734985006064 0.09999999999999999 0 6.439823516050675E-8 -2.909125667200805E-8 -2.762535296040982E-5
0.3836506929290541 0.7746515411716932 0.09384509082801112 0 6.416223480190619E-8 -2.5094231521758006E-8 -2.7618195927051837E-5
-0.14030890931253803 0.4679836164169959 0.06501280116403946 0 3.2651381377495266E-8 1.1329853850342913E-8 -2.7609231650922077E-5
-0.10294114607188212 0.4464085827438704 0.06338188130081227 0 3.719843062282681E-8 4.565401422361313E-9 -2.7613627056511887E-5
0.013052198219917906 0.38970549808144683 0.06010955939350729 0 2.9212344292472735E-8 -2.6262019042173966E-9 -2.763462987975549E-5
-0.04037960269203984 0.44085703180834646 0.06259577733066987 0 3.676932855391639E-8 1.9541735944957475E-9 -2.7626705363371874E-5
0.06533055038853267 0.4354649165439312 0.06247764990259344 0 2.9042515192624734E-8 -7.495817530681012E-9 -2.7622899888521292E-5
0.21079455863719812 0.4693257584201238 0.0664848367230654 0 4.1516449050989954E-8 -1.352946374313062E-8 -2.7625942820075975E-5
-0.2117215867706234 0.5198781223671348 0.06933829044213057 0 3.4569439440235754E-8 2.0749760842691487E-8 -2.7630863543659897E-5
-0.1460434120132441 0.503264073058023 0.06704541835555092 0 3.4876255850104275E-8 1.793315192165914E-8 -2.7614960755144587E-5
-0.17773060720916653 0.5259463281585314 0.0689480477972893 0 3.53490398728632E-8 1.980626247017365E-8 -2.7625767533407E-5
-0.2900329026458535 0.6297052539110424 0.07871782471366953 0 4.7825130500067554E-8 1.8384786322539492E-8 -2.762968923094641E-5
-0.2598642375444073 0.5690891545970852 0.07365958600480058 0 4.172565181973773E-8 2.0487527015060252E-8 -2.7636966057004938E-5
0.1498593825176401 0.45279307874260616 0.06437801254812758 0 3.8530837350983845E-8 -1.3505043044827872E-8 -2.76116064341052E-5
0.11053788187593885 0.4306223745782792 0.0626902062642271 0 3.102531186644435E-8 -1.3489094099346952E-8 -2.761614740805869E-5
-0.4490633670822637 0.26293361409508886 0.06682964731028329 0 1.5952865078473305E-8 3.649978013392886E-8 -2.763064196058124E-5
-0.4300985673768074 0.3012630280350379 0.0671100012724704 0 1.6929759011547196E-8 3.331201380113827E-8 -2.7628182699563496E-5
-0.49761740681994665 0.2259943198914076 0.06840949555720777 0 1.3394641577627377E-8 4.304576908699133E-8 -2.763038938597646E-5
-0.5518948161465873 0.17422255470543743 0.07046196471921622 0 7.422899076864457E-9 4.56002803626744E-8 -2.7628975700514097E-5
-0.4324706598932548 0.35955969358955997 0.06940707877592157 0 2.049150447344691E-8 3.53577475958687E-8 -2.7628553871807763E-5
-0.7940808377677345 0.13178185399490336 0.08820577601429047 0 8.801985123275916E-9 5.995926712141862E-8 -2.7601353178865946E-5
-0.8565041007211139 0.12935729823844902 0.09401883827528355 0 2.4416286871391956E-9 6.507414081440521E-8 -2.7609567982824767E-5
-0.9051192255768065 0.19074632675980735 0.09999999999999998 0 7.618109104885184E-9 7.274966672010053E-8 -2.7617391458888755E-5
-0.7583678808155521 0.178257805309045 0.085877514601274 0 1.656357436258266E-8 6.171921687141729E-8 -2.760861309967142E-5
-0.6170663609123308 0.222189336538271 0.07585507468331582 0 1.7322683668705186E-8 4.7947213856101035E-8 -2.7633532468955658E-5
-0.6972424057138269 0.20430689657176623 0.08139617396721441 0 1.950209428139282E-8 5.484593856731579E-8 -2.762274281623123E-5
-0.5596851197575441 0.6634042603718276 0.09419033697962355 0 4.581882217696339E-8 4.865531007277852E-8 -2.7611049901754153E-5
-0.5445828559277583 0.5931276201062036 0.08823074690283748 0 4.1508552267105945E-8 4.0155828487955746E-8 -2.760649932071814E-5
-0.6177328508859395 0.6884991641819085 0.09999999999999992 0 4.618066602746117E-8 5.186925697912891E-8 -2.7619231214870988E-5
-0.5240933648557363 0.5322322969179639 0.08310069903157469 0 4.083769351476304E-8 3.5279576602975E-8 -2.7618003887600544E-5
-0.482008368592271 0.40269833860051546 0.07383556549613608 0 2.8551069082389476E-8 3.758095691124972E-8 -2.7634998396178902E-5
-0.5228737105474611 0.469403410425903 0.07945982017150148 0 3.693836102987794E-8 3.759344871896487E-8 -2.7628510492743743E-5
-0.3178442209190435 0.3574692689417035 0.06445327462614317 0 3.1092310216162945E-8 2.728093877475293E-8 -2.7612100804895446E-5
-0.3668515165065182 0.391453181331997 0.06779342734587494 0 2.584269550750855E-8 3.5424909929954226E-8 -2.761874452127428E-5
-0.37474174799433474 0.32521524057353407 0.06543736846884436 0 1.9030945606941454E-8 2.6928504683402206E-8 -2.761327514118941E-5
-0.3445240713159381 0.2767146512083848 0.0625551726814487 0 2.1253477282054125E-8 2.150583886603311E-8 -2.762239511309074E-5
-0.31825267387856393 0.31228528282505885 0.06275542647814246 0 2.74519844986264E-8 2.0391038067934563E-8 -2.7616065527290758E-5
-0.13208776332768443 0.07040426877471616 0.05277929135503948 0 8.928694064007966E-9 7.799812235715086E-9 -2.761737720430855E-5
-0.13558426904309848 0.09984465055515283 0.05311549222562181 0 1.0935260273907762E-8 1.0782675995537495E-8 -2.7614201710703564E-5
-0.18433654548332082 0.04822270923057056 0.05356505347436668 0 6.498743719237628E-10 1.0836342339032177E-8 -2.7617803029034738E-5
-0.2141365218541703 0.10501643106435352 0.054728299370409676 0 5.554817530421967E-10 1.81023013931013E-8 -2.7618686157025447E-5
-0.18680865935078547 0.12991541986645883 0.054439563423197654 0 6.008483221874755E-9 2.0080915181797595E-8 -2.761565033234316E-5
-0.1657690318723488 0.09663028560186346 0.05359396061230915 0 7.356255223498661E-9 1.2944746469320537E-8 -2.7608985369346753E-5
-0.3275435087421515 0.689022237889938 0.08446715933764735 0 5.016714168375283E-8 2.1416640934068273E-8 -2.7617995594603717E-5
-0.3440235561346144 0.746753392646391 0.089798396197132 0 5.157394159995672E-8 2.7652171568052994E-8 -2.761321254176901E-5
-0.3781299746230488 0.7796968295885027 0.09405159466762453 0 5.4163315083340595E-8 3.319392713938179E-8 -2.7618650843100224E-5
-0.37078556224583165 0.8474286657041803 0.09999999999999998 0 5.931947934963562E-8 3.430802559284917E-8 -2.7621679351021156E-5
0.33139114289377414 0.7785556133621918 0.09206768166444738 0 6.473236136092861E-8 -2.0946124367103233E-8 -2.7610658006076524E-5
0.3464548928541494 0.7191482470167311 0.08759713317592265 0 5.906571133372823E-8 -2.729609800027952E-8 -2.7614482353012723E-5
0.31546555307223767 0.6681703741372863 0.08242156072081934 0 5.205431250221201E-8 -2.8525838281961507E-8 -2.7620771073361702E-5
0.22784343961994072 0.5451094489255655 0.0712614275403811 0 4.494151455862672E-8 -1.4241126913928362E-8 -2.763387675585816E-5
0.28413345033548576 0.6165726819630529 0.0775980862421621 0 4.7209902140797243E-8 -2.4614762358432552E-8 -2.763106197804313E-5
0.290977677915208 0.7546407636986492 0.08855875058870188 0 5.998951026783008E-8 -2.0997198356405302E-8 -2.760391775800171E-5
0.37075219693550476 0.8474432642497914 0.09999999999999995 0 6.995629352112314E-8 -2.228920789232967E-8 -2.7620736570308378E-5
-0.10596501162257625 0.5041773372256164 0.06652572871029448 0 4.084585507582209E-8 1.5015564049409695E-8 -2.7614991415264558E-5
-0.07102778036707863 0.4813038479979327 0.06489977746314218 0 4.186789007999034E-8 8.270310465511924E-9 -2.7619065027531317E-5
0.019795838688718658 0.4703114259817324 0.06404440608297313 0 3.3931881169135957E-8 1.350799616656473E-10 -2.7627374907409914E-5
-0.028427878816465992 0.4894039605592073 0.06510500934199118 0 3.971676520302645E-8 5.310242875065297E-9 -2.762722173967333E-5
0.09307018049889713 0.4870154223859189 0.06541754354915294 0 3.233509301233293E-8 -2.9852717631874346E-9 -2.761341265982575E-5
0.15223360853370174 0.5114589799667827 0.06762073099832455 0 4.291421919023111E-8 -4.33593930588502E-9 -2.7617131388134195E-5
-0.19168892528151515 0.5624523066487594 0.07149027116733256 0 4.0062075737041284E-8 1.8946517799731735E-8 -2.76326997312044E-5
-0.12546868182070262 0.5661421054611622 0.07053660282173835 0 4.3046663000772094E-8 1.647848601996934E-8 -2.7630192376727332E-5
-0.25001651455608004 0.6877574831582879 0.0818288600417976 0 5.455338487976703E-8 1.3555286223616372E-8 -2.7618007584286656E-5
-0.19051431605916905 0.626194724144322 0.07575740850014469 0 4.8301199774491104E-8 1.4166557352449349E-8 -2.7633249689200364E-5
-0.496968869184538 0.31115828345845903 0.07096354188096898 0 2.0324184415993726E-8 3.943795925929044E-8 -2.7636485885539158E-5
-0.5531916805568735 0.25483900449276115 0.07250231820116239 0 1.7492528193515905E-8 4.444286318424298E-8 -2.7636132653744198E-5
-0.8285501209973593 0.21135039229984 0.09293041569195869 0 1.1305075552875893E-8 6.874373559291361E-8 -2.761289285589132E-5
-0.8809225682293763 0.28211960771987943 0.09999999999999996 0 1.5475308073412137E-8 7.154517998755354E-8 -2.76237803596785E-5
-0.7578216461505274 0.23114048963723496 0.08705889216020636 0 1.8029499839359142E-8 6.162372648543157E-8 -2.7615904761824714E-5
-0.5442886348821633 0.36830034160648034 0.07595460109733419 0 2.936383764244687E-8 4.1077515401357675E-8 -2.7634249545362723E-5
-0.6102329054490169 0.29533181001281994 0.07752504764743703 0 2.4945862064001984E-8 4.491808274781903E-8 -2.763116082245918E-5
-0.6672358697757713 0.2726523999513782 0.08092297245691278 0 2.3136820763144504E-8 4.9134067234890554E-8 -2.7625586474481725E-5
-0.7250638207162802 0.2644091498704253 0.08523826785223539 0 2.0787554984716486E-8 5.5581555637533894E-8 -2.7619884543586558E-5
-0.6071515389330133 0.6092519905512257 0.0934219469334025 0 3.9670522273135314E-8 4.8369209065690864E-8 -2.76157668592347E-5
-0.5735399527378838 0.553508622043815 0.08749015204644302 0 3.870775925438413E-8 4.173638779734255E-8 -2.7615051782979386E-5
-0.6847646792234087 0.6218628292777222 0.09999999999999995 0 4.100024684202723E-8 5.592965101811862E-8 -2.7625059510254045E-5
-0.5770660846669927 0.4836246905463882 0.08360849061752018 0 3.801734575305087E-8 4.308251989431228E-8 -2.7622522278291288E-5
-0.5580584193120216 0.42548332869284067 0.07938775238593494 0 3.515824170697052E-8 4.1702746851571255E-8 -2.7628853546881625E-5
-0.28374056147924315 0.7514739211838952 0.0880520415280374 0 5.583172495051466E-8 2.2331723843706995E-8 -2.7603873316841047E-5
-0.3165497745723784 0.8071051679018629 0.09409208829712741 0 5.752557115673258E-8 3.082580561306705E-8 -2.7612473702661944E-5
-0.28739394850298333 0.8792210714939998 0.09999999999999995 0 6.658166440395117E-8 3.012836834024475E-8 -2.7620495603999656E-5
0.29491717071644896 0.8166669280321706 0.09422261270086467 0 6.454261381606437E-8 -1.5015508925698547E-8 -2.7611344590646328E-5
0.15199695343335898 0.5713443637747507 0.07128864354870555 0 4.472786375609168E-8 -5.842971640910138E-9 -2.7630669609778238E-5
0.2647361318881631 0.6988930987695543 0.08313425830297129 0 5.2069634465622255E-8 -2.59180924892337E-8 -2.761313484669206E-5
0.19363779692619498 0.6392946953673742 0.07676490405819379 0 4.768279997358725E-8 -1.6086721001908184E-8 -2.7631108736317957E-5
0.23873623781901862 0.7680602578468166 0.08814793343306232 0 5.49365828227767E-8 -1.5452465253136806E-8 -2.760714112004499E-5
0.28735785633849587 0.8792328678266585 0.09999999999999996 0 6.759463990675865E-8 -1.3865876320538226E-8 -2.761969090169176E-5
0.045020558010702406 0.5239593119206281 0.06715619876796416 0 3.709290636065139E-8 2.1807193042700284E-9 -2.7628694655913514E-5
-0.05203180167969757 0.5443357511275837 0.06842717285738563 0 4.376426098254016E-8 9.929921497282025E-9 -2.7631273758089064E-5
0.00125333399408392 0.5186888782774369 0.06673044987207258 0 3.9390388368312824E-8 4.628258545919939E-9 -2.763092459595575E-5
0.09263905094403112 0.5551170207203664 0.06943102413110942 0 4.060026785405909E-8 7.092030099785385E-11 -2.762909625335972E-5
-0.22520922840433807 0.7458968973346561 0.08588793599516027 0 6.159762749255553E-8 1.681226591127646E-8 -2.7610942654762918E-5
-0.056365569894855645 0.6123374883168232 0.07290850863136553 0 4.739112732198863E-8 6.818499996861121E-9 -2.763726715979246E-5
-0.11459365381122652 0.6489796043007032 0.07609123122821615 0 5.013275020787264E-8 8.884421766777435E-9 -2.7634799701611785E-5
-0.17201424223952635 0.7059350940103869 0.08139872432652714 0 5.699333952556261E-8 1.0872670656329236E-8 -2.7624748964615626E-5
-0.5619648707592039 0.31624700130713346 0.07504348009682706 0 2.5011652496558855E-8 4.262801323531188E-8 -2.7635428835412092E-5
-0.7888004165309431 0.29037609645717466 0.09153149855841576 0 1.8101468877491678E-8 6.195760021325176E-8 -2.7618823835670204E-5
-0.8437609348289447 0.37906778281416026 0.09999999999999995 0 2.132476850228254E-8 6.524337532311072E-8 -2.762265194038063E-5
-0.6064827120561797 0.3683452405387546 0.08001332460787643 0 3.3343838506692275E-8 4.421447106449316E-8 -2.7623895797923916E-5
-0.6554904399290363 0.3258387756938692 0.08184700708932659 0 2.8270494473114365E-8 4.585587669081994E-8 -2.7619921105349364E-5
-0.7173789460644423 0.321865662586802 0.08652046298759287 0 2.3131154475346132E-8 5.147469801402331E-8 -2.7615026223958168E-5
-0.6465139113454262 0.538316822314734 0.09160194260007758 0 3.782076771428217E-8 5.250068183814966E-8 -2.7619773731259287E-5
-0.7501326501074496 0.5412263004122692 0.09999999999999996 0 3.708024368869644E-8 6.399362432953684E-8 -2.762330015681218E-5
-0.8010558185062641 0.4625204886241073 0.09999999999999998 0 2.8649264152340565E-8 6.531417391717992E-8 -2.7618337527152714E-5
-0.6328963674406779 0.44705014677999644 0.08550954643040555 0 3.7714635386177286E-8 5.100721004595833E-8 -2.761528621016681E-5
-0.2313025414788286 0.8233581280344338 0.09294490463014164 0 6.49393918633003E-8 2.4895215553023184E-8 -2.761558578194994E-5
-0.19616860770583666 0.9039546015730862 0.09999999999999994 0 6.942030065449132E-8 2.2737482499810755E-8 -2.762686478842097E-5
0.2216527773738334 0.8287572231622684 0.0932031971273528 0 6.114142158562244E-8 -9.84444179561794E-9 -2.7616381106935718E-5
0.10414931811684251 0.6209165315731189 0.07394244219969823 0 4.660730839915071E-8 -5.6507673843644616E-9 -2.7635484973483978E-5
0.1942511971230704 0.716812779625243 0.08273823779707914 0 5.05781895928951E-8 -1.715290033747391E-8 -2.761950925662634E-5
0.14442364609626682 0.6895139486023729 0.07960445430492032 0 5.080661800426974E-8 -1.3037662555648914E-8 -2.7628848950145846E-5
0.1913914876174544 0.7797285375111098 0.08801717214843206 0 5.5770827514104965E-8 -1.1836193701468877E-8 -2.7615981235460586E-5
0.196130597538861 0.9039628493277602 0.09999999999999998 0 6.841647998970228E-8 -7.2173222430259025E-9 -2.7626316110967727E-5
0.020086990102898373 0.582926818943489 0.07076019404513119 0 4.378969194816228E-8 2.591878728379345E-9 -2.7636973985862043E-5
-0.17894546311077822 0.7718277883825889 0.08706002927260566 0 6.202887017672094E-8 1.5469022024485428E-8 -2.7618204271093796E-5
0.04599891718688658 0.6542488180254783 0.07585611859697282 0 4.986425801424562E-8 -4.655625503524742E-9 -2.7635210525579322E-5
-0.007855133722757698 0.6491499078369714 0.07536310530979572 0 4.946380978106301E-8 -5.49148026846768E-10 -2.76359672111427E-5
-0.13380906082414654 0.7600240739879767 0.08523325950883376 0 5.830701203610627E-8 1.0072086702245038E-8 -2.7622000127847197E-5
-0.04850890629174576 0.6781878024575423 0.07767733236817918 0 5.1210622257875336E-8 8.404294799965766E-10 -2.7632214826370962E-5
-0.09794458893422112 0.7138796015511557 0.08090449857215169 0 5.381966428585745E-8 4.802690625613448E-9 -2.7627426687435606E-5
-0.7603438011582597 0.3738096376808479 0.09217483686370775 0 2.1814330616494394E-8 5.743617116379526E-8 -2.7612102936180537E-5
-0.6767294999436547 0.3833870641168077 0.0857669286165472 0 3.1792287210204156E-8 4.9641182858390884E-8 -2.7605393615239453E-5
-0.7186415188607147 0.46354605628657686 0.09293928953994947 0 3.166466191937992E-8 6.132216348564816E-8 -2.761137515996698E-5
-0.14285595486183847 0.8282574032154251 0.09152546819348935 0 6.238570325072978E-8 1.5586436402412183E-8 -2.762134595595672E-5
-0.09363126894349026 0.9202489260084377 0.09999999999999998 0 6.682214123627056E-8 1.4512723658650623E-8 -2.7625527740546356E-5
0.09361324045256657 0.9202507597854978 0.09999999999999996 0 7.347000337263872E-8 2.139547490367435E-10 -2.7625298854573406E-5
0.14341620299378274 0.8294494640794721 0.09164675622284839 0 6.397068572553348E-8 -6.253436969529137E-9 -2.7621005342224407E-5
0.08739963386816947 0.6969472503405287 0.07943927986118828 0 5.3555395768625856E-8 -9.420562713118904E-9 -2.762953000220036E-5
0.1332242410665833 0.7460807458646898 0.0840331591986956 0 5.622319809241663E-8 -1.1097834264638784E-8 -2.7622810256028563E-5
0.011531729957052445 0.7092408490309093 0.07999382505294728 0 5.450014409959517E-8 -6.26190372269373E-9 -2.7625066738983027E-5
-0.08028628936017151 0.7814679591465112 0.08645850584417021 0 5.580348545735664E-8 5.8594693430040575E-9 -2.761725712414297E-5
-0.04561230651596534 0.7294921334214546 0.08175631121749642 0 5.353094337523509E-8 -1.2601873193758585E-9 -2.7621796158206367E-5
-2.6622719632600497E-6 0.924994933365257 0.09999999999999994 0 7.051701438389003E-8 8.269242372788515E-9 -2.762093607926614E-5
-0.057540995049113024 0.8423979795604504 0.0918960227632853 0 5.997266259483648E-8 1.0055371682458943E-8 -2.761425745460556E-5
0.04284010489062188 0.8515402282381707 0.09269147861274166 0 6.848457896940532E-8 3.2928490368294847E-9 -2.7613228743690583E-5
0.06678793864290467 0.7745216917616873 0.0857326633705871 0 6.307631608975324E-8 -6.4853142966877545E-9 -2.7615707349582162E-5
-0.010066347156763605 0.7750831353836388 0.08553470969702802 0 5.788054134947816E-8 -2.504010317061275E-9 -2.7607869515273048E-5
