% Model:
% Version:
% Dimension:          3
% Nodes:              691
% Expressions:        4
% Description:        Surface
% X                       Y                        Z                        Color                    DeformX                  DeformY                  DeformZ
0.7501545366059812 -0.5411959634402135 0.09999999999999992 0 -3.6086490070608435E-8 -6.177339230613496E-8 -2.761938920662239E-5
0.8010709981238165 -0.4624941975024229 0.09999999999999998 0 -2.786426221663742E-8 -6.304558310068917E-8 -2.761478526502116E-5
0.09365704332523052 -0.9202463037324213 0.1 0 -6.515676854536318E-8 -1.3670733101998855E-8 -2.761987268011286E-5
0.1962292603758942 -0.9039414372048337 0.09999999999999995 0 -6.771408264767274E-8 -2.1625525789903432E-8 -2.7621001924479102E-5
0.2874231814397345 -0.8792115158194402 0.09999999999999994 0 -6.4821756615697E-8 -2.883271000947648E-8 -2.761461551829961E-5
0.6177594039507672 -0.6884753389104772 0.09999999999999995 0 -4.4863372875080844E-8 -4.9932113225814484E-8 -2.7614392195332912E-5
0.6847899965302143 -0.621834949891059 0.09999999999999994 0 -3.9793772843545996E-8 -5.3786603775934073E-8 -2.762071741962484E-5
0.6644823007055147 -0.538951594396605 0.09297818153954257 0 -3.667291375984526E-8 -5.293284475008743E-8 -2.7616537204738943E-5
2.0711142119768948E-5 -0.9249949331376585 0.09999999999999999 0 -6.882678749016862E-8 -7.510891559654931E-9 -2.761531211318353E-5
0.04393583996701241 -0.8511210240129379 0.09265635168129693 0 -5.981996893359057E-8 -9.241793976537234E-9 -2.7608328006694062E-5
0.7176713367395712 -0.4652126067437795 0.09294805270739674 0 -3.107576314488033E-8 -5.916979892611273E-8 -2.7608348461921845E-5
0.8437752388147 -0.3790359438971111 0.09999999999999999 0 -2.0662211384737894E-8 -6.28994437987572E-8 -2.761968130763671E-5
0.7635253857731481 -0.3782532475337201 0.0926398396720293 0 -2.1261389009646963E-8 -5.5905529256326645E-8 -2.760921699560497E-5
0.5547456546446984 -0.6639301342123076 0.09391738389868395 0 -4.47694597600879E-8 -4.666011448593E-8 -2.760606726010601E-5
0.5485314847714319 -0.7448023146284535 0.09999999999999996 0 -5.325084889635218E-8 -4.7961790584296154E-8 -2.7615931923946465E-5
0.12762107521700677 -0.8265826692803626 0.09113421310198931 0 -5.974297051197323E-8 -1.3127733873166163E-8 -2.761578889520419E-5
0.22639239794839497 -0.823169454837357 0.09279966487488275 0 -6.34335016057075E-8 -2.3267612344665123E-8 -2.761054448891015E-5
0.3707854054882235 -0.84742873429503 0.09999999999999998 0 -5.770802818924664E-8 -3.289629177820651E-8 -2.761589395451001E-5
0.297447604941039 -0.8106467532563327 0.09375141746476388 0 -5.772296456397214E-8 -2.8650725553277006E-8 -2.7605960041197257E-5
0.6050561438570463 -0.6036830020468074 0.09289418017943475 0 -3.8181028247238943E-8 -4.6110887815330035E-8 -2.7611299566916057E-5
0.5365057739834548 -0.6074638984061794 0.08871198704411523 0 -4.192316299638455E-8 -3.9410300601476286E-8 -2.7600255163500396E-5
0.640351776746304 -0.4627856253417016 0.08686037768572825 0 -3.66183415138921E-8 -5.0612463185403404E-8 -2.7612001866800665E-5
0.6027366073062329 -0.5213223560235656 0.08747588350371878 0 -3.712608407465475E-8 -4.4431885241273156E-8 -2.7615475820221554E-5
0.11581756539084577 -0.7588114009433137 0.08487399945221091 0 -5.547352320410411E-8 -7.366208142301347E-9 -2.761754721114069E-5
-0.09361073890939044 -0.9202510142029422 0.09999999999999994 0 -7.183741396543803E-8 2.490256516718366E-10 -2.7620254803961184E-5
-0.19619007773418676 -0.9039499420937565 0.09999999999999996 0 -6.680471654019781E-8 7.477755795355347E-9 -2.7621906010828544E-5
-0.2873887771284415 -0.8792227618026944 0.09999999999999995 0 -6.595749317899291E-8 1.3805215460958884E-8 -2.7615989517032124E-5
0.06358506183867196 -0.7827017733005069 0.08643167294964106 0 -5.3942389222857197E-8 -3.3843609027454993E-9 -2.761000976758692E-5
-0.04837786591123471 -0.8513117859798404 0.09269807273978152 0 -6.700507717939382E-8 -2.2273831538493E-9 -2.760912223979559E-5
-0.004822548609299431 -0.7855262944057821 0.08645491759740055 0 -5.90798474021827E-8 2.6345876890527164E-9 -2.7601691951946264E-5
0.8809325145611795 -0.2820885484172241 0.09999999999999999 0 -1.5062718284763143E-8 -6.91654780052473E-8 -2.762118192599789E-5
0.677795607943666 -0.39290477214771735 0.0862680402418979 0 -3.159962362533801E-8 -4.89691357686868E-8 -2.7601355960509958E-5
0.6103906305879976 -0.40135765312469535 0.08172372928462611 0 -3.556823585966324E-8 -4.423567302531505E-8 -2.7617318197002655E-5
0.8014927716328404 -0.2914410587712435 0.09271262928645595 0 -1.721105242559688E-8 -6.117267537055888E-8 -2.7616906557567514E-5
0.7173493567573874 -0.31695962258024274 0.08634023460744475 0 -2.2524653872887083E-8 -4.9597284636196264E-8 -2.7613268371377385E-5
0.8230806401765318 -0.20733638606092913 0.09232209730203018 0 -1.1019304407549322E-8 -6.61445798502236E-8 -2.760951184655693E-5
0.5055257679581893 -0.637124600070996 0.08897493457515948 0 -4.8072920956357025E-8 -4.0918024153856114E-8 -2.7600541339925526E-5
0.4897167015298755 -0.6990669986722716 0.09278011319940965 0 -5.188674931562738E-8 -4.283388281137131E-8 -2.7610942520596792E-5
0.46249999999999986 -0.8010734985006049 0.09999999999999984 0 -5.628447386402203E-8 -3.98969350705376E-8 -2.762086967010901E-5
0.18083964416846285 -0.7595104378227608 0.08602850609777069 0 -6.007018321581715E-8 -1.3706416021033409E-8 -2.761366342209518E-5
0.2521627428797361 -0.7694593063835823 0.08864404636431371 0 -5.961075665138882E-8 -2.1332574425558984E-8 -2.7601109268213095E-5
0.36329863298781023 -0.7692008953950572 0.09250410835033814 0 -5.166172133631162E-8 -2.999272308242698E-8 -2.7611212371150898E-5
0.29721686832567656 -0.7486484838731736 0.08825580478820183 0 -5.2622980418348455E-8 -2.1970390302176542E-8 -2.7600578293162593E-5
0.566498136584519 -0.34007595181336675 0.07621962270586992 0 -2.747629257033632E-8 -4.075693391660701E-8 -2.7631097048435264E-5
0.5490740032503059 -0.5442731464552364 0.08535659345024513 0 -3.871226236169921E-8 -3.638482235100422E-8 -2.7611607291616704E-5
0.4877536710430043 -0.5826751104622181 0.08420495651136725 0 -4.684341014593622E-8 -3.2025855422434834E-8 -2.760579383712866E-5
0.5629289159938321 -0.47314451663551055 0.08212579004392509 0 -3.674827411971085E-8 -3.981763467906463E-8 -2.7621398805196835E-5
0.5395049675561714 -0.4037977139333864 0.07721405836956645 0 -3.178249797496288E-8 -3.888407001781101E-8 -2.762984841024829E-5
0.08068135396090602 -0.714167303296879 0.080752947531276 0 -5.194118250568093E-8 -2.1827402006976275E-9 -2.7622889087597196E-5
0.1307586883786586 -0.7179080095003467 0.08165710231721483 0 -5.435138005860641E-8 -7.2266745901218145E-9 -2.7622315779994825E-5
-0.3707535969478622 -0.8474426517245004 0.09999999999999994 0 -6.848654796227443E-8 2.2096670070205873E-8 -2.7617653542975356E-5
-0.14308797449955207 -0.83181181721957 0.0918642159103333 0 -6.276313031623373E-8 6.359629648626796E-9 -2.7617057832731923E-5
-0.22448109351079631 -0.8295744817427092 0.09335179876408067 0 -5.973160507214001E-8 1.0052596718881464E-8 -2.7612658592356963E-5
-0.2937621218403122 -0.816155750548228 0.09413660224150187 0 -6.298507206064078E-8 1.4866036009216106E-8 -2.760801485829728E-5
0.02032803985547743 -0.7231235035279147 0.08113718206932351 0 -5.2799208789560354E-8 4.5089307514729674E-9 -2.761800880575026E-5
0.049373389215154835 -0.676251463493053 0.07753347573866787 0 -4.990491344579919E-8 -4.505160840500603E-10 -2.7628919249175725E-5
-0.07537530152887752 -0.7754914719888756 0.0858872030654022 0 -6.158581706992064E-8 7.109853653828213E-9 -2.76129409805411E-5
-0.03309170223836219 -0.7328034628470876 0.08197501691133365 0 -5.640229237134484E-8 8.328310479402465E-9 -2.761633491991304E-5
0.9051251563026282 -0.1907181838739738 0.09999999999999992 0 -7.3353587263825E-9 -7.022827588611284E-8 -2.7615234245014918E-5
0.6346730356926771 -0.3174870091624341 0.08001946855914073 0 -2.731641466898755E-8 -4.3293481101739854E-8 -2.762247148485924E-5
0.7578046117703346 -0.24801668508133742 0.08751626752734717 0 -1.810467397034371E-8 -5.858251866291215E-8 -2.7614990692562146E-5
0.6897625743522149 -0.264441860913035 0.0824063475266023 0 -2.1734693908875538E-8 -4.972204858618604E-8 -2.76211279766343E-5
0.7597010793028803 -0.19500257071099417 0.08634694259141452 0 -1.6624565460214492E-8 -6.045594708841624E-8 -2.760891832849154E-5
0.7883546035916825 -0.1648885681025431 0.08824892692988197 0 -1.1665816019928815E-8 -6.172585396669634E-8 -2.7601490340048047E-5
0.8374232558848942 -0.12934172138602965 0.09218338983550128 0 -3.1377770430036855E-9 -6.130480249305763E-8 -2.7604395954668117E-5
0.7880045515761319 -0.1291017367769672 0.0876205822064691 0 -9.515612369284672E-9 -5.697276457584521E-8 -2.7600218061788685E-5
0.45389464101054455 -0.6418290507487612 0.08650541722977734 0 -5.194751911795769E-8 -3.557074766599499E-8 -2.760910561897202E-5
0.4122622788181451 -0.7140592129571535 0.09001680581831237 0 -5.162345179561586E-8 -3.3019991388284344E-8 -2.761501700505465E-5
0.1697005588141962 -0.6915759378642319 0.08021607449160523 0 -5.419443732899102E-8 -9.761797679308742E-9 -2.7622857216406467E-5
0.24692814396934865 -0.6974874410583478 0.08250617855893733 0 -5.4451436814057944E-8 -1.2487152550693797E-8 -2.7611364628036864E-5
0.3299132550602819 -0.6955796266909601 0.08507057911176502 0 -4.8947377410851775E-8 -2.0652348376466944E-8 -2.7612347603814282E-5
0.5796784116794852 -0.2776116098201063 0.07488927562467991 0 -2.1148268561825778E-8 -4.288976262793374E-8 -2.7633278934000525E-5
0.5306797663003683 -0.29923675531161764 0.07251363051783592 0 -2.0759578953029403E-8 -4.0246749828950474E-8 -2.7635118832607886E-5
0.5018045759598764 -0.34636458619402455 0.07254833341115845 0 -2.341397064952268E-8 -3.76404926139713E-8 -2.7634269553906438E-5
0.43691576165411183 -0.5863880363863174 0.08178506492225697 0 -4.8987633632980304E-8 -2.9746054784603318E-8 -2.7616298935282545E-5
0.5025098789806555 -0.5159632075862093 0.08087711077114174 0 -3.977211393948417E-8 -3.241611800024575E-8 -2.7619311271985608E-5
0.4531934148271225 -0.5420428192507506 0.07976926362259741 0 -4.401586216498332E-8 -2.9500621900731765E-8 -2.7620399104196062E-5
0.5051728219418842 -0.4543425560441293 0.07763963571270259 0 -3.436359357767613E-8 -3.5421688882275524E-8 -2.7628502952808552E-5
0.4743994852003083 -0.40954268251415876 0.073738234339428 0 -2.8126307672199238E-8 -3.574347030854365E-8 -2.763200953250236E-5
0.115198487208555 -0.6531897985847656 0.07640980333620502 0 -4.9328535132933614E-8 -7.867067233786981E-9 -2.763091145087083E-5
-0.4625000000000001 -0.8010734985006056 0.09999999999999992 0 -6.302856541088041E-8 2.859370928936193E-8 -2.762313241748743E-5
-0.3837134371029664 -0.7748603000238192 0.09386619334345218 0 -6.287869739957079E-8 2.4750524863016348E-8 -2.7615738766123114E-5
-0.3293828651109605 -0.7771045511687245 0.09186418681824765 0 -6.323911915931854E-8 2.0780534733028255E-8 -2.7607557835613045E-5
-0.4839056580716607 -0.700569999447879 0.09257832058039935 0 -5.221393247604907E-8 2.9503833298696064E-8 -2.761366624983612E-5
0.04767908888924959 -0.6125339534466794 0.07287094188782159 0 -4.626792339506831E-8 -5.464886017932259E-9 -2.7634477771087067E-5
-0.19485303194491674 -0.7756068237085788 0.08772926134592987 0 -5.3898186678384985E-8 1.241075752062978E-8 -2.7612120015836132E-5
-0.1380657870545559 -0.7497079460326577 0.08441541385599156 0 -5.487206166709655E-8 1.1364828086328262E-8 -2.761893440197259E-5
-0.24450643515018045 -0.7666415232960108 0.08818261063739213 0 -5.377114565471021E-8 1.596433937163254E-8 -2.760305377689705E-5
-0.29287844997281653 -0.7560683801841976 0.08874412837590734 0 -5.8970213224923805E-8 2.0850459297304275E-8 -2.76012346057942E-5
-0.018713178495829663 -0.6598847879456907 0.07617577755495693 0 -4.91941585293054E-8 3.786885431874094E-9 -2.7631512165221204E-5
-0.08839747535315964 -0.7039498716595032 0.08000538942626953 0 -5.300676471768819E-8 9.983468861217235E-9 -2.762522813258312E-5
0.8548200389796248 -0.0652462727687064 0.09314675085287963 0 7.888117776764043E-10 -6.026883151210813E-8 -2.761327573724092E-5
0.9192877606928158 -0.10260258091221079 0.10000000000000002 0 -2.659334113162349E-10 -6.612551712312681E-8 -2.76168271444832E-5
0.6384778628041976 -0.2349189996283244 0.07770845629712514 0 -1.9284078243722022E-8 -4.70465731801802E-8 -2.7629237083430053E-5
0.7040732060431756 -0.2032143579310842 0.08191372549943252 0 -1.9126393144119954E-8 -5.372507522788366E-8 -2.7619519655301782E-5
0.5898871014295897 -0.20776639827421509 0.07364495662277284 0 -1.3702501792200362E-8 -4.54198099893482E-8 -2.7632337159812536E-5
0.7325342916850157 -0.13408386908087772 0.08291013088256632 0 -1.6135215219147806E-8 -5.348429987232269E-8 -2.761054695107862E-5
0.8252770499196602 1.9257059754862352E-16 0.09008727174442388 0 2.944323588823569E-9 -6.102864163781524E-8 -2.7616164458734382E-5
0.7859407931602105 -0.07401767626946823 0.08680140328934058 0 -5.6838052233260505E-9 -5.328761911892622E-8 -2.7609243245956156E-5
-0.499151538632016 -0.6334110077816723 0.08834372866104906 0 -4.553215603490615E-8 3.41751599601878E-8 -2.7602877049035066E-5
-0.539934650094959 -0.6040123388311489 0.08868415026698911 0 -4.868739920453669E-8 4.078427850933209E-8 -2.76030887118772E-5
-0.55199683338532 -0.6639303440969675 0.09374464706266032 0 -5.389708547953169E-8 3.531912417736839E-8 -2.7608357143671093E-5
-0.5485674035956859 -0.7447758606713794 0.09999999999999995 0 -5.764196967135089E-8 3.3357410308627536E-8 -2.76184383953269E-5
0.36763254236248405 -0.6367582418875392 0.08211785344170683 0 -4.869078728495473E-8 -2.477406001043966E-8 -2.7621511082567592E-5
0.18957159845420457 -0.6243064952889011 0.07560329744867302 0 -4.6929321035016636E-8 -1.3382619067428667E-8 -2.7629792175588794E-5
0.28831363121595577 -0.628175946475062 0.0785524110683112 0 -4.6610953516692825E-8 -1.7027356129755113E-8 -2.7626135164190624E-5
0.526450453306162 -0.23768251001620336 0.07038843476625324 0 -1.4189362616601183E-8 -4.272822576760713E-8 -2.7632154242879285E-5
0.47890979704271586 -0.2863984098188226 0.06912760288748078 0 -1.709081055374273E-8 -3.743199140139242E-8 -2.763260585874988E-5
0.4494990254251993 -0.3483577682477059 0.06980849106780328 0 -1.9763831404663208E-8 -3.47300752196561E-8 -2.7629113148250764E-5
0.38634553368626057 -0.5411366135074791 0.07653244947706521 0 -4.2598254478519455E-8 -2.7657272706370426E-8 -2.7630140803978816E-5
0.43810869406594616 -0.47330739854493387 0.07505155127124848 0 -3.505462109963233E-8 -3.242515062716408E-8 -2.763024055113486E-5
0.4170420346765119 -0.4108303752912244 0.07090170067103962 0 -2.600458269987431E-8 -3.4875345412692505E-8 -2.7627421177586403E-5
0.1909808398518187 -0.5616900805542806 0.07142639087555928 0 -3.898793235999888E-8 -1.817873062792725E-8 -2.762944927130972E-5
0.12475562378528363 -0.5650913910725969 0.07045918166236254 0 -4.2101756197016876E-8 -1.5570004431555446E-8 -2.762710535097765E-5
0.05189365664575958 -0.5409828050063739 0.06822031633188272 0 -4.265499974731585E-8 -9.497341003130773E-9 -2.7628294102519916E-5
-0.41249148408265685 -0.71445620812065 0.0900597252140442 0 -5.474460386569523E-8 2.80441144880776E-8 -2.761696471776738E-5
-0.34485879204612635 -0.7195732958375974 0.08756922173357189 0 -5.7804134597581535E-8 2.691463680814209E-8 -2.7612059883603087E-5
-0.4354763147019103 -0.6351536187841577 0.08509247440255904 0 -4.287984993470953E-8 3.177766376862056E-8 -2.7614677038551667E-5
-0.02127679909875187 -0.5862434400348023 0.07098260267248742 0 -4.302914541602461E-8 -1.882312768842819E-9 -2.763462269824603E-5
-0.20123366572154053 -0.7196538123444207 0.08312630758513646 0 -4.9153081530191214E-8 1.7853235648074923E-8 -2.7615106139856492E-5
-0.1453861443112404 -0.6947291331504667 0.08002955113164492 0 -4.9866775375599076E-8 1.3227297856701867E-8 -2.7625215985016026E-5
-0.26439613737119816 -0.6970297197339501 0.08297653094743883 0 -5.0695258350709864E-8 2.5816161388733816E-8 -2.7611168787705313E-5
-0.314732642366773 -0.6679534491621226 0.08237892997106575 0 -5.084654053240661E-8 2.834469419138163E-8 -2.761880900490467E-5
-0.10379006268918363 -0.6311723493295898 0.07466578004946206 0 -4.631906850406661E-8 6.743285780121543E-9 -2.7632942830110533E-5
0.7822439697509947 0.07342341173252223 0.08646750245519458 0 4.9222418035229625E-9 -6.255281090653615E-8 -2.7610114659875058E-5
0.9249999999999998 2.358937726024754E-16 0.09999999999999994 0 6.584371067200668E-9 -6.837476278412663E-8 -2.762209819064527E-5
0.851370675269602 0.07427003550197267 0.09288407134507307 0 1.1302473751111233E-8 -6.606184965314934E-8 -2.7612288018094857E-5
0.8038717607621603 0.12213857484508564 0.0889547066003148 0 1.1606531398659137E-8 -6.14102915007417E-8 -2.7601650821308818E-5
0.5408130551366507 -0.18150058753720788 0.06992281214701015 0 -7.672289169029152E-9 -4.4069748234242094E-8 -2.7626336363979448E-5
0.7247257834183621 0.0852066297502373 0.08165698245211614 0 1.321948674855522E-9 -5.688129713673213E-8 -2.761769295652737E-5
0.6510493529215736 -0.15514133280147802 0.07686356365481603 0 -1.3835731537393577E-8 -4.833544524970431E-8 -2.7628358138650118E-5
0.5770279320473081 -0.15184347618041535 0.07165568912865208 0 -6.455424179478768E-9 -4.400256413506839E-8 -2.762923979639951E-5
0.6918887433807659 -0.06772116765551027 0.07886795692620667 0 -8.774031081279033E-9 -4.899748020640772E-8 -2.762580741753161E-5
0.7364981201835382 1.7871933341171726E-16 0.08222076644985389 0 -2.7858798688787194E-9 -5.449904902977954E-8 -2.7622294153056155E-5
-0.48001255710073826 -0.5637645778356982 0.08255043176744216 0 -3.827039918356214E-8 4.072629521633074E-8 -2.7613149378534005E-5
-0.5678213237459834 -0.537667606136383 0.08613904983735729 0 -4.239927743926005E-8 4.508546373530678E-8 -2.761572321832582E-5
-0.600893054701109 -0.6092572756078649 0.09299302035398636 0 -5.234642201678479E-8 4.31491022503193E-8 -2.7613192954604864E-5
-0.6178002971320171 -0.688438643052917 0.09999999999999995 0 -5.7669023555145826E-8 4.165805774537676E-8 -2.7617191203102955E-5
0.31808183532075807 -0.5509338997403093 0.07441383187593008 0 -4.092000389503119E-8 -2.3665703725060924E-8 -2.763437414206815E-5
0.2593907519340379 -0.5686281064407216 0.07361593901057979 0 -4.0605998351241196E-8 -1.953582022303002E-8 -2.7633573952459888E-5
0.4250914842628162 -0.2904030737883922 0.06650384046370365 0 -1.5959814968458597E-8 -3.130800716274986E-8 -2.7625677079902362E-5
0.4860024477406568 -0.1810614961514008 0.06672716200822644 0 -9.738790148807572E-9 -4.2505551124752014E-8 -2.7617710667172154E-5
0.4546475825643904 -0.2329362873436874 0.0662732760967022 0 -1.4675598045530178E-8 -3.7605395936247316E-8 -2.7626891371090105E-5
0.39693548996928896 -0.3460112170117685 0.06719703593166886 0 -1.7971916117031866E-8 -3.087707717863525E-8 -2.7616450522224668E-5
0.3565677611611388 -0.4614203059811383 0.07075125137743832 0 -3.3370580706232844E-8 -3.130270822840521E-8 -2.763080778060941E-5
0.36327728761747163 -0.38800374757803646 0.06749345504717459 0 -2.529265360568209E-8 -3.4008668812673404E-8 -2.7615101974470696E-5
0.3750627258693446 -0.2936858939923492 0.0643465481455432 0 -1.822351197494564E-8 -2.397980824542157E-8 -2.7617697799829326E-5
0.14556246178613044 -0.5017461145955597 0.06695111305462358 0 -3.396481625925492E-8 -1.7051477548490565E-8 -2.7611887799253167E-5
0.1773504711629968 -0.5251479744589087 0.06889288845838194 0 -3.433738199750721E-8 -1.9136285326351582E-8 -2.7622769919004938E-5
0.2111878992556696 -0.5199281931560845 0.06932845783235407 0 -3.364693495160846E-8 -1.9850527126243526E-8 -2.7627842453248944E-5
0.10436058799907272 -0.5010308479370807 0.0663275801738497 0 -4.007010695249426E-8 -1.4041388450403997E-8 -2.761211301290238E-5
0.06673635655852131 -0.4767204709635782 0.06461779605353521 0 -4.059519789227165E-8 -6.885185932376837E-9 -2.7617804458402077E-5
-0.006975621790116399 -0.5183972256879046 0.06671599267023115 0 -3.800949263316605E-8 -3.834066545366133E-9 -2.762871657062361E-5
0.021803385387518696 -0.4822544950869184 0.06469299319690378 0 -3.777842780560274E-8 -3.881057510283423E-9 -2.7625580363746736E-5
-0.05196883438319561 -0.5240326103663052 0.06719869985797552 0 -3.5941642100790174E-8 -1.6247997401200625E-9 -2.7625870042576166E-5
-0.3679909311443217 -0.6373789894665455 0.08217765681431859 0 -4.610920086507639E-8 2.9737029500653835E-8 -2.7623024155506818E-5
-0.40158939943089916 -0.5697012631254147 0.07901179842938963 0 -3.852310213859117E-8 3.194659508484404E-8 -2.7626788374260293E-5
-0.09590125636856872 -0.5619999312235502 0.06990127823248253 0 -4.0412405274991455E-8 4.3718077015064086E-10 -2.7628066067947002E-5
-0.19926692702634366 -0.6350324834465847 0.07658242747619838 0 -4.6347435059406604E-8 1.6590998667008845E-8 -2.7629240565215137E-5
-0.2841593977557326 -0.6153602706014176 0.07751426427315905 0 -4.6033448903323365E-8 2.4517641104092156E-8 -2.76296532601516E-5
-0.15663037176370528 -0.5733099421965812 0.07149707499548641 0 -4.401649961171885E-8 6.602133556270205E-9 -2.7629258738738262E-5
0.6892086201904363 0.11760753932384704 0.079182235454291 0 3.805635415870346E-9 -5.2241473055347707E-8 -2.7623183809328225E-5
0.7461230180043805 0.1326560288062978 0.08402816782270867 0 4.492723314181629E-9 -5.6068917077089277E-8 -2.7607662124922404E-5
0.6908574756839181 0.1584953945063365 0.07995126254637963 0 6.685555193251118E-9 -5.062263807184521E-8 -2.7621949133494606E-5
0.9192877608705788 0.10260257931928718 0.09999999999999994 0 1.497937810324884E-8 -6.984986642388502E-8 -2.7617318240948605E-5
0.8510855832446352 0.14814580550682163 0.09378949781498243 0 1.8094114108288206E-8 -6.177377076678667E-8 -2.7607379071062888E-5
0.7902639371481001 0.17887268414595758 0.08869278761371624 0 1.4226505396260551E-8 -5.3821387765841865E-8 -2.7604505901325686E-5
0.5270134709035552 -0.12362075461980128 0.0680883893303861 0 -1.1158921853186902E-9 -3.8952162928771146E-8 -2.7618136411088045E-5
0.660910431014522 0.06111123862815046 0.0764443497197492 0 2.60552232960945E-9 -5.0335977462296234E-8 -2.7631332232327248E-5
0.5965173615012839 -0.07939251741876008 0.07200225824383245 0 -2.6019529984892144E-9 -4.2775794829131355E-8 -2.763266451991767E-5
0.6371682462297272 1.7636191275501287E-16 0.07448630903843244 0 1.115724524119847E-10 -4.7116485968397676E-8 -2.7635101500988233E-5
-0.5998767009898777 -0.47889137063455584 0.08487289614566726 0 -3.423655054445038E-8 4.424627003140413E-8 -2.7619750729099323E-5
-0.4462665144718288 -0.4769553831048419 0.07565680574632232 0 -3.525399714197375E-8 3.3908593209871116E-8 -2.7631499272601134E-5
-0.514031025104845 -0.49215788183100256 0.08018045280724438 0 -3.572539878772621E-8 4.1910239105574083E-8 -2.762492168283092E-5
-0.5551101229584549 -0.4700701488343014 0.08146563252731463 0 -3.3468326714808084E-8 4.32369824537614E-8 -2.762462451142724E-5
-0.6562422498346266 -0.5241856689594518 0.09146905933596002 0 -4.165477437479798E-8 4.5065413679809926E-8 -2.761840558137215E-5
-0.6848306133117381 -0.6217902179859557 0.09999999999999995 0 -5.2876424634606076E-8 4.7667256725204015E-8 -2.762379122546173E-5
0.27241004361507065 -0.4718280360333558 0.06830375115676078 0 -3.276454262938965E-8 -2.4216142588439184E-8 -2.76313968552464E-5
0.4535801009187721 -0.11979187747949692 0.06395953291420167 0 -1.171211729517469E-8 -3.229136750827912E-8 -2.7607433609847228E-5
0.39072217276086296 -0.23584567652234287 0.06329187670784985 0 -1.6901188821823196E-8 -2.8337037558454433E-8 -2.7626379764886204E-5
0.41238404925178007 -0.18021837395374024 0.06296662723972753 0 -1.631704147382778E-8 -3.336181877279314E-8 -2.762284868567057E-5
0.33633282409977633 -0.33989669688880314 0.06444423660906805 0 -2.668272665436066E-8 -2.463995207101677E-8 -2.760598032872512E-5
0.30008338071089913 -0.40108479031261085 0.06570468861303413 0 -3.175782665303099E-8 -2.7976325074834934E-8 -2.762105645109064E-5
0.32685099627426545 -0.2905697969488598 0.06232853198902638 0 -2.3811632255965906E-8 -1.8927182931143163E-8 -2.7618538052482806E-5
0.34557599933864525 -0.25420475687873284 0.06192004258218349 0 -1.9478598865616985E-8 -2.165927168597549E-8 -2.7625474556287906E-5
0.13994680898558723 -0.4672126633962515 0.06496624972127402 0 -3.1836013122347155E-8 -1.0528509672842999E-8 -2.7606939143788066E-5
0.19075484218748176 -0.4725311643222945 0.06620021711897697 0 -2.8511914162856943E-8 -1.6104120620224654E-8 -2.7619691617423082E-5
0.04901016908663563 -0.43723836174505165 0.062459634223422635 0 -3.602902424909537E-8 -1.8234451730169317E-9 -2.762403180560776E-5
0.10408488366078726 -0.44405468685268895 0.0632766673513578 0 -3.604942918365929E-8 -3.832589802120614E-9 -2.7611882585787386E-5
-0.03083759909542402 -0.4757419881377713 0.06436680609968096 0 -3.2660815029829107E-8 5.415882333244087E-10 -2.76246696229916E-5
-0.0058033119248053185 -0.4414101175550563 0.06253303354413749 0 -3.241439983622462E-8 1.1382084917902021E-9 -2.762756746987857E-5
-0.39030681785658333 -0.4466269881485597 0.07141764844659583 0 -3.538180972935855E-8 2.4476145853708255E-8 -2.763090495535871E-5
-0.09527352708204243 -0.48999184724793493 0.06560563290386152 0 -3.2324904132735644E-8 2.6544213423225414E-9 -2.7611726889311492E-5
-0.31827009850817745 -0.5512599811461146 0.07444098367382036 0 -4.119068013409778E-8 2.3452339387661363E-8 -2.7635865037883794E-5
-0.36296726797354567 -0.5093150093458659 0.07364571283377143 0 -3.743391074538595E-8 2.5333055390216637E-8 -2.763504392623677E-5
-0.1538656248196219 -0.515523498759926 0.0678853449092873 0 -4.2354791882055E-8 4.362147682393174E-9 -2.7617176019628326E-5
-0.23145619169988374 -0.5426436945370011 0.07120349698950754 0 -4.385519200687421E-8 1.4420562644142312E-8 -2.763292410601175E-5
0.02839276411724586 -0.3973392921812578 0.06048540173023527 0 -3.0785690046127855E-8 1.1439099245137147E-10 -2.7631582288800206E-5
0.6359863797306674 0.13411282944887548 0.07542020319546493 0 9.341439817828831E-9 -4.720443487004787E-8 -2.763089835595312E-5
0.7226994437477957 0.1997352924878217 0.08334138075756291 0 1.075638695127715E-8 -5.0851398675755194E-8 -2.761691674192844E-5
0.6524176664552398 0.20477109599706128 0.07797707686621592 0 1.2734408067946511E-8 -4.775480697432399E-8 -2.7629089801262424E-5
0.9051251569294585 0.19071818089926676 0.09999999999999994 0 2.0875391837423824E-8 -6.350700071237567E-8 -2.761621725204083E-5
0.8318102133114379 0.22322523392999097 0.09353078509252784 0 2.135667440985436E-8 -5.6380838589942415E-8 -2.761364794036323E-5
0.7561533810021175 0.2511688924028691 0.08746370240455802 0 1.89932646490445E-8 -5.356245731021664E-8 -2.7616734971396085E-5
0.5078212312272354 -0.05773868566153316 0.06628756501631425 0 3.0995000053880064E-10 -3.359965330517351E-8 -2.762314929263417E-5
0.580043566339009 0.07440259297015442 0.07086095755136954 0 1.004778776186317E-8 -4.4501588677236363E-8 -2.7632091814123272E-5
0.5449077695259106 1.435041058529122E-16 0.06830916124377966 0 4.626908936158518E-9 -4.025098537733653E-8 -2.7631966707208468E-5
-0.6449966839705535 -0.4445280981035864 0.08625924084344859 0 -2.9848920321585434E-8 4.4867912151102254E-8 -2.761235034548972E-5
-0.5773213056470615 -0.42632356756478973 0.08066830857907491 0 -2.8104231123109167E-8 4.376604771205841E-8 -2.762508241197658E-5
-0.42560872193429483 -0.3924588186076942 0.07047472570296821 0 -3.4835483255981733E-8 2.831453056865958E-8 -2.762848423893295E-5
-0.5105636494997626 -0.4275668331221898 0.07661161867134533 0 -3.1661691698124575E-8 3.9061725615356795E-8 -2.763248624297973E-5
-0.6821995337018094 -0.3893517946424338 0.08645016345112792 0 -2.7421751653827527E-8 5.221604050527615E-8 -2.760387853922431E-5
-0.7143597851634019 -0.46065181317541976 0.09243904770387963 0 -3.79039223201857E-8 4.70305009853315E-8 -2.761031780463135E-5
-0.7501479603301018 -0.5412050791178046 0.09999999999999998 0 -4.4698868652883526E-8 4.938049050566825E-8 -2.7622594182962073E-5
0.23193963455587194 -0.401731231339728 0.06368217918749611 0 -2.9563829601657764E-8 -1.7590575358615613E-8 -2.7627250937631187E-5
0.4253355502182103 -0.060426816635170834 0.06194940187312641 0 -7.700476072945674E-9 -2.767360959557587E-8 -2.7624998220078308E-5
0.3783639298171796 -0.12391451309547895 0.06047575124681011 0 -1.3808796300736567E-8 -2.726166510617654E-8 -2.7628842929682082E-5
0.3404696044317066 -0.192505611563268 0.06016257670047243 0 -1.591727121611289E-8 -2.4406473097223E-8 -2.763304302235331E-5
0.2704412885460664 -0.32134890739138106 0.06148782850104334 0 -2.913683530978416E-8 -1.790373208416665E-8 -2.7624864984156172E-5
0.28780126788651955 -0.24610682281377952 0.05962067759661022 0 -2.0381778297657154E-8 -1.8931647413689922E-8 -2.763278542886787E-5
0.15779399244920164 -0.4060014305216929 0.062242172248634084 0 -2.823194323349947E-8 -6.646259816478265E-9 -2.7622670328543596E-5
0.08201071126761389 -0.3939388987243753 0.060668066988986274 0 -3.117435883060535E-8 -1.6523047986993849E-9 -2.762774793653423E-5
0.04349199689707277 -0.3606955682361924 0.05897556113419837 0 -2.731627762817855E-8 -1.9182251556991673E-9 -2.763538411641447E-5
-0.05772042989369192 -0.4373202270026056 0.06251628812885628 0 -2.8536846855730774E-8 6.553954882994577E-9 -2.7622661738244385E-5
-0.03317807935019408 -0.4000499580003112 0.06062434517611841 0 -2.8286184599665454E-8 4.885414170907578E-9 -2.7631019855444678E-5
-0.3619566518906658 -0.37751131442037245 0.06698450376718922 0 -3.194545158834288E-8 2.0758657462748827E-8 -2.7613256131524262E-5
-0.36626813150114024 -0.4166408143589399 0.06892167223823106 0 -3.384421567056088E-8 2.0169865499318E-8 -2.762415780916194E-5
-0.3449125590697449 -0.44322460700183025 0.06935603931497553 0 -3.429116767183615E-8 1.9134788521643054E-8 -2.762924909799305E-5
-0.1061373350373039 -0.43371612134398735 0.06278756375601147 0 -2.996546048466312E-8 1.278314446877759E-8 -2.7614646074810025E-5
-0.1533021139497205 -0.45854960024362473 0.06473399748772989 0 -3.888134617301916E-8 1.246239391589565E-8 -2.7610586928625298E-5
-0.27258732769368704 -0.47213510106489254 0.06832563375196132 0 -3.755105506329662E-8 1.621643384206145E-8 -2.76326761105895E-5
-0.2137590545386873 -0.47234636278777903 0.06671710658979699 0 -4.088797501296555E-8 1.3327938697293846E-8 -2.7625677920871038E-5
-0.18675532053812582 -0.4349325178463068 0.06418357757579088 0 -3.716505840019009E-8 1.555978011745562E-8 -2.762148579273416E-5
-0.3826278748778653 -0.34149739132768103 0.06638993492953281 0 -3.240715109843902E-8 2.767166069158649E-8 -2.7613482258733674E-5
-0.0010639892128916778 -0.35571530812846325 0.05866683852382106 0 -2.653045130232519E-8 3.9528592250014566E-10 -2.763632940894262E-5
0.5665181445886517 0.15558354761445173 0.07104008880031383 0 1.7135030550831747E-8 -4.002699129752113E-8 -2.7628718507216164E-5
0.5953591891669738 0.1936606882201294 0.07369160395615945 0 1.623897997201048E-8 -4.233923367477922E-8 -2.763276823031543E-5
0.5192463818471629 0.12824117265253684 0.06769417632898124 0 1.754110185705012E-8 -3.7763726189690294E-8 -2.7616339274997217E-5
0.5285393108936259 0.16518893231571916 0.06885934434787161 0 1.89804656141841E-8 -3.499988381803624E-8 -2.7622418377479356E-5
0.6744856330743806 0.25899543825752414 0.08106282636378111 0 1.6775151325355342E-8 -5.11421482538038E-8 -2.7624828028890715E-5
0.5964895386590124 0.24538252217967127 0.07505456752399722 0 1.809246590092737E-8 -4.34907936814333E-8 -2.763398883486641E-5
0.8809325160784339 0.2820885436790224 0.09999999999999994 0 2.684114549167258E-8 -6.103927714048978E-8 -2.7622879514835572E-5
0.7133503615870089 0.32015636681811027 0.08613118221459619 0 2.4672669976843114E-8 -5.6430222575626215E-8 -2.761458192611777E-5
0.7978472984237357 0.3041762806928354 0.09281227257926788 0 2.742238406388138E-8 -5.780498042223124E-8 -2.7618596637203942E-5
0.4636209692030302 1.4593888372567647E-16 0.06366862151549985 0 5.699956951015438E-10 -3.4252259251656296E-8 -2.7627520490785066E-5
0.4938126220450951 0.06489296717588176 0.06554297030555511 0 8.694025490781155E-9 -4.139415480832622E-8 -2.7620124529164405E-5
-0.6153231968638251 -0.38077552285640803 0.08115372829448388 0 -2.2656254086660857E-8 4.778507609898027E-8 -2.7620093654922925E-5
-0.560449570051932 -0.3810942956107818 0.0775098294695611 0 -2.5631125649180047E-8 4.278531606388985E-8 -2.7630897148682155E-5
-0.4429539530445369 -0.3153758255937713 0.06823813858748431 0 -2.990926425812576E-8 3.217253785671257E-8 -2.7629753076851183E-5
-0.5043029125892239 -0.34762375509843185 0.07274022680505556 0 -2.8242398848751663E-8 3.7035404993331555E-8 -2.7636116917136855E-5
-0.6508158876168189 -0.3390076459058359 0.08199721983987755 0 -2.1341020475641775E-8 5.2711504921307437E-8 -2.7618127950015863E-5
-0.7091826270730176 -0.32330839885714513 0.08590988858162861 0 -2.4832334568473918E-8 5.6718168748561356E-8 -2.761495508629345E-5
-0.7619010673352372 -0.3837317836320327 0.09273617861998763 0 -3.5727343100477344E-8 5.677209741252528E-8 -2.7611649662092728E-5
-0.8010515387579304 -0.4625279007956028 0.09999999999999996 0 -4.123710821033391E-8 5.562273810325347E-8 -2.7618124878599285E-5
0.19236089157799777 -0.33317883760233996 0.059881599761303 0 -2.5888969424825038E-8 -1.235343589213817E-8 -2.7635867002373695E-5
0.38492668203237634 1.0023152680894796E-16 0.05989052034096669 0 -2.2951612831660128E-9 -2.841796697442291E-8 -2.763601626905805E-5
0.2997814449763267 -0.1302546190444194 0.057552736756421544 0 -7.900181107494463E-9 -2.2647086101726372E-8 -2.7636631576045688E-5
0.3411851195480258 -0.06215460789797836 0.058312559079427444 0 -5.445705365605817E-9 -2.391702033516918E-8 -2.7638187439179817E-5
0.25568805190108224 -0.19009790761699052 0.05725179690059135 0 -1.2399656746987037E-8 -2.084137040929488E-8 -2.763637091777961E-5
0.21970172124605264 -0.25470361780543144 0.057909449658114676 0 -1.9811445962812465E-8 -1.696451312014188E-8 -2.7638715658830942E-5
0.23090062297727731 -0.13379820267190193 0.05553869913937325 0 -3.6654888994192704E-9 -2.080550545301611E-8 -2.7626303744148414E-5
0.10559774308437374 -0.32641465451667345 0.0581670361159444 0 -2.3462005080924085E-8 -6.846302932485077E-9 -2.7638080147719176E-5
0.031363797849434556 -0.30517057546423765 0.0568332914109285 0 -2.1740117498203417E-8 -5.843722678933354E-9 -2.7635238261568084E-5
-0.08918266806588585 -0.39015326021997465 0.06056960464965617 0 -2.7542933056486737E-8 1.1206453964707332E-8 -2.762824681244031E-5
-0.049756265008924744 -0.359262534671633 0.05895024498757894 0 -2.6316515042227733E-8 5.143253155073077E-9 -2.763550712863653E-5
-0.33370914900421456 -0.3553876317528072 0.06495432896100803 0 -2.504783911951415E-8 2.2061593904049708E-8 -2.7608186854090456E-5
-0.31386332305040454 -0.4019336098806021 0.0662221637922308 0 -2.8544609456227165E-8 1.650234375749796E-8 -2.762072759822099E-5
-0.15459594130071444 -0.3919265872876224 0.06155021858866086 0 -3.059371561507533E-8 1.6317019268606892E-8 -2.762651016840232E-5
-0.2322802926341843 -0.4023212684393738 0.06371797650698165 0 -3.0339155912107297E-8 1.6668222723719838E-8 -2.7627852220837324E-5
-0.33230969380311987 -0.31257443393730217 0.06328313435425743 0 -2.1531259361005345E-8 2.912124932889021E-8 -2.7612834311658262E-5
-0.37984334067586323 -0.29694191152231486 0.06465963905911942 0 -2.6513866812426376E-8 3.157174756012319E-8 -2.7618744551335874E-5
-0.03281109095750644 -0.303248501545522 0.05677241598853609 0 -2.3755251653329023E-8 -1.2399277371208942E-9 -2.7635141073358835E-5
0.002774404310843052 -0.26370741404826953 0.055444406431408536 0 -1.933424435831752E-8 -7.65654758505016E-9 -2.7625507058343674E-5
-0.4503344724862791 -0.2539143429242661 0.06663047103760426 0 -2.2535857144531738E-8 3.0970996552454084E-8 -2.7629806495954895E-5
-0.40625597693717014 -0.2614749559637888 0.06471383725610917 0 -2.2594457139737726E-8 3.074941961831249E-8 -2.7626502967248633E-5
0.4615326701397575 0.12346215125476942 0.06442192515091573 0 7.972535623121907E-9 -3.4703480561746405E-8 -2.760674474802722E-5
0.5387084587482873 0.20560708274998704 0.07032262751622614 0 1.9817037815742058E-8 -3.557595356656926E-8 -2.7630220363406892E-5
0.4879508039440348 0.17532903328848173 0.06671893154849401 0 1.70204526599954E-8 -2.963572206042628E-8 -2.7617297312668076E-5
0.532509259731304 0.25445661626164345 0.07121936353097057 0 2.1596674390081605E-8 -3.651029601713305E-8 -2.763501450217568E-5
0.6341588941531792 0.31283518999890103 0.07981624453248937 0 1.9594979707871675E-8 -5.031135851497804E-8 -2.762492823249507E-5
0.5661686439840169 0.30314954318445153 0.07485251919573685 0 2.1677412000044263E-8 -4.2163159263114426E-8 -2.763492094948332E-5
0.8437752416466553 0.3790359375932063 0.09999999999999998 0 3.558498530215115E-8 -6.183339009579409E-8 -2.762192428044554E-5
0.6719229666176102 0.38840511082381185 0.08561888827579653 0 2.5533820157271576E-8 -5.14104318505978E-8 -2.760490543182066E-5
0.7564175363077813 0.38622567562379634 0.09237249347625182 0 3.549667602793378E-8 -5.6103079991083154E-8 -2.761000241090821E-5
0.41461516466779025 0.07768102097507298 0.06157475739077051 0 1.2922291432132365E-9 -3.418485305159639E-8 -2.7624563042206807E-5
0.41609697408913526 0.13788398400008967 0.062378681269293045 0 4.5546684255961175E-9 -2.995045946729693E-8 -2.7618887461762737E-5
0.3331467524821928 0.06332732629493788 0.0580143200893398 0 4.59437314777342E-9 -2.5760346946498585E-8 -2.7639001462673015E-5
-0.47800098007166614 -0.21838828549818234 0.06713458210584479 0 -1.9689172326408835E-8 3.0054155377431964E-8 -2.762709482274011E-5
-0.581042663690517 -0.3157640075984302 0.07626188231201678 0 -2.155397354202649E-8 4.4449878775749465E-8 -2.7633093773151934E-5
-0.516501927640104 -0.27345997871285144 0.07083650833060166 0 -2.3321276918145462E-8 3.5970244319485246E-8 -2.763598744803895E-5
-0.6531660790226061 -0.2763311132584134 0.0799841441751332 0 -1.8145183860550548E-8 5.073678563533952E-8 -2.7627032739834384E-5
-0.7177089386751481 -0.25492955224205677 0.08435704674323387 0 -1.770828622104253E-8 5.292920756294246E-8 -2.7620974546070975E-5
-0.7682837005378522 -0.21778108265977297 0.08762455506029665 0 -1.615467979884761E-8 5.2583227185527113E-8 -2.7613877702413815E-5
-0.7926496756412593 -0.29133333750236745 0.09190870000572768 0 -2.6053277696071136E-8 5.730861407727921E-8 -2.7619335267812737E-5
-0.8437556437212325 -0.37907955935377746 0.0999999999999999 0 -3.595335308215754E-8 6.212742128090067E-8 -2.7622905938309353E-5
0.14972579901011426 -0.2593326910893636 0.056582144341893334 0 -1.7720144273169216E-8 -1.3782095306727143E-8 -2.7639703060086136E-5
0.30024351839566077 1.0287337474471442E-16 0.0566089984335615 0 2.9812673220871058E-9 -2.217054620747945E-8 -2.764007358098735E-5
0.25485064501553867 -0.06881848120103613 0.0554520694654174 0 1.2404103087759387E-9 -1.803677246694952E-8 -2.7630938789828595E-5
0.2018137422816696 -0.09141964150518621 0.054287541904913736 0 -4.695280207669902E-10 -1.4589948796100466E-8 -2.7613634036151013E-5
0.1764824224893901 -0.17786432905826247 0.05506179018247805 0 -1.0856623625902413E-8 -1.9468452716053153E-8 -2.762801606656408E-5
0.17846806103523252 -0.12182655323316927 0.054152220507936534 0 -6.4593309560413944E-9 -1.8000565077188412E-8 -2.761145526636774E-5
0.06445906182530688 -0.2524774236880236 0.055351148337145016 0 -1.4891309384570283E-8 -1.0049471467264753E-8 -2.7629835117193364E-5
0.01713256069613923 -0.2191946756676691 0.054245341320781695 0 -1.3450907284509477E-8 -6.4197474910872665E-9 -2.7612490728842442E-5
-0.015811501710617768 -0.22080470166743846 0.054282927994611936 0 -1.9120307491911208E-8 -4.277927503294978E-9 -2.7612750455960103E-5
-0.11115524588477288 -0.32319159740630654 0.058116751891295344 0 -2.4945278747142638E-8 9.126025895696277E-9 -2.763895596657414E-5
-0.2724211583800276 -0.34021230275634257 0.06225471036920954 0 -2.0131473581108418E-8 2.0976487680801975E-8 -2.7623582535831618E-5
-0.19295762658678686 -0.33421241295621795 0.059933626134453855 0 -2.3799739926812156E-8 1.631775277866581E-8 -2.7636264290698445E-5
-0.299671918215507 -0.26919022055739933 0.06068803798570996 0 -1.7144544221677075E-8 2.5979614143579706E-8 -2.762836395572977E-5
-0.35401952964801076 -0.2618191533072333 0.0624765930436588 0 -1.9741474420341718E-8 3.02260116801188E-8 -2.7624839591430635E-5
-0.059917909088264505 -0.2537684697083779 0.05535616729591674 0 -2.3011222022956374E-8 -9.767087876359503E-10 -2.762963540329321E-5
-0.4286041911968905 -0.21160410640457614 0.06443452009247358 0 -1.6116353971792394E-8 2.848956343943469E-8 -2.762561705504037E-5
-0.3837371950984817 -0.21760730691022395 0.06251779019199943 0 -1.560668539571856E-8 2.856462145727054E-8 -2.762859720850841E-5
0.44078820931890417 0.17778853409565737 0.06428879605061415 0 1.1600184935059096E-8 -2.753427226419375E-8 -2.7618649949970846E-5
0.4759951064045458 0.23047538821939026 0.0673334019397155 0 2.0352133222083564E-8 -3.0399883879809655E-8 -2.762869805629347E-5
0.5023235944487765 0.29151864533540206 0.07059623054924213 0 2.4834415715592508E-8 -3.526433954225843E-8 -2.7635818814340545E-5
0.5853609901656723 0.37038384021673393 0.07867156144500055 0 2.306589242122817E-8 -4.502241175246511E-8 -2.7627448642261726E-5
0.5293785213896149 0.3388907230126146 0.07386902220939724 0 2.5574561686840943E-8 -3.909507072628045E-8 -2.7635993449838743E-5
0.8010710017272104 0.46249419126110125 0.09999999999999991 0 4.0957092207099255E-8 -5.53215710544035E-8 -2.761767846729667E-5
0.626960623589047 0.4522983371432033 0.08535306995964971 0 3.017658586023392E-8 -4.412742414212217E-8 -2.7615763107168133E-5
0.7061350528834721 0.4673278645716987 0.09212747065803699 0 3.738537496010347E-8 -4.590103116321066E-8 -2.7610940121678007E-5
0.3592371994727271 0.12552401442410036 0.05970040660633737 0 6.097670799563883E-9 -2.7101342440479978E-8 -2.7633055096499067E-5
0.39449037889125516 0.17177804019933995 0.06198157459134765 0 9.07975570368099E-9 -2.7568593337150923E-8 -2.7625974361104784E-5
0.2907007887888551 0.1297941048796961 0.057242741237689944 0 1.2117042480551542E-8 -2.0869821803904488E-8 -2.7636753361292994E-5
0.2538184516803514 0.06940494742292715 0.05542696753822805 0 1.161559892648445E-8 -1.9544838236389735E-8 -2.7630840293345178E-5
0.20062573683728857 0.09527047772396227 0.054301155270572714 0 1.3294066727467955E-8 -1.462076994053209E-8 -2.7613386705351536E-5
-0.4690213191754545 -0.16282051739106812 0.06545407679976868 0 -1.3461468000587038E-8 2.8870921243723813E-8 -2.7612876320916158E-5
-0.5329845388239064 -0.1985594752136454 0.06981392050905111 0 -1.9941023250650936E-8 3.4959821664075157E-8 -2.7629297564691406E-5
-0.5985835515449605 -0.2260297922817816 0.07467942546060531 0 -1.755368471995143E-8 4.3313275125580625E-8 -2.7634507741969522E-5
-0.6738902730202506 -0.22049852083738797 0.07997070091519404 0 -1.362988689018722E-8 4.9561024714305985E-8 -2.7627063391345333E-5
-0.7224932718504692 -0.1846612188414888 0.08299584497449673 0 -9.229163458961191E-9 5.1403834464766874E-8 -2.7616965989668418E-5
-0.784218194998307 -0.17459658052838994 0.0880668176158918 0 -1.3263684750038155E-8 5.4062231602109925E-8 -2.760548463194516E-5
-0.8340398056073667 -0.21902107573341573 0.09363611174877708 0 -2.1530087725302437E-8 5.686813895903377E-8 -2.7614813910722335E-5
-0.8809151182252344 -0.2821428693025129 0.09999999999999996 0 -2.7175997957980642E-8 6.137765018705415E-8 -2.762435357491438E-5
0.11138757858716244 -0.19292894544503636 0.054318208030815426 0 -1.1740482902868473E-8 -1.2759152478873575E-8 -2.762758150300294E-5
0.2238875048948224 7.238912562247948E-17 0.054346295287657886 0 5.300333124689483E-9 -1.6529988455081275E-8 -2.762786409015545E-5
0.19420772375092543 -0.04676552312468657 0.053768452091938715 0 5.556263391504137E-10 -1.1336521015617314E-8 -2.7618753612572573E-5
0.16765785073129597 -0.0820458117059934 0.0534822586461166 0 -5.873210638451782E-9 -1.027131815728129E-8 -2.760969409736266E-5
0.1532214795718842 -0.1047515501973591 0.0534601593182905 0 -9.657185803409185E-9 -1.2670340462161223E-8 -2.7610023948211488E-5
0.13365633223327952 -0.1314943305448411 0.053500013617672364 0 -1.1666527465401974E-8 -1.3635810188438714E-8 -2.7616554521036566E-5
0.1909210649037196 0.04684254353730671 0.053697308093126346 0 7.022344533717689E-9 -1.7056992614153457E-8 -2.7618410122032915E-5
0.05493858025113072 -0.1872116672800932 0.053664600392910426 0 -9.613806844261456E-9 -5.5011197975924785E-9 -2.7618173622918985E-5
0.0015895535343272628 -0.18045943852644164 0.053353802929854664 0 -1.3208799450133595E-8 1.885104997739858E-9 -2.7609694541660983E-5
-0.053441146730527564 -0.18709102439814254 0.05365287398922711 0 -1.845921135414868E-8 2.6411814229351738E-9 -2.7618072329226635E-5
-0.15050660974349658 -0.260685094950677 0.05663516711153095 0 -2.0940680630645847E-8 8.602571617631992E-9 -2.7640330730376753E-5
-0.22974591189928226 -0.256397975299907 0.05821373401797809 0 -1.7806366179533403E-8 1.696663073131566E-8 -2.763861799812971E-5
-0.2901412929767384 -0.21922908092139923 0.05898973037684318 0 -1.554615551825476E-8 2.2657586921181E-8 -2.763613206342241E-5
-0.3302765228915605 -0.22443841547131757 0.06052899064430553 0 -1.5433945420671022E-8 2.6845205062803763E-8 -2.7632315992326393E-5
-0.11217260429255088 -0.1942886498520168 0.05435789315243198 0 -1.7160508257007504E-8 3.8053807375198345E-9 -2.762826774418492E-5
-0.4043520178042477 -0.16901983470521795 0.062374130552393804 0 -8.781532233551088E-9 2.785346892708782E-8 -2.7624331364100227E-5
-0.36201088411519367 -0.17400839360604692 0.060635096430618034 0 -1.0258554556562079E-8 2.6806216627971402E-8 -2.7632024390587405E-5
-0.42569230627547644 -0.12215318657273527 0.06260425960749791 0 -3.635286299096674E-9 3.243147882465327E-8 -2.7616527383380596E-5
-0.467604489294916 -0.09647351175034927 0.06440527405535047 0 -7.570909373119847E-9 3.94259000813994E-8 -2.76114859470215E-5
0.40159415937487924 0.2222711945652258 0.06342742714419668 0 1.6466413950162335E-8 -2.8712882811088263E-8 -2.7627258529526463E-5
0.4374027432196876 0.28280425722564984 0.06685837267776952 0 2.6057930585928197E-8 -3.155790701998379E-8 -2.7629018806569186E-5
0.4716692828943538 0.34325991058700284 0.07076541111671204 0 3.021174593716329E-8 -3.366341880179588E-8 -2.7633904494646486E-5
0.5572755215547438 0.4510872900080022 0.08061070588876619 0 3.1115212535893955E-8 -4.2642053999362094E-8 -2.7626278178900087E-5
0.5201731653431543 0.38799390136202994 0.0753439569886662 0 2.8682008153335953E-8 -3.889180735086045E-8 -2.7634318210600644E-5
0.7501545426059838 0.541195955123228 0.09999999999999998 0 4.432163079216028E-8 -4.9026741644294016E-8 -2.7622591860635613E-5
0.5828756184496425 0.5332115379316271 0.0868511630159933 0 4.180706801859382E-8 -4.482746261140303E-8 -2.761715605642642E-5
0.650470548607775 0.5465931881196748 0.09240305490818579 0 4.429475295815195E-8 -4.510237552480408E-8 -2.7619408270337796E-5
0.33827356631260735 0.19741612693850677 0.06018657141513714 0 1.3115331882323609E-8 -2.5873541636125462E-8 -2.763375735210413E-5
0.2643297840462276 0.19520810401833616 0.057617277126140565 0 1.5548154838355195E-8 -1.829191328338089E-8 -2.7637363089639484E-5
0.23462332403576286 0.13422621113694244 0.055643167928538385 0 1.6137946097580212E-8 -1.3867432830745471E-8 -2.7627711452268295E-5
0.1835322570857455 0.12636576122723128 0.05431954168807021 0 1.2759028795636327E-8 -8.167841318235033E-9 -2.7613638853349103E-5
0.15384433041034717 0.09209874155024383 0.0533301823681776 0 4.7230989647952465E-9 -1.2010588536026216E-8 -2.7610169350740704E-5
-0.5199939829281822 -0.124648956040805 0.06768673130026932 0 -1.7499125000844995E-8 3.843314041225713E-8 -2.761720807193177E-5
-0.5744027965338087 -0.14938461510286838 0.07144252826293566 0 -1.6431130763299074E-8 4.127999403267919E-8 -2.763042113850091E-5
-0.6477191420222239 -0.14358128013705043 0.07642272847163621 0 -9.15634990541547E-9 4.8153707315433175E-8 -2.7630916053888352E-5
-0.735100345459195 -0.11930462056175606 0.08291132970822637 0 -3.201579328570428E-9 5.650618696913967E-8 -2.7612973081418502E-5
-0.8023821229894582 -0.12465004703532732 0.08885408731398864 0 -1.1981763012349833E-8 6.130850575451592E-8 -2.7603013837460237E-5
-0.8531067718150073 -0.15803750226362165 0.09415708085227005 0 -1.9023591895104897E-8 6.135931032734761E-8 -2.761004842211706E-5
-0.9051158299750595 -0.19076243784282 0.09999999999999995 0 -2.129064814398958E-8 6.379601827384097E-8 -2.7618139814977947E-5
-0.8393412000271001 -0.10211595922316327 0.09200820531311653 0 -1.3782366335941411E-8 6.504679702378955E-8 -2.760969592368938E-5
-0.5124187514513647 -0.05184789683178334 0.06651654728017117 0 -8.988574969223886E-9 4.1872786726165195E-8 -2.7625974885859564E-5
-0.4662367643365183 -0.05429215722432917 0.06397307879016166 0 -4.654774404444807E-9 3.9484999842548466E-8 -2.7622601370490187E-5
0.07846305682895906 -0.1359020009449211 0.0529048760801971 0 -1.0292336580794072E-8 -5.51893588247063E-9 -2.7621634994209184E-5
0.1581850159804538 4.03666044625459E-17 0.05292729798071231 0 -2.9852228794021567E-10 -1.1680017495551512E-8 -2.762156084304207E-5
0.1339429855522494 -0.042721659792281826 0.052630185389843626 0 -5.942980250122407E-9 -7.372595769186522E-9 -2.7620420942797695E-5
0.12170874450296679 -0.07937873255132208 0.05270638285367756 0 -1.0019415936383828E-8 -7.090612116916957E-9 -2.7617956685982865E-5
0.0926329081859553 -0.0934021566431387 0.052491087538806276 0 -1.0196277263515338E-8 -5.271285277176705E-9 -2.7622561658043863E-5
-0.07925046645516257 -0.1372658344238745 0.05293295280422828 0 -1.0208108796087867E-8 6.085351920118775E-9 -2.762179616635578E-5
0.12737884186502532 0.04457914646124025 0.052542398875778 0 1.5772776685889267E-10 -1.1800547638335114E-8 -2.7621458593964458E-5
0.025874926118163208 -0.13266950985365822 0.05254567933671947 0 -9.338931011419769E-9 2.0436316061096052E-9 -2.7621281950531145E-5
-0.025243839799718233 -0.13300675455069116 0.052548920040911946 0 -1.0568876683345093E-8 5.896617408758714E-9 -2.762137010632681E-5
-0.18973296493485722 -0.18461798069110355 0.055474546986767154 0 -1.6452556020127285E-8 8.249835259010104E-9 -2.7631347829119457E-5
-0.2483235922732361 -0.1816505696604007 0.05686432272721824 0 -1.6069335427443796E-8 1.582382836528668E-8 -2.7636032425982663E-5
-0.30831506111577245 -0.17770170158565643 0.058672582596364375 0 -1.3223685913177626E-8 2.3026005454762125E-8 -2.763715265585185E-5
-0.13643849435757827 -0.142707733989249 0.05371629461338724 0 -9.939760096237936E-9 5.343598871023063E-9 -2.761878729158898E-5
-0.184039983968445 -0.12735803584373426 0.05434432437859786 0 -1.3088411210671444E-8 8.288690809048307E-9 -2.7614198718454107E-5
-0.10393602836491156 -0.0928684349452979 0.05261104654913399 0 -3.3556731973137947E-9 8.937758795326825E-9 -2.7620881904744924E-5
-0.33491839009005275 -0.13913239257244242 0.05894927757126896 0 -9.083281431800454E-9 2.506417445542355E-8 -2.7636324446480076E-5
-0.379850741799242 -0.12110542276221135 0.060500587943527986 0 -4.382901573114385E-9 2.9052973070893098E-8 -2.7629413571218273E-5
-0.40842759083875496 -0.05875232359605658 0.061140527783328784 0 -1.0716647321033385E-9 3.342923727030842E-8 -2.7629235572119573E-5
0.36282250283673584 0.2686598783514224 0.06303900336729046 0 2.104510725166636E-8 -3.085584098718762E-8 -2.7623462799722054E-5
0.4058790843317993 0.3317218591300756 0.06705525860874961 0 3.2182568463778225E-8 -2.9644761641848376E-8 -2.762075297346755E-5
0.4678168231247622 0.39722837411780604 0.07282402579327739 0 3.2704466185175586E-8 -3.337080394430991E-8 -2.763377747134699E-5
0.43228391685071293 0.3802988180284773 0.07026687195777441 0 3.423986687195848E-8 -2.907025504055189E-8 -2.762882570815832E-5
0.5096255127299391 0.5106912413470729 0.08097857821614195 0 3.682851522657029E-8 -4.220372693519323E-8 -2.7622389778296893E-5
0.49005227512439575 0.44470401859070535 0.07629562530822705 0 3.323327305745518E-8 -3.724978214075647E-8 -2.7632384232182698E-5
0.5354804188313992 0.5793968081607486 0.0867593250488703 0 4.5196805672449675E-8 -4.315189930803357E-8 -2.7606857793626203E-5
0.6847900044003186 0.621834941224156 0.09999999999999994 0 5.256237670003707E-8 -4.7328031675101146E-8 -2.762420969207987E-5
0.5876935447112426 0.6161088910778022 0.09257893706827944 0 5.255225435068339E-8 -4.1755659156589393E-8 -2.761165507692098E-5
0.2968769596322443 0.26583446546620604 0.06049214663587174 0 1.685682376857063E-8 -2.54093673093889E-8 -2.7629718753501286E-5
0.22703812963746217 0.26409762190385 0.058370438456053005 0 1.797773022078632E-8 -1.6803358529593765E-8 -2.7638785342144918E-5
0.18890830540911197 0.18932922319802872 0.05555650018582656 0 1.634297525412533E-8 -8.219218486834402E-9 -2.7632314361503333E-5
0.10177697427875262 0.08834048795367637 0.05253956863179544 0 2.9096741945248452E-9 -8.950608807437139E-9 -2.7621601065922243E-5
0.13647605991683223 0.1435082568468913 0.053729825805134857 0 9.885574784305519E-9 -5.320510941716645E-9 -2.7618968690028326E-5
0.14969050843762163 0.2592715660247786 0.05657975437506356 0 2.073604709335583E-8 -8.247631004294054E-9 -2.764051973941858E-5
-0.5844196053235717 -0.07491703801282973 0.07115392026499065 0 -1.0029180779248571E-8 4.494545665166276E-8 -2.7633617442905717E-5
-0.7351410524947968 -0.060926854977285956 0.08231802271497875 0 -1.007414094124929E-9 5.799433103143925E-8 -2.7620253268121736E-5
-0.6752473549062168 -0.060997662019661704 0.07752927755735102 0 -1.873340823461458E-9 5.199225969358048E-8 -2.7630800866031262E-5
-0.7962287177911108 -0.06074957956360477 0.08762354715881242 0 -5.769269589445485E-9 6.33352685641951E-8 -2.761365704018902E-5
-0.8627884197170684 -0.055125093298773874 0.09385473111979895 0 -1.0025292711237943E-8 6.64208505001432E-8 -2.7617340317966096E-5
-0.9192838471164881 -0.10263764414409532 0.09999999999999994 0 -1.5321353168788307E-8 7.012189252148432E-8 -2.7619534206668133E-5
-0.5447672634209793 2.858524015158418E-17 0.06830049229574699 0 -4.85153861400691E-9 4.0455564884798906E-8 -2.7633309428992247E-5
-0.4638591691868275 2.797468827787367E-18 0.06368112390889594 0 -8.248634620698919E-10 3.4393581833603715E-8 -2.762859495119422E-5
0.04273067501608843 0.07401170016957923 0.051925849626185475 0 3.6067775477662867E-9 -6.225769293782673E-9 -2.7631281134244763E-5
0.04273873390329096 -0.07402565857166639 0.05192600533605054 0 -7.371236211517109E-9 5.4337614990139184E-12 -2.7631069621288407E-5
0.08580268905133058 2.7616060966210454E-17 0.05192915349305607 0 -3.726300112595539E-9 -6.289833859317155E-9 -2.7631011710094252E-5
0.07416648351753428 -0.042820039223696336 0.051927573540639343 0 -6.629620234328714E-9 -3.467528528876996E-9 -2.7630822329082176E-5
-0.04299754043112494 -0.07447392462720538 0.05193102148339571 0 -3.80233374436879E-9 6.3983091042442055E-9 -2.7631092614700834E-5
0.07415950431437714 0.04281600977887487 0.051927495533993596 0 -3.282716073858308E-10 -7.374024500287919E-9 -2.7630916295908958E-5
1.3904975238826412E-17 -0.08573627431625096 0.051928505242836896 0 -6.4062403382469365E-9 3.995186368434863E-9 -2.763085044928837E-5
-2.9796378738924766E-17 0.08577355466188762 0.05192886660175564 0 6.31147847278041E-9 -3.887576574892493E-9 -2.7631047130490442E-5
-0.22815732549244747 -0.13366956667415786 0.05546555293618704 0 -1.6423900408528437E-8 1.3133420307173023E-8 -2.762639048826646E-5
-0.27837086784154214 -0.12617379267311213 0.056793561369108604 0 -1.327111654042306E-8 1.9747760570782478E-8 -2.7635842568572545E-5
-0.15093740406319933 -0.09389909648308081 0.05329903073383901 0 -4.767980806062252E-9 1.165017903914476E-8 -2.7610784880517165E-5
-0.19761019796705667 -0.10158906953187431 0.054303584925033135 0 -1.3580321036614398E-8 1.3475343247479289E-8 -2.761283754538614E-5
-0.12619399745448537 -0.06614911525416545 0.052660410611162535 0 -1.2605121580346852E-9 1.1863517282086882E-8 -2.7619017011179928E-5
-0.07423701450489274 -0.042860760308234 0.05192836227840669 0 1.2743766127842978E-10 7.491153844618721E-9 -2.763103891911885E-5
-0.4277423899643161 0.06497482014443749 0.06209784320535729 0 8.037389851933256E-9 2.7687187513734517E-8 -2.7624695797619623E-5
-0.33304413722574777 -0.06930677678439595 0.058055306373968225 0 -5.13436796097539E-9 2.5876512441129327E-8 -2.7639217591096217E-5
-0.3847166606924661 9.345124501562139E-19 0.059881376808148805 0 2.133251815622519E-9 2.851670686642565E-8 -2.763691298797528E-5
0.3329058545937796 0.33325924236807375 0.06406157186555389 0 2.2522640709578128E-8 -2.6197242007485634E-8 -2.7608058188973795E-5
0.49825230464030634 0.6040689738251999 0.08623250303750961 0 4.249479282710454E-8 -3.804678076795769E-8 -2.76041767659207E-5
0.3818998921620359 0.39282083230988174 0.06849211870683777 0 3.426033482182203E-8 -2.1671686323894652E-8 -2.7621023496164285E-5
0.4314021965681312 0.42876752259718576 0.07244484890584979 0 3.474565498968018E-8 -2.9253491148474676E-8 -2.7632023299942446E-5
0.4723939921181883 0.5653277489130144 0.08223903081434109 0 3.774782956541965E-8 -3.938643601504645E-8 -2.7615092148998687E-5
0.44736034083495346 0.4974141441538552 0.07684191432450417 0 3.551580204016669E-8 -3.47436812929513E-8 -2.7630039883305126E-5
0.5230354883414245 0.6422697488364204 0.0903707538749386 0 4.9371821924024437E-8 -3.420595349670271E-8 -2.7604063975684486E-5
0.6177594130735138 0.6884753307245898 0.09999999999999995 0 5.7411121516285526E-8 -4.1199365603095927E-8 -2.7618319973223565E-5
0.5518007966248653 0.6760563257947593 0.09465507346897212 0 5.420820602704093E-8 -3.4361587537117076E-8 -2.761103438147985E-5
0.2625418688185837 0.33648330779519714 0.06181290503458571 0 2.0096130357004083E-8 -2.0325065721572395E-8 -2.7626767000438266E-5
0.10763513709501461 0.3224957272318108 0.058047784011843594 0 2.478602728901993E-8 -8.541277598542593E-9 -2.7639366228266637E-5
0.19231764390950024 0.3331039304431938 0.059877835485628014 0 2.354865237717402E-8 -1.6039538266908782E-8 -2.7636963868566387E-5
0.11136664405289663 0.19289268576805546 0.0543171535525474 0 1.6857392755558437E-8 -3.5308063124636454E-9 -2.7628078777038766E-5
0.07844894660138711 0.13587756131386042 0.05290437550856248 0 9.870157825430793E-9 -6.0416758047663426E-9 -2.7621988422842586E-5
0.03519829734560284 0.13784946141786306 0.05265706254873472 0 1.1042368070718695E-8 -5.851009461543738E-9 -2.762091033276824E-5
0.06630901180929025 0.2508565357105051 0.05531869953262273 0 2.251268588403385E-8 4.6535221123674195E-10 -2.763054089632363E-5
-0.017053837843317182 0.27836069099312905 0.05590951428308119 0 1.945658295136535E-8 7.50720561504509E-9 -2.7630717725687972E-5
0.011677278178983168 0.25977319628253465 0.05533524160416193 0 2.04120077941758E-8 6.69246690016833E-9 -2.7625308637788277E-5
-0.036475279191632355 0.1302798698937502 0.052547520741153056 0 9.172244862049289E-9 -6.156903861443912E-10 -2.7622385865015017E-5
-0.004334214649360648 0.15163914092247652 0.05281372846092682 0 1.0941514550310427E-8 -3.9052730321568815E-9 -2.7616779847287246E-5
-0.5548238392163805 0.07638757137486699 0.06925704553616709 0 -6.197019741048443E-10 3.898072804318192E-8 -2.76295877279281E-5
-0.6361392415232946 1.3179599374821288E-17 0.07441207081886599 0 -3.2463334723893096E-10 4.718348218808778E-8 -2.7636671655672412E-5
-0.7353276040989696 1.376885046738379E-19 0.08212306732579755 0 2.6059936521821396E-9 5.4539729208699767E-8 -2.7624207182251815E-5
-0.8245744171037558 1.994957568951944E-17 0.09002147282184524 0 -3.1828026633894934E-9 6.114386041077154E-8 -2.761812794350789E-5
-0.9249999999999996 -3.487031299242896E-17 0.0999999999999999 0 -6.898156564329541E-9 6.866150942037938E-8 -2.7624626794711167E-5
-0.6215823870108426 0.05940809814964494 0.0735747228508592 0 3.0286106496641015E-9 4.487133430477382E-8 -2.7635701168954907E-5
-0.5039157942187592 0.07056797810116018 0.06615707446286308 0 6.732166756161059E-12 3.2692036930425555E-8 -2.7621194022991025E-5
-0.4742240483662385 0.11256694280313873 0.06494853319711702 0 6.7344524040348435E-9 3.2676855734792604E-8 -2.7608182708486633E-5
-0.4362515368769683 0.13236424219261794 0.06326633817399899 0 1.4498128597563106E-8 3.3070102591935724E-8 -2.76133444197401E-5
-0.3689420167821231 0.1279817916152874 0.06013540062401418 0 1.3333063924416754E-8 2.6953866299665263E-8 -2.763149221537175E-5
-0.40020050920329836 0.18553375498639205 0.06251643484045978 0 1.626417622731851E-8 3.153542065249536E-8 -2.7626129071350748E-5
-0.11902524067374867 0.3280525016025783 0.058398241089487615 0 2.3554135084019806E-8 7.522269639715695E-9 -2.763905406127959E-5
-0.278960464150049 0.23105339123962187 0.058930977919053947 0 1.830499041918136E-8 1.9481158206172794E-8 -2.7636115677088054E-5
5.529796886260846E-16 -9.523255661324038E-16 0.05151308386343702 0 -8.528722225521497E-11 6.064290453876847E-11 -2.76395391106749E-5
-0.043042879691499385 0.0745524545297515 0.0519319033593881 0 7.266517459992429E-9 9.122627344260047E-11 -2.76312169527827E-5
-0.24680219676358373 -0.07209570484822997 0.055249906628573604 0 -1.220361028110197E-8 1.91222234009311E-8 -2.762953220211096E-5
-0.1740533791739203 -0.0457943921612332 0.05334383022045102 0 -4.944563549826556E-9 1.6155722007541286E-8 -2.7617512330749426E-5
-0.12783259126111418 -0.033275347967647695 0.052499203818416273 0 3.4500957840082565E-10 1.1558408986055877E-8 -2.7622883224743506E-5
-0.08544796042127181 1.2633032021521531E-17 0.05192572029476935 0 3.527572974125947E-9 6.394246128167553E-9 -2.763133418908355E-5
-0.33947513674739144 0.06240362523718613 0.058248486325065116 0 5.1432234339517815E-9 2.391677574961854E-8 -2.7639111994432345E-5
-0.30816555573663146 0.12979030410922676 0.05783416263257108 0 8.486483210957088E-9 2.3058871605601505E-8 -2.7637624133376857E-5
-0.22695325756190307 0.2565120405768185 0.05814491145404571 0 2.017713266846313E-8 1.7172567335399277E-8 -2.763908323325441E-5
-0.25569422992480956 0.1801064295667739 0.05704280655464759 0 1.0952185053812923E-8 2.1239633678852996E-8 -2.7636462323282977E-5
-0.07471068043782807 0.26158647648355277 0.05569656348774581 0 1.5818046712146396E-8 1.0204835651680878E-8 -2.763389700296792E-5
-0.15073713287945018 0.26108437273446883 0.05665087411303693 0 1.781313452597671E-8 1.3828884557437899E-8 -2.7640705313321887E-5
-0.0793293077376864 0.13740239153093972 0.052935779499837216 0 1.0202384345557895E-8 5.79247790931127E-9 -2.76219557700317E-5
-0.299396714946573 6.0549876586637245E-18 0.05658028588283899 0 -3.2627252099542477E-9 2.2245327182380355E-8 -2.764054236847292E-5
-0.39181543828090004 0.55445735722153 0.07760084140770424 0 4.409084372358032E-8 2.7730792574015192E-8 -2.763042690321756E-5
-0.42125713605646403 0.6077940464059373 0.08247265847688973 0 4.983499647598205E-8 2.9985137364461284E-8 -2.7619724361256565E-5
-0.4499036574234317 0.6597655574984553 0.0876254316161508 0 5.203356492980369E-8 3.6635431130062894E-8 -2.7613544232094227E-5
-0.4789401191209052 0.7197628636157833 0.09385470752197607 0 5.2626215502078E-8 4.206328435756208E-8 -2.7617115804291693E-5
0.30693864167133966 0.4042133776050551 0.06608285286906407 0 2.841793677161995E-8 -1.618278648726503E-8 -2.7622568699314817E-5
0.45341996389119593 0.6343388790419371 0.0859386615701075 0 4.2288847241831245E-8 -3.2043586924603595E-8 -2.7612256987340556E-5
0.36186279370904106 0.47199806236141656 0.0715259330567936 0 3.569904102948568E-8 -2.2591493603645754E-8 -2.7633904645661307E-5
0.400949758946052 0.5652131577221655 0.07869394977656127 0 3.837721624442289E-8 -3.146521454077769E-8 -2.7628376952158632E-5
0.4904238791693691 0.6985151762406319 0.09277567976728547 0 5.1914943825276843E-8 -2.9403829125173568E-8 -2.7614474438022577E-5
0.5485314952955888 0.74480230687788 0.1000000000000001 0 5.734325954900386E-8 -3.297577240392999E-8 -2.761993337569082E-5
-0.157502577302292 0.4062797025959702 0.06224976286168574 0 2.797719011919441E-8 6.738885146739085E-9 -2.7623695684537202E-5
-0.04439277195221168 0.328710102628296 0.0577329050528648 0 2.388760682856699E-8 4.486825845009275E-9 -2.7637828998969114E-5
0.025557696189703685 0.3104658173674805 0.05699894508193312 0 2.373530757315964E-8 1.5796188270312032E-9 -2.7636363953888844E-5
0.05891091878969271 0.3561813785904501 0.05888183035860122 0 2.6004296529955813E-8 -5.786346094386951E-9 -2.7636438821771754E-5
-0.07539656272461737 0.3826387268002811 0.060112744280339386 0 2.9785883828614383E-8 2.0999153310756706E-9 -2.7631711820112047E-5
-0.19156331121345582 0.4731617410648756 0.06625147072173321 0 2.8476839468670565E-8 1.647151407869803E-8 -2.762118915264168E-5
-0.31860245148696237 0.5518356333914171 0.0744889558881298 0 4.08381644140004E-8 2.390978057373589E-8 -2.7636416675566308E-5
0.23188989210585279 0.40164507488900236 0.06367695651733306 0 3.0133819657361004E-8 -1.6490900801839276E-8 -2.7628591078935045E-5
0.18545604713463834 0.43047399478074116 0.06393784680976809 0 3.632458442984145E-8 -1.564105280490114E-8 -2.7622634802406768E-5
0.15384627156060351 0.3839117365891883 0.06118533303935759 0 2.945056233491777E-8 -1.59395650086226E-8 -2.762926101787479E-5
0.08567704016096148 0.3934342712802923 0.06068036954612458 0 2.738662573134703E-8 -1.0852071318738503E-8 -2.76285573494862E-5
-0.04746651353754765 0.1829715324610284 0.053532622158623755 0 9.390119724723173E-9 4.165867219260179E-9 -2.7617067764304137E-5
0.01717373484524668 0.1662656573333219 0.053092157016808576 0 1.401747635131389E-8 -4.109433198707424E-9 -2.7614002099897157E-5
7.833096257776418E-4 0.19069362679459012 0.05356840441819727 0 1.418877451858021E-8 -1.0936458322766473E-10 -2.7609089230904556E-5
-0.014253461472862217 0.23459230484404994 0.05463523466770248 0 1.5186245638381855E-8 8.11312886623346E-9 -2.7617155486910256E-5
0.04520143550094837 0.1841851235528076 0.053545944108146816 0 1.788619875769208E-8 -2.7215589574878477E-9 -2.761643326438722E-5
0.017981432514459814 0.22651294475696923 0.05443142027174295 0 1.9695799254526987E-8 4.809724926914174E-9 -2.761500294785442E-5
-0.4509389353459413 0.18062953941108667 0.06485872161226297 0 1.3672876916363813E-8 3.9039700277732794E-8 -2.7618517038160074E-5
-0.43855507291261625 0.22078311851591842 0.06514753629020965 0 1.4877689094105677E-8 3.6200457536198984E-8 -2.7626354175591134E-5
-0.5430568755805911 0.1088667628343709 0.0688662273363696 0 3.789570514384929E-10 3.920759000319129E-8 -2.7624432405910037E-5
-0.5075730010734566 0.12513873893141766 0.06697106660603608 0 1.8535171685875869E-9 3.7912640737983717E-8 -2.7613505702654575E-5
-0.4876818695036711 0.16005919777938846 0.06641416297022892 0 7.444421516232972E-9 4.1794586000656535E-8 -2.7613677378056825E-5
-0.5817364775186938 0.11498204866540508 0.07140762999266016 0 3.406169452365159E-9 4.274401755365554E-8 -2.763130191700365E-5
-0.6893460495224288 0.06354738512595376 0.07863780818203957 0 7.976086610013155E-9 4.8909201750275056E-8 -2.7628421175904656E-5
-0.7599167871431189 0.060700756349994105 0.08441733903220823 0 6.630030568716231E-9 5.237836989298177E-8 -2.7616459436864022E-5
-0.8184909839211809 0.07533925376340878 0.08977629762126756 0 1.8416989075604958E-9 5.663755051301793E-8 -2.7611368463188258E-5
-0.8641324069088798 0.06217499425579329 0.09403348687291993 0 -1.6080410557652446E-9 6.144371609734598E-8 -2.7616714671905993E-5
-0.919284810212244 0.10262901652303173 0.09999999999999994 0 -3.2592758841680465E-11 6.633296702935241E-8 -2.761943613229378E-5
-0.7200856347104291 0.1275637570102766 0.08178787314202204 0 1.54547023325179E-8 5.233572730799448E-8 -2.7616460207111763E-5
-0.6366216770914513 0.14805650423757327 0.07568897320024312 0 1.1647093951038098E-8 4.7359787569764696E-8 -2.7631804625494197E-5
-0.5083123257938114 0.6756675576578803 0.09200745306162258 0 4.935270892754173E-8 4.4468226221483754E-8 -2.7609398741948432E-5
-0.5084523869045262 0.6310249340793687 0.08870435188239581 0 4.7111889498519884E-8 4.0543382913688985E-8 -2.7602665033604006E-5
-0.5485031394581954 0.7448231888659755 0.09999999999999998 0 5.3119900809200455E-8 4.831297536746039E-8 -2.7619254162648228E-5
-0.47303326379715877 0.5791284533565413 0.08316905076856485 0 4.741249454631419E-8 3.131578449975534E-8 -2.7611786656261856E-5
-0.45509595152323223 0.4866404390645807 0.07663670286639768 0 3.6828779679660174E-8 3.224871652189564E-8 -2.7630275864635322E-5
-0.4180330375357138 0.4186106610386911 0.07131407766744807 0 2.69132867098897E-8 3.5057064941957304E-8 -2.7629879025044915E-5
-0.35805699391726126 0.4725541821277961 0.0714004969823895 0 3.4302066988871486E-8 3.0891627779626906E-8 -2.7633613723587912E-5
-0.3304177610769968 0.2075632873895256 0.060121873146272396 0 1.673386018660838E-8 2.316052013983876E-8 -2.7633796021463522E-5
-0.3986677525588505 0.2551376793832065 0.06418286265211677 0 1.645775511828511E-8 2.876060021824354E-8 -2.762633512295568E-5
-0.19326570388917413 0.3347460184966116 0.05996054906425581 0 2.5947125050951104E-8 1.2488885929823701E-8 -2.763669124305772E-5
-0.2326279902659774 0.402923498403311 0.06375456788963607 0 2.9530064005983018E-8 1.803411362963221E-8 -2.762852619529157E-5
-0.2730034360466582 0.4728558218736924 0.06837705113188595 0 3.266428390965793E-8 2.455309700907662E-8 -2.763324783043638E-5
-0.30165136280488025 0.41841452971898935 0.0665620091821718 0 3.176222430823756E-8 2.8695915230186395E-8 -2.7625542478528905E-5
-0.2982294435153453 0.2720284218761083 0.06072614652584282 0 2.3370789061716015E-8 1.8247014254366763E-8 -2.7627926142876065E-5
-0.28071917465641966 0.3771430143239578 0.06401358518053687 0 3.181088126415286E-8 2.387172755169796E-8 -2.7622159003983277E-5
-0.25621859628623345 0.3266156402995803 0.061257118437086824 0 2.883762238045885E-8 1.7523962332737028E-8 -2.7628622398778824E-5
-0.07427627943517316 0.042883429926301085 0.05192880169730083 0 6.474392142669139E-9 3.63879791174856E-9 -2.763118695142956E-5
-0.10192189467460559 0.10267269443312377 0.05269596908601702 0 1.0725194992113438E-8 6.897919849425071E-9 -2.7620786317940136E-5
-0.22270343343645202 -2.7398019802337882E-17 0.054316401779706945 0 -5.398546272044953E-9 1.6617722290430403E-8 -2.7628178096522336E-5
-0.1568744501142894 1.9427769320198104E-18 0.05290395974586273 0 1.927851587121518E-10 1.1722303197320785E-8 -2.7622112755291182E-5
-0.1333037269353432 0.03517105967265549 0.05258728793055297 0 5.105369091080264E-9 7.76424662866617E-9 -2.7621892182398813E-5
-0.2668792736165403 0.06671487334767572 0.055790773586017584 0 -6.08884380692415E-10 1.9128095883873892E-8 -2.7634282088271507E-5
-0.25161809751440434 0.1255049475699697 0.05598231997151887 0 3.422550682435882E-9 2.0717935576575956E-8 -2.763120101109249E-5
-0.2204702956430696 0.1429341155499399 0.055415459742855375 0 4.872909401696698E-9 2.1207727169468935E-8 -2.7626067562223427E-5
-0.18350196867475072 0.18844743574056294 0.05542383280391714 0 1.1619925142210582E-8 1.957511742711049E-8 -2.763188061475566E-5
-0.1122914677939212 0.19449452747555573 0.054363926326504504 0 1.1700548453524606E-8 1.2979903905709922E-8 -2.762835547238274E-5
-0.13865734030206042 0.13413724110678021 0.05361667711440056 0 1.127127929974916E-8 1.466259737979886E-8 -2.761698714323017E-5
-0.3679940573528883 0.637384404218618 0.08217817873449762 0 4.860372709163623E-8 2.50899070782667E-8 -2.762400787522014E-5
-0.4124740638930545 0.7144260354671818 0.09005646238462257 0 5.1390132456806015E-8 3.342494942470821E-8 -2.7618087457294992E-5
-0.4625000000000002 0.8010734985006057 0.09999999999999998 0 5.604283045555935E-8 4.035251385337104E-8 -2.762462903165961E-5
0.41227210451772545 0.7140762315680472 0.09001864521731297 0 5.439183353270493E-8 -2.7686545529351185E-8 -2.7618662241395072E-5
0.27234892372669683 0.47172217328134014 0.06829621029644013 0 3.729408699368275E-8 -1.5982675485447645E-8 -2.763329256551826E-5
0.36764043700660404 0.6367719158122639 0.08211917016769554 0 4.587422684039224E-8 -2.936437677527095E-8 -2.762451808776704E-5
0.31803615984503875 0.5508547874957042 0.07440724687637126 0 4.091957403841498E-8 -2.3240606361058302E-8 -2.7636697034755362E-5
0.46250000000000013 0.8010734985006064 0.09999999999999999 0 6.274039978314323E-8 -2.8207214005013116E-8 -2.7625143055895425E-5
0.3836506929290541 0.7746515411716932 0.09384509082801112 0 6.25580638772628E-8 -2.438920233850379E-8 -2.7617882510063155E-5
-0.14030890931253803 0.4679836164169959 0.06501280116403946 0 3.170828059710287E-8 1.092589404494988E-8 -2.7608294950748725E-5
-0.10294114607188212 0.4464085827438704 0.06338188130081227 0 3.6312382806273646E-8 4.25056094490748E-9 -2.7612832816585665E-5
0.013052198219917906 0.38970549808144683 0.06010955939350729 0 2.8455858470581004E-8 -2.648445365190496E-9 -2.763429623218791E-5
-0.04037960269203984 0.44085703180834646 0.06259577733066987 0 3.5906363852634936E-8 1.7881739535923712E-9 -2.7626128060072237E-5
0.06533055038853267 0.4354649165439312 0.06247764990259344 0 2.8189202951315187E-8 -7.4079263920018564E-9 -2.7622710611713137E-5
0.21079455863719812 0.4693257584201238 0.0664848367230654 0 4.052945977872656E-8 -1.3132332841749303E-8 -2.7626042720272005E-5
-0.2117215867706234 0.5198781223671348 0.06933829044213057 0 3.3487632328429253E-8 2.0176529388766237E-8 -2.7629687163925323E-5
-0.1460434120132441 0.503264073058023 0.06704541835555092 0 3.3854012156693773E-8 1.751134169010281E-8 -2.761395455331091E-5
-0.17773060720916653 0.5259463281585314 0.0689480477972893 0 3.42661116924451E-8 1.9308552034341826E-8 -2.7624649959695817E-5
-0.2900329026458535 0.6297052539110424 0.07871782471366953 0 4.647059063381412E-8 1.7603937571340852E-8 -2.762822803739145E-5
-0.2598642375444073 0.5690891545970852 0.07365958600480058 0 4.0515879386346055E-8 1.9793784219747858E-8 -2.763564142664549E-5
0.1498593825176401 0.45279307874260616 0.06437801254812758 0 3.760009451318475E-8 -1.3231483161613373E-8 -2.7611643241254647E-5
0.11053788187593885 0.4306223745782792 0.0626902062642271 0 3.016514941881534E-8 -1.3290698558713817E-8 -2.7616108500125898E-5
-0.4490633670822637 0.26293361409508886 0.06682964731028329 0 1.5318923510619924E-8 3.535505639974323E-8 -2.7629998541972885E-5
-0.4300985673768074 0.3012630280350379 0.0671100012724704 0 1.6213497858301964E-8 3.221315408043325E-8 -2.7627385393817847E-5
-0.49761740681994665 0.2259943198914076 0.06840949555720777 0 1.283325584975724E-8 4.179427013922452E-8 -2.7629954996523423E-5
-0.5518948161465873 0.17422255470543743 0.07046196471921622 0 6.970092180273591E-9 4.423470656776121E-8 -2.7628800528104076E-5
-0.4324706598932548 0.35955969358955997 0.06940707877592157 0 1.96432874554615E-8 3.4266333511292414E-8 -2.762760541574336E-5
-0.7940808377677345 0.13178185399490336 0.08820577601429047 0 8.395814970476796E-9 5.804953663152201E-8 -2.76017985302864E-5
-0.8565041007211139 0.12935729823844902 0.09401883827528355 0 2.0272730110412754E-9 6.301905964006785E-8 -2.7610154378372216E-5
-0.9051192255768065 0.19074632675980735 0.09999999999999998 0 7.050326498970526E-9 7.056639367480077E-8 -2.761795856752063E-5
-0.7583678808155521 0.178257805309045 0.085877514601274 0 1.6058003198484756E-8 5.988279772714029E-8 -2.760887565392628E-5
-0.6170663609123308 0.222189336538271 0.07585507468331582 0 1.6744253488991722E-8 4.642947886808172E-8 -2.763336496944552E-5
-0.6972424057138269 0.20430689657176623 0.08139617396721441 0 1.8948982242944816E-8 5.314697018543511E-8 -2.762280325831942E-5
-0.5596851197575441 0.6634042603718276 0.09419033697962355 0 4.429366465975974E-8 4.7214544873852694E-8 -2.760962900564252E-5
-0.5445828559277583 0.5931276201062036 0.08823074690283748 0 4.013646231443957E-8 3.877193960163919E-8 -2.760523757941825E-5
-0.6177328508859395 0.6884991641819085 0.09999999999999992 0 4.458814208414191E-8 5.0283165946565755E-8 -2.761782257872018E-5
-0.5240933648557363 0.5322322969179639 0.08310069903157469 0 3.9599057902993745E-8 3.3960284411081413E-8 -2.761685270656756E-5
-0.482008368592271 0.40269833860051546 0.07383556549613608 0 2.7596167289830992E-8 3.63756969855896E-8 -2.76340513221532E-5
-0.5228737105474611 0.469403410425903 0.07945982017150148 0 3.583138894000912E-8 3.6285830107567987E-8 -2.7627496860393762E-5
-0.3178442209190435 0.3574692689417035 0.06445327462614317 0 3.03245025712974E-8 2.6460563504232474E-8 -2.7611038970392733E-5
-0.3668515165065182 0.391453181331997 0.06779342734587494 0 2.4962027706229126E-8 3.4501851987325217E-8 -2.7617635014482143E-5
-0.37474174799433474 0.32521524057353407 0.06543736846884436 0 1.8286685605488948E-8 2.59590518523488E-8 -2.761231587849081E-5
-0.3445240713159381 0.2767146512083848 0.0625551726814487 0 2.063890466250934E-8 2.0593862338035184E-8 -2.7621570165424153E-5
-0.31825267387856393 0.31228528282505885 0.06275542647814246 0 2.677983566655072E-8 1.95489055577253E-8 -2.7615120681376228E-5
-0.13208776332768443 0.07040426877471616 0.05277929135503948 0 8.782098316589165E-9 7.430921679942178E-9 -2.761727053192435E-5
-0.13558426904309848 0.09984465055515283 0.05311549222562181 0 1.0726050886235188E-8 1.0395505544541273E-8 -2.7614036980036014E-5
-0.18433654548332082 0.04822270923057056 0.05356505347436668 0 5.568311494499965E-10 1.0352287213037736E-8 -2.761772895114234E-5
-0.2141365218541703 0.10501643106435352 0.054728299370409676 0 3.476378660352138E-10 1.752483344390176E-8 -2.7618478560623935E-5
-0.18680865935078547 0.12991541986645883 0.054439563423197654 0 5.7452816803613765E-9 1.9558446544427246E-8 -2.7615392483956938E-5
-0.1657690318723488 0.09663028560186346 0.05359396061230915 0 7.157600514273181E-9 1.2487047363226991E-8 -2.7608825358969772E-5
-0.3275435087421515 0.689022237889938 0.08446715933764735 0 4.8669310504111715E-8 2.052928114139074E-8 -2.7616389738303297E-5
-0.3440235561346144 0.746753392646391 0.089798396197132 0 4.994683165744253E-8 2.6707165751563045E-8 -2.7611468488256778E-5
-0.3781299746230488 0.7796968295885027 0.09405159466762453 0 5.245474407583895E-8 3.2156873985310716E-8 -2.761681770894443E-5
-0.37078556224583165 0.8474286657041803 0.09999999999999998 0 5.747752736552828E-8 3.326700973383838E-8 -2.7619672209807577E-5
0.33139114289377414 0.7785556133621918 0.09206768166444738 0 6.312042614237389E-8 -2.036392152658831E-8 -2.7610224680807455E-5
0.3464548928541494 0.7191482470167311 0.08759713317592265 0 5.757069094294248E-8 -2.666537337059086E-8 -2.7614223300219963E-5
0.31546555307223767 0.6681703741372863 0.08242156072081934 0 5.065973630293578E-8 -2.79561176343557E-8 -2.7620577021404873E-5
0.22784343961994072 0.5451094489255655 0.0712614275403811 0 4.379721617964529E-8 -1.3841823220724731E-8 -2.763384480101516E-5
0.28413345033548576 0.6165726819630529 0.0775980862421621 0 4.5918324200169574E-8 -2.4105439823369455E-8 -2.7630941404270014E-5
0.290977677915208 0.7546407636986492 0.08855875058870188 0 5.842495097123428E-8 -2.050414409889294E-8 -2.7603456704019874E-5
0.37075219693550476 0.8474432642497914 0.09999999999999995 0 6.820615203389166E-8 -2.163152654281834E-8 -2.762022496778626E-5
-0.10596501162257625 0.5041773372256164 0.06652572871029448 0 3.983379224006904E-8 1.4683774153206646E-8 -2.761409690524961E-5
-0.07102778036707863 0.4813038479979327 0.06489977746314218 0 4.091414625318569E-8 8.022589172105901E-9 -2.7618320342174928E-5
0.019795838688718658 0.4703114259817324 0.06404440608297313 0 3.301004347441329E-8 9.832656842270915E-11 -2.762697309110991E-5
-0.028427878816465992 0.4894039605592073 0.06510500934199118 0 3.875137080417501E-8 5.15646862227264E-9 -2.76266119786267E-5
0.09307018049889713 0.4870154223859189 0.06541754354915294 0 3.136529213501788E-8 -2.866778057101611E-9 -2.7613245587767433E-5
0.15223360853370174 0.5114589799667827 0.06762073099832455 0 4.18579721076621E-8 -4.100654665570159E-9 -2.7617060943526687E-5
-0.19168892528151515 0.5624523066487594 0.07149027116733256 0 3.889335013407336E-8 1.840895630649112E-8 -2.7631493703661422E-5
-0.12546868182070262 0.5661421054611622 0.07053660282173835 0 4.189096644028451E-8 1.608753732304197E-8 -2.7629134387224154E-5
-0.25001651455608004 0.6877574831582879 0.0818288600417976 0 5.308832442411991E-8 1.2848354633125377E-8 -2.7616469841524513E-5
-0.19051431605916905 0.626194724144322 0.07575740850014469 0 4.6991727482384136E-8 1.3613856936291507E-8 -2.763193029458012E-5
-0.496968869184538 0.31115828345845903 0.07096354188096898 0 1.956569901906708E-8 3.818923879764016E-8 -2.763579937080946E-5
-0.5531916805568735 0.25483900449276115 0.07250231820116239 0 1.6851385071384933E-8 4.306647576247637E-8 -2.7635731533396825E-5
-0.8285501209973593 0.21135039229984 0.09293041569195869 0 1.0709564980438413E-8 6.673663037786897E-8 -2.761323697118607E-5
-0.8809225682293763 0.28211960771987943 0.09999999999999996 0 1.4705250125402867E-8 6.940070123494659E-8 -2.7624074575623138E-5
-0.7578216461505274 0.23114048963723496 0.08705889216020636 0 1.7403573742449254E-8 5.977917596443475E-8 -2.7616038120367768E-5
-0.5442886348821633 0.36830034160648034 0.07595460109733419 0 2.846790348049269E-8 3.972123862953017E-8 -2.7633520900827224E-5
-0.6102329054490169 0.29533181001281994 0.07752504764743703 0 2.4200669359164545E-8 4.3409592858460803E-8 -2.7630780613739452E-5
-0.6672358697757713 0.2726523999513782 0.08092297245691278 0 2.2433315754027665E-8 4.749564811633964E-8 -2.7625401685999744E-5
-0.7250638207162802 0.2644091498704253 0.08523826785223539 0 2.0092367142161285E-8 5.380897349981858E-8 -2.761985725116662E-5
-0.6071515389330133 0.6092519905512257 0.0934219469334025 0 3.8246165216844875E-8 4.682626504174038E-8 -2.7614560102402918E-5
-0.5735399527378838 0.553508622043815 0.08749015204644302 0 3.7410794073064146E-8 4.0289752213966424E-8 -2.7613932535225453E-5
-0.6847646792234087 0.6218628292777222 0.09999999999999995 0 3.9528918788533705E-8 5.4195516941330845E-8 -2.7623955726658204E-5
-0.5770660846669927 0.4836246905463882 0.08360849061752018 0 3.686657592744285E-8 4.163888774836251E-8 -2.7621581311367527E-5
-0.5580584193120216 0.42548332869284067 0.07938775238593494 0 3.413562044908551E-8 4.031154726914854E-8 -2.762801430589183E-5
-0.28374056147924315 0.7514739211838952 0.0880520415280374 0 5.42170571043406E-8 2.1526805380609267E-8 -2.7602156406646435E-5
-0.3165497745723784 0.8071051679018629 0.09409208829712741 0 5.578172516710204E-8 2.992574133634406E-8 -2.761059739731629E-5
-0.28739394850298333 0.8792210714939998 0.09999999999999995 0 6.47021038425106E-8 2.9272522902605E-8 -2.7618458642815274E-5
0.29491717071644896 0.8166669280321706 0.09422261270086467 0 6.285501239725818E-8 -1.4526796543144246E-8 -2.761073485056846E-5
0.15199695343335898 0.5713443637747507 0.07128864354870555 0 4.354897608074234E-8 -5.632496116292662E-9 -2.7630430755049934E-5
0.2647361318881631 0.6988930987695543 0.08313425830297129 0 5.061596322881282E-8 -2.5475201197140436E-8 -2.7612765359355952E-5
0.19363779692619498 0.6392946953673742 0.07676490405819379 0 4.635566100693219E-8 -1.5796482826135896E-8 -2.7630760529614947E-5
0.23873623781901862 0.7680602578468166 0.08814793343306232 0 5.334600697185373E-8 -1.508350656152539E-8 -2.7606529363700464E-5
0.28735785633849587 0.8792328678266585 0.09999999999999996 0 6.578063511701298E-8 -1.341008140600316E-8 -2.7618903538715918E-5
0.045020558010702406 0.5239593119206281 0.06715619876796416 0 3.6050711560175254E-8 2.174382851542002E-9 -2.7628277732093952E-5
-0.05203180167969757 0.5443357511275837 0.06842717285738563 0 4.2673420058594155E-8 9.706152914255674E-9 -2.7630478156346116E-5
0.00125333399408392 0.5186888782774369 0.06673044987207258 0 3.8361862084097804E-8 4.5295470504857505E-9 -2.763036507819741E-5
0.09263905094403112 0.5551170207203664 0.06943102413110942 0 3.947674635164039E-8 1.5370097284704982E-10 -2.762875196251425E-5
-0.22520922840433807 0.7458968973346561 0.08588793599516027 0 6.001544178963308E-8 1.614422238004658E-8 -2.760930840056278E-5
-0.056365569894855645 0.6123374883168232 0.07290850863136553 0 4.6145528839432637E-8 6.564449903145913E-9 -2.7636308751257482E-5
-0.11459365381122652 0.6489796043007032 0.07609123122821615 0 4.879361186454534E-8 8.493340954050401E-9 -2.763359978368035E-5
-0.17201424223952635 0.7059350940103869 0.08139872432652714 0 5.5513784610398267E-8 1.033731239599113E-8 -2.7623295474444445E-5
-0.5619648707592039 0.31624700130713346 0.07504348009682706 0 2.4228183519979778E-8 4.123038776210302E-8 -2.7634877834719696E-5
-0.7888004165309431 0.29037609645717466 0.09153149855841576 0 1.7334750053778945E-8 6.00301963456425E-8 -2.7618879151683235E-5
-0.8437609348289447 0.37906778281416026 0.09999999999999995 0 2.0344856608497304E-8 6.316971733615423E-8 -2.762260153684634E-5
-0.6064827120561797 0.3683452405387546 0.08001332460787643 0 3.2435199341930663E-8 4.27100749865504E-8 -2.7623312644022785E-5
-0.6554904399290363 0.3258387756938692 0.08184700708932659 0 2.744839929709765E-8 4.4239454518222634E-8 -2.761956783015232E-5
-0.7173789460644423 0.321865662586802 0.08652046298759287 0 2.230757237161728E-8 4.971234460486919E-8 -2.7614830855636224E-5
-0.6465139113454262 0.538316822314734 0.09160194260007758 0 3.653649884076594E-8 5.087559045099452E-8 -2.7618829884102914E-5
-0.7501326501074496 0.5412263004122692 0.09999999999999996 0 3.576421254266885E-8 6.211541659720567E-8 -2.762256654738625E-5
-0.8010558185062641 0.4625204886241073 0.09999999999999998 0 2.7493508127990268E-8 6.332719322499153E-8 -2.7617950202944668E-5
-0.6328963674406779 0.44705014677999644 0.08550954643040555 0 3.662917052069908E-8 4.9430430023512144E-8 -2.761455812869225E-5
-0.2313025414788286 0.8233581280344338 0.09294490463014164 0 6.318988952883814E-8 2.4188478301919515E-8 -2.7613757378639617E-5
-0.19616860770583666 0.9039546015730862 0.09999999999999994 0 6.75150108546068E-8 2.208414067583019E-8 -2.762488099530201E-5
0.2216527773738334 0.8287572231622684 0.0932031971273528 0 5.943004888864339E-8 -9.527913275563534E-9 -2.761556673627324E-5
0.10414931811684251 0.6209165315731189 0.07394244219969823 0 4.533593148523834E-8 -5.560870885067901E-9 -2.7634979616864935E-5
0.1942511971230704 0.716812779625243 0.08273823779707914 0 4.9093428601991E-8 -1.6877282725858574E-8 -2.7618939039459302E-5
0.14442364609626682 0.6895139486023729 0.07960445430492032 0 4.9383310062427664E-8 -1.2871071029441228E-8 -2.762824081706432E-5
0.1913914876174544 0.7797285375111098 0.08801717214843206 0 5.415873072138269E-8 -1.1578931642322559E-8 -2.7615227432635458E-5
0.196130597538861 0.9039628493277602 0.09999999999999998 0 6.65534343898639E-8 -6.978500433613847E-9 -2.76252359260589E-5
0.020086990102898373 0.582926818943489 0.07076019404513119 0 4.2614798898022415E-8 2.510475399296531E-9 -2.763632660512172E-5
-0.17894546311077822 0.7718277883825889 0.08706002927260566 0 6.040405268266158E-8 1.4898287603152914E-8 -2.7616583762016263E-5
0.04599891718688658 0.6542488180254783 0.07585611859697282 0 4.852755413817607E-8 -4.70068525308776E-9 -2.763444477604035E-5
-0.007855133722757698 0.6491499078369714 0.07536310530979572 0 4.813910866520714E-8 -7.092594723510707E-10 -2.7635059390240242E-5
-0.13380906082414654 0.7600240739879767 0.08523325950883376 0 5.671849907759331E-8 9.60634003200319E-9 -2.7620495050708563E-5
-0.04850890629174576 0.6781878024575423 0.07767733236817918 0 4.981752665301447E-8 5.847728885260537E-10 -2.7631117135286575E-5
-0.09794458893422112 0.7138796015511557 0.08090449857215169 0 5.233956098068084E-8 4.42944421893705E-9 -2.7626114292202807E-5
-0.7603438011582597 0.3738096376808479 0.09217483686370775 0 2.0865857068147285E-8 5.5562664289472925E-8 -2.761186936867126E-5
-0.6767294999436547 0.3833870641168077 0.0857669286165472 0 3.0837934639412685E-8 4.7967179152297016E-8 -2.7604938396798633E-5
-0.7186415188607147 0.46354605628657686 0.09293928953994947 0 3.0525404132785133E-8 5.953280977287181E-8 -2.761079501769473E-5
-0.14285595486183847 0.8282574032154251 0.09152546819348935 0 6.064842336309043E-8 1.507995794536843E-8 -2.7619652301513742E-5
-0.09363126894349026 0.9202489260084377 0.09999999999999998 0 6.490420356894308E-8 1.4088370811916138E-8 -2.76236913306728E-5
0.09361324045256657 0.9202507597854978 0.09999999999999996 0 7.157259897341775E-8 2.1420225324613488E-10 -2.7623910169050858E-5
0.14341620299378274 0.8294494640794721 0.09164675622284839 0 6.22592930266134E-8 -6.116356742451069E-9 -2.7619994948979993E-5
0.08739963386816947 0.6969472503405287 0.07943927986118828 0 5.212263820570498E-8 -9.383509563311035E-9 -2.7628754013751542E-5
0.1332242410665833 0.7460807458646898 0.0840331591986956 0 5.4683477763886874E-8 -1.0967021733306679E-8 -2.762200914714409E-5
0.011531729957052445 0.7092408490309093 0.07999382505294728 0 5.3042678234498614E-8 -6.3947737497630725E-9 -2.7624049361798688E-5
-0.08028628936017151 0.7814679591465112 0.08645850584417021 0 5.4178399880179803E-8 5.506915045307098E-9 -2.7615814816322727E-5
-0.04561230651596534 0.7294921334214546 0.08175631121749642 0 5.2024288216713455E-8 -1.5228714276527E-9 -2.762057284652634E-5
-2.6622719632600497E-6 0.924994933365257 0.09999999999999994 0 6.860266188556679E-8 8.05590033740063E-9 -2.7619299152173286E-5
-0.057540995049113024 0.8423979795604504 0.0918960227632853 0 5.822099633788855E-8 9.737125285348224E-9 -2.7612707561145287E-5
0.04284010489062188 0.8515402282381707 0.09269147861274166 0 6.672549699724943E-8 3.197594067690194E-9 -2.7611898827801562E-5
0.06678793864290467 0.7745216917616873 0.0857326633705871 0 6.147964223169206E-8 -6.509657117840924E-9 -2.761465322389673E-5
-0.010066347156763605 0.7750831353836388 0.08553470969702802 0 5.6278484640182087E-8 -2.6995374844676326E-9 -2.7606613674530662E-5
