% Model:
% Version:
% Dimension:          3
% Nodes:              691
% Expressions:        4
% Description:        Surface
% X                       Y                        Z                        Color                    DeformX                  DeformY                  DeformZ
0.09361324045256657 0.9202507597854978 0.09999999999999996 0 1.505991400022407E-7 -1.4550019172661564E-9 0.049977012749755544
0.19613059753886136 0.9039628493277616 0.10000000000000006 0 1.4433410936097447E-7 -1.6712979932569665E-8 0.04997701238026127
0.2873578563384961 0.8792328678266589 0.09999999999999998 0 1.416850914777801E-7 -3.034062613955516E-8 0.0499770198330384
0.6177594130735132 0.6884753307245892 0.0999999999999999 0 1.1871387637302115E-7 -8.42490284774864E-8 0.04997702615433624
0.684790004400319 0.6218349412241562 0.09999999999999998 0 1.0870971940576724E-7 -9.567293925210999E-8 0.04997702189077057
-2.6622719632544978E-6 0.924994933365257 0.09999999999999995 0 1.480113857053076E-7 1.3729392807893887E-8 0.049977016848319324
0.042840104890621886 0.8515402282381707 0.09269147861274166 0 1.4038869494685104E-7 5.267461330879689E-9 0.049977026886581406
0.37075219693550476 0.8474432642497914 0.09999999999999995 0 1.4169572869080775E-7 -4.5149774361921606E-8 0.04997701971089026
0.14341620299378263 0.8294494640794716 0.09164675622284833 0 1.342087447573585E-7 -1.197438012017558E-8 0.04997701993588238
0.2216527773738334 0.8287572231622684 0.09320319712735281 0 1.313591884533634E-7 -2.1494337901749822E-8 0.049977024659600765
0.29491717071644885 0.8166669280321706 0.09422261270086468 0 1.338904377344933E-7 -3.22391609319883E-8 0.04997703008271493
0.5485314952955888 0.74480230687788 0.1000000000000001 0 1.229826833171221E-7 -7.055095333584064E-8 0.049977023088966704
0.5518007966248653 0.6760563257947593 0.09465507346897212 0 1.1449329611680293E-7 -7.23668963773843E-8 0.049977034040891107
0.5876935447112426 0.6161088910778022 0.09257893706827944 0 1.0818704112471359E-7 -8.266668184607019E-8 0.049977035059472964
0.750154542605984 0.541195955123228 0.09999999999999999 0 9.419200717405062E-8 -1.025239998196154E-7 0.049977025446780204
0.6504705486077746 0.5465931881196746 0.09240305490818576 0 9.453490288394301E-8 -9.097835193358918E-8 0.04997702901389768
0.8010710017272109 0.46249419126110153 0.09999999999999994 0 8.466485487927729E-8 -1.1281899350366256E-7 0.04997703230665052
0.8437752416466553 0.3790359375932063 0.09999999999999998 0 7.274625988090272E-8 -1.2269537952909249E-7 0.049977030217407827
-0.09363126894349026 0.9202489260084377 0.09999999999999998 0 1.439531886349095E-7 2.7092079297477575E-8 0.04997701233741358
-0.057540995049113 0.8423979795604501 0.09189602276328529 0 1.3119193605756744E-7 1.9646910360885883E-8 0.049977026048433834
0.06678793864290467 0.7745216917616872 0.08573266337058709 0 1.2912882846259553E-7 -6.533510669959681E-9 0.04997702685143645
-0.010066347156763604 0.7750831353836388 0.085534709697028 0 1.2397995569785046E-7 3.3002555628373656E-9 0.04997703457969352
0.33139114289377414 0.7785556133621918 0.09206768166444738 0 1.3121742918477523E-7 -4.102683511290264E-8 0.04997703189843771
0.46249999999999974 0.8010734985006057 0.09999999999999991 0 1.326929790779851E-7 -5.897843419555065E-8 0.049977016287934835
0.3836506929290542 0.7746515411716933 0.09384509082801115 0 1.3039106933664065E-7 -4.912361378440389E-8 0.04997702439843165
0.1913914876174544 0.7797285375111098 0.08801717214843206 0 1.2225119194643762E-7 -2.1330068286256682E-8 0.04997702655382279
0.13322424106658332 0.7460807458646898 0.0840331591986956 0 1.2013001763216894E-7 -1.6267842358379047E-8 0.049977020719502566
0.290977677915208 0.7546407636986491 0.08855875058870188 0 1.2462917825167904E-7 -3.8091752015768466E-8 0.04997703940219596
0.23873623781901876 0.768060257846817 0.08814793343306236 0 1.2055655342685564E-7 -2.856205307454205E-8 0.04997703577969932
0.0873996338681695 0.6969472503405288 0.07943927986118829 0 1.1372580902146435E-7 -1.1227058195140002E-8 0.04997701550227488
0.5230354883414245 0.6422697488364205 0.0903707538749386 0 1.0699832670793936E-7 -7.007301066233347E-8 0.0499770421216142
0.4904238791693691 0.6985151762406319 0.09277567976728547 0 1.1390098482104765E-7 -6.261351508323825E-8 0.04997703008791123
0.49825230464030656 0.6040689738252 0.08623250303750964 0 9.711958807050562E-8 -7.208963536352366E-8 0.04997704324669969
0.5828756184496425 0.5332115379316272 0.08685116301599329 0 9.096034487892004E-8 -8.553977401728856E-8 0.04997703200074238
0.5354804188313992 0.5793968081607486 0.0867593250488703 0 9.792605710469672E-8 -8.012259808723843E-8 0.049977041163097
0.706135052883472 0.46732786457169856 0.09212747065803698 0 8.143491999607985E-8 -9.617206330659756E-8 0.04997703942423996
0.626960623589047 0.4522983371432033 0.08535306995964971 0 7.302145274089711E-8 -8.836251258287655E-8 0.04997703548414948
0.7564175363077812 0.3862256756237963 0.09237249347625182 0 7.31865605228638E-8 -1.1031332890775366E-7 0.04997704239226091
0.7978472984237353 0.3041762806928352 0.09281227257926786 0 5.868259295381207E-8 -1.1528419604383859E-7 0.04997703591412701
0.5572755215547441 0.4510872900080025 0.08061070588876622 0 7.382932309758705E-8 -8.152478814770101E-8 0.04997702540760584
0.8809325160784339 0.2820885436790224 0.09999999999999994 0 5.639642227624652E-8 -1.2487523390007397E-7 0.04997703180972511
0.8318102133114372 0.22322523392999072 0.09353078509252773 0 4.627263632532131E-8 -1.1656836932862467E-7 0.04997704292113066
-0.19616860770583672 0.9039546015730862 0.09999999999999996 0 1.4526292031575201E-7 4.309234867828842E-8 0.04997701141978043
-0.14285595486183858 0.8282574032154257 0.09152546819348939 0 1.3250060145304707E-7 3.165053412230415E-8 0.049977019334072684
-0.08028628936017151 0.7814679591465112 0.08645850584417021 0 1.2238217882929097E-7 1.702702176965061E-8 0.04997702494078356
-0.04561230651596534 0.7294921334214545 0.08175631121749641 0 1.1615950849008883E-7 7.139631465348939E-9 0.049977022077403364
0.011531729957052473 0.70924084903091 0.0799938250529473 0 1.1559494879481094E-7 -2.2624028657392197E-9 0.049977019505994764
0.3464548928541494 0.7191482470167311 0.08759713317592265 0 1.2105347103727861E-7 -4.866563460905355E-8 0.04997702983606065
0.41227210451772556 0.7140762315680476 0.090018645217313 0 1.1752882828630418E-7 -5.480670340645194E-8 0.04997702553490073
0.19425119712307035 0.7168127796252429 0.08273823779707913 0 1.1228514587833907E-7 -2.7027416329158603E-8 0.04997702497462449
0.1444236460962668 0.6895139486023729 0.07960445430492033 0 1.1042538194522691E-7 -1.9197073197092794E-8 0.049977016457250736
0.26473613188816314 0.6988930987695542 0.08313425830297129 0 1.1245743731480581E-7 -4.1173802013019206E-8 0.04997703189475509
0.31546555307223756 0.6681703741372859 0.0824215607208193 0 1.1014591538406774E-7 -4.7680592170271514E-8 0.0499770251277179
0.04599891718688658 0.6542488180254783 0.07585611859697282 0 1.0678892859625837E-7 -3.407474005547029E-9 0.04997701114696332
0.1041493181168425 0.6209165315731189 0.07394244219969821 0 1.0101436516420592E-7 -8.900388156525443E-9 0.04997701195729458
0.4534199638911959 0.634338879041937 0.0859386615701075 0 9.923900395132439E-8 -6.25491131124039E-8 0.049977034367719185
0.4723939921181885 0.5653277489130147 0.08223903081434113 0 8.932870406156655E-8 -7.151601470058716E-8 0.049977033592056345
0.5096255127299391 0.5106912413470729 0.08097857821614195 0 8.41721695631616E-8 -7.731561732371077E-8 0.04997702778430581
0.49005227512439603 0.44470401859070546 0.07629562530822705 0 7.540667762760562E-8 -7.096125273887997E-8 0.049977019850780194
0.6719229666176102 0.3884051108238118 0.08561888827579651 0 6.338176874708544E-8 -9.917119669827417E-8 0.049977047898268
0.585360990165672 0.3703838402167338 0.07867156144500052 0 5.947232738081586E-8 -8.617647874799738E-8 0.04997702641891171
0.7133503615870089 0.32015636681811027 0.08613118221459616 0 5.716660674735171E-8 -1.074425105240545E-7 0.04997703994468864
0.7561533810021166 0.25116889240286866 0.08746370240455795 0 4.60813023706501E-8 -1.0794059339458E-7 0.04997703949291293
0.4678168231247622 0.39722837411780604 0.07282402579327739 0 7.115150601832283E-8 -6.543646625213022E-8 0.04997701999478954
0.5201731653431543 0.38799390136202994 0.0753439569886662 0 6.643621744943924E-8 -7.500947224616801E-8 0.04997701943301937
0.9051251569294584 0.19071818089926673 0.09999999999999992 0 4.326195724799894E-8 -1.2932878068497678E-7 0.04997704082512389
0.7902639371480997 0.1788726841459575 0.08869278761371618 0 3.564989456825077E-8 -1.1090939734477907E-7 0.04997705348876664
0.8510855832446352 0.14814580550682155 0.0937894978149824 0 3.712428391184505E-8 -1.2354571735966715E-7 0.04997705106572526
-0.2873939485029833 0.8792210714939994 0.09999999999999992 0 1.4045978367321102E-7 5.738286175063906E-8 0.049977018365930596
-0.23130254147882853 0.8233581280344335 0.09294490463014163 0 1.3461670191273787E-7 4.770455013380809E-8 0.04997702510470143
-0.31654977457237843 0.8071051679018628 0.09409208829712742 0 1.2587287306224217E-7 6.011405653873614E-8 0.0499770284440301
-0.17894546311077822 0.7718277883825889 0.08706002927260566 0 1.2782217854779405E-7 3.413958933661031E-8 0.04997702417714059
-0.13380906082414656 0.7600240739879769 0.08523325950883374 0 1.2322934337692325E-7 2.5267397400552502E-8 0.04997702081736672
-0.09794458893422107 0.7138796015511553 0.08090449857215165 0 1.1524298827895289E-7 1.7152066532610097E-8 0.049977016889086706
-0.048508906291745806 0.6781878024575432 0.07767733236817927 0 1.0993353130153915E-7 9.34141325820282E-9 0.04997701329485856
-0.0078551337227577 0.6491499078369712 0.07536310530979572 0 1.0598967948374327E-7 4.790806456903983E-9 0.049977010513344106
-0.22520922840433794 0.7458968973346558 0.08588793599516023 0 1.2537605101262793E-7 3.895088000589044E-8 0.049977032137388855
0.3676404370066046 0.6367719158122648 0.08211917016769558 0 1.0295051088463523E-7 -5.3217037293484946E-8 0.04997702217442313
0.1936377969261951 0.6392946953673746 0.07676490405819383 0 1.0350885945060528E-7 -2.6093153333363253E-8 0.04997701576757449
0.2841334503354857 0.6165726819630527 0.07759808624216208 0 1.0135952425668204E-7 -4.151299415038077E-8 0.04997701644057993
0.15199695343335892 0.5713443637747505 0.07128864354870554 0 9.538281529506422E-8 -1.2824081016019194E-8 0.049977018329225666
0.020086990102898376 0.582926818943489 0.07076019404513119 0 9.529442025959211E-8 5.671124020057645E-9 0.049977011658139635
0.09263905094403112 0.5551170207203663 0.06943102413110944 0 9.001537844961861E-8 -2.42605264127679E-9 0.0499770204336642
0.40094975894605217 0.5652131577221657 0.07869394977656125 0 8.989634569096772E-8 -5.806123530559017E-8 0.049977020518608965
0.44736034083495335 0.4974141441538551 0.07684191432450417 0 8.177804519956891E-8 -6.506708831529164E-8 0.04997702080008692
0.43140219656813134 0.4287675225971859 0.07244484890584983 0 7.563601174597685E-8 -5.84561265127554E-8 0.04997702097787424
0.6341588941531795 0.31283518999890125 0.0798162445324894 0 5.150020231175805E-8 -9.528009470766944E-8 0.04997703029113852
0.5293785213896149 0.3388907230126146 0.07386902220939724 0 5.9487014119226915E-8 -7.59882851886873E-8 0.04997701914271098
0.5661686439840169 0.30314954318445153 0.07485251919573685 0 5.280188756017727E-8 -8.193181762294591E-8 0.0499770210152863
0.6744856330743808 0.25899543825752414 0.08106282636378112 0 4.446050506377775E-8 -9.926999357840501E-8 0.04997703166777421
0.7226994437477959 0.19973529248782174 0.08334138075756292 0 3.3798734492302105E-8 -1.0274912139414937E-7 0.04997704091869849
0.432283916850713 0.3802988180284773 0.07026687195777442 0 7.134218731015351E-8 -5.8413433878724795E-8 0.04997702564462473
0.471669282894354 0.34325991058700306 0.07076541111671207 0 6.44384687958044E-8 -6.610192272960103E-8 0.04997702145631166
0.9192877608705788 0.10260257931928718 0.09999999999999994 0 3.0453753406666606E-8 -1.368837877468492E-7 0.049977041893209125
0.8038717607621602 0.12213857484508563 0.08895470660031483 0 2.8582867093961933E-8 -1.1962168856763324E-7 0.04997705772896548
0.7461230180043805 0.13265602880629776 0.08402816782270865 0 2.227635395205834E-8 -1.0985430556278801E-7 0.049977051797558666
0.8513706752696019 0.07427003550197267 0.09288407134507307 0 2.453731270948698E-8 -1.2796360548966754E-7 0.04997704798771081
-0.37078556224583165 0.8474286657041801 0.09999999999999998 0 1.3067895963679123E-7 6.786068121052847E-8 0.04997701782144465
-0.2837405614792432 0.7514739211838952 0.08805204152803742 0 1.1997141819340337E-7 4.896201348416262E-8 0.049977038844143486
-0.34402355613461416 0.7467533926463904 0.08979839619713195 0 1.1528268581533091E-7 5.888976152363974E-8 0.049977029362766864
-0.37812997462304876 0.7796968295885027 0.09405159466762453 0 1.2034567288124375E-7 6.713115033605022E-8 0.04997702277810473
-0.1720142422395265 0.7059350940103875 0.08139872432652721 0 1.1776840506040013E-7 2.8851686206477435E-8 0.04997701969359107
-0.11459365381122653 0.6489796043007033 0.07609123122821615 0 1.0660142474719988E-7 2.23579778876124E-8 0.04997701155023298
-0.05636556989485568 0.6123374883168238 0.07290850863136557 0 1.0109969670596937E-7 1.5779965182933658E-8 0.049977010348196176
-0.25001651455608 0.6877574831582878 0.0818288600417976 0 1.1387096577530023E-7 3.744893439476641E-8 0.0499770267637079
-0.052031801679697585 0.5443357511275841 0.06842717285738567 0 9.230035633749007E-8 1.8439017170647618E-8 0.04997701855516756
0.3180361598450387 0.5508547874957042 0.07440724687637126 0 9.126130556571586E-8 -4.3425632748638506E-8 0.049977012806676824
0.22784343961994075 0.5451094489255655 0.0712614275403811 0 9.363030371416586E-8 -2.701073679585075E-8 0.049977015890383274
0.15223360853370177 0.5114589799667827 0.06762073099832457 0 8.902104791398369E-8 -1.142812269337575E-8 0.04997703375454845
0.001253333994083932 0.5186888782774371 0.06673044987207258 0 8.600746791844216E-8 9.037960817658566E-9 0.04997701979466102
0.04502055801070238 0.5239593119206278 0.06715619876796415 0 8.413147752378585E-8 3.2635022611279752E-9 0.0499770218557636
0.09307018049889716 0.48701542238591894 0.06541754354915293 0 7.65858204989417E-8 -5.608995112412582E-9 0.04997703831417847
-0.028427878816465992 0.4894039605592073 0.06510500934199118 0 8.408828870368168E-8 1.1937718362429027E-8 0.04997702444683408
0.3618627937090411 0.47199806236141684 0.07152593305679358 0 7.991993370238751E-8 -4.633061904796986E-8 0.049977018024584034
0.3818998921620359 0.39282083230988174 0.06849211870683777 0 7.231149251991794E-8 -4.709388825088677E-8 0.049977033306745196
0.5964895386590119 0.24538252217967105 0.07505456752399718 0 4.469226890767865E-8 -8.566297879057429E-8 0.04997702338952396
0.5023235944487768 0.2915186453354023 0.07059623054924216 0 5.5023140298994134E-8 -7.013606369219745E-8 0.04997702086906325
0.5325092597313041 0.25445661626164345 0.07121936353097057 0 4.8890577657955584E-8 -7.375484536460973E-8 0.04997702253660605
0.6524176664552401 0.20477109599706136 0.07797707686621597 0 3.615780428454957E-8 -9.426875183391625E-8 0.049977029045694475
0.6908574756839181 0.1584953945063365 0.07995126254637963 0 2.6483703019145015E-8 -1.0014356687180347E-7 0.04997703718059026
0.5953591891669738 0.1936606882201294 0.07369160395615945 0 3.877892360286732E-8 -8.449255551621777E-8 0.04997702604559538
0.6892086201904363 0.11760753932384704 0.079182235454291 0 2.039516171256961E-8 -1.0169186975026572E-7 0.04997703700974969
0.405879084331799 0.3317218591300754 0.06705525860874957 0 6.547182872704561E-8 -5.7011686439960765E-8 0.04997703533028383
0.4374027432196878 0.28280425722565 0.06685837267776955 0 5.553641432328849E-8 -6.142956418903722E-8 0.049977028337840644
0.9249999999999994 2.4083227273235917E-16 0.09999999999999988 0 1.401074206664415E-8 -1.3598117811018505E-7 0.049977039483873296
0.7822439697509949 0.07342341173252223 0.08646750245519459 0 1.8070867352323756E-8 -1.1918110311847936E-7 0.04997705059173659
0.7247257834183622 0.08520662975023731 0.08165698245211614 0 1.5378055175445218E-8 -1.0909476135842242E-7 0.04997704308182949
0.8252770499196596 2.2719212644267835E-16 0.09008727174442381 0 1.0346177538259506E-8 -1.2103278436678592E-7 0.049977045981368665
0.8548200389796248 -0.0652462727687064 0.09314675085287963 0 3.080577068783255E-9 -1.225988641106938E-7 0.04997705010341264
-0.4625 0.8010734985006055 0.09999999999999995 0 1.2552908875014494E-7 8.207210337460765E-8 0.049977013796943304
-0.4789401191209053 0.7197628636157833 0.09385470752197606 0 1.1572700220303541E-7 8.486476810088657E-8 0.04997702367033095
-0.5083123257938114 0.6756675576578802 0.09200745306162256 0 1.0896827833256896E-7 8.949130087981155E-8 0.04997703248014231
-0.32754350874215143 0.6890222378899378 0.08446715933764734 0 1.0949190419593244E-7 5.125137118735741E-8 0.04997702636845913
-0.41247406389305447 0.7144260354671815 0.09005646238462256 0 1.1413493518381177E-7 7.09381527208047E-8 0.049977023331481636
-0.19051431605916905 0.626194724144322 0.07575740850014469 0 1.0297801136086737E-7 3.338451458017361E-8 0.04997701362630408
-0.12546868182070262 0.5661421054611622 0.07053660282173835 0 9.319426924811513E-8 3.0621157172468356E-8 0.04997701878038027
-0.19168892528151546 0.5624523066487603 0.07149027116733264 0 8.987362624914416E-8 3.8135052648370753E-8 0.049977016168167944
-0.29003290264585363 0.6297052539110426 0.07871782471366957 0 1.0266930599031435E-7 4.521746118311903E-8 0.049977016643561877
-0.10596501162257628 0.5041773372256166 0.0665257287102945 0 8.628440036358023E-8 2.757028603486548E-8 0.04997703604454856
-0.0710277803670786 0.4813038479979327 0.0648997774631422 0 8.559188976044629E-8 1.8129799514833203E-8 0.049977032809359334
0.27234892372669683 0.47172217328134014 0.06829621029644013 0 8.143488970361831E-8 -3.275723400172844E-8 0.04997701885194759
0.21079455863719812 0.4693257584201238 0.06648483672306539 0 8.444343588621723E-8 -2.511003763315077E-8 0.049977026238855186
0.14985938251764008 0.45279307874260605 0.06437801254812757 0 8.018530889169066E-8 -2.0478179839037668E-8 0.04997704119057858
0.18545604713463826 0.4304739947807409 0.06393784680976806 0 7.719174674287465E-8 -2.5707049673646513E-8 0.04997703096750981
0.11053788187593885 0.4306223745782792 0.0626902062642271 0 7.099197099234706E-8 -1.7499914433773077E-8 0.049977037446912995
0.019795838688718648 0.4703114259817322 0.0640444060829731 0 7.688086197048849E-8 3.0662503681338777E-9 0.049977024954717494
0.06533055038853271 0.4354649165439313 0.06247764990259347 0 6.93635734828006E-8 -8.067899430352005E-9 0.04997703058269245
-0.04037960269203985 0.4408570318083466 0.0625957773306699 0 7.74350950864841E-8 9.423978232284815E-9 0.049977026572236315
0.3329058545937796 0.33325924236807375 0.06406157186555389 0 5.589229881700465E-8 -4.790091054224055E-8 0.04997704834386608
0.30693864167133966 0.4042133776050551 0.06608285286906407 0 6.731352457827041E-8 -3.576239409763394E-8 0.04997703168873368
0.5387084587482874 0.20560708274998704 0.07032262751622614 0 4.328113847571957E-8 -7.336009781415809E-8 0.04997702865532414
0.47599510640454495 0.23047538821938993 0.06733340193971542 0 4.5747128358298286E-8 -6.331995812384532E-8 0.04997702991592067
0.5285393108936259 0.16518893231571916 0.06885934434787161 0 3.92712133523522E-8 -7.205185174992976E-8 0.04997703762730493
0.6359863797306671 0.1341128294488754 0.07542020319546491 0 2.721613001002153E-8 -9.255313936567411E-8 0.0499770292200633
0.5665181445886517 0.15558354761445173 0.07104008880031383 0 3.668111780821439E-8 -8.001282522234587E-8 0.0499770313145216
0.660910431014522 0.06111123862815046 0.0764443497197492 0 1.4758283240735134E-8 -9.768746404097537E-8 0.04997703043528891
0.3628225028367361 0.2686598783514226 0.06303900336729049 0 4.9381000595431006E-8 -5.497123632377271E-8 0.04997703476101678
0.40159415937487913 0.22227119456522582 0.06342742714419668 0 4.118998590326988E-8 -5.589179080017135E-8 0.0499770320870861
0.8374232558848936 -0.1293417213860296 0.09218338983550127 0 -5.87735403452893E-9 -1.2236520147929972E-7 0.04997706037199892
0.9192877606928149 -0.10260258091221071 0.09999999999999994 0 -8.87686297655917E-10 -1.3340661842956025E-7 0.049977046955864815
0.736498120183538 1.9461726324828643E-16 0.0822207664498539 0 4.59108528329503E-9 -1.0771354644502097E-7 0.04997704039573644
0.7859407931602105 -0.07401767626946824 0.08680140328934059 0 -4.098793930094238E-9 -1.1036024911043007E-7 0.0499770547285862
0.7880045515761323 -0.12910173677696724 0.08762058220646912 0 -1.2250565740856767E-8 -1.1425275173275793E-7 0.0499770648397401
0.7883546035916829 -0.16488856810254315 0.08824892692988198 0 -1.7207163815565914E-8 -1.1906036775645428E-7 0.04997706423900677
0.7597010793028802 -0.19500257071099414 0.08634694259141451 0 -2.4536197614189538E-8 -1.1561421510920984E-7 0.0499770575236546
-0.5485031394581955 0.7448231888659758 0.09999999999999998 0 1.1811146720262962E-7 9.67115329124908E-8 0.049977020250617184
-0.5596851197575441 0.6634042603718276 0.09419033697962353 0 1.0289275558341612E-7 9.629606640000791E-8 0.049977032167487716
-0.4499036574234318 0.6597655574984556 0.08762543161615084 0 1.1046260217541973E-7 7.697784089443429E-8 0.04997702927694471
-0.5084523869045262 0.6310249340793687 0.08870435188239581 0 1.0323019873042546E-7 8.546855573093842E-8 0.049977040535919795
-0.3679940573528886 0.6373844042186184 0.08217817873449768 0 1.053478118049653E-7 5.8882977942254195E-8 0.04997702010130781
-0.42125713605646403 0.6077940464059373 0.08247265847688973 0 1.042180081093122E-7 6.792901562600597E-8 0.04997702489193174
-0.5445828559277581 0.5931276201062035 0.08823074690283744 0 9.324708023236294E-8 8.648633229307435E-8 0.04997703873683703
-0.2598642375444073 0.5690891545970852 0.07365958600480058 0 9.197670698421819E-8 4.489686560410504E-8 0.04997701136495167
-0.146043412013244 0.5032640730580226 0.06704541835555089 0 8.02113877262027E-8 3.3541401877472434E-8 0.04997703597494263
-0.17773060720916645 0.5259463281585312 0.06894804779728927 0 8.238707866808133E-8 3.786771184728186E-8 0.049977024313504315
-0.21172158677062325 0.5198781223671345 0.06933829044213057 0 8.111187355021113E-8 4.139640679701579E-8 0.04997701924932211
-0.31860245148696237 0.5518356333914171 0.07448895588812982 0 9.090694675679289E-8 5.3609601345164904E-8 0.049977010712212167
-0.14030890931253803 0.4679836164169959 0.06501280116403946 0 7.529846981107317E-8 2.644624191577191E-8 0.049977042874452655
-0.1029411460718821 0.44640858274387013 0.06338188130081228 0 7.823501495039096E-8 1.6802177259575117E-8 0.04997703932229489
0.2318898921058528 0.4016450748890024 0.06367695651733307 0 6.878085825188738E-8 -3.0227351261596126E-8 0.04997702593065782
0.15384627156060382 0.38391173658918915 0.06118533303935767 0 6.666096564216811E-8 -2.3611398665644812E-8 0.04997702592484761
0.08567704016096146 0.39343427128029224 0.06068036954612458 0 6.529102543972881E-8 -1.3174617051365445E-8 0.04997702624210766
0.05891091878969271 0.3561813785904501 0.05888183035860122 0 6.097846034131711E-8 -6.068366854961581E-9 0.04997701959020151
0.013052198219917915 0.38970549808144694 0.060109559393507296 0 6.601753800440279E-8 7.155932394913115E-10 0.04997702042844485
-0.07539656272461731 0.38263872680028077 0.06011274428033935 0 6.672928562209699E-8 1.2391931096498863E-8 0.04997702281909979
0.29687695963224414 0.26583446546620587 0.06049214663587172 0 4.493528569655614E-8 -4.4406586519644776E-8 0.04997702893528805
0.2625418688185837 0.33648330779519714 0.06181290503458571 0 5.367378812270775E-8 -3.65503162427959E-8 0.049977029806675136
0.4879508039440347 0.1753290332884817 0.06671893154849401 0 3.8095981342660856E-8 -6.354734711539219E-8 0.049977042764509864
0.44078820931890456 0.1777885340956575 0.06428879605061416 0 3.285400474947451E-8 -5.780035833543718E-8 0.04997704168019929
0.5192463818471629 0.12824117265253684 0.06769417632898124 0 3.4931475112568084E-8 -7.414402712450616E-8 0.0499770447478037
0.5800435663390094 0.07440259297015445 0.07086095755136958 0 2.322899257129274E-8 -8.562494941481555E-8 0.0499770299111335
0.637168246229727 1.7636191275501274E-16 0.07448630903843242 0 7.466556283038153E-9 -9.271209149798602E-8 0.04997702823922139
0.394490378891255 0.17177804019933987 0.06198157459134764 0 2.984530068881857E-8 -5.425976884979717E-8 0.049977034842401
0.33827356631260735 0.19741612693850674 0.060186571415137134 0 3.5864028539037366E-8 -4.817487230527695E-8 0.04997702670097637
0.823080640176532 -0.2073363860609292 0.09232209730203018 0 -1.987896157943057E-8 -1.261621763285932E-7 0.049977056780820935
0.9051251563026288 -0.19071818387397393 0.09999999999999996 0 -1.4868060542772206E-8 -1.364981934924393E-7 0.04997705030998041
0.6918887433807663 -0.06772116765551028 0.07886795692620671 0 -6.721626720358295E-9 -9.885840800629268E-8 0.049977038622341804
0.7325342916850162 -0.13408386908087777 0.08291013088256638 0 -1.927939624870818E-8 -1.0651861231634486E-7 0.049977054943702
0.7578046117703348 -0.24801668508133748 0.08751626752734717 0 -3.017232859372746E-8 -1.1361497983151388E-7 0.049977052373930395
0.7040732060431756 -0.2032143579310842 0.08191372549943252 0 -2.7696309361770923E-8 -1.0461730300704218E-7 0.049977047398693984
-0.6177328508859397 0.6884991641819087 0.09999999999999995 0 1.0509071132562573E-7 1.0405739275808057E-7 0.04997702272105377
-0.6071515389330133 0.6092519905512257 0.0934219469334025 0 9.255250886266817E-8 9.956886822257374E-8 0.04997702833867955
-0.5735399527378838 0.553508622043815 0.08749015204644302 0 8.738964541127345E-8 9.023132938083812E-8 0.04997703088573102
-0.47303326379715877 0.5791284533565412 0.08316905076856485 0 9.950292388768292E-8 7.330469951786942E-8 0.049977033254246676
-0.39181543828090004 0.55445735722153 0.07760084140770421 0 9.431550660926992E-8 6.322505464212543E-8 0.049977016038966975
-0.5240933648557364 0.532232296917964 0.0831006990315747 0 8.796409285846385E-8 7.991708192571139E-8 0.04997702907031808
-0.2730034360466586 0.47285582187369307 0.06837705113188602 0 7.655630828347464E-8 5.051395421753239E-8 0.04997701673522967
-0.19156331121345604 0.4731617410648762 0.06625147072173328 0 7.244153927424915E-8 3.6026841924907225E-8 0.04997702943907846
-0.3580569939172612 0.4725541821277962 0.07140049698238948 0 7.812424942813186E-8 6.356270577140404E-8 0.04997701562663897
-0.30165136280488036 0.4184145297189895 0.06656200918217181 0 7.135978192507427E-8 5.68314414056973E-8 0.04997702589506917
-0.157502577302292 0.4062797025959702 0.06224976286168573 0 6.671103249464993E-8 2.3513812641604003E-8 0.04997702944317778
0.1923176439095004 0.3331039304431941 0.059877835485628056 0 5.681770177382909E-8 -2.6792421353852713E-8 0.04997701988780099
0.10763513709501452 0.32249572723181036 0.058047784011843524 0 5.716583182633271E-8 -1.2688511422419698E-8 0.049977017884897904
0.02555769618970364 0.3104658173674803 0.05699894508193309 0 5.510951003158282E-8 3.846828404074951E-9 0.04997702114210707
-0.04439277195221167 0.328710102628296 0.0577329050528648 0 5.663140407356538E-8 1.2269300705035204E-8 0.0499770187445384
-0.11902524067374878 0.32805250160257865 0.05839824108948766 0 5.618406215369976E-8 2.1167085875445808E-8 0.04997701704309396
-0.017053837843317182 0.27836069099312905 0.05590951428308119 0 4.8282659808984634E-8 1.3073286960053487E-8 0.04997702771217869
0.011677278178983168 0.25977319628253465 0.05533524160416193 0 4.780998735397925E-8 9.97780303335262E-9 0.04997703386319508
0.26432978404622737 0.19520810401833602 0.05761727712614054 0 3.808566806684277E-8 -3.484782378044761E-8 0.04997702356831568
0.22703812963746223 0.26409762190385005 0.058370438456053005 0 4.587844389461433E-8 -3.036247485538094E-8 0.04997702020384913
0.4615326701397575 0.12346215125476942 0.06442192515091573 0 2.4974693337175462E-8 -6.663719023869362E-8 0.04997705488788793
0.41609697408913515 0.13788398400008958 0.06237868126929303 0 2.2672220741952945E-8 -5.8354928204799496E-8 0.04997704269846345
0.493812622045095 0.06489296717588176 0.06554297030555511 0 2.1112388455920472E-8 -7.588541165424574E-8 0.04997704274297237
0.5965173615012843 -0.07939251741876009 0.07200225824383245 0 -1.4827008140305403E-9 -8.531786590874754E-8 0.0499770326423362
0.5449077695259101 1.790659953385319E-16 0.06830916124377963 0 1.1966517179976474E-8 -7.874813318674818E-8 0.049977032029472776
0.35923719947272786 0.12552401442410066 0.05970040660633742 0 2.322531861124095E-8 -5.111632264275422E-8 0.0499770292570253
0.23462332403576253 0.13422621113694225 0.05564316792853833 0 3.3885702533318785E-8 -2.8186376909388226E-8 0.04997703511187176
0.29070078878885497 0.12979410487969603 0.05724274123768994 0 2.9549249369994773E-8 -3.955820770355112E-8 0.04997702588456494
0.8014927716328408 -0.29144105877124366 0.09271262928645599 0 -3.267047927513177E-8 -1.1956041382960525E-7 0.0499770509344952
0.8809325145611795 -0.2820885484172241 0.09999999999999999 0 -2.976139883695841E-8 -1.336277692602694E-7 0.04997704608387238
0.6510493529215736 -0.15514133280147802 0.07686356365481603 0 -1.864841695831292E-8 -9.51260448324756E-8 0.049977038035365205
0.5770279320473077 -0.1518434761804153 0.07165568912865206 0 -1.1023088203397172E-8 -8.509141795428214E-8 0.049977037588843684
0.7173493567573875 -0.3169596225802428 0.08634023460744476 0 -4.000574264691114E-8 -1.0152606658858352E-7 0.04997705544927
0.6897625743522149 -0.264441860913035 0.0824063475266023 0 -3.5105128270460886E-8 -9.953055513214016E-8 0.0499770469081126
0.6384778628041973 -0.23491899962832427 0.0777084562971251 0 -3.0351606210601725E-8 -9.290227980372921E-8 0.04997703863011792
-0.6847646792234083 0.6218628292777221 0.09999999999999995 0 9.474094746347314E-8 1.1318047198487484E-7 0.04997701780064793
-0.6465139113454264 0.538316822314734 0.09160194260007758 0 8.525457196299951E-8 1.0662343823624386E-7 0.04997702564733959
-0.5770660846669927 0.4836246905463882 0.08360849061752018 0 8.137484204162485E-8 9.173882280936452E-8 0.04997702517329967
-0.45509595152323246 0.486640439064581 0.0766367028663977 0 8.168847548840519E-8 7.263661261016018E-8 0.04997701763987841
-0.41803303753571375 0.41861066103869105 0.07131407766744806 0 6.647267512322965E-8 7.239970764154348E-8 0.04997702040362244
-0.5228737105474611 0.469403410425903 0.0794598201715015 0 7.927984394908463E-8 8.204021539743429E-8 0.04997702023773075
-0.2326279902659774 0.402923498403311 0.06375456788963607 0 6.794927292270612E-8 4.0713915392944413E-8 0.049977024071097706
-0.2807191746564195 0.3771430143239577 0.06401358518053686 0 6.817554657465785E-8 5.030697512548417E-8 0.04997703079122562
-0.366851516506518 0.3914531813319968 0.06779342734587492 0 6.24199068020074E-8 6.77519194444866E-8 0.04997703397189821
-0.31784422091904324 0.3574692689417032 0.06445327462614314 0 6.512730710386862E-8 5.580365331646667E-8 0.04997704212953791
-0.19326570388917427 0.3347460184966118 0.05996054906425582 0 5.9042099108241674E-8 3.1984383290725805E-8 0.04997701852947022
0.14969050843762158 0.2592715660247785 0.05657975437506353 0 4.8207497143953586E-8 -1.577337051637984E-8 0.04997701880362273
-0.15073713287945018 0.26108437273446894 0.05665087411303694 0 4.516845673705797E-8 2.988478894778893E-8 0.04997701736335885
0.06630901180929023 0.250856535710505 0.0553186995326227 0 4.926194599153926E-8 -5.463152194396638E-10 0.04997702905745553
0.017981432514459814 0.22651294475696923 0.05443142027174295 0 4.4499054144360643E-8 7.55102121081281E-9 0.04997704528611754
-0.07471068043782808 0.2615864764835527 0.0556965634877458 0 4.3279314680940534E-8 2.0277775487372374E-8 0.04997702476613057
-0.014253461472862217 0.23459230484404994 0.05463523466770248 0 4.058922860969593E-8 1.3396819013838266E-8 0.049977042746329095
0.20062573683728832 0.09527047772396216 0.05430115527057267 0 2.7965508179727788E-8 -2.6341099437799136E-8 0.04997705064676756
0.18890830540911194 0.1893292231980287 0.05555650018582656 0 3.837261768769394E-8 -1.890256959338986E-8 0.04997702909967484
0.18353225708574536 0.1263657612272312 0.05431954168807018 0 2.985367322210049E-8 -1.851567783979104E-8 0.04997704961681742
0.4146151646677903 0.077681020975073 0.06157475739077052 0 1.4690379773332261E-8 -6.254374760473379E-8 0.04997703858303701
0.4636209692030302 1.4593888372567647E-16 0.06366862151549985 0 7.891389130671583E-9 -6.647751673755702E-8 0.0499770370857954
0.5270134709035552 -0.12362075461980128 0.0680883893303861 0 -3.4796472456951073E-9 -7.616822349585778E-8 0.04997704852401607
0.5078212312272355 -0.05773868566153319 0.06628756501631428 0 3.112193601449172E-9 -6.928760430899546E-8 0.049977042360503175
0.3331467524821928 0.0633273262949379 0.05801432008933982 0 1.683858237091878E-8 -4.7821790886429716E-8 0.049977025081336356
0.2538184516803514 0.06940494742292715 0.05542696753822805 0 2.429826723152585E-8 -3.5436973365122296E-8 0.04997703359280357
0.7635253857731481 -0.3782532475337201 0.0926398396720293 0 -4.353717432309071E-8 -1.1135849989097104E-7 0.049977060215704694
0.8437752388147 -0.3790359438971111 0.09999999999999999 0 -4.296543999484073E-8 -1.2451078096956827E-7 0.049977049350405346
0.5898871014295897 -0.20776639827421509 0.07364495662277286 0 -2.2652316905843336E-8 -8.752343683096536E-8 0.04997703538895594
0.5408130551366508 -0.18150058753720788 0.06992281214701015 0 -1.4573691507674604E-8 -8.237873343647312E-8 0.04997704127098257
0.6777956079436661 -0.39290477214771746 0.08626804024189792 0 -5.503727299920213E-8 -9.781937742513907E-8 0.04997706876962835
0.6346730356926773 -0.3174870091624343 0.08001946855914076 0 -4.485421933707355E-8 -8.885679541846209E-8 0.04997704674982474
0.5796784116794852 -0.2776116098201063 0.07488927562467991 0 -3.557610447521917E-8 -8.421609774862009E-8 0.04997703566232047
-0.7501326501074496 0.5412263004122693 0.09999999999999999 0 8.460702341412858E-8 1.261932065175875E-7 0.04997702070381997
-0.7186415188607144 0.4635460562865767 0.09293928953994947 0 7.333966319702304E-8 1.209436818465949E-7 0.049977034944405856
-0.5580584193120213 0.42548332869284045 0.0793877523859349 0 7.411390992799745E-8 8.881061122325955E-8 0.04997702059448356
-0.6328963674406778 0.4470501467799965 0.08550954643040555 0 7.82243777641076E-8 1.0393947971733908E-7 0.04997703260087217
-0.6767294999436545 0.3833870641168075 0.08576692861654717 0 6.74226922092068E-8 1.0591060646044691E-7 0.049977043483913165
-0.4324706598932547 0.3595596935895599 0.06940707877592157 0 5.456783870317783E-8 7.268865673417174E-8 0.049977024281497064
-0.48200836859227103 0.4026983386005155 0.07383556549613608 0 6.586048921623029E-8 7.878435313428442E-8 0.0499770160396876
-0.5442886348821633 0.36830034160648034 0.07595460109733419 0 6.3984543758818E-8 8.705055513486933E-8 0.04997701687651575
-0.3182526738785638 0.31228528282505874 0.06275542647814243 0 5.803823699773936E-8 4.888403102353439E-8 0.049977039470138526
-0.25621859628623345 0.32661564029958035 0.06125711843708684 0 6.125077110031176E-8 4.1972580595242735E-8 0.04997702621517871
-0.37474174799433474 0.325215240573534 0.06543736846884436 0 5.054730459849979E-8 5.97753864709357E-8 0.049977041227892344
-0.4300985673768074 0.3012630280350379 0.06711000127247038 0 4.6565185761652135E-8 7.038879621255578E-8 0.04997702627213525
-0.22695325756190313 0.2565120405768185 0.058144911454045704 0 4.7114078522598086E-8 3.923081601205338E-8 0.049977018350355784
-0.18350196867475074 0.18844743574056294 0.05542383280391715 0 3.325817613984069E-8 3.8116952117335346E-8 0.049977028189854694
0.11136664405289663 0.19289268576805546 0.0543171535525474 0 3.9108982388846426E-8 -8.152503550080238E-9 0.04997703337490831
-0.1122914677939212 0.19449452747555573 0.054363926326504504 0 3.3876950460561774E-8 2.59153947732298E-8 0.049977032199297035
7.833096257776418E-4 0.19069362679459012 0.05356840441819727 0 3.617141268922457E-8 3.92195038119508E-9 0.049977052279647875
0.04520143550094839 0.18418512355280772 0.05354594410814683 0 3.940386942668739E-8 -2.181527319057847E-9 0.04997704525459432
0.017173734845246678 0.1662656573333219 0.05309215701680856 0 3.4104743963626636E-8 -1.4039265199402796E-9 0.04997704816057921
-0.04746651353754764 0.1829715324610284 0.053532622158623755 0 3.072101912066217E-8 1.1977128053909594E-8 0.04997704430304253
0.1909210649037195 0.04684254353730668 0.05369730809312632 0 1.789042873289142E-8 -2.80807510359181E-8 0.04997704688410215
0.15384433041034729 0.09209874155024392 0.053330182368177645 0 1.910717092495729E-8 -2.0088185156426068E-8 0.049977054102221634
0.13647605991683223 0.1435082568468913 0.053729825805134857 0 2.8286726506320802E-8 -1.1973033486584978E-8 0.04997704392254483
0.38492668203237634 1.0023152680894796E-16 0.05989052034096669 0 5.002041433608686E-9 -5.455647782840259E-8 0.049977029179098395
0.4253355502182104 -0.06042681663517086 0.061949401873126426 0 -5.13268151512345E-9 -5.698999295731033E-8 0.04997704118424632
0.48600244774065643 -0.18106149615140063 0.0667271620082264 0 -1.6619613234151166E-8 -7.658275555507429E-8 0.04997705027258382
0.4535801009187721 -0.11979187747949692 0.06395953291420167 0 -1.3795168606439243E-8 -6.383333539864866E-8 0.049977059694471526
0.30024351839566077 1.0287337474471442E-16 0.0566089984335615 0 1.024538195847636E-8 -4.174328570426595E-8 0.04997702571281664
0.2238875048948223 7.961310541061857E-17 0.054346295287657866 0 1.2520026126477217E-8 -3.0167555692204466E-8 0.04997703836520957
0.7176713367395706 -0.46521260674377907 0.09294805270739667 0 -6.017362989180847E-8 -1.1102823688397212E-7 0.0499770627098319
0.8010709981238167 -0.46249419750242293 0.09999999999999998 0 -5.671524973999432E-8 -1.213256948485829E-7 0.04997705579243606
0.526450453306162 -0.2376825100162034 0.07038843476625323 0 -2.5501195923601963E-8 -7.994383466418745E-8 0.0499770364955851
0.4546475825643904 -0.23293628734368743 0.06627327609670221 0 -2.5639165676262236E-8 -6.927380727569931E-8 0.04997704216108603
0.5306797663003683 -0.29923675531161764 0.07251363051783592 0 -3.690000181882799E-8 -7.778974223211187E-8 0.049977034475693134
0.6103906305879975 -0.40135765312469507 0.08172372928462608 0 -5.968887857378443E-8 -8.788810908060212E-8 0.0499770533455119
0.6403517767463041 -0.46278562534170165 0.08686037768572827 0 -6.555098387275655E-8 -9.652567687993726E-8 0.04997705944043427
0.5664981365845182 -0.34007595181336636 0.07621962270586985 0 -4.6807539147285537E-8 -8.105476540614493E-8 0.04997703889886209
-0.8010558185062641 0.4625204886241073 0.09999999999999998 0 7.01501760955865E-8 1.3138273362883802E-7 0.04997702690663465
-0.7603438011582597 0.3738096376808479 0.09217483686370775 0 5.664120494810021E-8 1.2021024085490425E-7 0.049977035872391766
-0.6064827120561795 0.3683452405387546 0.0800133246078764 0 6.789975484972986E-8 9.500772119460195E-8 0.04997702636078068
-0.6554904399290363 0.3258387756938692 0.08184700708932659 0 5.9550532391597736E-8 1.0040897746568862E-7 0.04997703071898256
-0.7173789460644423 0.3218656625868021 0.0865204629875929 0 5.4054000286141264E-8 1.1083860560987624E-7 0.04997703483481293
-0.4490633670822638 0.262933614095089 0.06682964731028332 0 4.264926271803611E-8 7.499220423610413E-8 0.04997702457620216
-0.561964870759204 0.31624700130713357 0.07504348009682706 0 5.565471620557123E-8 8.990849925662315E-8 0.049977016801268585
-0.4969688691845382 0.31115828345845914 0.070963541880969 0 5.064616114130505E-8 8.168476340272876E-8 0.04997701679402846
-0.3445240713159381 0.2767146512083848 0.0625551726814487 0 4.909972554336475E-8 5.1969705595236935E-8 0.04997703383469805
-0.29822944351534514 0.2720284218761082 0.06072614652584281 0 5.148171944452728E-8 4.595418323517287E-8 0.049977028180516865
-0.278960464150049 0.23105339123962187 0.058930977919053947 0 4.321394689674657E-8 4.561416271728555E-8 0.04997702151551933
-0.39866775255885006 0.2551376793832062 0.06418286265211672 0 4.320362650142366E-8 6.439546198070001E-8 0.04997702908267407
-0.43855507291261625 0.22078311851591842 0.06514753629020965 0 3.890504717265838E-8 7.49543872887165E-8 0.04997702958566237
-0.25569422992480945 0.18010642956677383 0.05704280655464758 0 3.188080886589729E-8 4.546410464663772E-8 0.04997702301978257
-0.22047029564306936 0.14293411554993973 0.05541545974285534 0 2.291112110373211E-8 4.2596106983820166E-8 0.04997703494663588
-0.18680865935078536 0.12991541986645877 0.05443956342319764 0 2.2795576700309862E-8 3.826989519466647E-8 0.049977046391673094
-0.13865734030206037 0.13413724110678016 0.05361667711440055 0 2.8705664225428632E-8 2.958233977625374E-8 0.049977045158784685
-0.13558426904309848 0.09984465055515283 0.05311549222562181 0 2.5481047220584658E-8 2.50097082423352E-8 0.04997704908171399
-0.25161809751440434 0.1255049475699697 0.05598231997151887 0 2.007281430981623E-8 4.4536476044004284E-8 0.049977029914376705
0.19420772375092543 -0.04676552312468657 0.05376845209193871 0 4.081291792965771E-9 -2.270542818350948E-8 0.049977048592494765
0.07844894660138703 0.13587756131386025 0.05290437550856243 0 2.7627743372644606E-8 -8.173805100027095E-9 0.04997704115439433
0.1581850159804538 4.03666044625459E-17 0.05292729798071231 0 6.865084679335662E-9 -2.0200316628568903E-8 0.04997704491617729
-0.0793293077376864 0.13740239153093967 0.05293577949983721 0 2.7942914910451482E-8 1.6039037898823232E-8 0.049977040562523035
-0.10192189467460562 0.10267269443312377 0.05269596908601703 0 2.5730500828705123E-8 1.8865848121403584E-8 0.049977042528690854
-0.004334214649360648 0.15163914092247652 0.05281372846092682 0 2.986164132086038E-8 4.640430061924217E-10 0.04997704573725256
0.035198297345602834 0.13784946141786308 0.05265706254873472 0 2.8918854775219832E-8 -4.599709519533667E-9 0.04997704212042521
-0.03647527919163236 0.1302798698937503 0.05254752074115307 0 2.639090616031533E-8 6.246634520803346E-9 0.049977040591873134
0.12737884186502524 0.04457914646124021 0.05254239887577797 0 1.0790894291819415E-8 -1.7873005249203302E-8 0.04997704405397177
0.10177697427875258 0.08834048795367636 0.05253956863179542 0 1.695469738413262E-8 -1.2970322453814882E-8 0.04997704283738035
0.34118511954802583 -0.062154607897978366 0.058312559079427444 0 -3.042988646376496E-9 -4.672033002226295E-8 0.04997702863172393
0.37836392981717903 -0.12391451309547875 0.06047575124681005 0 -1.624223102245202E-8 -5.298793116842833E-8 0.049977038892388755
0.41238404925178007 -0.18021837395374024 0.06296662723972753 0 -2.315784149699107E-8 -6.174869857411177E-8 0.049977045630262784
0.1676578507312959 -0.08204581170599337 0.05348225864611659 0 -5.144099269891653E-9 -1.9604146224080298E-8 0.0499770584141806
0.20181374228166962 -0.09141964150518621 0.05428754190491373 0 -4.4538117656230365E-10 -2.6591788002025378E-8 0.04997705452942622
0.25485064501553883 -0.06881848120103617 0.05545206946541742 0 3.0784488412768323E-9 -3.414506894140797E-8 0.0499770365498578
0.6644823007055147 -0.5389515943966049 0.09297818153954257 0 -7.157915787564331E-8 -1.0064365009019211E-7 0.04997705597530142
0.7501545366059805 -0.541195963440213 0.09999999999999984 0 -7.11234247340864E-8 -1.1607193302067115E-7 0.049977052721854355
0.6027366073062329 -0.5213223560235656 0.08747588350371878 0 -7.068071809507454E-8 -8.740847503663804E-8 0.04997705706869407
0.3907221727608636 -0.23584567652234328 0.06329187670784996 0 -2.8121771555241153E-8 -5.506089788527986E-8 0.04997704312403716
0.47890979704271586 -0.2863984098188226 0.06912760288748078 0 -3.224383441190042E-8 -7.097803622591438E-8 0.04997703711900335
0.4250914842628162 -0.2904030737883922 0.06650384046370365 0 -3.1451906722103395E-8 -6.069408261816312E-8 0.049977044434709184
0.5018045759598764 -0.3463645861940246 0.07254833341115846 0 -4.3268154558467295E-8 -7.294338372103852E-8 0.049977036211969694
0.5395049675561714 -0.4037977139333864 0.07721405836956645 0 -5.613033219321731E-8 -7.707131121046613E-8 0.04997704126438341
0.5629289159938321 -0.47314451663551055 0.08212579004392509 0 -6.6535672984788E-8 -7.976546365181213E-8 0.04997705061805669
-0.8437609348289447 0.37906778281416026 0.09999999999999995 0 5.6448565894215986E-8 1.3454625049433915E-7 0.04997702406616212
-0.7888004165309437 0.2903760964571749 0.0915314985584158 0 4.655596461093884E-8 1.26843927193839E-7 0.04997703081141557
-0.6102329054490165 0.2953318100128198 0.07752504764743698 0 5.3951188029666725E-8 9.591762215697742E-8 0.04997702090612046
-0.6672358697757713 0.2726523999513782 0.08092297245691278 0 5.036529421141627E-8 1.045339211729551E-7 0.04997702621769337
-0.7578216461505273 0.23114048963723496 0.08705889216020636 0 4.201070889249401E-8 1.2401441965979663E-7 0.04997703558984179
-0.7250638207162802 0.2644091498704253 0.08523826785223539 0 4.733395853841898E-8 1.1546836810490401E-7 0.04997703128521202
-0.49761740681994665 0.2259943198914076 0.06840949555720777 0 3.723229286407822E-8 8.524200972680122E-8 0.04997702508315129
-0.5531916805568725 0.2548390044927608 0.07250231820116229 0 4.347348380374227E-8 9.097087377752201E-8 0.049977017792422654
-0.3304177610769968 0.2075632873895256 0.060121873146272396 0 3.977636315504198E-8 5.3332021884585E-8 0.049977023912776725
-0.40020050920329836 0.18553375498639196 0.06251643484045977 0 3.754637893788841E-8 6.720350534751202E-8 0.049977031326641844
-0.4509389353459413 0.1806295394110867 0.06485872161226297 0 3.4541337273798155E-8 7.872434507159423E-8 0.049977038409869314
-0.3081655557366316 0.12979030410922685 0.057834162632571066 0 2.5442413038238895E-8 5.135739384258541E-8 0.04997702262996314
-0.21413652185417031 0.10501643106435352 0.05472829937040968 0 1.5419011538121253E-8 3.834661877721309E-8 0.049977043669864954
-0.1657690318723487 0.09663028560186343 0.05359396061230914 0 2.1627440181531453E-8 2.9473855933666352E-8 0.04997705409612167
-0.13208776332768432 0.07040426877471608 0.05277929135503944 0 2.1232151843626227E-8 2.1717821997262223E-8 0.049977046625022406
-0.2668792736165402 0.06671487334767569 0.05579077358601759 0 1.1429391699007944E-8 4.4060204089418903E-8 0.0499770281692915
0.13394298555224937 -0.04272165979228181 0.052630185389843605 0 -2.1572490300143683E-9 -1.4041333940826992E-8 0.04997704699906568
0.04273067501608838 0.07401170016957918 0.05192584962618541 0 1.648041311140798E-8 -5.650148107534325E-9 0.0499770334730919
-0.07427627943517315 0.042883429926301064 0.051928801697300825 0 1.681168026144681E-8 1.3344411993239047E-8 0.049977033805582674
0.08580268905133058 2.7924535741052085E-17 0.05192915349305607 0 3.3719012077118697E-9 -9.162979370839786E-9 0.049977035534091906
-0.04304287969149937 0.07455245452975151 0.0519319033593881 0 2.0113851511460155E-8 7.388048775598049E-9 0.049977033202923855
-2.9796378738924766E-17 0.08577355466188762 0.05192886660175564 0 2.007353521785001E-8 4.825540692278852E-11 0.04997703328513512
0.0741595043143772 0.04281600977887492 0.05192749553399362 0 1.0121614381159303E-8 -9.292598306938022E-9 0.0499770346474375
0.12170874450296679 -0.07937873255132208 0.05270638285367756 0 -9.124750283584277E-9 -1.2838553526038592E-8 0.04997705017331532
0.1532214795718842 -0.1047515501973591 0.0534601593182905 0 -1.0725329145078398E-8 -2.0898832830531194E-8 0.04997705851447245
0.2997814449763266 -0.13025461904441932 0.057552736756421516 0 -1.0866157421376883E-8 -4.228762322013143E-8 0.04997703171660906
0.34046960443170665 -0.192505611563268 0.060162576700472446 0 -2.3756239096306582E-8 -4.722845752084239E-8 0.04997703608987295
0.34557599933864525 -0.25420475687873284 0.06192004258218349 0 -3.216621673433328E-8 -4.488922632511378E-8 0.049977044557859694
0.17846806103523252 -0.12182655323316931 0.05415222050793654 0 -8.844771357699432E-9 -2.8209313557241074E-8 0.04997705730680523
0.23090062297727748 -0.133798202671902 0.055538699139373295 0 -6.950534810850487E-9 -3.510056801751596E-8 0.0499770424603901
0.6050561438570468 -0.6036830020468081 0.09289418017943481 0 -7.821892454209759E-8 -8.920162294954296E-8 0.049977062479408876
0.6847899965302142 -0.6218349498910589 0.09999999999999994 0 -8.120839476181644E-8 -1.0299219574665178E-7 0.04997705300062565
0.5365057739834544 -0.6074638984061791 0.08871198704411519 0 -8.23104633698183E-8 -7.722614243163623E-8 0.04997707383281416
0.5490740032503056 -0.5442731464552362 0.08535659345024513 0 -7.410871107581385E-8 -7.521442425213262E-8 0.049977061524017805
0.3750627258693447 -0.2936858939923493 0.06434654814554322 0 -3.4000313732676337E-8 -4.9494482620746925E-8 0.04997705274055985
0.3969354899692888 -0.3460112170117684 0.06719703593166886 0 -3.785495581474303E-8 -5.8077223971917274E-8 0.04997705459597964
0.4494990254251991 -0.34835776824770576 0.06980849106780326 0 -3.980150822962593E-8 -6.599274271874806E-8 0.049977041693756934
0.4743994852003083 -0.40954268251415876 0.073738234339428 0 -5.296342633288666E-8 -6.8904478033134E-8 0.0499770395319567
0.5051728219418842 -0.4543425560441293 0.07763963571270259 0 -6.270746519388329E-8 -7.093129488154371E-8 0.04997704352445296
0.5025098789806551 -0.515963207586209 0.08087711077114171 0 -7.297151131330392E-8 -6.767923557513872E-8 0.04997705360378111
-0.8809225682293763 0.28211960771987943 0.09999999999999996 0 4.3191707771429026E-8 1.4361182652574428E-7 0.04997702476830447
-0.828550120997359 0.21135039229983998 0.09293041569195869 0 3.369987288832149E-8 1.3661441463032645E-7 0.04997703803684136
-0.4876818695036711 0.16005919777938843 0.06641416297022892 0 2.6674798465528164E-8 8.436755318579505E-8 0.049977043321913446
-0.7583678808155521 0.178257805309045 0.085877514601274 0 3.65177852297069E-8 1.2407631009588515E-7 0.04997704409810638
-0.6170663609123308 0.222189336538271 0.07585507468331582 0 4.0760354734372466E-8 9.938651478043472E-8 0.04997702025190357
-0.6972424057138273 0.20430689657176634 0.08139617396721441 0 4.1503556747629425E-8 1.1248756162037469E-7 0.04997703027322224
-0.5518948161465875 0.17422255470543752 0.07046196471921623 0 2.7269356228313498E-8 9.193183227622677E-8 0.04997702695222713
-0.36894201678212313 0.12798179161528736 0.06013540062401418 0 3.0117950535718894E-8 6.006421140315737E-8 0.049977027994036125
-0.4362515368769687 0.13236424219261816 0.06326633817399903 0 3.1588332261126385E-8 7.152398569521452E-8 0.04997704510616368
-0.33947513674739144 0.06240362523718613 0.058248486325065116 0 1.68045683091613E-8 5.459707441680331E-8 0.04997702247097449
-0.18433654548332082 0.048222709230570565 0.05356505347436668 0 1.121162503969381E-8 2.8721430777192623E-8 0.049977046174378856
-0.13330372693534312 0.03517105967265548 0.052587287930552964 0 1.4787554994635128E-8 2.2095578998129526E-8 0.049977042813484966
-0.08544796042127181 1.2633032021521531E-17 0.05192572029476935 0 1.048700070574936E-8 1.6925323235644045E-8 0.04997703452027144
-0.2993967149465731 5.4908359945213266E-18 0.05658028588283902 0 3.537513978753853E-9 4.966343539037292E-8 0.04997702300508332
-0.22270343343645202 -2.7398019802337882E-17 0.054316401779706945 0 1.4499394125228698E-9 3.795947726107668E-8 0.049977036330911814
-0.27837086784154214 -0.12617379267311218 0.05679356136910862 0 -1.633981925462986E-8 4.537933881593659E-8 0.049977030271837655
0.07416648351753428 -0.04282003922369633 0.05192757354063934 0 -2.9040620105949576E-9 -5.4718384460855885E-9 0.04997703659910612
-0.07423701450489274 -0.04286076030823398 0.051928362278406685 0 3.7274430297502065E-9 1.7101526044727053E-8 0.04997703574533528
5.433302611002987E-16 -9.25534990736191E-16 0.051513083863437 0 6.942641230847989E-9 3.895381541663366E-9 0.04997702680712118
-0.10393602836491157 -0.0928684349452979 0.05261104654913398 0 -3.7093772760634034E-9 2.084105991832719E-8 0.04997704654622195
0.09263290818595533 -0.09340215664313874 0.05249108753880629 0 -1.0427140453855E-8 -8.761702533863481E-9 0.04997704581349582
0.13365633223327938 -0.131494330544841 0.053500013617672336 0 -1.4851888246822281E-8 -2.0360287551917054E-8 0.0499770524452943
0.32685099627426545 -0.2905697969488598 0.06232853198902639 0 -3.937241102963176E-8 -4.0707860633202475E-8 0.049977052093262885
0.25568805190108224 -0.19009790761699052 0.05725179690059135 0 -2.0097203047955038E-8 -3.708786974909648E-8 0.04997703316052354
0.2878012678865199 -0.2461068228137798 0.059620677596610265 0 -3.2466968452258424E-8 -3.768290404769942E-8 0.04997703740965127
0.17648242248939017 -0.17786432905826252 0.055061790182478074 0 -1.7647655548926765E-8 -2.9555965826936024E-8 0.0499770416030855
-0.2483235922732361 -0.18165056966040063 0.05686432272721823 0 -2.347866180896173E-8 3.905302859000669E-8 0.04997703124201585
0.5547456546446986 -0.6639301342123074 0.09391738389868397 0 -8.959838616960846E-8 -8.583370856464681E-8 0.04997706876171308
0.617759403950767 -0.688475338910477 0.09999999999999995 0 -9.158256148183268E-8 -9.392793649021117E-8 0.04997706060457629
0.5055257679581893 -0.637124600070996 0.08897493457515948 0 -9.08271269553093E-8 -7.632788525530256E-8 0.049977074046047364
0.4877536710430043 -0.5826751104622181 0.08420495651136725 0 -8.531563757402262E-8 -6.610503862327665E-8 0.049977068099866066
0.33633282409977666 -0.3398966968888034 0.06444423660906808 0 -4.61203025095676E-8 -4.715161036436257E-8 0.0499770652561319
0.3632772876174715 -0.38800374757803635 0.06749345504717459 0 -4.850278175811198E-8 -5.8591973475604455E-8 0.049977056641827104
0.41704203467651185 -0.4108303752912243 0.07090170067103964 0 -5.097881712806814E-8 -6.360624995985677E-8 0.049977044403195156
0.4381086940659461 -0.4733073985449338 0.07505155127124846 0 -6.493777613906773E-8 -6.274968682082308E-8 0.049977042333787795
0.4531934148271225 -0.5420428192507506 0.07976926362259741 0 -7.930908973304217E-8 -6.094428175724155E-8 0.049977053043782006
-0.8565041007211142 0.12935729823844902 0.09401883827528355 0 1.8554918904870316E-8 1.3499678690595777E-7 0.04997704274303808
-0.9051192255768068 0.1907463267598074 0.09999999999999999 0 2.8353386808458795E-8 1.4656267530992208E-7 0.04997703290005725
-0.7940808377677345 0.13178185399490336 0.08820577601429047 0 2.5172126550360884E-8 1.250240173295962E-7 0.049977051844249325
-0.33304413722574716 -0.0693067767843958 0.05805530637396814 0 -3.779897468687813E-9 5.588547538404005E-8 0.04997702525656195
-0.4742240483662385 0.11256694280313873 0.06494853319711702 0 2.224502047626027E-8 7.411841312536856E-8 0.04997705025654582
-0.5075730010734563 0.12513873893141758 0.06697106660603604 0 1.8329336736307483E-8 8.201971661400232E-8 0.049977044141841474
-0.5430568755805907 0.10886676283437083 0.06886622733636953 0 1.555153384404529E-8 8.6114067406314E-8 0.049977033130333984
-0.7200856347104287 0.12756375701027653 0.08178787314202199 0 3.1968763332188535E-8 1.1338134108381691E-7 0.049977038239792604
-0.6366216770914513 0.1480565042375733 0.07568897320024313 0 2.983329804074862E-8 1.017723355409146E-7 0.04997702349365903
-0.5817364775186938 0.11498204866540508 0.07140762999266016 0 1.9032477012503402E-8 9.273624083168062E-8 0.049977025567688724
-0.42774238996431574 0.06497482014443741 0.06209784320535726 0 1.9845929122243062E-8 6.537398513413565E-8 0.0499770355956529
-0.3847166606924661 5.007387460326135E-18 0.05988137680814879 0 8.879203077614936E-9 6.270652679942929E-8 0.04997702548079041
-0.3349183900900527 -0.1391323925724424 0.05894927757126893 0 -1.3207446697167529E-8 5.5157712158758615E-8 0.04997702929166087
-0.29014129297673835 -0.2192290809213992 0.05898973037684319 0 -2.5938534107248303E-8 4.9170277424968085E-8 0.049977031144732065
-0.30831506111577245 -0.17770170158565646 0.05867258259636438 0 -2.0361438572431665E-8 5.099155473746883E-8 0.049977029355459154
-0.8184909839211807 0.07533925376340875 0.08977629762126751 0 1.4159507020095462E-8 1.2547316877471815E-7 0.04997704321662955
-0.15687445011428935 1.9896548115933566E-17 0.05290395974586269 0 7.093121050537935E-9 2.7866913486611408E-8 0.04997704311914806
-0.12783259126111396 -0.033275347967647646 0.05249920381841622 0 4.656545770446107E-9 2.538500490949736E-8 0.04997704327979424
-0.12619399745448542 -0.06614911525416546 0.05266041061116255 0 4.698581310386754E-10 2.553376856043746E-8 0.04997704775824869
-0.24680219676358395 -0.07209570484823002 0.05524990662857362 0 -1.1012896940501558E-8 4.229812986205013E-8 0.049977036062249514
-0.22815732549244763 -0.13366956667415794 0.05546555293618707 0 -2.005014879622202E-8 3.47963329367618E-8 0.04997704041918079
-0.15093740406319942 -0.09389909648308085 0.053299030733839035 0 -5.233420122255147E-9 2.7247591083298142E-8 0.04997705621845519
-0.17405337917392047 -0.045794392161233266 0.053343830220451034 0 -1.648638148224271E-9 3.360887812009909E-8 0.049977048427861624
-0.18973296493485722 -0.18461798069110347 0.055474546986767154 0 -2.406309572319172E-8 2.6859640822824674E-8 0.04997703660985027
-0.1364384943575783 -0.14270773398924902 0.05371629461338726 0 -1.4230948309219678E-8 1.9774844710315156E-8 0.04997704911739188
0.04273873390329096 -0.07402565857166638 0.05192600533605053 0 -6.122458700343852E-9 4.3093901000114616E-10 0.04997703687828403
-0.04299754043112493 -0.07447392462720538 0.051931021483395706 0 -2.6620713851648744E-9 1.3534566951987771E-8 0.04997703647871043
1.3904975238826412E-17 -0.08573627431625096 0.051928505242836896 0 -6.114048345357437E-9 7.756249185591675E-9 0.049977037150595406
-0.07925046645516252 -0.13726583442387433 0.052932952804228266 0 -1.40328182748905E-8 1.602442833887892E-8 0.04997704653466617
0.078463056828959 -0.135902000944921 0.052904876080197075 0 -1.3869943512698132E-8 -7.934250033726331E-9 0.04997704741855978
0.11138757858716244 -0.19292894544503636 0.054318208030815426 0 -1.9768317844075506E-8 -1.77797182960634E-8 0.04997704230750255
0.2704412885460667 -0.32134890739138133 0.06148782850104338 0 -4.715812263622062E-8 -3.531106304072819E-8 0.04997704636915518
0.21970172124605267 -0.2547036178054315 0.05790944965811469 0 -3.261755356289941E-8 -3.043244045983691E-8 0.0499770318282021
0.06445906182530692 -0.2524774236880237 0.05535114833714504 0 -2.7640371352895565E-8 -1.142385510519083E-8 0.0499770407129811
0.14972579901011426 -0.2593326910893636 0.056582144341893334 0 -3.0940983168991395E-8 -2.180891094900915E-8 0.04997703100403564
0.031363797849434556 -0.30517057546423765 0.0568332914109285 0 -3.866139906969457E-8 -4.634077947886999E-9 0.049977035753584746
-0.03281109095750645 -0.303248501545522 0.0567724159885361 0 -4.0575726515975206E-8 4.998430515390533E-9 0.049977035513144745
-0.22974591189928226 -0.25639797529990704 0.058213734017978094 0 -3.108330542176037E-8 3.8706234904722625E-8 0.04997702980523042
-0.15050660974349658 -0.260685094950677 0.05663516711153095 0 -3.450452802538202E-8 2.409815088531933E-8 0.04997702895609999
-0.0010639892128916778 -0.35571530812846325 0.05866683852382106 0 -4.745104443333816E-8 4.148051145618937E-9 0.04997703499103187
0.4897167015298755 -0.6990669986722716 0.09278011319940965 0 -9.954648311965717E-8 -7.697522239392309E-8 0.049977064497844274
0.5485314847714318 -0.7448023146284537 0.09999999999999996 0 -1.0447711002595164E-7 -8.658356648492199E-8 0.04997706003927046
0.4538946410105444 -0.6418290507487608 0.08650541722977732 0 -9.511692947594712E-8 -6.699973169775601E-8 0.04997706564346897
0.43691576165411183 -0.5863880363863174 0.08178506492225697 0 -8.77936690781985E-8 -5.990456998556654E-8 0.04997705776536338
0.30008338071089913 -0.40108479031261085 0.06570468861303413 0 -5.604036566966641E-8 -4.766529885006048E-8 0.049977051043520286
0.35656776116113886 -0.46142030598113837 0.07075125137743835 0 -6.237216238286866E-8 -5.5335549304180905E-8 0.049977041868350384
0.38634553368626 -0.5411366135074784 0.07653244947706513 0 -7.786935144174414E-8 -5.394337697096709E-8 0.049977043446796175
-0.8641324069088798 0.062174994255793294 0.09403348687291993 0 9.633758483818193E-9 1.339194426697152E-7 0.049977037552045224
-0.9192848102122441 0.10262901652303172 0.09999999999999998 0 1.4338884100824808E-8 1.4331220579577425E-7 0.04997703327199135
-0.7599167871431189 0.06070075634999409 0.08441733903220823 0 1.7851155530179612E-8 1.1650167770049021E-7 0.049977039220041375
-0.3798507417992421 -0.12110542276221137 0.06050058794352799 0 -7.124054237508878E-9 6.271995581914658E-8 0.0499770353363422
-0.40842759083875524 -0.05875232359605665 0.06114052778332879 0 1.0531253328248974E-9 6.94341487426125E-8 0.049977034027218224
-0.5039157942187592 0.07056797810116018 0.06615707446286306 0 1.2197411182205977E-8 7.64366361288665E-8 0.049977037867415995
-0.5548238392163808 0.07638757137486703 0.0692570455361671 0 1.1992071811034684E-8 8.677924791254414E-8 0.04997702859898284
-0.6893460495224285 0.06354738512595373 0.07863780818203954 0 1.9480567003454093E-8 1.074021756629924E-7 0.049977028159058134
-0.6215823870108426 0.05940809814964494 0.0735747228508592 0 1.4257364348759682E-8 9.795868696232096E-8 0.04997702192240048
-0.4662367643365183 -0.05429215722432917 0.06397307879016166 0 -2.238075132338185E-9 8.008832412420966E-8 0.049977039744710426
-0.46385916918682774 -3.671115297680029E-17 0.06368112390889598 0 5.856276781553465E-9 7.48689463873879E-8 0.04997703266693094
-0.3620108841151937 -0.17400839360604695 0.060635096430618034 0 -1.7145650460427613E-8 5.901630812684586E-8 0.0499770337518018
-0.299671918215507 -0.26919022055739933 0.06068803798570996 0 -3.1476506163676285E-8 5.323265259011557E-8 0.04997703939565531
-0.33027652289156045 -0.22443841547131757 0.060528990644305516 0 -2.6266067800471483E-8 5.6523639162917825E-8 0.0499770345311586
-0.8245744171037561 3.2427437940114445E-20 0.09002147282184526 0 3.2051597850821182E-9 1.3035344719649008E-7 0.04997703790792475
-0.19761019796705673 -0.10158906953187434 0.054303584925033156 0 -1.4672024174056334E-8 3.2745810685607764E-8 0.04997705380290369
-0.18403998396844498 -0.12735803584373423 0.05434432437859784 0 -1.619695074530338E-8 2.6477327833526604E-8 0.049977052991026394
0.002774404310843052 -0.26370741404826953 0.055444406431408536 0 -3.3019105847791707E-8 -4.205958869029879E-9 0.04997704494037741
-0.11217260429255088 -0.1942886498520168 0.05435789315243198 0 -2.5486750736815745E-8 1.630347047458143E-8 0.049977040575041674
-0.059917909088264505 -0.2537684697083779 0.05535616729591674 0 -3.596829984373536E-8 7.394217519043157E-9 0.04997704033217693
0.025874926118163173 -0.1326695098536581 0.05254567933671944 0 -1.2708972312336422E-8 3.747633077569808E-9 0.04997704759455872
-0.02524383979971824 -0.13300675455069116 0.05254892004091195 0 -1.4013863534134463E-8 1.1604593163914097E-8 0.04997704727104339
0.05493858025113073 -0.18721166728009325 0.05366460039291042 0 -1.723935175960741E-8 -6.1069137441430736E-9 0.049977051567694046
-0.053441146730527585 -0.1870910243981426 0.053652873989227134 0 -2.61784379395703E-8 1.0527977778492551E-8 0.04997705115027778
-0.015811501710617765 -0.22080470166743846 0.05428292799461194 0 -2.945164565886254E-8 6.42159431687817E-10 0.049977057126328765
0.001589553534327251 -0.18045943852644147 0.053353802929854637 0 -2.0355355364472513E-8 5.4614770811194974E-9 0.04997705977070875
0.01713256069613923 -0.2191946756676691 0.054245341320781695 0 -2.3625390192117753E-8 -4.080941939848256E-9 0.049977057526134495
0.23193963455587202 -0.4017312313397281 0.06368217918749612 0 -5.394322994493907E-8 -3.1994563072876716E-8 0.0499770449660849
0.1923608915779979 -0.3331788376023402 0.059881599761303035 0 -4.489409410231995E-8 -2.369644241219006E-8 0.04997703564636213
0.10559774308437371 -0.32641465451667345 0.058167036115944384 0 -4.199752619539858E-8 -1.1434220829685384E-8 0.04997703332682398
0.02839276411724587 -0.3973392921812579 0.060485401730235276 0 -5.496051508278929E-8 1.5689632677070452E-9 0.049977040242593335
0.04349199689707277 -0.3606955682361924 0.05897556113419837 0 -4.85967314946724E-8 -1.65177470561021E-9 0.049977036178699794
-0.2724211583800272 -0.34021230275634196 0.06225471036920945 0 -4.003317460546871E-8 4.608014982664652E-8 0.0499770452670809
-0.04975626500892476 -0.3592625346716331 0.05895024498757896 0 -4.7550805140516844E-8 1.2715698937128254E-8 0.04997703556550424
-0.11115524588477288 -0.32319159740630654 0.058116751891295344 0 -4.339093100126274E-8 2.152093319664769E-8 0.04997703133126022
-0.1929576265867868 -0.33421241295621784 0.05993362613445384 0 -4.3170749520028664E-8 3.515413679736944E-8 0.04997703338265737
-0.00580331192480529 -0.44141011755505605 0.06253303354413747 0 -6.007940065085818E-8 5.281999172509291E-9 0.04997704445941827
-0.03317807935019408 -0.4000499580003111 0.06062434517611842 0 -5.271518062072208E-8 1.116429082986227E-8 0.04997704051092745
-0.4124914840826571 -0.7144562081206507 0.09005972521404425 0 -1.042387428802592E-7 6.444715378162208E-8 0.049977054099485
-0.4625000000000001 -0.8010734985006056 0.09999999999999992 0 -1.19407045956471E-7 6.904652019431759E-8 0.04997704832453988
-0.38371343710296635 -0.7748603000238191 0.09386619334345217 0 -1.1709567681905824E-7 5.8922811782275915E-8 0.04997705623487581
0.41226227881814503 -0.7140592129571534 0.09001680581831234 0 -1.0053281780968725E-7 -6.117888066993111E-8 0.04997706065613265
0.4625000000000003 -0.8010734985006056 0.09999999999999992 0 -1.1203620190698795E-7 -7.184291198293454E-8 0.049977055888906885
0.36763254236248355 -0.6367582418875386 0.08211785344170675 0 -9.152716058976237E-8 -4.9547395468204665E-8 0.04997705324227401
0.2724100436150707 -0.4718280360333562 0.06830375115676082 0 -6.264534045776481E-8 -4.173049884012135E-8 0.0499770415351976
0.31808183532075857 -0.5509338997403103 0.07441383187593022 0 -7.701456665333853E-8 -4.466856295142357E-8 0.049977039403054445
0.2111878992556696 -0.5199281931560845 0.06932845783235407 0 -6.736789789489618E-8 -3.25898236549047E-8 0.049977045559013916
0.021803385387518696 -0.48225449508691837 0.06469299319690376 0 -6.864227447977734E-8 -1.882998023407315E-9 0.049977046913874966
-0.8627884197170683 -0.05512509329877387 0.09385473111979895 0 -8.008919306364203E-9 1.3861652362489535E-7 0.04997703919462913
-0.9249999999999996 -3.487031299242896E-17 0.0999999999999999 0 -6.0137302209626E-10 1.4593473494835392E-7 0.049977030091541134
-0.7353276040989696 -1.3378311327871067E-18 0.08212306732579755 0 9.072591741984697E-9 1.166124719745129E-7 0.049977033057720444
-0.4256923062754768 -0.12215318657273537 0.06260425960749795 0 -6.498855837797202E-9 6.973197701587088E-8 0.04997704761938375
-0.4043520178042478 -0.16901983470521803 0.062374130552393804 0 -1.5312403539246533E-8 6.341548807993386E-8 0.04997704081133489
-0.46760448929491655 -0.09647351175034935 0.06440527405535054 0 -8.467712364594158E-9 8.008724847393584E-8 0.049977051628688283
-0.5447672634209793 2.858524015158418E-17 0.06830049229574699 0 1.7598947306058595E-9 8.735614730312719E-8 0.04997702674389511
-0.6361392415232948 1.0428654588114258E-18 0.074412070818866 0 6.2186272220649556E-9 1.0134892333963815E-7 0.049977022018002824
-0.5124187514513647 -0.051847896831783355 0.06651654728017117 0 -6.428803680339601E-9 8.614361383406611E-8 0.04997703562394931
-0.36799093114432163 -0.6373789894665451 0.08217765681431857 0 -8.948029200088731E-8 6.255262448671437E-8 0.049977047721277465
-0.31827009850817745 -0.5512599811461146 0.07444098367382036 0 -7.773210681967329E-8 5.227205804907297E-8 0.04997703454950323
-0.31386332305040454 -0.40193360988060217 0.06622216379223078 0 -5.3337221998416685E-8 4.489759300991849E-8 0.049977048262154045
-0.344912559069745 -0.4432246070018303 0.06935603931497553 0 -6.235989015169094E-8 5.000425157912488E-8 0.049977039790391364
-0.3337091490042147 -0.3553876317528073 0.06495432896100803 0 -4.6192872462089984E-8 5.200968808334808E-8 0.0499770600836276
-0.383737195098482 -0.21760730691022415 0.06251779019199952 0 -2.594593440519789E-8 6.24692459839257E-8 0.04997703746938604
-0.33230969380311975 -0.3125744339373021 0.06328313435425742 0 -3.930435254974377E-8 5.894964223339462E-8 0.049977055001909916
-0.3540195296480104 -0.26181915330723304 0.06247659304365877 0 -3.3536566820576725E-8 6.177038317575202E-8 0.04997704215337436
-0.7962287177911112 -0.06074957956360479 0.08762354715881245 0 -4.136312442898123E-9 1.3019574957894307E-7 0.04997704388676248
-0.7351410524947966 -0.06092685497728594 0.08231802271497875 0 6.644387634989142E-10 1.199740088481749E-7 0.04997703815689638
-0.4839056580716607 -0.700569999447879 0.09257832058039935 0 -1.007042591916067E-7 7.156698788022642E-8 0.049977056454383974
-0.548567403595686 -0.7447758606713796 0.09999999999999995 0 -1.097002193193016E-7 8.0601231357844E-8 0.049977051411910216
-0.43547631470191006 -0.6351536187841573 0.08509247440255902 0 -8.615320804955838E-8 6.994312782978265E-8 0.04997705529954516
-0.4991515386320159 -0.6334110077816721 0.08834372866104905 0 -8.875010124620155E-8 7.739732570067212E-8 0.0499770663140852
0.19075484218748148 -0.47253116432229375 0.06620021711897693 0 -5.850349778654161E-8 -2.7281996922440358E-8 0.04997705323096157
0.04901016908663563 -0.43723836174505165 0.062459634223422635 0 -6.333171072059524E-8 -1.969782094277523E-9 0.0499770482175986
0.06673635655852123 -0.4767204709635778 0.06461779605353515 0 -7.099656616070625E-8 -8.401738662016698E-9 0.049977054841180944
0.08201071126761385 -0.3939388987243752 0.06066806698898625 0 -5.504517319316402E-8 -4.387598330307739E-9 0.04997704424423806
0.15779399244920161 -0.40600143052169285 0.06224217224863409 0 -5.299860602617635E-8 -1.5284052569405875E-8 0.04997704958440186
-0.23228029263418432 -0.4023212684393739 0.06371797650698163 0 -5.5095461412209804E-8 3.861834165371605E-8 0.04997704205160497
-0.272587327693687 -0.4721351010648927 0.06832563375196132 0 -6.782896104388943E-8 4.137768327276453E-8 0.04997703746199237
-0.08918266806588586 -0.39015326021997454 0.06056960464965617 0 -5.123327171864328E-8 2.1882876042670557E-8 0.04997704282836875
-0.15459594130071433 -0.39192658728762203 0.061550218588660825 0 -5.4473060142989094E-8 3.2141832441094125E-8 0.04997704404994248
-0.18675532053812563 -0.43493251784630643 0.06418357757579085 0 -6.444996528647257E-8 3.3929878626873885E-8 0.049977049166884446
-0.21375905453868752 -0.4723463627877797 0.06671710658979704 0 -7.1133923694587E-8 3.384203097834695E-8 0.0499770450520169
-0.030837599095424044 -0.4757419881377715 0.06436680609968097 0 -6.304315404610881E-8 6.660587357197829E-9 0.04997704749244937
-0.05772042989369192 -0.4373202270026056 0.06251628812885628 0 -5.5913062562212195E-8 1.4769320581494786E-8 0.049977049027612186
-0.34485879204612635 -0.7195732958375974 0.08756922173357189 0 -1.076227978275561E-7 5.796011869955896E-8 0.04997705973616249
-0.3147326423667731 -0.6679534491621227 0.08237892997106575 0 -9.656713425823564E-8 5.696588745806999E-8 0.049977052770713515
-0.23145619169988374 -0.5426436945370012 0.07120349698950756 0 -7.963958127862795E-8 3.6369695567060864E-8 0.04997703826463297
-0.28415939775573246 -0.6153602706014173 0.07751426427315904 0 -8.758347818475051E-8 5.0681201521793316E-8 0.04997704171293798
-0.32938286511096027 -0.7771045511687235 0.09186418681824757 0 -1.1756949776363656E-7 5.064713833791886E-8 0.04997706493834829
-0.29287844997281653 -0.7560683801841978 0.08874412837590734 0 -1.1160356354959732E-7 4.780917216770612E-8 0.04997707137731719
-0.3707535969478622 -0.8474426517245004 0.09999999999999994 0 -1.2840321923231444E-7 5.531101533415545E-8 0.049977055169911105
0.3299132550602819 -0.6955796266909601 0.08507057911176502 0 -9.646167224622898E-8 -4.246291715642911E-8 0.04997706305107858
0.29721686832567656 -0.7486484838731736 0.08825580478820183 0 -1.0436377351648017E-7 -4.1209595178606356E-8 0.0499770753248621
0.36329863298780996 -0.7692008953950569 0.09250410835033807 0 -1.0497440918384797E-7 -5.4323050579607234E-8 0.04997706505619694
0.37078540548822353 -0.84742873429503 0.09999999999999996 0 -1.1720882384863935E-7 -5.772374276470704E-8 0.049977061269397195
0.28831363121595577 -0.628175946475062 0.07855241106831119 0 -8.88307677560931E-8 -3.567027522289745E-8 0.0499770484721394
0.2593907519340379 -0.5686281064407216 0.07361593901057979 0 -7.814103750543242E-8 -3.598211318947065E-8 0.049977040372868625
0.1909808398518187 -0.5616900805542804 0.07142639087555927 0 -7.602121873830878E-8 -2.9322452288913305E-8 0.049977044311378754
0.17735047116299676 -0.5251479744589087 0.06889288845838194 0 -6.84928553705377E-8 -2.9243839879128447E-8 0.04997705062126414
-0.006975621790116347 -0.518397225687904 0.06671599267023105 0 -7.173608816875238E-8 4.3391236928044454E-10 0.049977043913902015
-0.05196883438319561 -0.5240326103663052 0.06719869985797552 0 -7.01376770997753E-8 6.174997726137857E-9 0.049977046542151855
0.051893656645759574 -0.5409828050063739 0.06822031633188269 0 -7.812964714674857E-8 -9.82223765849703E-9 0.04997704480650069
-0.8393412000270999 -0.10211595922316324 0.09200820531311653 0 -1.5444523152883363E-8 1.3530517386987086E-7 0.04997704795207586
-0.8023821229894582 -0.12465004703532731 0.08885408731398863 0 -1.5385097175081402E-8 1.2858481634058017E-7 0.04997705550903676
-0.919283847116488 -0.10263764414409532 0.09999999999999995 0 -1.7099992748802187E-8 1.4679572515253808E-7 0.04997703705149221
-0.4286041911968902 -0.211604106404576 0.06443452009247352 0 -2.6026862720994373E-8 6.594501997865668E-8 0.04997703975788013
-0.6752473549062171 -0.06099766201966174 0.07752927755735106 0 -1.60449214811805E-10 1.0919450682665666E-7 0.04997702848241687
-0.4690213191754545 -0.16282051739106812 0.06545407679976868 0 -1.957716963464596E-8 6.955948974044492E-8 0.04997705126546619
-0.5199939829281818 -0.12464895604080488 0.06768673130026925 0 -2.0675969575451906E-8 8.321369156328883E-8 0.04997704557069859
-0.5844196053235723 -0.07491703801282976 0.07115392026499068 0 -9.345570240024934E-9 9.490297345585885E-8 0.04997702729446615
-0.40158939943089916 -0.5697012631254147 0.07901179842938963 0 -7.660274044986023E-8 6.737969788104292E-8 0.04997704288807142
-0.3629672679735455 -0.5093150093458657 0.0736457128337714 0 -7.072033927572766E-8 5.7667224327335765E-8 0.04997703445653163
-0.36195665189066545 -0.3775113144203722 0.06698450376718919 0 -5.4856291201964566E-8 5.294838828188957E-8 0.049977054892184715
-0.36626813150114046 -0.41664081435894 0.06892167223823108 0 -5.984028461869168E-8 5.271744148082656E-8 0.04997704434660618
-0.3903068178565833 -0.4466269881485596 0.07141764844659583 0 -6.376232790410611E-8 5.894154699892372E-8 0.04997703761333035
-0.38262787487786487 -0.34149739132768064 0.06638993492953274 0 -5.2501116569211374E-8 6.14833800801668E-8 0.04997705401846328
-0.4062559769371703 -0.26147495596378895 0.06471383725610919 0 -3.641062193376356E-8 6.64231367070497E-8 0.049977039789923204
-0.379843340675863 -0.2969419115223147 0.06465963905911938 0 -4.309767822852506E-8 6.5155206503532E-8 0.04997704830809791
-0.735100345459195 -0.11930462056175606 0.08291132970822639 0 -6.124533135719751E-9 1.184141534370355E-7 0.04997704642406136
-0.5519968333853201 -0.6639303440969675 0.09374464706266032 0 -9.959121707261532E-8 8.276830728213813E-8 0.04997706050954476
-0.6178002971320175 -0.6884386430529175 0.09999999999999999 0 -1.0538202842694782E-7 9.436157197960937E-8 0.049977051104000955
-0.4800125571007386 -0.5637645778356987 0.08255043176744221 0 -7.597595152174526E-8 8.238060661098909E-8 0.049977055503464846
-0.5399346500949583 -0.6040123388311484 0.08868415026698905 0 -8.964258590331434E-8 8.722778852450859E-8 0.0499770652392588
0.1043605879990727 -0.5010308479370807 0.0663275801738497 0 -7.23653703312403E-8 -1.848114631264744E-8 0.04997706086804121
0.14556246178613041 -0.5017461145955597 0.0669511130546236 0 -6.629237028907952E-8 -2.4699820645837713E-8 0.049977061219207454
0.1399468089855873 -0.4672126633962517 0.06496624972127404 0 -6.14419143894851E-8 -1.7756147800668035E-8 0.04997706585149169
0.10408488366078729 -0.44405468685268906 0.06327666735135784 0 -6.385387943180278E-8 -8.274816798535046E-9 0.049977060615388286
-0.1061373350373039 -0.43371612134398735 0.06278756375601147 0 -5.70920064828006E-8 2.480442530171526E-8 0.04997705667680815
-0.15386562481962193 -0.515523498759926 0.0678853449092873 0 -7.594695615336468E-8 2.017365910058031E-8 0.04997705444594115
-0.1533021139497205 -0.45854960024362473 0.06473399748772987 0 -6.799635574952372E-8 2.8204270753188978E-8 0.04997706056779819
-0.09527352708204248 -0.48999184724793526 0.06560563290386158 0 -6.386950870848105E-8 1.3840537712895469E-8 0.04997706013155395
-0.09590125636856876 -0.5619999312235504 0.06990127823248256 0 -7.762118958911131E-8 1.1710467294091553E-8 0.04997704435644465
-0.15663037176370528 -0.5733099421965812 0.07149707499548641 0 -8.21529107330898E-8 2.266488621447797E-8 0.04997704281797229
-0.2643961373711981 -0.69702971973395 0.0829765309474388 0 -9.8650516248658E-8 5.0477860126485927E-8 0.04997706113286987
-0.19926692702634366 -0.6350324834465847 0.07658242747619838 0 -8.936776027788777E-8 3.605893507654684E-8 0.04997704302837085
-0.2937621218403118 -0.8161557505482272 0.0941366022415018 0 -1.203493367672522E-7 4.1946613495753744E-8 0.04997706514584798
-0.2445064351501806 -0.7666415232960113 0.08818261063739219 0 -1.0718455536260558E-7 3.910548080487675E-8 0.04997707003490009
-0.28738877712844163 -0.8792227618026947 0.09999999999999998 0 -1.2828419939213112E-7 4.044495827624463E-8 0.04997705780755618
0.24692814396934878 -0.6974874410583481 0.08250617855893734 0 -1.0218572090048373E-7 -2.78702646988699E-8 0.04997706386779781
0.2521627428797361 -0.7694593063835823 0.08864404636431372 0 -1.1303683264678362E-7 -3.706585276607931E-8 0.049977074854333066
0.297447604941039 -0.8106467532563326 0.09375141746476387 0 -1.143741106170203E-7 -4.785288019095109E-8 0.04997707058202234
0.28742318143973467 -0.8792115158194408 0.09999999999999996 0 -1.2690657330081695E-7 -4.718605584879473E-8 0.049977062589401745
0.18957159845420457 -0.6243064952889011 0.07560329744867302 0 -8.891275853937578E-8 -2.4373675595704067E-8 0.04997704454846983
0.12475562378528372 -0.5650913910725972 0.07045918166236258 0 -7.944185843465765E-8 -2.1561428807549682E-8 0.04997704648817792
0.16970055881419605 -0.6915759378642314 0.08021607449160519 0 -1.0151020663383071E-7 -1.91596018363913E-8 0.04997705202518488
-0.02127679909875186 -0.5862434400348021 0.07098260267248739 0 -8.210746058769271E-8 3.54447130194077E-9 0.049977038452128114
0.047679088889249585 -0.6125339534466792 0.07287094188782159 0 -8.738884602010753E-8 -5.416937022609228E-9 0.04997703917038048
-0.8531067718150073 -0.15803750226362162 0.09415708085227006 0 -2.5102905220568907E-8 1.3265830204739126E-7 0.049977048279309516
-0.7842181949983064 -0.17459658052838975 0.08806681761589173 0 -2.0584482438957857E-8 1.1983624172393644E-7 0.049977054045817426
-0.9051158299750597 -0.19076243784282004 0.09999999999999996 0 -3.000321055258651E-8 1.3924188507177114E-7 0.04997703995910837
-0.47800098007166625 -0.2183882854981824 0.06713458210584479 0 -3.0189506777603743E-8 7.142065333684851E-8 0.04997703765094994
-0.4503344724862791 -0.2539143429242661 0.06663047103760426 0 -3.580232883988517E-8 7.013527847601856E-8 0.04997703577877616
-0.647719142022224 -0.1435812801370505 0.07642272847163623 0 -1.3924986642993754E-8 1.0307058261998912E-7 0.049977030157740125
-0.5329845388239062 -0.1985594752136453 0.0698139205090511 0 -2.894123911922495E-8 8.07032901145491E-8 0.049977034352479285
-0.5744027965338088 -0.14938461510286838 0.07144252826293569 0 -2.1601473915129815E-8 9.035718794276506E-8 0.049977031879319726
-0.44626651447182913 -0.4769553831048422 0.07565680574632234 0 -6.608320631496608E-8 7.282702678151439E-8 0.049977036625968425
-0.5140310251048448 -0.4921578818310024 0.08018045280724437 0 -6.783288157933312E-8 8.621750718795683E-8 0.049977042459559855
-0.4256087219342948 -0.3924588186076942 0.07047472570296819 0 -5.8986637850049626E-8 6.554864108248687E-8 0.04997703899598272
-0.44295395304453694 -0.3153758255937713 0.06823813858748431 0 -4.80080779366936E-8 7.075332839312953E-8 0.04997703664384267
-0.722493271850469 -0.18466121884148878 0.08299584497449673 0 -1.7290109808010182E-8 1.1224247861839094E-7 0.0499770435956422
-0.6008930547011089 -0.6092572756078648 0.09299302035398636 0 -9.379553562931947E-8 9.444636794882994E-8 0.049977054369805034
-0.684830613311738 -0.6217902179859557 0.09999999999999995 0 -9.542464852907068E-8 1.0565101570394636E-7 0.04997704274905857
-0.5678213237459835 -0.5376676061363831 0.08613904983735729 0 -7.816065839335344E-8 9.369951488572328E-8 0.04997705143990586
-0.10379006268918359 -0.6311723493295895 0.07466578004946203 0 -8.897315785259876E-8 1.8680634993082043E-8 0.049977039973096465
-0.2012336657215405 -0.7196538123444206 0.08312630758513646 0 -9.88291374691345E-8 3.753940428084792E-8 0.04997705788044618
-0.14538614431124028 -0.6947291331504665 0.08002955113164488 0 -9.754331805849888E-8 2.8487466798005067E-8 0.04997704793991363
-0.2244810935107963 -0.8295744817427091 0.09335179876408069 0 -1.1808387316477311E-7 3.1667815008873583E-8 0.049977061127414533
-0.1948530319449167 -0.7756068237085788 0.08772926134592988 0 -1.0797394788140876E-7 3.1638359900931646E-8 0.04997706139294059
-0.1961900777341867 -0.9039499420937565 0.09999999999999996 0 -1.3100035294622114E-7 2.6934125716553357E-8 0.049977052719816194
0.18083964416846282 -0.7595104378227607 0.08602850609777067 0 -1.1275567863928212E-7 -2.3913786370382437E-8 0.04997706188809204
0.22639239794839497 -0.823169454837357 0.09279966487488275 0 -1.2112974059265525E-7 -3.695304426253744E-8 0.04997706582422386
0.1962292603758944 -0.9039414372048344 0.1 0 -1.3181488591388452E-7 -3.288566960311849E-8 0.049977055972382445
0.115198487208555 -0.6531897985847656 0.07640980333620502 0 -9.363361901590024E-8 -1.305589902375642E-8 0.049977043391511274
0.13075868837865867 -0.7179080095003469 0.08165710231721485 0 -1.0376869123289601E-7 -1.357625086211523E-8 0.049977052614817975
0.11581756539084577 -0.7588114009433137 0.08487399945221091 0 -1.0813272586570824E-7 -1.2516759024369424E-8 0.04997705765518624
0.049373389215154787 -0.6762514634930521 0.07753347573866784 0 -9.605612140708181E-8 -4.914122331854489E-10 0.049977045240853245
-0.018713178495829663 -0.6598847879456909 0.07617577755495697 0 -9.407361603497241E-8 9.061009208559168E-9 0.049977042143499885
-0.6738902730202501 -0.2204985208373878 0.07997070091519397 0 -2.4476860549286748E-8 1.0650164157118652E-7 0.04997703470805512
-0.8340398056073672 -0.21902107573341584 0.09363611174877712 0 -3.2397903816782624E-8 1.265897166401829E-7 0.04997704463641091
-0.7682837005378527 -0.21778108265977308 0.08762455506029669 0 -2.6864445023389066E-8 1.1705147428044911E-7 0.049977046477961945
-0.8809151182252344 -0.2821428693025129 0.09999999999999996 0 -4.30776605748248E-8 1.3482331189448207E-7 0.049977035273526906
-0.5165019276401033 -0.27345997871285094 0.07083650833060155 0 -3.8198577598311765E-8 8.038063565712176E-8 0.04997702885381907
-0.598583551544961 -0.22602979228178174 0.07467942546060534 0 -2.8776170777018958E-8 9.425790544695646E-8 0.04997702848522611
-0.5551101229584549 -0.47007014883430126 0.08146563252731462 0 -6.388491531667218E-8 9.079276997055111E-8 0.04997704191844718
-0.5105636494997625 -0.4275668331221898 0.07661161867134536 0 -5.8675366264539644E-8 8.305154521799024E-8 0.04997703420533182
-0.504302912589223 -0.3476237550984314 0.07274022680505549 0 -4.8948915543785206E-8 8.048876363194495E-8 0.049977029761873015
-0.7177089386751472 -0.2549295522420565 0.0843570467432338 0 -3.130394294156532E-8 1.1334398138832136E-7 0.049977040593247
-0.6531660790226061 -0.2763311132584134 0.0799841441751332 0 -3.337754840055577E-8 1.0600644504002682E-7 0.04997703575954138
-0.8437556437212325 -0.37907955935377746 0.0999999999999999 0 -5.9478196509213624E-8 1.3259317749066367E-7 0.049977038384770994
-0.8010515387579304 -0.4625279007956028 0.09999999999999996 0 -7.132448636618886E-8 1.2273048909063288E-7 0.04997704474554584
-0.7501479603301011 -0.5412050791178039 0.09999999999999992 0 -8.09621100127598E-8 1.1249994257155427E-7 0.049977041982806086
-0.5998767009898777 -0.4788913706345559 0.08487289614566725 0 -6.540143938936586E-8 9.536792427646658E-8 0.04997704624591033
-0.6562422498346266 -0.5241856689594518 0.09146905933596002 0 -7.645871095419125E-8 1.0070480343506104E-7 0.04997704732402295
-0.08839747535315964 -0.7039498716595032 0.08000538942626953 0 -1.0138036609809392E-7 2.076279932630519E-8 0.04997704835969286
-0.13806578705455586 -0.7497079460326577 0.08441541385599154 0 -1.0687086476780339E-7 2.6093123055354596E-8 0.04997705472154803
-0.14308797449955213 -0.8318118172195702 0.0918642159103333 0 -1.2123372478513717E-7 2.1560373682507073E-8 0.04997705725853662
-0.09361073890939048 -0.9202510142029422 0.09999999999999995 0 -1.372687877601199E-7 1.164596897531443E-8 0.04997705510461665
0.09365704332523053 -0.9202463037324216 0.1 0 -1.305819139518114E-7 -1.693255427879081E-8 0.04997705661447227
2.0711142119751377E-5 -0.9249949331376578 0.09999999999999996 0 -1.346278888347095E-7 -3.4498046466706283E-9 0.04997706062816343
0.12762107521700664 -0.8265826692803618 0.09113421310198927 0 -1.1775891548176778E-7 -1.9131148377221774E-8 0.04997706007397652
0.08068135396090603 -0.7141673032968792 0.08075294753127603 0 -1.010802935879565E-7 -4.636129991593797E-9 0.049977051745158436
0.06358506183867194 -0.7827017733005066 0.08643167294964102 0 -1.0850594893623927E-7 -4.439766508495125E-9 0.04997706508812521
0.02032803985547743 -0.7231235035279147 0.08113718206932351 0 -1.0265846440458878E-7 6.774386040088761E-9 0.04997705635694637
-0.03309170223836219 -0.7328034628470876 0.08197501691133365 0 -1.0703182567455028E-7 1.47860130818196E-8 0.04997705780055923
-0.7926496756412598 -0.2913333375023676 0.0919087000057277 0 -4.258470977279389E-8 1.2368967255734733E-7 0.049977041616239906
-0.5810426636905172 -0.3157640075984303 0.07626188231201679 0 -3.983120410200041E-8 9.398688286528778E-8 0.04997703126747557
-0.5773213056470615 -0.42632356756478973 0.08066830857907491 0 -5.509802013816676E-8 9.305751148368457E-8 0.04997704062131359
-0.5604495700519321 -0.38109429561078195 0.0775098294695611 0 -4.903890754511419E-8 9.070973537218061E-8 0.04997703453246076
-0.6449966839705538 -0.44452809810358646 0.08625924084344862 0 -5.835223108554236E-8 9.955530085700502E-8 0.049977052559044784
-0.6508158876168189 -0.3390076459058359 0.08199721983987755 0 -4.151773534641608E-8 1.0779618234569246E-7 0.04997704544384552
-0.7091826270730177 -0.3233083988571452 0.08590988858162861 0 -4.3814426311138926E-8 1.1644200767298605E-7 0.04997704756675202
-0.7619010673352372 -0.3837317836320327 0.09273617861998763 0 -5.9524558859203656E-8 1.2071456303207056E-7 0.049977050829976666
-0.7143597851634016 -0.46065181317541964 0.09243904770387959 0 -6.774499571907357E-8 1.0724791614545452E-7 0.04997705376924027
-0.07537530152887754 -0.7754914719888757 0.0858872030654022 0 -1.1558748504706774E-7 1.692964933424065E-8 0.04997706129324555
-0.048377865911234746 -0.8513117859798408 0.09269807273978156 0 -1.2698434333715532E-7 5.555737662564014E-9 0.04997706589603502
0.043935839967012356 -0.8511210240129371 0.09265635168129686 0 -1.197910936444157E-7 -8.68575514854951E-9 0.04997706723413247
-0.004822548609299441 -0.7855262944057825 0.08645491759740057 0 -1.1386627146340069E-7 6.929471922532371E-9 0.04997707301541128
-0.615323196863825 -0.38077552285640776 0.08115372829448383 0 -4.609839760363569E-8 1.0006799561072251E-7 0.049977044503810485
-0.6821995337018092 -0.3893517946424338 0.0864501634511279 0 -5.159975394664349E-8 1.0982000882334661E-7 0.049977059806301384
