% Model:
% Version:
% Dimension:          3
% Nodes:              691
% Expressions:        4
% Description:        Surface
% X                       Y                        Z                        Color                    DeformX                  DeformY                  DeformZ
0.09361324045256657 0.9202507597854978 0.09999999999999996 0 1.2683607542982715E-7 6.9127161577478866E-9 0.04997701984882732
0.19613059753886136 0.9039628493277616 0.10000000000000006 0 1.2103162001490928E-7 -5.4493975924083025E-9 0.04997702085891734
0.2873578563384961 0.8792328678266589 0.09999999999999998 0 1.1908470222366322E-7 -1.6500478625806572E-8 0.049977029471526935
0.6177594130735132 0.6884753307245892 0.0999999999999999 0 1.0154385624630195E-7 -6.10817518440199E-8 0.04997703920207189
0.684790004400319 0.6218349412241562 0.09999999999999998 0 9.343879862665928E-8 -7.06149796830728E-8 0.049977035388577534
-2.6622719632544978E-6 0.924994933365257 0.09999999999999995 0 1.2411611973230075E-7 1.9452259428513688E-8 0.04997702262708275
0.042840104890621886 0.8515402282381707 0.09269147861274166 0 1.1867729607591817E-7 1.224514141643572E-8 0.049977032830518436
0.37075219693550476 0.8474432642497914 0.09999999999999995 0 1.1999905790478004E-7 -2.8954758488796567E-8 0.04997703034276964
0.14341620299378263 0.8294494640794716 0.09164675622284833 0 1.1313688432428221E-7 -2.148320656992399E-9 0.04997702718690415
0.2216527773738334 0.8287572231622684 0.09320319712735281 0 1.1028460495310877E-7 -9.467391021213113E-9 0.04997703303074383
0.29491717071644885 0.8166669280321706 0.09422261270086468 0 1.1314548567836378E-7 -1.81489028484105E-8 0.049977039428593696
0.5485314952955888 0.74480230687788 0.1000000000000001 0 1.0420763495830499E-7 -4.933697144414725E-8 0.04997703556024727
0.5518007966248653 0.6760563257947593 0.09465507346897212 0 9.774574559478636E-8 -5.102606506262498E-8 0.04997704608899501
0.5876935447112426 0.6161088910778022 0.09257893706827944 0 9.317432629575195E-8 -6.029992688042566E-8 0.04997704718979472
0.750154542605984 0.541195955123228 0.09999999999999999 0 8.121874750962791E-8 -7.562298583412579E-8 0.049977039244115014
0.6504705486077746 0.5465931881196746 0.09240305490818576 0 8.150516675049862E-8 -6.683962189822476E-8 0.04997704150993318
0.8010710017272109 0.46249419126110153 0.09999999999999994 0 7.393401551885169E-8 -8.448389619152026E-8 0.04997704619702822
0.8437752416466553 0.3790359375932063 0.09999999999999998 0 6.439447068988707E-8 -9.316084251850097E-8 0.04997704403072537
-0.09363126894349026 0.9202489260084377 0.09999999999999998 0 1.2019541780755322E-7 3.0169556558642874E-8 0.049977016743652965
-0.057540995049113 0.8423979795604501 0.09189602276328529 0 1.0975433232369661E-7 2.3792737890926323E-8 0.04997703050084684
0.06678793864290467 0.7745216917616872 0.08573266337058709 0 1.0970009337989746E-7 1.1635066642860705E-9 0.04997703266239931
-0.010066347156763604 0.7750831353836388 0.085534709697028 0 1.0454038103578545E-7 8.826693241729058E-9 0.0499770392987023
0.33139114289377414 0.7785556133621918 0.09206768166444738 0 1.1158515302081428E-7 -2.5892924277111733E-8 0.04997704151980786
0.46249999999999974 0.8010734985006057 0.09999999999999991 0 1.1231569831763392E-7 -4.0192976496881716E-8 0.049977027923514016
0.3836506929290542 0.7746515411716933 0.09384509082801115 0 1.1084621471241312E-7 -3.2524925743843775E-8 0.04997703473906553
0.1913914876174544 0.7797285375111098 0.08801717214843206 0 1.0264087534161493E-7 -1.0126184848451633E-8 0.04997703417978362
0.13322424106658332 0.7460807458646898 0.0840331591986956 0 1.0153108175833074E-7 -6.683091094923389E-9 0.0499770273014961
0.290977677915208 0.7546407636986491 0.08855875058870188 0 1.0572390358724976E-7 -2.4077637775901727E-8 0.049977048291935264
0.23873623781901876 0.768060257846817 0.08814793343306236 0 1.0127555558399986E-7 -1.6021306487888476E-8 0.04997704400913986
0.0873996338681695 0.6969472503405288 0.07943927986118829 0 9.658641841792821E-8 -2.909061792915225E-9 0.049977021124677584
0.5230354883414245 0.6422697488364205 0.0903707538749386 0 9.126787303913815E-8 -4.951650705428174E-8 0.049977053539585786
0.4904238791693691 0.6985151762406319 0.09277567976728547 0 9.653745538855702E-8 -4.299291689798931E-8 0.04997704143170991
0.49825230464030656 0.6040689738252 0.08623250303750964 0 8.25294133073902E-8 -5.220649746322617E-8 0.0499770540603811
0.5828756184496425 0.5332115379316272 0.08685116301599329 0 7.838142483363E-8 -6.327190351310038E-8 0.04997704348619225
0.5354804188313992 0.5793968081607486 0.0867593250488703 0 8.403239343603063E-8 -5.919200292476313E-8 0.04997705232176223
0.706135052883472 0.46732786457169856 0.09212747065803698 0 7.066698172108224E-8 -7.046219283420072E-8 0.04997705209438301
0.626960623589047 0.4522983371432033 0.08535306995964971 0 6.276641944534988E-8 -6.484050177389415E-8 0.04997704699134456
0.7564175363077812 0.3862256756237963 0.09237249347625182 0 6.472662155186683E-8 -8.318933320434884E-8 0.04997705512501803
0.7978472984237353 0.3041762806928352 0.09281227257926786 0 5.255713204709122E-8 -8.70019716136157E-8 0.0499770485568214
0.5572755215547441 0.4510872900080025 0.08061070588876622 0 6.366669280440771E-8 -5.993785874765537E-8 0.04997703597091141
0.8809325160784339 0.2820885436790224 0.09999999999999994 0 5.0809942727128675E-8 -9.430435910335054E-8 0.04997704533433206
0.8318102133114372 0.22322523392999072 0.09353078509252773 0 4.244816397798263E-8 -8.734539056568236E-8 0.04997705535109459
-0.19616860770583672 0.9039546015730862 0.09999999999999996 0 1.2196930607888317E-7 4.3272380706959976E-8 0.04997701426439513
-0.14285595486183858 0.8282574032154257 0.09152546819348939 0 1.1147131399057257E-7 3.338766639923034E-8 0.04997702248835675
-0.08028628936017151 0.7814679591465112 0.08645850584417021 0 1.027505776689175E-7 2.0563152013278114E-8 0.04997702870222973
-0.04561230651596534 0.7294921334214545 0.08175631121749641 0 9.806768996898336E-8 1.1684545122583904E-8 0.04997702601591367
0.011531729957052473 0.70924084903091 0.0799938250529473 0 9.810078887348864E-8 3.908318018175162E-9 0.04997702412933754
0.3464548928541494 0.7191482470167311 0.08759713317592265 0 1.0317019309346363E-7 -3.3078296171884315E-8 0.04997703928454305
0.41227210451772556 0.7140762315680476 0.090018645217313 0 9.975794286176932E-8 -3.7375448300965516E-8 0.04997703588228016
0.19425119712307035 0.7168127796252429 0.08273823779707913 0 9.453438005171846E-8 -1.5710270025765326E-8 0.049977032241703585
0.1444236460962668 0.6895139486023729 0.07960445430492033 0 9.349363014437744E-8 -9.268708241757672E-9 0.04997702284237628
0.26473613188816314 0.6988930987695542 0.08313425830297129 0 9.520974524551633E-8 -2.7867456254844213E-8 0.04997704005021618
0.31546555307223756 0.6681703741372859 0.0824215607208193 0 9.378079609675048E-8 -3.293639407546634E-8 0.04997703380334888
0.04599891718688658 0.6542488180254783 0.07585611859697282 0 9.091237238997573E-8 3.762427321939217E-9 0.04997701591874783
0.1041493181168425 0.6209165315731189 0.07394244219969821 0 8.610914942761236E-8 -7.551574928511342E-11 0.0499770173404766
0.4534199638911959 0.634338879041937 0.0859386615701075 0 8.379034939728146E-8 -4.3929870836749235E-8 0.049977044761726805
0.4723939921181885 0.5653277489130147 0.08223903081434113 0 7.589187892399327E-8 -5.2337522862967346E-8 0.04997704378314001
0.5096255127299391 0.5106912413470729 0.08097857821614195 0 7.230717180902671E-8 -5.7077235971369484E-8 0.04997703811376927
0.49005227512439603 0.44470401859070546 0.07629562530822705 0 6.547794157116407E-8 -5.1244202601416716E-8 0.04997702945825644
0.6719229666176102 0.3884051108238118 0.08561888827579651 0 5.494409667394513E-8 -7.438283479413488E-8 0.049977059540588224
0.585360990165672 0.3703838402167338 0.07867156144500052 0 5.163234836345865E-8 -6.378310794872152E-8 0.04997703679038601
0.7133503615870089 0.32015636681811027 0.08613118221459616 0 5.0667976855007994E-8 -8.149217838286572E-8 0.049977051624605785
0.7561533810021166 0.25116889240286866 0.08746370240455795 0 4.153434894988036E-8 -8.079988275123771E-8 0.0499770511946451
0.4678168231247622 0.39722837411780604 0.07282402579327739 0 6.261613099787949E-8 -4.632394644097441E-8 0.0499770289737645
0.5201731653431543 0.38799390136202994 0.0753439569886662 0 5.8133893346757195E-8 -5.4434388333212896E-8 0.049977029056981405
0.9051251569294584 0.19071818089926673 0.09999999999999992 0 4.028322503433508E-8 -9.80913779845468E-8 0.04997705389784729
0.7902639371480997 0.1788726841459575 0.08869278761371618 0 3.3151392323194516E-8 -8.28274826541752E-8 0.049977065042516644
0.8510855832446352 0.14814580550682155 0.0937894978149824 0 3.543976117681768E-8 -9.379563423321789E-8 0.04997706311157118
-0.2873939485029833 0.8792210714939994 0.09999999999999992 0 1.1786835314402243E-7 5.498526974731478E-8 0.04997701976691069
-0.23130254147882853 0.8233581280344335 0.09294490463014163 0 1.1370742283358488E-7 4.6933729852868586E-8 0.04997702697637053
-0.31654977457237843 0.8071051679018628 0.09409208829712742 0 1.0540878729624414E-7 5.6927260030426086E-8 0.04997702901460072
-0.17894546311077822 0.7718277883825889 0.08706002927260566 0 1.0845728281795193E-7 3.488355602806635E-8 0.049977026486473265
-0.13380906082414656 0.7600240739879769 0.08523325950883374 0 1.0422439359156032E-7 2.729813461601566E-8 0.04997702369374697
-0.09794458893422107 0.7138796015511553 0.08090449857215165 0 9.760725237391423E-8 2.0222812228162497E-8 0.049977019995683984
-0.048508906291745806 0.6781878024575432 0.07767733236817927 0 9.335453583470045E-8 1.382920015264932E-8 0.049977016882428185
-0.0078551337227577 0.6491499078369712 0.07536310530979572 0 9.026601396885574E-8 1.0441721475016062E-8 0.04997701449602635
-0.22520922840433794 0.7458968973346558 0.08588793599516023 0 1.0676362785060975E-7 3.839406476009363E-8 0.04997703364269628
0.3676404370066046 0.6367719158122648 0.08211917016769558 0 8.748205740146401E-8 -3.69967538043507E-8 0.04997703138037
0.1936377969261951 0.6392946953673746 0.07676490405819383 0 8.804132826179122E-8 -1.4756545793572344E-8 0.04997702253087809
0.2841334503354857 0.6165726819630527 0.07759808624216208 0 8.652520030654815E-8 -2.7623999570532792E-8 0.0499770243360841
0.15199695343335892 0.5713443637747505 0.07128864354870554 0 8.192024369100174E-8 -2.630657153224832E-9 0.04997702407109526
0.020086990102898376 0.582926818943489 0.07076019404513119 0 8.151364733973447E-8 1.2139826847759538E-8 0.04997701562641202
0.09263905094403112 0.5551170207203663 0.06943102413110944 0 7.704068867458993E-8 6.1012622923333604E-9 0.04997702524172364
0.40094975894605217 0.5652131577221657 0.07869394977656125 0 7.650761741169244E-8 -4.0878112859873344E-8 0.049977029714998435
0.44736034083495335 0.4974141441538551 0.07684191432450417 0 7.034202780419509E-8 -4.6560446364714425E-8 0.04997703018263599
0.43140219656813134 0.4287675225971859 0.07244484890584983 0 6.620767339188589E-8 -4.037088627814489E-8 0.049977029674013344
0.6341588941531795 0.31283518999890125 0.0798162445324894 0 4.5286780903453504E-8 -7.151852415588004E-8 0.04997704089206896
0.5293785213896149 0.3388907230126146 0.07386902220939724 0 5.2600673617968584E-8 -5.5142791623322886E-8 0.049977028549183
0.5661686439840169 0.30314954318445153 0.07485251919573685 0 4.6922563063450946E-8 -6.005445487637342E-8 0.04997703065856088
0.6744856330743808 0.25899543825752414 0.08106282636378112 0 3.976762395201713E-8 -7.438314192855388E-8 0.049977042393010956
0.7226994437477959 0.19973529248782174 0.08334138075756292 0 3.076971521012907E-8 -7.652663373924062E-8 0.04997705180071019
0.432283916850713 0.3802988180284773 0.07026687195777442 0 6.331917790529154E-8 -4.028800179603123E-8 0.04997703402370899
0.471669282894354 0.34325991058700306 0.07076541111671207 0 5.7463663542124697E-8 -4.686584543477736E-8 0.04997703011841987
0.9192877608705788 0.10260257931928718 0.09999999999999994 0 2.999102729017307E-8 -1.0526653838818606E-7 0.04997705437415601
0.8038717607621602 0.12213857484508563 0.08895470660031483 0 2.7701014267907848E-8 -9.116952072771516E-8 0.04997706897953236
0.7461230180043805 0.13265602880629776 0.08402816782270865 0 2.1154366514678364E-8 -8.298799170544613E-8 0.049977062433831945
0.8513706752696019 0.07427003550197267 0.09288407134507307 0 2.4973327679617497E-8 -9.821530112941146E-8 0.049977059397312215
-0.37078556224583165 0.8474286657041801 0.09999999999999998 0 1.0899010553012716E-7 6.310706576527917E-8 0.049977017855019464
-0.2837405614792432 0.7514739211838952 0.08805204152803742 0 1.0117026934002448E-7 4.6737997998966915E-8 0.04997703955774638
-0.34402355613461416 0.7467533926463904 0.08979839619713195 0 9.659171000340031E-8 5.495190087228642E-8 0.049977029200046826
-0.37812997462304876 0.7796968295885027 0.09405159466762453 0 1.0066112403876377E-7 6.22046251157871E-8 0.049977022322369224
-0.1720142422395265 0.7059350940103875 0.08139872432652721 0 1.0035218689472737E-7 2.982548471169785E-8 0.049977021711922774
-0.11459365381122653 0.6489796043007033 0.07609123122821615 0 9.087450113914005E-8 2.4987286433935812E-8 0.049977014035994895
-0.05636556989485568 0.6123374883168238 0.07290850863136557 0 8.645590331017242E-8 2.0074660144777892E-8 0.049977013428313975
-0.25001651455608 0.6877574831582878 0.0818288600417976 0 9.696481264422564E-8 3.621505960082928E-8 0.04997702758208819
-0.052031801679697585 0.5443357511275841 0.06842717285738567 0 7.964853707098774E-8 2.2883599522675308E-8 0.0499770212859582
0.3180361598450387 0.5508547874957042 0.07440724687637126 0 7.833658371743982E-8 -2.8558331347967222E-8 0.049977020747386434
0.22784343961994075 0.5451094489255655 0.0712614275403811 0 8.091144394404204E-8 -1.4673043427847246E-8 0.049977022528105486
0.15223360853370177 0.5114589799667827 0.06762073099832457 0 7.730864326747197E-8 -1.2050102891290425E-9 0.04997703911684954
0.001253333994083932 0.5186888782774371 0.06673044987207258 0 7.410614850365148E-8 1.4999205705475527E-8 0.049977023107233315
0.04502055801070238 0.5239593119206278 0.06715619876796415 0 7.207384607111512E-8 1.045919026102329E-8 0.049977025806804916
0.09307018049889716 0.48701542238591894 0.06541754354915293 0 6.559971562054064E-8 2.9558722793338453E-9 0.04997704269991928
-0.028427878816465992 0.4894039605592073 0.06510500934199118 0 7.304107762150558E-8 1.7070024294875675E-8 0.049977027171868436
0.3618627937090411 0.47199806236141684 0.07152593305679358 0 6.927392990084546E-8 -3.0205768846020026E-8 0.049977026051946635
0.3818998921620359 0.39282083230988174 0.06849211870683777 0 6.395429853457028E-8 -3.038182640081921E-8 0.04997704107902415
0.5964895386590119 0.24538252217967105 0.07505456752399718 0 4.045756358829961E-8 -6.293313051922448E-8 0.04997703301596848
0.5023235944487768 0.2915186453354023 0.07059623054924216 0 4.952367255338661E-8 -5.003228100105146E-8 0.049977029587085914
0.5325092597313041 0.25445661626164345 0.07121936353097057 0 4.4440143377719654E-8 -5.280324903627098E-8 0.04997703139613308
0.6524176664552401 0.20477109599706136 0.07797707686621597 0 3.304838720703749E-8 -6.998610428678109E-8 0.049977039086236796
0.6908574756839181 0.1584953945063365 0.07995126254637963 0 2.4672390200703603E-8 -7.479812681228448E-8 0.049977047346305814
0.5953591891669738 0.1936606882201294 0.07369160395615945 0 3.6034944146877915E-8 -6.178774141102624E-8 0.04997703528305558
0.6892086201904363 0.11760753932384704 0.079182235454291 0 1.97607225548936E-8 -7.639334317739247E-8 0.049977046833275765
0.405879084331799 0.3317218591300754 0.06705525860874957 0 5.886907305581619E-8 -3.9610398725382753E-8 0.04997704302022238
0.4374027432196878 0.28280425722565 0.06685837267776955 0 5.032746797516302E-8 -4.3134924835514786E-8 0.04997703612609718
0.9249999999999994 2.4083227273235917E-16 0.09999999999999988 0 1.647758723758741E-8 -1.0422838078892809E-7 0.049977051092975865
0.7822439697509949 0.07342341173252223 0.08646750245519459 0 1.8610816387155478E-8 -9.132910974729256E-8 0.04997706116723905
0.7247257834183622 0.08520662975023731 0.08165698245211614 0 1.5639972978457164E-8 -8.282166915111494E-8 0.049977053070021635
0.8252770499196596 2.2719212644267835E-16 0.09008727174442381 0 1.2937486656823147E-8 -9.201572666217811E-8 0.049977056413461514
0.8548200389796248 -0.0652462727687064 0.09314675085287963 0 7.495456352093109E-9 -9.27910724791541E-8 0.04997706026791888
-0.4625 0.8010734985006055 0.09999999999999995 0 1.0515897745907663E-7 7.472867402990335E-8 0.04997701227412126
-0.4789401191209053 0.7197628636157833 0.09385470752197606 0 9.775193710488613E-8 7.709280443289098E-8 0.04997702146846501
-0.5083123257938114 0.6756675576578802 0.09200745306162256 0 9.227411418181458E-8 8.090142145131319E-8 0.049977029632008785
-0.32754350874215143 0.6890222378899378 0.08446715933764734 0 9.25136740054755E-8 4.781088648777453E-8 0.04997702610815668
-0.41247406389305447 0.7144260354671815 0.09005646238462256 0 9.636043463973202E-8 6.506522484162291E-8 0.0499770220263101
-0.19051431605916905 0.626194724144322 0.07575740850014469 0 8.790288900771943E-8 3.386958168504785E-8 0.04997701491797385
-0.12546868182070262 0.5661421054611622 0.07053660282173835 0 7.989521051703522E-8 3.297697320226327E-8 0.049977020623910455
-0.19168892528151546 0.5624523066487603 0.07149027116733264 0 7.666646156398595E-8 3.8613090574248884E-8 0.04997701707295531
-0.29003290264585363 0.6297052539110426 0.07871782471366957 0 8.745415211553668E-8 4.287170265203651E-8 0.049977016569103035
-0.10596501162257628 0.5041773372256166 0.0665257287102945 0 7.479926310441254E-8 3.050192804006979E-8 0.04997703779150885
-0.0710277803670786 0.4813038479979327 0.0648997774631422 0 7.477796776652789E-8 2.205907204845492E-8 0.049977034900351526
0.27234892372669683 0.47172217328134014 0.06829621029644013 0 7.083953947554822E-8 -1.9142281609525128E-8 0.04997702563233489
0.21079455863719812 0.4693257584201238 0.06648483672306539 0 7.394118202908817E-8 -1.3223688067936363E-8 0.049977032146353795
0.14985938251764008 0.45279307874260605 0.06437801254812757 0 7.018275569778045E-8 -1.0300885323518663E-8 0.04997704614540537
0.18545604713463826 0.4304739947807409 0.06393784680976806 0 6.782774962998643E-8 -1.4520542270381383E-8 0.04997703627232492
0.11053788187593885 0.4306223745782792 0.0626902062642271 0 6.164332752863997E-8 -8.423647938107945E-9 0.04997704171898787
0.019795838688718648 0.4703114259817322 0.0640444060829731 0 6.63894071504445E-8 9.568416028773554E-9 0.049977028226587436
0.06533055038853271 0.4354649165439313 0.06247764990259347 0 5.988175061050565E-8 -2.685405349888298E-10 0.049977034264395315
-0.04037960269203985 0.4408570318083466 0.0625957773306699 0 6.780051240318814E-8 1.4233981151689877E-8 0.04997702884057432
0.3329058545937796 0.33325924236807375 0.06406157186555389 0 4.9284267809722326E-8 -3.2543911946794984E-8 0.04997705504272652
0.30693864167133966 0.4042133776050551 0.06608285286906407 0 5.86646572729768E-8 -2.115483294755619E-8 0.0499770385025382
0.5387084587482874 0.20560708274998704 0.07032262751622614 0 4.023294719749918E-8 -5.2228509496799153E-8 0.04997703725258339
0.47599510640454495 0.23047538821938993 0.06733340193971542 0 4.202245784624848E-8 -4.3938021350449555E-8 0.049977037864343064
0.5285393108936259 0.16518893231571916 0.06885934434787161 0 3.739076442049236E-8 -5.119850500434351E-8 0.04997704580787633
0.6359863797306671 0.1341128294488754 0.07542020319546491 0 2.6153041075744994E-8 -6.872217665253693E-8 0.04997703852211617
0.5665181445886517 0.15558354761445173 0.07104008880031383 0 3.505224714109195E-8 -5.810451061932298E-8 0.0499770399102744
0.660910431014522 0.06111123862815046 0.0764443497197492 0 1.5769834327295518E-8 -7.317465717405081E-8 0.04997703946629937
0.3628225028367361 0.2686598783514226 0.06303900336729049 0 4.46195350836326E-8 -3.876024985338677E-8 0.04997704144127059
0.40159415937487913 0.22227119456522582 0.06342742714419668 0 3.77418837887336E-8 -3.858694139107793E-8 0.04997703898367524
0.8374232558848936 -0.1293417213860296 0.09218338983550127 0 3.7813189333295725E-10 -9.305667632136998E-8 0.04997706971151756
0.9192877606928149 -0.10260258091221071 0.09999999999999994 0 4.508389520389543E-9 -1.0184181486059051E-7 0.04997705750539222
0.736498120183538 1.9461726324828643E-16 0.0822207664498539 0 7.280479366598206E-9 -8.113364667809833E-8 0.049977049793894085
0.7859407931602105 -0.07401767626946824 0.08680140328934059 0 6.465473986583884E-10 -8.244499810784993E-8 0.049977064015933256
0.7880045515761323 -0.12910173677696724 0.08762058220646912 0 -5.9442719003065126E-9 -8.630068424884236E-8 0.04997707361918991
0.7883546035916829 -0.16488856810254315 0.08824892692988198 0 -9.88851192418783E-9 -9.111261991745904E-8 0.049977072668629705
0.7597010793028802 -0.19500257071099414 0.08634694259141451 0 -1.633555519494393E-8 -8.846725185967435E-8 0.04997706533042008
-0.5485031394581955 0.7448231888659758 0.09999999999999998 0 9.934458807622347E-8 8.694135999282917E-8 0.049977017220153144
-0.5596851197575441 0.6634042603718276 0.09419033697962353 0 8.652186228184403E-8 8.624439751911596E-8 0.04997702855015515
-0.4499036574234318 0.6597655574984556 0.08762543161615084 0 9.427613468680127E-8 7.006262750817238E-8 0.04997702714864639
-0.5084523869045262 0.6310249340793687 0.08870435188239581 0 8.785031682315606E-8 7.689473170167763E-8 0.04997703744597728
-0.3679940573528886 0.6373844042186184 0.08217817873449768 0 8.98684505865449E-8 5.431378696387167E-8 0.049977018985562775
-0.42125713605646403 0.6077940464059373 0.08247265847688973 0 8.957712787617684E-8 6.185402344036272E-8 0.04997702287519789
-0.5445828559277581 0.5931276201062035 0.08823074690283744 0 7.895468073410964E-8 7.689652177803636E-8 0.04997703495614526
-0.2598642375444073 0.5690891545970852 0.07365958600480058 0 7.85517373236694E-8 4.3434648508347967E-8 0.04997701136415243
-0.146043412013244 0.5032640730580226 0.06704541835555089 0 6.874518815973881E-8 3.533690853146438E-8 0.04997703716559978
-0.17773060720916645 0.5259463281585312 0.06894804779728927 0 7.02509848974921E-8 3.8755869407388855E-8 0.04997702519974102
-0.21172158677062325 0.5198781223671345 0.06933829044213057 0 6.914284040236314E-8 4.1321300183197655E-8 0.04997701963224917
-0.31860245148696237 0.5518356333914171 0.07448895588812982 0 7.796134612940181E-8 5.048256316281596E-8 0.04997700980281753
-0.14030890931253803 0.4679836164169959 0.06501280116403946 0 6.486163311929421E-8 2.8416114570664325E-8 0.04997704393784215
-0.1029411460718821 0.44640858274387013 0.06338188130081228 0 6.843273892981048E-8 1.983854794896621E-8 0.049977040769554025
0.2318898921058528 0.4016450748890024 0.06367695651733307 0 6.023800596108481E-8 -1.772628271521502E-8 0.04997703169061271
0.15384627156060382 0.38391173658918915 0.06118533303935767 0 5.865723573366577E-8 -1.3301310840843081E-8 0.04997703049555136
0.08567704016096146 0.39343427128029224 0.06068036954612458 0 5.7026236435582147E-8 -4.7888482879879176E-9 0.049977029940006155
0.05891091878969271 0.3561813785904501 0.05888183035860122 0 5.37965799329068E-8 1.5715329117307894E-9 0.04997702269151858
0.013052198219917915 0.38970549808144694 0.060109559393507296 0 5.786827910558743E-8 7.0515753738324295E-9 0.04997702311447285
-0.07539656272461731 0.38263872680028077 0.06011274428033935 0 5.878169196033448E-8 1.6227288046503892E-8 0.049977024264053406
0.29687695963224414 0.26583446546620587 0.06049214663587172 0 4.0287280836438833E-8 -3.004583154483704E-8 0.049977034694875175
0.2625418688185837 0.33648330779519714 0.06181290503458571 0 4.700510450550366E-8 -2.316990454038249E-8 0.04997703556159595
0.4879508039440347 0.1753290332884817 0.06671893154849401 0 3.594841122472519E-8 -4.38245094637368E-8 0.04997705049007604
0.44078820931890456 0.1777885340956575 0.06428879605061416 0 3.066154493362667E-8 -3.939358948006502E-8 0.04997704880085172
0.5192463818471629 0.12824117265253684 0.06769417632898124 0 3.411626957860145E-8 -5.354649254699405E-8 0.04997705254766144
0.5800435663390094 0.07440259297015445 0.07086095755136958 0 2.392015361275396E-8 -6.334259061106447E-8 0.049977038075570586
0.637168246229727 1.7636191275501274E-16 0.07448630903843242 0 1.0246984250997209E-8 -6.886587784081421E-8 0.04997703649119115
0.394490378891255 0.17177804019933987 0.06198157459134764 0 2.7848153540473352E-8 -3.714734416379483E-8 0.04997704130232277
0.33827356631260735 0.19741612693850674 0.060186571415137134 0 3.315981986413108E-8 -3.2641615998341614E-8 0.04997703257047115
0.823080640176532 -0.2073363860609292 0.09232209730203018 0 -1.1401222796828999E-8 -9.727840042680073E-8 0.049977065173961305
0.9051251563026288 -0.19071818387397393 0.09999999999999996 0 -6.957161271194935E-9 -1.0535485415407294E-7 0.0499770598074326
0.6918887433807663 -0.06772116765551028 0.07886795692620671 0 -2.057298671542603E-9 -7.352703508558261E-8 0.04997704690417975
0.7325342916850162 -0.13408386908087777 0.08291013088256638 0 -1.2771537012585243E-8 -8.009428297809958E-8 0.04997706305230607
0.7578046117703348 -0.24801668508133748 0.08751626752734717 0 -2.047646827485318E-8 -8.654338994954996E-8 0.049977059618302455
0.7040732060431756 -0.2032143579310842 0.08191372549943252 0 -1.9207356805123572E-8 -7.900751877002908E-8 0.04997705450682862
-0.6177328508859397 0.6884991641819087 0.09999999999999995 0 8.79313869272032E-8 9.233521992811074E-8 0.04997701844426797
-0.6071515389330133 0.6092519905512257 0.0934219469334025 0 7.773676259824534E-8 8.818356735786958E-8 0.04997702379864534
-0.5735399527378838 0.553508622043815 0.08749015204644302 0 7.423650168847871E-8 7.982890975727058E-8 0.04997702651210138
-0.47303326379715877 0.5791284533565412 0.08316905076856485 0 8.5670454985788E-8 6.57642312902659E-8 0.04997703037199122
-0.39181543828090004 0.55445735722153 0.07760084140770421 0 8.125513101904606E-8 5.801103435330242E-8 0.049977014136545844
-0.5240933648557364 0.532232296917964 0.0831006990315747 0 7.547028325841296E-8 7.093578144816528E-8 0.04997702525053069
-0.2730034360466586 0.47285582187369307 0.06837705113188602 0 6.593609454093759E-8 4.8712432519652144E-8 0.04997701601113104
-0.19156331121345604 0.4731617410648762 0.06625147072173328 0 6.184086297320803E-8 3.654020487025817E-8 0.04997702983091206
-0.3580569939172612 0.4725541821277962 0.07140049698238948 0 6.747330359651705E-8 5.933929823643471E-8 0.04997701374022871
-0.30165136280488036 0.4184145297189895 0.06656200918217181 0 6.23106567243669E-8 5.423068864435435E-8 0.04997702447933924
-0.157502577302292 0.4062797025959702 0.06224976286168573 0 5.806362466505144E-8 2.5014339024019625E-8 0.04997702991406892
0.1923176439095004 0.3331039304431941 0.059877835485628056 0 5.0272487266458435E-8 -1.5386541038643016E-8 0.049977024658243954
0.10763513709501452 0.32249572723181036 0.058047784011843524 0 5.0949871046237336E-8 -3.666418118359864E-9 0.04997702143437887
0.02555769618970364 0.3104658173674803 0.05699894508193309 0 4.925245701636168E-8 1.0555015219557288E-8 0.04997702351104999
-0.04439277195221167 0.328710102628296 0.0577329050528648 0 5.0247188541549026E-8 1.699592383015772E-8 0.04997702028661727
-0.11902524067374878 0.32805250160257865 0.05839824108948766 0 4.9809534055883076E-8 2.3779368587727587E-8 0.04997701758031701
-0.017053837843317182 0.27836069099312905 0.05590951428308119 0 4.3353218719464546E-8 1.8583795203605386E-8 0.04997702931703555
0.011677278178983168 0.25977319628253465 0.05533524160416193 0 4.3416104789755054E-8 1.6303385608957937E-8 0.04997703573552902
0.26432978404622737 0.19520810401833602 0.05761727712614054 0 3.547815300236108E-8 -2.1393180155117434E-8 0.04997702841137067
0.22703812963746223 0.26409762190385005 0.058370438456053005 0 4.130978654325698E-8 -1.796580792524907E-8 0.049977024996923726
0.4615326701397575 0.12346215125476942 0.06442192515091573 0 2.432691523014154E-8 -4.7646284323061986E-8 0.04997706190844244
0.41609697408913515 0.13788398400008958 0.06237868126929303 0 2.1634142194573787E-8 -4.0634610145378185E-8 0.04997704921771869
0.493812622045095 0.06489296717588176 0.06554297030555511 0 2.212296979185974E-8 -5.5994255548077304E-8 0.04997704976936871
0.5965173615012843 -0.07939251741876009 0.07200225824383245 0 3.5935069495293067E-9 -6.262083071463612E-8 0.049977039756184685
0.5449077695259101 1.790659953385319E-16 0.06830916124377963 0 1.4807498995614892E-8 -5.7448049437213094E-8 0.04997703920468212
0.35923719947272786 0.12552401442410066 0.05970040660633742 0 2.256579587758686E-8 -3.4989117075082235E-8 0.049977034924980554
0.23462332403576253 0.13422621113694225 0.05564316792853833 0 3.303397921231176E-8 -1.5565405352948734E-8 0.04997703913181532
0.29070078878885497 0.12979410487969603 0.05724274123768994 0 2.8798679955368454E-8 -2.535786786910416E-8 0.049977030642976636
0.8014927716328408 -0.29144105877124366 0.09271262928645599 0 -2.1800898237813065E-8 -9.130631830715318E-8 0.04997705821536603
0.8809325145611795 -0.2820885484172241 0.09999999999999999 0 -1.924429555508906E-8 -1.0318769661863086E-7 0.049977054357401095
0.6510493529215736 -0.15514133280147802 0.07686356365481603 0 -1.1467155762833798E-8 -7.095937484412608E-8 0.049977045041329465
0.5770279320473077 -0.1518434761804153 0.07165568912865206 0 -3.878429386467886E-9 -6.297309392368827E-8 0.049977043821370304
0.7173493567573875 -0.3169596225802428 0.08634023460744476 0 -2.833329641668077E-8 -7.559947219692726E-8 0.0499770615271579
0.6897625743522149 -0.264441860913035 0.0824063475266023 0 -2.48803147965475E-8 -7.434317054884527E-8 0.04997705323071947
0.6384778628041973 -0.23491899962832427 0.0777084562971251 0 -2.0912028643304577E-8 -6.912100253769697E-8 0.04997704469708865
-0.6847646792234083 0.6218628292777221 0.09999999999999995 0 7.948327355215724E-8 9.956819346500548E-8 0.04997701228508964
-0.6465139113454264 0.538316822314734 0.09160194260007758 0 7.248466498408022E-8 9.413833685709049E-8 0.049977020227441445
-0.5770660846669927 0.4836246905463882 0.08360849061752018 0 7.026120508903016E-8 8.125858235340092E-8 0.049977020399121344
-0.45509595152323246 0.486640439064581 0.0766367028663977 0 7.057172182737851E-8 6.564076842006515E-8 0.04997701451213185
-0.41803303753571375 0.41861066103869105 0.07131407766744806 0 5.7357644518401616E-8 6.648102603631917E-8 0.04997701741568894
-0.5228737105474611 0.469403410425903 0.0794598201715015 0 6.862082064872077E-8 7.311353298696982E-8 0.049977016110857524
-0.2326279902659774 0.402923498403311 0.06375456788963607 0 5.9377199610967396E-8 4.0081071265318346E-8 0.04997702350436354
-0.2807191746564195 0.3771430143239577 0.06401358518053686 0 6.033259568395425E-8 4.831244690571777E-8 0.04997702943084055
-0.366851516506518 0.3914531813319968 0.06779342734587492 0 5.412096436668132E-8 6.330015202999088E-8 0.04997703152846625
-0.31784422091904324 0.3574692689417032 0.06445327462614314 0 5.783754960626606E-8 5.275613224484895E-8 0.04997704016167835
-0.19326570388917427 0.3347460184966118 0.05996054906425582 0 5.24564475920927E-8 3.248718205239671E-8 0.04997701810832088
0.14969050843762158 0.2592715660247785 0.05657975437506353 0 4.380394044267384E-8 -5.554682640080576E-9 0.04997702251480355
-0.15073713287945018 0.26108437273446894 0.05665087411303694 0 4.0718321856845276E-8 3.161128133750111E-8 0.04997701709201423
0.06630901180929023 0.250856535710505 0.0553186995326227 0 4.511944124207237E-8 7.322574891221723E-9 0.049977031598007135
0.017981432514459814 0.22651294475696923 0.05443142027174295 0 4.1062792142790136E-8 1.4059620263671206E-8 0.04997704703649333
-0.07471068043782808 0.2615864764835527 0.0556965634877458 0 3.882894389458798E-8 2.416010746765599E-8 0.04997702550679203
-0.014253461472862217 0.23459230484404994 0.05463523466770248 0 3.692093217587949E-8 1.8994038914883446E-8 0.049977044123781025
0.20062573683728832 0.09527047772396216 0.05430115527057267 0 2.82403405392049E-8 -1.4678351563462606E-8 0.04997705393072377
0.18890830540911194 0.1893292231980287 0.05555650018582656 0 3.5964511046139285E-8 -7.571511579029054E-9 0.049977032876359205
0.18353225708574536 0.1263657612272312 0.05431954168807018 0 2.9248994074927745E-8 -7.334245889915689E-9 0.049977052889225125
0.4146151646677903 0.077681020975073 0.06157475739077052 0 1.53699177975931E-8 -4.486266221127583E-8 0.04997704466878765
0.4636209692030302 1.4593888372567647E-16 0.06366862151549985 0 1.0762974031740768E-8 -4.7433506225208684E-8 0.049977043262472674
0.5270134709035552 -0.12362075461980128 0.0680883893303861 0 2.8933339389520008E-9 -5.541923868647638E-8 0.04997705447515541
0.5078212312272355 -0.05773868566153319 0.06628756501631428 0 7.615597794385102E-9 -4.903067735874191E-8 0.04997704864679212
0.3331467524821928 0.0633273262949379 0.05801432008933982 0 1.7959873552645448E-8 -3.2428270569846786E-8 0.049977029960399114
0.2538184516803514 0.06940494742292715 0.05542696753822805 0 2.528348500857077E-8 -2.2276942737663136E-8 0.04997703741868198
0.7635253857731481 -0.3782532475337201 0.0926398396720293 0 -3.019382787935541E-8 -8.418526756437555E-8 0.0499770661619931
0.8437752388147 -0.3790359438971111 0.09999999999999999 0 -2.9683686876117745E-8 -9.513418304121985E-8 0.04997705618227989
0.5898871014295897 -0.20776639827421509 0.07364495662277286 0 -1.3940618106764324E-8 -6.507778501194086E-8 0.04997704120431441
0.5408130551366508 -0.18150058753720788 0.06992281214701015 0 -6.573091144534205E-9 -6.128477505315984E-8 0.049977046814447756
0.6777956079436661 -0.39290477214771746 0.08626804024189792 0 -4.120091268460818E-8 -7.301241751269079E-8 0.04997707361686303
0.6346730356926773 -0.3174870091624343 0.08001946855914076 0 -3.3093943178949154E-8 -6.521433585073074E-8 0.0499770519146898
0.5796784116794852 -0.2776116098201063 0.07488927562467991 0 -2.4896098946872064E-8 -6.208289572200757E-8 0.0499770406412146
-0.7501326501074496 0.5412263004122693 0.09999999999999999 0 7.164965344036336E-8 1.1073696749115833E-7 0.04997701393568573
-0.7186415188607144 0.4635460562865767 0.09293928953994947 0 6.268562072975071E-8 1.06416290228053E-7 0.049977028219750246
-0.5580584193120213 0.42548332869284045 0.0793877523859349 0 6.470788259488978E-8 7.888982960329518E-8 0.049977015778014104
-0.6328963674406778 0.4470501467799965 0.08550954643040555 0 6.813097448723561E-8 9.187222683849057E-8 0.049977026911528465
-0.6767294999436545 0.3833870641168075 0.08576692861654717 0 5.9141531384838706E-8 9.260425540568684E-8 0.04997703691986293
-0.4324706598932547 0.3595596935895599 0.06940707877592157 0 4.7156438045667453E-8 6.637104419389886E-8 0.049977020787348635
-0.48200836859227103 0.4026983386005155 0.07383556549613608 0 5.716869820131997E-8 7.104267320004757E-8 0.049977012112217944
-0.5442886348821633 0.36830034160648034 0.07595460109733419 0 5.624846719363914E-8 7.753660635249448E-8 0.04997701195112624
-0.3182526738785638 0.31228528282505874 0.06275542647814243 0 5.205375239831483E-8 4.583316197848923E-8 0.04997703724856312
-0.25621859628623345 0.32661564029958035 0.06125711843708684 0 5.4878902280840874E-8 4.068641425834596E-8 0.049977024903327796
-0.37474174799433474 0.325215240573534 0.06543736846884436 0 4.4160827701321173E-8 5.511143455043252E-8 0.04997703832145306
-0.4300985673768074 0.3012630280350379 0.06711000127247038 0 4.084027299797546E-8 6.414939159475614E-8 0.049977022499977916
-0.22695325756190313 0.2565120405768185 0.058144911454045704 0 4.277286496069874E-8 3.879138676132835E-8 0.04997701703822783
-0.18350196867475074 0.18844743574056294 0.05542383280391715 0 3.0885550356654795E-8 3.8925623122346706E-8 0.04997702707613052
0.11136664405289663 0.19289268576805546 0.0543171535525474 0 3.662393950456402E-8 9.934546587292965E-10 0.049977036138713835
-0.1122914677939212 0.19449452747555573 0.054363926326504504 0 3.13497500832563E-8 2.874449926197909E-8 0.049977032056658814
7.833096257776418E-4 0.19069362679459012 0.05356840441819727 0 3.376600716811041E-8 9.949620165839189E-9 0.04997705358550242
0.04520143550094839 0.18418512355280772 0.05354594410814683 0 3.7182084305219715E-8 5.100187432732144E-9 0.04997704709509407
0.017173734845246678 0.1662656573333219 0.05309215701680856 0 3.240045894788728E-8 5.0888875677292795E-9 0.04997704952661774
-0.04746651353754764 0.1829715324610284 0.053532622158623755 0 2.853501579415814E-8 1.664270666641554E-8 0.049977044938063195
0.1909210649037195 0.04684254353730668 0.05369730809312632 0 1.9549702372264195E-8 -1.6694263849115125E-8 0.049977049689544015
0.15384433041034729 0.09209874155024392 0.053330182368177645 0 1.949454862127441E-8 -9.743005530565998E-9 0.04997705673960044
0.13647605991683223 0.1435082568468913 0.053729825805134857 0 2.72104950022583E-8 -2.1172526659509877E-9 0.04997704668738188
0.38492668203237634 1.0023152680894796E-16 0.05989052034096669 0 7.898071121294987E-9 -3.7714446433773446E-8 0.04997703431623365
0.4253355502182104 -0.06042681663517086 0.061949401873126426 0 -5.394383246353446E-10 -3.9031235789842526E-8 0.04997704641500337
0.48600244774065643 -0.18106149615140063 0.0667271620082264 0 -8.616368818256201E-9 -5.7015779285467796E-8 0.04997705519940091
0.4535801009187721 -0.11979187747949692 0.06395953291420167 0 -7.527490460749288E-9 -4.5120985820427546E-8 0.049977064817460094
0.30024351839566077 1.0287337474471442E-16 0.0566089984335615 0 1.3176083291717335E-8 -2.7282871808871915E-8 0.049977029675945465
0.2238875048948223 7.961310541061857E-17 0.054346295287657866 0 1.5491232082261783E-8 -1.7858405938842045E-8 0.04997704126797948
0.7176713367395706 -0.46521260674377907 0.09294805270739667 0 -4.435360596472544E-8 -8.515066465029502E-8 0.049977067250342906
0.8010709981238167 -0.46249419750242293 0.09999999999999998 0 -4.1052559313471064E-8 -9.31578771531956E-8 0.04997706127364692
0.526450453306162 -0.2376825100162034 0.07038843476625323 0 -1.5915050349496597E-8 -5.927536707899965E-8 0.049977041299339935
0.4546475825643904 -0.23293628734368743 0.06627327609670221 0 -1.6165015848127325E-8 -5.059939849812124E-8 0.049977046177399134
0.5306797663003683 -0.29923675531161764 0.07251363051783592 0 -2.5586361147590112E-8 -5.702403525210788E-8 0.04997703868250272
0.6103906305879975 -0.40135765312469507 0.08172372928462608 0 -4.556153846663555E-8 -6.494566150276851E-8 0.04997705737253404
0.6403517767463041 -0.46278562534170165 0.08686037768572827 0 -4.973088578026186E-8 -7.277740886143891E-8 0.04997706316709247
0.5664981365845182 -0.34007595181336636 0.07621962270586985 0 -3.436750216686076E-8 -5.9307716785393195E-8 0.049977043078869215
-0.8010558185062641 0.4625204886241073 0.09999999999999998 0 5.9437551160795935E-8 1.144903361937726E-7 0.04997701911328813
-0.7603438011582597 0.3738096376808479 0.09217483686370775 0 4.8555896217304266E-8 1.0451138781163101E-7 0.049977028196227756
-0.6064827120561795 0.3683452405387546 0.0800133246078764 0 6.011548950650081E-8 8.371506867176395E-8 0.049977020627531316
-0.6554904399290363 0.3258387756938692 0.08184700708932659 0 5.295694409444327E-8 8.772299609946524E-8 0.04997702415060017
-0.7173789460644423 0.3218656625868021 0.0865204629875929 0 4.7518634752116175E-8 9.638237703473961E-8 0.049977027464202524
-0.4490633670822638 0.262933614095089 0.06682964731028332 0 3.801881774566593E-8 6.821729632984835E-8 0.04997702035077473
-0.561964870759204 0.31624700130713357 0.07504348009682706 0 4.9412881939842584E-8 7.989936967976519E-8 0.04997701138321002
-0.4969688691845382 0.31115828345845914 0.070963541880969 0 4.459546556645362E-8 7.353400419009136E-8 0.04997701219423454
-0.3445240713159381 0.2767146512083848 0.0625551726814487 0 4.4127794565940495E-8 4.81758374570086E-8 0.0499770310667412
-0.29822944351534514 0.2720284218761082 0.06072614652584281 0 4.666621930927784E-8 4.348138573545772E-8 0.04997702600382707
-0.278960464150049 0.23105339123962187 0.058930977919053947 0 3.9584384242600575E-8 4.369774621934128E-8 0.049977019369217085
-0.39866775255885006 0.2551376793832062 0.06418286265211672 0 3.882534899669335E-8 5.906030490881692E-8 0.04997702547871283
-0.43855507291261625 0.22078311851591842 0.06514753629020965 0 3.5493380781121814E-8 6.848516868107703E-8 0.04997702527394463
-0.25569422992480945 0.18010642956677383 0.05704280655464758 0 2.9721149129452876E-8 4.421922438117325E-8 0.049977020903298315
-0.22047029564306936 0.14293411554993973 0.05541545974285534 0 2.1828457280914462E-8 4.2360605990321244E-8 0.04997703309564004
-0.18680865935078536 0.12991541986645877 0.05443956342319764 0 2.209735420601588E-8 3.899426732528074E-8 0.04997704491432738
-0.13865734030206037 0.13413724110678016 0.05361667711440055 0 2.7902368141311313E-8 3.1673437842943094E-8 0.04997704433385334
-0.13558426904309848 0.09984465055515283 0.05311549222562181 0 2.565997034003957E-8 2.7193006400844736E-8 0.0499770481096524
-0.25161809751440434 0.1255049475699697 0.05598231997151887 0 1.9475397851740616E-8 4.341618581875518E-8 0.04997702755727951
0.19420772375092543 -0.04676552312468657 0.05376845209193871 0 8.39680258464174E-9 -1.1238782069894448E-8 0.04997705073386646
0.07844894660138703 0.13587756131386025 0.05290437550856243 0 2.6786801585201206E-8 4.809071688747734E-11 0.04997704311281089
0.1581850159804538 4.03666044625459E-17 0.05292729798071231 0 9.87561369406421E-9 -9.740517469891442E-9 0.04997704694520012
-0.0793293077376864 0.13740239153093967 0.05293577949983721 0 2.7060457025800133E-8 1.9809642352169785E-8 0.04997704052087745
-0.10192189467460562 0.10267269443312377 0.05269596908601703 0 2.5838365951096775E-8 2.200182259643968E-8 0.049977042002429334
-0.004334214649360648 0.15163914092247652 0.05281372846092682 0 2.8577905980887842E-8 6.351317319518468E-9 0.04997704673747872
0.035198297345602834 0.13784946141786308 0.05265706254873472 0 2.8028639477056586E-8 2.403571339485731E-9 0.04997704353818609
-0.03647527919163236 0.1302798698937503 0.05254752074115307 0 2.571862834447601E-8 1.1228781714951715E-8 0.049977041054252554
0.12737884186502524 0.04457914646124021 0.05254239887577797 0 1.2546112662236862E-8 -8.274939343735109E-9 0.049977046013408945
0.10177697427875258 0.08834048795367636 0.05253956863179542 0 1.7469146410325996E-8 -4.0909029866223005E-9 0.049977044775651604
0.34118511954802583 -0.062154607897978366 0.058312559079427444 0 1.6268196740296459E-9 -3.112216488198061E-8 0.049977032696328555
0.37836392981717903 -0.12391451309547875 0.06047575124681005 0 -9.840280249665629E-9 -3.637523122623187E-8 0.04997704296877808
0.41238404925178007 -0.18021837395374024 0.06296662723972753 0 -1.5168542737146865E-8 -4.422304947032058E-8 0.049977049647560355
0.1676578507312959 -0.08204581170599337 0.05348225864611659 0 1.928793003285975E-10 -8.884848713878444E-9 0.04997705993542727
0.20181374228166962 -0.09141964150518621 0.05428754190491373 0 5.128813824175798E-9 -1.4912127663029716E-8 0.04997705642287853
0.25485064501553883 -0.06881848120103617 0.05545206946541742 0 7.978891150162426E-9 -2.0973303309071545E-8 0.04997703934990184
0.6644823007055147 -0.5389515943966049 0.09297818153954257 0 -5.365621579666116E-8 -7.626453825183039E-8 0.049977059199418014
0.7501545366059805 -0.541195963440213 0.09999999999999984 0 -5.321447074170835E-8 -8.933904699684924E-8 0.049977056841456244
0.6027366073062329 -0.5213223560235656 0.08747588350371878 0 -5.320011555832689E-8 -6.472411068462201E-8 0.049977059807258944
0.3907221727608636 -0.23584567652234328 0.06329187670784996 0 -1.854550292364985E-8 -3.8158704409113277E-8 0.049977046317951274
0.47890979704271586 -0.2863984098188226 0.06912760288748078 0 -2.1269415855677802E-8 -5.164617517353418E-8 0.04997704086786746
0.4250914842628162 -0.2904030737883922 0.06650384046370365 0 -2.0345079878508662E-8 -4.2856768467742886E-8 0.049977047505112136
0.5018045759598764 -0.3463645861940246 0.07254833341115846 0 -3.061753886567339E-8 -5.2991834602936834E-8 0.04997703960357373
0.5395049675561714 -0.4037977139333864 0.07721405836956645 0 -4.188925798070603E-8 -5.6091627083440435E-8 0.04997704449092042
0.5629289159938321 -0.47314451663551055 0.08212579004392509 0 -5.037054293716265E-8 -5.816139539039242E-8 0.049977053404902036
-0.8437609348289447 0.37906778281416026 0.09999999999999995 0 4.811701877984171E-8 1.164515289294603E-7 0.04997701535742595
-0.7888004165309437 0.2903760964571749 0.0915314985584158 0 4.0859762148950215E-8 1.103500846991697E-7 0.04997702240578595
-0.6102329054490165 0.2953318100128198 0.07752504764743698 0 4.827752356136165E-8 8.453211181505073E-8 0.04997701476557598
-0.6672358697757713 0.2726523999513782 0.08092297245691278 0 4.529972323857154E-8 9.152250447196199E-8 0.04997701924808412
-0.7578216461505273 0.23114048963723496 0.08705889216020636 0 3.805889251815428E-8 1.0842037307683667E-7 0.04997702730951367
-0.7250638207162802 0.2644091498704253 0.08523826785223539 0 4.245354965890496E-8 1.0080452658832284E-7 0.04997702355616548
-0.49761740681994665 0.2259943198914076 0.06840949555720777 0 3.363650979743665E-8 7.708539102853078E-8 0.04997702003342969
-0.5531916805568725 0.2548390044927608 0.07250231820116229 0 3.9010812992417E-8 8.122260849001454E-8 0.04997701217777541
-0.3304177610769968 0.2075632873895256 0.060121873146272396 0 3.6798298712857746E-8 4.995150398946346E-8 0.04997702095343863
-0.40020050920329836 0.18553375498639196 0.06251643484045977 0 3.5166663897217335E-8 6.183353525442929E-8 0.0499770273271866
-0.4509389353459413 0.1806295394110867 0.06485872161226297 0 3.227583012379695E-8 7.190590750605767E-8 0.04997703372428825
-0.3081655557366316 0.12979030410922685 0.057834162632571066 0 2.4698442246258166E-8 4.862240800183991E-8 0.04997701954386396
-0.21413652185417031 0.10501643106435352 0.05472829937040968 0 1.542149880402884E-8 3.829766223795684E-8 0.0499770417004121
-0.1657690318723487 0.09663028560186343 0.05359396061230914 0 2.1887657811870966E-8 3.08015262492478E-8 0.04997705271631352
-0.13208776332768432 0.07040426877471608 0.05277929135503944 0 2.2253928191050275E-8 2.400386743964783E-8 0.049977045539749715
-0.2668792736165402 0.06671487334767569 0.05579077358601759 0 1.2499090329304894E-8 4.251207459171306E-8 0.04997702530049179
0.13394298555224937 -0.04272165979228181 0.052630185389843605 0 2.0835526188764852E-9 -4.267012454488446E-9 0.049977048402777016
0.04273067501608838 0.07401170016957918 0.05192584962618541 0 1.7418721068520018E-8 1.5672756800515823E-9 0.04997703457486037
-0.07427627943517315 0.042883429926301064 0.051928801697300825 0 1.8637435754027813E-8 1.726596446220258E-8 0.04997703328943081
0.08580268905133058 2.7924535741052085E-17 0.05192915349305607 0 6.415646134766189E-9 -7.370900691801471E-10 0.04997703666213594
-0.04304287969149937 0.07455245452975151 0.0519319033593881 0 2.1038179039134626E-8 1.2189245683593671E-8 0.04997703325251756
-2.9796378738924766E-17 0.08577355466188762 0.05192886660175564 0 2.0678537460235124E-8 6.062142806725925E-9 0.04997703393367861
0.0741595043143772 0.04281600977887492 0.05192749553399362 0 1.194583543918653E-8 -1.191524164945109E-9 0.049977035929159634
0.12170874450296679 -0.07937873255132208 0.05270638285367756 0 -3.833857164045119E-9 -3.4087847697176136E-9 0.049977051157443775
0.1532214795718842 -0.1047515501973591 0.0534601593182905 0 -4.7330328707021724E-9 -1.0582331430162335E-8 0.04997705968692768
0.2997814449763266 -0.13025461904441932 0.057552736756421516 0 -4.2483843243041756E-9 -2.786997941432027E-8 0.049977034653564005
0.34046960443170665 -0.192505611563268 0.060162576700472446 0 -1.5390054553628637E-8 -3.1702072374032324E-8 0.049977039042056026
0.34557599933864525 -0.25420475687873284 0.06192004258218349 0 -2.2050378428154542E-8 -2.9245374745317275E-8 0.04997704700258754
0.17846806103523252 -0.12182655323316931 0.05415222050793654 0 -2.3890891827472402E-9 -1.7181814366479394E-8 0.049977058667290866
0.23090062297727748 -0.133798202671902 0.055538699139373295 0 -1.9416488802964415E-10 -2.260668668823837E-8 0.04997704442372616
0.6050561438570468 -0.6036830020468081 0.09289418017943481 0 -5.844912688790487E-8 -6.649474907456431E-8 0.04997706444019105
0.6847899965302142 -0.6218349498910589 0.09999999999999994 0 -6.099926987111658E-8 -7.810012646569272E-8 0.04997705562215779
0.5365057739834544 -0.6074638984061791 0.08871198704411519 0 -6.238711418790423E-8 -5.641506729824779E-8 0.049977075039880296
0.5490740032503056 -0.5442731464552362 0.08535659345024513 0 -5.5951409764567134E-8 -5.402399312236875E-8 0.04997706346641714
0.3750627258693447 -0.2936858939923493 0.06434654814554322 0 -2.27801881060413E-8 -3.3045713351971486E-8 0.049977055170155646
0.3969354899692888 -0.3460112170117684 0.06719703593166886 0 -2.5168605805078332E-8 -4.1034062410254984E-8 0.049977056775974735
0.4494990254251991 -0.34835776824770576 0.06980849106780326 0 -2.7071707129470612E-8 -4.749240679598419E-8 0.04997704446619945
0.4743994852003083 -0.40954268251415876 0.073738234339428 0 -3.852666382585426E-8 -4.9730316516087E-8 0.0499770419777367
0.5051728219418842 -0.4543425560441293 0.07763963571270259 0 -4.703255211349687E-8 -5.091919681037638E-8 0.049977045869046534
0.5025098789806551 -0.515963207586209 0.08087711077114171 0 -5.557377763497429E-8 -4.7764970322417104E-8 0.049977055321440735
-0.8809225682293763 0.28211960771987943 0.09999999999999996 0 3.762780274591288E-8 1.2447643611558562E-7 0.04997701518780539
-0.828550120997359 0.21135039229983998 0.09293041569195869 0 3.02439854836293E-8 1.1900072237203439E-7 0.0499770288114582
-0.4876818695036711 0.16005919777938843 0.06641416297022892 0 2.497871475418152E-8 7.650154509306255E-8 0.049977038056818426
-0.7583678808155521 0.178257805309045 0.085877514601274 0 3.4090323419386754E-8 1.0847782500724602E-7 0.049977035585597476
-0.6170663609123308 0.222189336538271 0.07585507468331582 0 3.7192142215697534E-8 8.781796691926311E-8 0.04997701366952652
-0.6972424057138273 0.20430689657176634 0.08139617396721441 0 3.838360753712927E-8 9.863105945234922E-8 0.04997702261676224
-0.5518948161465875 0.17422255470543752 0.07046196471921623 0 2.512782562768185E-8 8.223092407947981E-8 0.049977020948445645
-0.36894201678212313 0.12798179161528736 0.06013540062401418 0 2.9399068173793647E-8 5.559259825383337E-8 0.049977024093581054
-0.4362515368769687 0.13236424219261816 0.06326633817399903 0 3.0713096051557594E-8 6.512846494825358E-8 0.049977040353265716
-0.33947513674739144 0.06240362523718613 0.058248486325065116 0 1.7964863261984573E-8 5.0973391161523556E-8 0.04997701860816069
-0.18433654548332082 0.048222709230570565 0.05356505347436668 0 1.2844927765677279E-8 2.952836890829722E-8 0.04997704430313531
-0.13330372693534312 0.03517105967265548 0.052587287930552964 0 1.6815310082351648E-8 2.4350258826369164E-8 0.04997704152684229
-0.08544796042127181 1.2633032021521531E-17 0.05192572029476935 0 1.3535888170517338E-8 2.053185422885951E-8 0.0499770336283563
-0.2993967149465731 5.4908359945213266E-18 0.05658028588283902 0 6.4831886038350225E-9 4.7190958805516596E-8 0.049977019356126945
-0.22270343343645202 -2.7398019802337882E-17 0.054316401779706945 0 4.433941123300927E-9 3.767758084825547E-8 0.049977033715511925
-0.27837086784154214 -0.12617379267311218 0.05679356136910862 0 -9.811056198736366E-9 4.3501070608835076E-8 0.04997702626844268
0.07416648351753428 -0.04282003922369633 0.05192757354063934 0 1.3643527470502787E-9 2.624228492540024E-9 0.04997703728899297
-0.07423701450489274 -0.04286076030823398 0.051928362278406685 0 8.002452619003068E-9 2.1020070518959082E-8 0.049977034740212
5.433302611002987E-16 -9.25534990736191E-16 0.051513083863437 0 1.000183993513873E-8 9.908677120863769E-9 0.04997702691938041
-0.10393602836491157 -0.0928684349452979 0.05261104654913398 0 1.9810188300302945E-9 2.3910482611236036E-8 0.04997704491139926
0.09263290818595533 -0.09340215664313874 0.05249108753880629 0 -4.726205991324374E-9 -1.4901075882527538E-10 0.04997704635922418
0.13365633223327938 -0.131494330544841 0.053500013617672336 0 -8.090311284000132E-9 -1.0593088741769545E-8 0.049977053193357206
0.32685099627426545 -0.2905697969488598 0.06232853198902639 0 -2.8216730066169695E-8 -2.5595321839383474E-8 0.04997705396290342
0.25568805190108224 -0.19009790761699052 0.05725179690059135 0 -1.1755487603110786E-8 -2.391710146023675E-8 0.0499770350103443
0.2878012678865199 -0.2461068228137798 0.059620677596610265 0 -2.2552193776872174E-8 -2.363860482757598E-8 0.04997703919804671
0.17648242248939017 -0.17786432905826252 0.055061790182478074 0 -9.603496366367228E-9 -1.8592304780013764E-8 0.04997704253598164
-0.2483235922732361 -0.18165056966040063 0.05686432272721823 0 -1.535618500470994E-8 3.801588697502176E-8 0.04997702733319551
0.5547456546446986 -0.6639301342123074 0.09391738389868397 0 -6.812046136445817E-8 -6.455073515064514E-8 0.04997706962746383
0.617759403950767 -0.688475338910477 0.09999999999999995 0 -6.94723094584692E-8 -7.092260202824693E-8 0.049977061886845656
0.5055257679581893 -0.637124600070996 0.08897493457515948 0 -7.005986679254214E-8 -5.639037279083217E-8 0.049977074654445515
0.4877536710430043 -0.5826751104622181 0.08420495651136725 0 -6.605042786621942E-8 -4.6630593229698515E-8 0.04997706902983027
0.33633282409977666 -0.3398966968888034 0.06444423660906808 0 -3.357501449337659E-8 -3.1788786261254824E-8 0.04997706677729337
0.3632772876174715 -0.38800374757803635 0.06749345504717459 0 -3.461686043090123E-8 -4.249218141745368E-8 0.04997705803058561
0.41704203467651185 -0.4108303752912243 0.07090170067103964 0 -3.647788532862625E-8 -4.602211864525855E-8 0.04997704619060625
0.4381086940659461 -0.4733073985449338 0.07505155127124846 0 -4.869592231107224E-8 -4.460281596060224E-8 0.04997704376120654
0.4531934148271225 -0.5420428192507506 0.07976926362259741 0 -6.115545641184868E-8 -4.2408116159582644E-8 0.04997705398841497
-0.8565041007211142 0.12935729823844902 0.09401883827528355 0 1.7429159097469757E-8 1.1660246249594529E-7 0.049977032867265
-0.9051192255768068 0.1907463267598074 0.09999999999999999 0 2.5400135523080362E-8 1.2675639959708127E-7 0.04997702266955195
-0.7940808377677345 0.13178185399490336 0.08820577601429047 0 2.4045733005282217E-8 1.0841471203864276E-7 0.04997704271653247
-0.33304413722574716 -0.0693067767843958 0.05805530637396814 0 1.1122173628051288E-9 5.245423301614822E-8 0.0499770207987114
-0.4742240483662385 0.11256694280313873 0.06494853319711702 0 2.191657907515353E-8 6.663917278452085E-8 0.04997704491331703
-0.5075730010734563 0.12513873893141758 0.06697106660603604 0 1.7622904232876076E-8 7.358811972543474E-8 0.04997703844368178
-0.5430568755805907 0.10886676283437083 0.06886622733636953 0 1.5291299441118778E-8 7.667140565119338E-8 0.04997702690801453
-0.7200856347104287 0.12756375701027653 0.08178787314202199 0 3.103699227984943E-8 9.888665193380759E-8 0.04997702997356549
-0.6366216770914513 0.1480565042375733 0.07568897320024313 0 2.838374888427807E-8 8.965637636394659E-8 0.04997701631949098
-0.5817364775186938 0.11498204866540508 0.07140762999266016 0 1.857263828190185E-8 8.219010612692783E-8 0.04997701890282533
-0.42774238996431574 0.06497482014443741 0.06209784320535726 0 2.089742909438941E-8 5.92246867291816E-8 0.04997703058883772
-0.3847166606924661 5.007387460326135E-18 0.05988137680814879 0 1.1791407807066029E-8 5.7791983899586005E-8 0.04997702068553822
-0.3349183900900527 -0.1391323925724424 0.05894927757126893 0 -6.335518725285318E-9 5.16765625987516E-8 0.04997702446924794
-0.29014129297673835 -0.2192290809213992 0.05898973037684319 0 -1.6767921089386252E-8 4.695073749760007E-8 0.04997702651356561
-0.30831506111577245 -0.17770170158565646 0.05867258259636438 0 -1.2381260808469744E-8 4.826294795169905E-8 0.04997702469873115
-0.8184909839211807 0.07533925376340875 0.08977629762126751 0 1.4628051746839673E-8 1.081782550800395E-7 0.0499770335916314
-0.15687445011428935 1.9896548115933566E-17 0.05290395974586269 0 1.0113292567715653E-8 2.9455867275989255E-8 0.04997704135571733
-0.12783259126111396 -0.033275347967647646 0.05249920381841622 0 8.639977259125683E-9 2.7793596464051464E-8 0.04997704170126195
-0.12619399745448542 -0.06614911525416546 0.05266041061116255 0 5.391462075174589E-9 2.7982879923021717E-8 0.04997704602253839
-0.24680219676358395 -0.07209570484823002 0.05524990662857362 0 -6.00213180264274E-9 4.132452828097394E-8 0.04997703276503252
-0.22815732549244763 -0.13366956667415794 0.05546555293618707 0 -1.3282327606550825E-8 3.433599160831278E-8 0.04997703704190718
-0.15093740406319942 -0.09389909648308085 0.053299030733839035 0 4.6388262233645187E-10 2.89882319321602E-8 0.04997705404130852
-0.17405337917392047 -0.045794392161233266 0.053343830220451034 0 2.664449126413224E-9 3.470951202643284E-8 0.049977046219642975
-0.18973296493485722 -0.18461798069110347 0.055474546986767154 0 -1.5822723185883527E-8 2.747390886591613E-8 0.049977033407657113
-0.1364384943575783 -0.14270773398924902 0.05371629461338726 0 -7.143664646682747E-9 2.190646867251273E-8 0.049977046809006
0.04273873390329096 -0.07402565857166638 0.05192600533605053 0 -9.585837515064915E-10 7.64091727726794E-9 0.04997703699326699
-0.04299754043112493 -0.07447392462720538 0.051931021483395706 0 2.518011567102736E-9 1.83287019833303E-8 0.04997703563543597
1.3904975238826412E-17 -0.08573627431625096 0.051928505242836896 0 -6.128228594001044E-10 1.3760929708391399E-8 0.049977036711453676
-0.07925046645516252 -0.13726583442387433 0.052932952804228266 0 -7.078718258765015E-9 1.977920271435381E-8 0.04997704489599039
0.078463056828959 -0.135902000944921 0.052904876080197075 0 -6.961125562296445E-9 2.7665072637247197E-10 0.049977047506073506
0.11138757858716244 -0.19292894544503636 0.054318208030815426 0 -1.1263185698858894E-8 -8.649895471963325E-9 0.04997704236563822
0.2704412885460667 -0.32134890739138133 0.06148782850104338 0 -3.5103813670530106E-8 -2.1774049198879646E-8 0.049977047285862185
0.21970172124605267 -0.2547036178054315 0.05790944965811469 0 -2.242323539705573E-8 -1.828573546755868E-8 0.04997703270078066
0.06445906182530692 -0.2524774236880237 0.05535114833714504 0 -1.7443512208274298E-8 -3.6329123594223882E-9 0.04997703982722621
0.14972579901011426 -0.2593326910893636 0.056582144341893334 0 -2.05811075045477E-8 -1.1620838403649994E-8 0.049977031015779834
0.031363797849434556 -0.30517057546423765 0.0568332914109285 0 -2.69784467028851E-8 2.2073366144729295E-9 0.049977034136033154
-0.03281109095750645 -0.303248501545522 0.0567724159885361 0 -2.894369867201606E-8 1.0027780485321013E-8 0.04997703323835785
-0.22974591189928226 -0.25639797529990704 0.058213734017978094 0 -2.0827841957827605E-8 3.8182285182706455E-8 0.04997702569763605
-0.15050660974349658 -0.260685094950677 0.05663516711153095 0 -2.4093536891079115E-8 2.5809092971117357E-8 0.049977025718588
-0.0010639892128916778 -0.35571530812846325 0.05866683852382106 0 -3.4347904716728284E-8 1.0058519987628507E-8 0.04997703267241198
0.4897167015298755 -0.6990669986722716 0.09278011319940965 0 -7.705203678668912E-8 -5.75127537722462E-8 0.049977064377126304
0.5485314847714318 -0.7448023146284537 0.09999999999999996 0 -8.075842097635953E-8 -6.552615733810719E-8 0.0499770600927081
0.4538946410105444 -0.6418290507487608 0.08650541722977732 0 -7.418764653926677E-8 -4.8495404396657795E-8 0.049977065678333016
0.43691576165411183 -0.5863880363863174 0.08178506492225697 0 -6.839565647272605E-8 -4.1841378139902286E-8 0.04997705812970245
0.30008338071089913 -0.40108479031261085 0.06570468861303413 0 -4.1754380255085104E-8 -3.332673760579295E-8 0.04997705159897129
0.35656776116113886 -0.46142030598113837 0.07075125137743835 0 -4.642168016167942E-8 -3.944736563310324E-8 0.049977042512150245
0.38634553368626 -0.5411366135074784 0.07653244947706513 0 -5.970540778844525E-8 -3.72621096769766E-8 0.049977043691465384
-0.8641324069088798 0.062174994255793294 0.09403348687291993 0 1.0427993198172672E-8 1.1532183579341948E-7 0.04997702735131489
-0.9192848102122441 0.10262901652303172 0.09999999999999998 0 1.3904577305449435E-8 1.231210410494645E-7 0.04997702256206091
-0.7599167871431189 0.06070075634999409 0.08441733903220823 0 1.8800851327489834E-8 1.0088278343606426E-7 0.04997703022053012
-0.3798507417992421 -0.12110542276221137 0.06050058794352799 0 -7.826163549313848E-10 5.796163032841934E-8 0.04997703000058903
-0.40842759083875524 -0.05875232359605665 0.06114052778332879 0 5.621325574832277E-9 6.384747779239293E-8 0.04997702861461602
-0.5039157942187592 0.07056797810116018 0.06615707446286306 0 1.3055044104016552E-8 6.811231628323406E-8 0.04997703193151146
-0.5548238392163808 0.07638757137486703 0.0692570455361671 0 1.2655824961274646E-8 7.700406718591836E-8 0.04997702207131528
-0.6893460495224285 0.06354738512595373 0.07863780818203954 0 2.0414571754993517E-8 9.379581326658226E-8 0.049977019987736224
-0.6215823870108426 0.05940809814964494 0.0735747228508592 0 1.5364379497403346E-8 8.628401003775323E-8 0.049977014522019116
-0.4662367643365183 -0.05429215722432917 0.06397307879016166 0 2.1921087563985173E-9 7.284868569423531E-8 0.04997703362319539
-0.46385916918682774 -3.671115297680029E-17 0.06368112390889598 0 8.743526586439246E-9 6.769195763131482E-8 0.04997702685622646
-0.3620108841151937 -0.17400839360604695 0.060635096430618034 0 -9.293723181822175E-9 5.477124921134034E-8 0.04997702841875169
-0.299671918215507 -0.26919022055739933 0.06068803798570996 0 -2.088990453786827E-8 5.0737562214847273E-8 0.049977034403240445
-0.33027652289156045 -0.22443841547131757 0.060528990644305516 0 -1.6965644340221967E-8 5.317291506851067E-8 0.04997702937935353
-0.8245744171037561 3.2427437940114445E-20 0.09002147282184526 0 5.824380395906878E-9 1.128994255115753E-7 0.04997702795563627
-0.19761019796705673 -0.10158906953187434 0.054303584925033156 0 -8.794817247250309E-9 3.316104124138174E-8 0.04997705100803537
-0.18403998396844498 -0.12735803584373423 0.05434432437859784 0 -9.577043742205307E-9 2.7265070334575296E-8 0.04997705021721667
0.002774404310843052 -0.26370741404826953 0.055444406431408536 0 -2.249742646081372E-8 1.8398649341557026E-9 0.049977043317077086
-0.11217260429255088 -0.1942886498520168 0.05435789315243198 0 -1.6933822187310908E-8 1.911131124668833E-8 0.04997703819956454
-0.059917909088264505 -0.2537684697083779 0.05535616729591674 0 -2.5728134780485228E-8 1.1669179026056945E-8 0.04997703811707496
0.025874926118163173 -0.1326695098536581 0.05254567933671944 0 -5.880059668027682E-9 1.0475270756737585E-8 0.049977047125251264
-0.02524383979971824 -0.13300675455069116 0.05254892004091195 0 -7.173053073185881E-9 1.688816340379352E-8 0.04997704624586254
0.05493858025113073 -0.18721166728009325 0.05366460039291042 0 -8.876662778388157E-9 1.4316778524294093E-9 0.049977051039092425
-0.053441146730527585 -0.1870910243981426 0.053652873989227134 0 -1.7813815934986364E-8 1.5001439641252597E-8 0.04997704946029607
-0.015811501710617765 -0.22080470166743846 0.05428292799461194 0 -2.0135373613340982E-8 6.173103123020661E-9 0.04997705560613167
0.001589553534327251 -0.18045943852644147 0.053353802929854637 0 -1.217521249856117E-8 1.1493821989046237E-8 0.04997705871386356
0.01713256069613923 -0.2191946756676691 0.054245341320781695 0 -1.4356031516763027E-8 2.3821513963763448E-9 0.049977056367518626
0.23193963455587202 -0.4017312313397281 0.06368217918749612 0 -3.960949929857243E-8 -1.9557107146830053E-8 0.04997704476198229
0.1923608915779979 -0.3331788376023402 0.059881599761303035 0 -3.24715945213729E-8 -1.2340559742013319E-8 0.049977035566510154
0.10559774308437371 -0.32641465451667345 0.058167036115944384 0 -2.973420968875699E-8 -2.508586876771539E-9 0.04997703234325536
0.02839276411724587 -0.3973392921812579 0.060485401730235276 0 -4.0694079153826354E-8 8.296131512260454E-9 0.04997703792376865
0.04349199689707277 -0.3606955682361924 0.05897556113419837 0 -3.5358430127841633E-8 5.513671205993019E-9 0.049977034283980544
-0.2724211583800272 -0.34021230275634196 0.06225471036920945 0 -2.74221102611464E-8 4.4334397646728034E-8 0.04997704021646063
-0.04975626500892476 -0.3592625346716331 0.05895024498757896 0 -3.4348251654380764E-8 1.7250219370124903E-8 0.049977032722720686
-0.11115524588477288 -0.32319159740630654 0.058116751891295344 0 -3.120860868562136E-8 2.4330621984026715E-8 0.04997702810242123
-0.1929576265867868 -0.33421241295621784 0.05993362613445384 0 -3.0700420069604E-8 3.5651049036104116E-8 0.04997702921929208
-0.00580331192480529 -0.44141011755505605 0.06253303354413747 0 -4.4577620993594405E-8 1.1029252210116988E-8 0.04997704147559601
-0.03317807935019408 -0.4000499580003111 0.06062434517611842 0 -3.8369699007078766E-8 1.615388419478792E-8 0.04997703754888229
-0.4124914840826571 -0.7144562081206507 0.09005972521404425 0 -8.12039147232992E-8 5.8565886858742516E-8 0.049977045644151424
-0.4625000000000001 -0.8010734985006056 0.09999999999999992 0 -9.399761713238694E-8 6.16959918794534E-8 0.04997703895212727
-0.38371343710296635 -0.7748603000238191 0.09386619334345217 0 -9.237391411532659E-8 5.3820117339124764E-8 0.049977047660961754
0.41226227881814503 -0.7140592129571534 0.09001680581831234 0 -7.75778912263528E-8 -4.3873746852098785E-8 0.04997705962650399
0.4625000000000003 -0.8010734985006056 0.09999999999999992 0 -8.670842257275643E-8 -5.320607660716961E-8 0.04997705458541592
0.36763254236248355 -0.6367582418875386 0.08211785344170675 0 -7.069240613052007E-8 -3.3435906480406646E-8 0.04997705244438285
0.2724100436150707 -0.4718280360333562 0.06830375115676082 0 -4.636448749387685E-8 -2.8190213979328017E-8 0.04997704117690366
0.31808183532075857 -0.5509338997403103 0.07441383187593022 0 -5.8544574761867215E-8 -2.989102480227991E-8 0.04997703884551012
0.2111878992556696 -0.5199281931560845 0.06932845783235407 0 -4.9719601107368956E-8 -2.078113785262057E-8 0.04997704415875971
0.021803385387518696 -0.48225449508691837 0.06469299319690376 0 -5.20015225652406E-8 4.6261891599144705E-9 0.049977043905922
-0.8627884197170683 -0.05512509329877387 0.09385473111979895 0 -3.859716589500498E-9 1.2007944403777883E-7 0.04997702864149887
-0.9249999999999996 -3.487031299242896E-17 0.0999999999999999 0 1.898840677034275E-9 1.2560120045045606E-7 0.049977018993525
-0.7353276040989696 -1.3378311327871067E-18 0.08212306732579755 0 1.1784553139935027E-8 1.0170672163070078E-7 0.04997702411472635
-0.4256923062754768 -0.12215318657273537 0.06260425960749795 0 -1.41164118928196E-10 6.366997957904877E-8 0.04997704167997649
-0.4043520178042478 -0.16901983470521803 0.062374130552393804 0 -7.61706379831117E-9 5.7972912241466684E-8 0.049977034957498494
-0.46760448929491655 -0.09647351175034935 0.06440527405535054 0 -2.840296141986572E-9 7.281949918752142E-8 0.04997704528078032
-0.5447672634209793 2.858524015158418E-17 0.06830049229574699 0 4.615862384158826E-9 7.787552945985822E-8 0.04997701996252375
-0.6361392415232948 1.0428654588114258E-18 0.074412070818866 0 9.016699245165918E-9 8.926943250469501E-8 0.04997701419239972
-0.5124187514513647 -0.051847896831783355 0.06651654728017117 0 -2.077897289912209E-9 7.758967174438288E-8 0.04997702896810564
-0.36799093114432163 -0.6373789894665451 0.08217765681431857 0 -6.857232484391729E-8 5.797702789645192E-8 0.0499770400933515
-0.31827009850817745 -0.5512599811461146 0.07444098367382036 0 -5.920994717277231E-8 4.914806900125927E-8 0.04997702786368462
-0.31386332305040454 -0.40193360988060217 0.06622216379223078 0 -3.90020645180371E-8 4.1959630408585044E-8 0.04997704244556154
-0.344912559069745 -0.4432246070018303 0.06935603931497553 0 -4.687621963070991E-8 4.617299643457617E-8 0.049977033440953646
-0.3337091490042147 -0.3553876317528073 0.06495432896100803 0 -3.317927898288917E-8 4.8529649893667745E-8 0.04997705429621541
-0.383737195098482 -0.21760730691022415 0.06251779019199952 0 -1.6860811637988585E-8 5.761076567856517E-8 0.04997703168738013
-0.33230969380311975 -0.3125744339373021 0.06328313435425742 0 -2.7501592994875242E-8 5.5525132229131285E-8 0.04997704943121938
-0.3540195296480104 -0.26181915330723304 0.06247659304365877 0 -2.318357939596834E-8 5.774568660851912E-8 0.04997703655289636
-0.7962287177911112 -0.06074957956360479 0.08762354715881245 0 2.476796509901831E-10 1.1356242198991937E-7 0.04997703405980279
-0.7351410524947966 -0.06092685497728594 0.08231802271497875 0 5.1160594314998575E-9 1.0508464546402892E-7 0.04997702900443585
-0.4839056580716607 -0.700569999447879 0.09257832058039935 0 -7.8089110374421E-8 6.366823231620678E-8 0.04997704747008891
-0.548567403595686 -0.7447758606713796 0.09999999999999995 0 -8.58969060002069E-8 7.084452174455668E-8 0.049977041641489764
-0.43547631470191006 -0.6351536187841573 0.08509247440255902 0 -6.533525768659688E-8 6.345609544378377E-8 0.04997704709000943
-0.4991515386320159 -0.6334110077816721 0.08834372866104905 0 -6.801338311862556E-8 6.910500559746417E-8 0.04997705755044456
0.19075484218748148 -0.47253116432229375 0.06620021711897693 0 -4.217188741607366E-8 -1.6024073123110636E-8 0.04997705200510663
0.04901016908663563 -0.43723836174505165 0.062459634223422635 0 -4.795170023302208E-8 5.323287166226465E-9 0.04997704581341541
0.06673635655852123 -0.4767204709635778 0.06461779605353515 0 -5.4516077241508547E-8 -6.257012171615156E-10 0.049977052319388315
0.08201071126761385 -0.3939388987243752 0.06066806698898625 0 -4.088246793741541E-8 3.850403584906151E-9 0.049977042501985765
0.15779399244920161 -0.40600143052169285 0.06224217224863409 0 -3.851830778849424E-8 -4.922853788326113E-9 0.04997704854486021
-0.23228029263418432 -0.4023212684393739 0.06371797650698163 0 -4.071985282257611E-8 3.7984990599904384E-8 0.04997703706752195
-0.272587327693687 -0.4721351010648927 0.06832563375196132 0 -5.150632059310521E-8 3.9579749510551905E-8 0.04997703166652566
-0.08918266806588586 -0.39015326021997454 0.06056960464965617 0 -3.716816270884596E-8 2.5294300011312464E-8 0.049977039370844877
-0.15459594130071433 -0.39192658728762203 0.061550218588660825 0 -4.036875389532669E-8 3.370530611090314E-8 0.04997703991931699
-0.18675532053812563 -0.43493251784630643 0.06418357757579085 0 -4.9146017341820435E-8 3.4571061482401935E-8 0.049977044438852966
-0.21375905453868752 -0.4723463627877797 0.06671710658979704 0 -5.478801835336007E-8 3.3706725987163835E-8 0.04997703982579678
-0.030837599095424044 -0.4757419881377715 0.06436680609968097 0 -4.658137134480825E-8 1.168890344773485E-8 0.049977044015578564
-0.05772042989369192 -0.4373202270026056 0.06251628812885628 0 -4.0525337048830224E-8 1.9053403391520824E-8 0.04997704555766616
-0.34485879204612635 -0.7195732958375974 0.08756922173357189 0 -8.442081618044486E-8 5.3992652457226844E-8 0.049977051820434666
-0.3147326423667731 -0.6679534491621227 0.08237892997106575 0 -7.47902648305433E-8 5.388165603094845E-8 0.0499770454260267
-0.23145619169988374 -0.5426436945370012 0.07120349698950756 0 -6.133247229380327E-8 3.57051554101432E-8 0.04997703243491251
-0.28415939775573246 -0.6153602706014173 0.07751426427315904 0 -6.726181272712008E-8 4.849080616554034E-8 0.04997703495693306
-0.32938286511096027 -0.7771045511687235 0.09186418681824757 0 -9.276771173397067E-8 4.7082554651829747E-8 0.04997705679581553
-0.29287844997281653 -0.7560683801841978 0.08874412837590734 0 -8.737473431823191E-8 4.52916357966011E-8 0.04997706366864479
-0.3707535969478622 -0.8474426517245004 0.09999999999999994 0 -1.0167525985848043E-7 5.052961829389872E-8 0.04997704625274334
0.3299132550602819 -0.6955796266909601 0.08507057911176502 0 -7.397716063654985E-8 -2.7436093057228952E-8 0.04997706136906177
0.29721686832567656 -0.7486484838731736 0.08825580478820183 0 -8.039563372625513E-8 -2.712782606490642E-8 0.04997707287859789
0.36329863298780996 -0.7692008953950569 0.09250410835033807 0 -8.046894766962938E-8 -3.841544490393333E-8 0.04997706306984022
0.37078540548822353 -0.84742873429503 0.09999999999999996 0 -9.055233609784574E-8 -4.1667247388568014E-8 0.0499770586872032
0.28831363121595577 -0.628175946475062 0.07855241106831119 0 -6.819808661987246E-8 -2.1763080455984762E-8 0.04997704695105128
0.2593907519340379 -0.5686281064407216 0.07361593901057979 0 -5.915307516824487E-8 -2.2850142020115175E-8 0.04997703906147029
0.1909808398518187 -0.5616900805542804 0.07142639087555927 0 -5.720199400526406E-8 -1.8099324050048725E-8 0.04997704236765923
0.17735047116299676 -0.5251479744589087 0.06889288845838194 0 -5.0687798282329884E-8 -1.8384634179678447E-8 0.04997704883426119
-0.006975621790116347 -0.518397225687904 0.06671599267023105 0 -5.408475780049709E-8 6.117234255049755E-9 0.04997704036246249
-0.05196883438319561 -0.5240326103663052 0.06719869985797552 0 -5.2328059912898394E-8 1.0587705378408985E-8 0.049977042519486065
0.051893656645759574 -0.5409828050063739 0.06822031633188269 0 -5.985459363168348E-8 -2.4918866623936243E-9 0.04997704165695892
-0.8393412000270999 -0.10211595922316324 0.09200820531311653 0 -9.930398756736331E-9 1.174460781092466E-7 0.04997703752633875
-0.8023821229894582 -0.12465004703532731 0.08885408731398863 0 -9.189753953237643E-9 1.1178509312608578E-7 0.04997704542615716
-0.919283847116488 -0.10263764414409532 0.09999999999999995 0 -1.1664729726921967E-8 1.2664354847332961E-7 0.049977025735976184
-0.4286041911968902 -0.211604106404576 0.06443452009247352 0 -1.7125692932252067E-8 5.981896256299798E-8 0.04997703345383277
-0.6752473549062171 -0.06099766201966174 0.07752927755735106 0 4.3484012947487986E-9 9.601293451151185E-8 0.04997701998640648
-0.4690213191754545 -0.16282051739106812 0.06545407679976868 0 -1.206713901814674E-8 6.22837126572115E-8 0.04997704463888675
-0.5199939829281818 -0.12464895604080488 0.06768673130026925 0 -1.4252643121198072E-8 7.446912424119588E-8 0.04997703850879713
-0.5844196053235723 -0.07491703801282976 0.07115392026499068 0 -4.371250910826181E-9 8.430996294592099E-8 0.04997701973458928
-0.40158939943089916 -0.5697012631254147 0.07901179842938963 0 -5.759704011603708E-8 6.188802947985281E-8 0.04997703533291042
-0.3629672679735455 -0.5093150093458657 0.0736457128337714 0 -5.3388938060359656E-8 5.329762405862685E-8 0.0499770275828591
-0.36195665189066545 -0.3775113144203722 0.06698450376718919 0 -4.123159680725E-8 4.866168551716851E-8 0.04997704869574928
-0.36626813150114046 -0.41664081435894 0.06892167223823108 0 -4.5114037654965624E-8 4.82932058842307E-8 0.04997703791529786
-0.3903068178565833 -0.4466269881485596 0.07141764844659583 0 -4.820254828121067E-8 5.3825588198625305E-8 0.04997703079152407
-0.38262787487786487 -0.34149739132768064 0.06638993492953274 0 -3.990354279845883E-8 5.6627887658319303E-8 0.04997704776052038
-0.4062559769371703 -0.26147495596378895 0.06471383725610919 0 -2.6087159529861928E-8 6.092336548613065E-8 0.04997703357577479
-0.379843340675863 -0.2969419115223147 0.06465963905911938 0 -3.175944823499135E-8 6.039398420180256E-8 0.04997704226447582
-0.735100345459195 -0.11930462056175606 0.08291132970822639 0 -1.1644430960344684E-11 1.0353553834128078E-7 0.049977037086902834
-0.5519968333853201 -0.6639303440969675 0.09374464706266032 0 -7.80354281007901E-8 7.295881936503239E-8 0.049977051123985566
-0.6178002971320175 -0.6884386430529175 0.09999999999999999 0 -8.318959109526955E-8 8.267314845165238E-8 0.049977041019765224
-0.4800125571007386 -0.5637645778356987 0.08255043176744221 0 -5.717369098456389E-8 7.466953132552371E-8 0.04997704725688197
-0.5399346500949583 -0.6040123388311484 0.08868415026698905 0 -6.975049431968768E-8 7.779452070578166E-8 0.04997705625211739
0.1043605879990727 -0.5010308479370807 0.0663275801738497 0 -5.521359859483527E-8 -9.658043479321534E-9 0.04997705853669318
0.14556246178613041 -0.5017461145955597 0.0669511130546236 0 -4.913090020812696E-8 -1.4720747979656734E-8 0.0499770592963891
0.1399468089855873 -0.4672126633962517 0.06496624972127404 0 -4.524334020142226E-8 -7.919753137946459E-9 0.04997706414278679
0.10408488366078729 -0.44405468685268906 0.06327666735135784 0 -4.829348140065351E-8 5.643356342949335E-10 0.049977058719116355
-0.1061373350373039 -0.43371612134398735 0.06278756375601147 0 -4.1808538718567886E-8 2.7722713193681046E-8 0.04997705275274878
-0.15386562481962193 -0.515523498759926 0.0678853449092873 0 -5.838187227408282E-8 2.1713877926969133E-8 0.04997704951526867
-0.1533021139497205 -0.45854960024362473 0.06473399748772987 0 -5.20240062230253E-8 2.978201996754031E-8 0.049977056015605946
-0.09527352708204248 -0.48999184724793526 0.06560563290386158 0 -4.70115991542841E-8 1.704542764814559E-8 0.04997705593014749
-0.09590125636856876 -0.5619999312235504 0.06990127823248256 0 -5.875438453563571E-8 1.4866964509368076E-8 0.04997703965637453
-0.15663037176370528 -0.5733099421965812 0.07149707499548641 0 -6.297645358256405E-8 2.410135421412418E-8 0.04997703748117565
-0.2643961373711981 -0.69702971973395 0.0829765309474388 0 -7.605259482231245E-8 4.880186831293247E-8 0.04997705403996298
-0.19926692702634366 -0.6350324834465847 0.07658242747619838 0 -6.8479711256524E-8 3.625951925192012E-8 0.04997703690203151
-0.2937621218403118 -0.8161557505482272 0.0941366022415018 0 -9.445819635513551E-8 3.936518189200071E-8 0.04997705704521412
-0.2445064351501806 -0.7666415232960113 0.08818261063739219 0 -8.265268241891518E-8 3.795032550900493E-8 0.049977062660214296
-0.28738877712844163 -0.8792227618026947 0.09999999999999998 0 -1.0065750135340736E-7 3.80015741384166E-8 0.04997704934668925
0.24692814396934878 -0.6974874410583481 0.08250617855893734 0 -7.961332484265672E-8 -1.5158960428163628E-8 0.04997706136452389
0.2521627428797361 -0.7694593063835823 0.08864404636431372 0 -8.847491887148974E-8 -2.425492630519199E-8 0.049977071810756876
0.297447604941039 -0.8106467532563326 0.09375141746476387 0 -8.869377793199658E-8 -3.380808082726387E-8 0.04997706762236962
0.28742318143973467 -0.8792115158194408 0.09999999999999996 0 -9.933673000533146E-8 -3.347440304548195E-8 0.04997705897136569
0.18957159845420457 -0.6243064952889011 0.07560329744867302 0 -6.83512486877411E-8 -1.322300064332953E-8 0.049977042086809746
0.12475562378528372 -0.5650913910725972 0.07045918166236258 0 -6.050934878951046E-8 -1.2195850835054559E-8 0.04997704386302152
0.16970055881419605 -0.6915759378642314 0.08021607449160519 0 -7.907610369637729E-8 -8.604195930311628E-9 0.04997704883657985
-0.02127679909875186 -0.5862434400348021 0.07098260267248739 0 -6.256553042203218E-8 8.793445721677182E-9 0.0499770342758846
0.047679088889249585 -0.6125339534466792 0.07287094188782159 0 -6.712228696804062E-8 1.7593418111043834E-9 0.04997703544578151
-0.8531067718150073 -0.15803750226362162 0.09415708085227006 0 -1.8016122540752156E-8 1.1441170808030525E-7 0.04997703755283205
-0.7842181949983064 -0.17459658052838975 0.08806681761589173 0 -1.2953155724327888E-8 1.0356047581374793E-7 0.04997704402270879
-0.9051158299750597 -0.19076243784282004 0.09999999999999996 0 -2.2047714716709492E-8 1.1950373990890078E-7 0.049977028583428805
-0.47800098007166625 -0.2183882854981824 0.06713458210584479 0 -2.1106265737291877E-8 6.38935114149818E-8 0.04997703075191678
-0.4503344724862791 -0.2539143429242661 0.06663047103760426 0 -2.5706775083255634E-8 6.338872701208114E-8 0.04997702908267131
-0.647719142022224 -0.1435812801370505 0.07642272847163623 0 -7.044391946698929E-9 9.068988194055443E-8 0.049977021677527274
-0.5329845388239062 -0.1985594752136453 0.0698139205090511 0 -2.0433673131626112E-8 7.160810202756203E-8 0.04997702690959687
-0.5744027965338088 -0.14938461510286838 0.07144252826293569 0 -1.4503598629224833E-8 8.006977718935204E-8 0.04997702415197141
-0.44626651447182913 -0.4769553831048422 0.07565680574632234 0 -4.969639994956271E-8 6.611407870731596E-8 0.04997702910720623
-0.5140310251048448 -0.4921578818310024 0.08018045280724437 0 -5.1054037329797516E-8 7.757592556655441E-8 0.04997703421580208
-0.4256087219342948 -0.3924588186076942 0.07047472570296819 0 -4.496791298244202E-8 5.945717287401062E-8 0.049977032059422805
-0.44295395304453694 -0.3153758255937713 0.06823813858748431 0 -3.617216144549246E-8 6.420035234276013E-8 0.049977029821926255
-0.722493271850469 -0.18466121884148878 0.08299584497449673 0 -9.312116774215859E-9 9.773129691764413E-8 0.049977034203482
-0.6008930547011089 -0.6092572756078648 0.09299302035398636 0 -7.379627323004654E-8 8.32786717789448E-8 0.049977044801060015
-0.684830613311738 -0.6217902179859557 0.09999999999999995 0 -7.513769010347043E-8 9.209306049193065E-8 0.04997703235690772
-0.5678213237459835 -0.5376676061363831 0.08613904983735729 0 -6.013963901287435E-8 8.350815081467924E-8 0.04997704248998344
-0.10379006268918359 -0.6311723493295895 0.07466578004946203 0 -6.81819171642388E-8 2.1580122832340874E-8 0.049977034724867246
-0.2012336657215405 -0.7196538123444206 0.08312630758513646 0 -7.559184145191319E-8 3.7636768588484346E-8 0.049977051180287405
-0.14538614431124028 -0.6947291331504665 0.08002955113164488 0 -7.499041887860087E-8 3.017747689296049E-8 0.049977041888444054
-0.2244810935107963 -0.8295744817427091 0.09335179876408069 0 -9.180866209183926E-8 3.1037373334630886E-8 0.049977053501093945
-0.1948530319449167 -0.7756068237085788 0.08772926134592988 0 -8.318603460008726E-8 3.18814698927945E-8 0.04997705437293818
-0.1961900777341867 -0.9039499420937565 0.09999999999999996 0 -1.0267686876421298E-7 2.705007930240281E-8 0.04997704481576324
0.18083964416846282 -0.7595104378227607 0.08602850609777067 0 -8.844441145522718E-8 -1.3089769740475659E-8 0.04997705826380917
0.22639239794839497 -0.823169454837357 0.09279966487488275 0 -9.507576292855289E-8 -2.489999185729077E-8 0.04997706210727542
0.1962292603758944 -0.9039414372048344 0.1 0 -1.0353107422185522E-7 -2.1739261116155022E-8 0.04997705133917106
0.115198487208555 -0.6531897985847656 0.07640980333620502 0 -7.225025532836324E-8 -4.005521187853144E-9 0.04997703999138286
0.13075868837865867 -0.7179080095003469 0.08165710231721485 0 -8.059499118715374E-8 -4.1281636090370705E-9 0.04997704885708411
0.11581756539084577 -0.7588114009433137 0.08487399945221091 0 -8.38239082212536E-8 -3.5139219652707777E-9 0.04997705344406881
0.049373389215154787 -0.6762514634930521 0.07753347573866784 0 -7.40209647743613E-8 6.697104134296261E-9 0.049977041054889926
-0.018713178495829663 -0.6598847879456909 0.07617577755495697 0 -7.248548517450862E-8 1.4343246700810267E-8 0.04997703745913401
-0.6738902730202501 -0.2204985208373878 0.07997070091519397 0 -1.5442295005898114E-8 9.338114194283432E-8 0.049977025727045224
-0.8340398056073672 -0.21902107573341584 0.09363611174877712 0 -2.3562687352354976E-8 1.088917521815815E-7 0.049977033963147476
-0.7682837005378527 -0.21778108265977308 0.08762455506029669 0 -1.799491477143215E-8 1.0123326918400643E-7 0.04997703651085125
-0.8809151182252344 -0.2821428693025129 0.09999999999999996 0 -3.250912023385078E-8 1.1577935166557902E-7 0.04997702394809579
-0.5165019276401033 -0.27345997871285094 0.07083650833060155 0 -2.7572562167603092E-8 7.174962654595825E-8 0.04997702136861422
-0.598583551544961 -0.22602979228178174 0.07467942546060534 0 -1.9528721570383764E-8 8.328936281045239E-8 0.049977020272274936
-0.5551101229584549 -0.47007014883430126 0.08146563252731462 0 -4.7748592507519115E-8 8.099413621481984E-8 0.049977033366317036
-0.5105636494997625 -0.4275668331221898 0.07661161867134536 0 -4.370735713609422E-8 7.453735732991078E-8 0.049977026258439056
-0.504302912589223 -0.3476237550984314 0.07274022680505549 0 -3.622738084450057E-8 7.218395976359864E-8 0.049977022170396096
-0.7177089386751472 -0.2549295522420565 0.0843570467432338 0 -2.1336740320230465E-8 9.897104796541027E-8 0.04997703106190168
-0.6531660790226061 -0.2763311132584134 0.0799841441751332 0 -2.2751694079074618E-8 9.347593972108677E-8 0.04997702684113136
-0.8437556437212325 -0.37907955935377746 0.0999999999999999 0 -4.613759943084802E-8 1.1459966204975319E-7 0.04997702722285279
-0.8010515387579304 -0.4625279007956028 0.09999999999999996 0 -5.559559778677734E-8 1.0593155822838614E-7 0.049977033797467485
-0.7501479603301011 -0.5412050791178039 0.09999999999999992 0 -6.298036607931441E-8 9.712004661494307E-8 0.04997703128329747
-0.5998767009898777 -0.4788913706345559 0.08487289614566725 0 -4.904617542982045E-8 8.429179860831228E-8 0.04997703722470148
-0.6562422498346266 -0.5241856689594518 0.09146905933596002 0 -5.887612742983411E-8 8.80041386100858E-8 0.049977037587463614
-0.08839747535315964 -0.7039498716595032 0.08000538942626953 0 -7.856860358335928E-8 2.4055769869396622E-8 0.04997704274138793
-0.13806578705455586 -0.7497079460326577 0.08441541385599154 0 -8.279384183371515E-8 2.7956737785388307E-8 0.04997704835655395
-0.14308797449955213 -0.8318118172195702 0.0918642159103333 0 -9.4887201008435E-8 2.3227727431089693E-8 0.04997705028347743
-0.09361073890939048 -0.9202510142029422 0.09999999999999995 0 -1.0849051431490643E-7 1.4643644308953472E-8 0.04997704790824659
0.09365704332523053 -0.9202463037324216 0.1 0 -1.0182329616883275E-7 -8.670782220494437E-9 0.04997705096795745
2.0711142119751377E-5 -0.9249949331376578 0.09999999999999996 0 -1.0572398552136217E-7 2.1793013424653645E-9 0.0499770541616226
0.12762107521700664 -0.8265826692803618 0.09113421310198927 0 -9.158155867590486E-8 -9.84439146750122E-9 0.04997705544376418
0.08068135396090603 -0.7141673032968792 0.08075294753127603 0 -7.799962177950503E-8 3.4092139144842035E-9 0.049977047558132266
0.06358506183867194 -0.7827017733005066 0.08643167294964102 0 -8.352670040836249E-8 3.0811658910079693E-9 0.049977060228132204
0.02032803985547743 -0.7231235035279147 0.08113718206932351 0 -7.93208080176015E-8 1.3117991952826286E-8 0.04997705155943127
-0.03309170223836219 -0.7328034628470876 0.08197501691133365 0 -8.342159616814031E-8 1.9620131029344502E-8 0.04997705246041958
-0.7926496756412598 -0.2913333375023676 0.0919087000057277 0 -3.1664349169699074E-8 1.0717271163911329E-7 0.049977031205145094
-0.5810426636905172 -0.3157640075984303 0.07626188231201679 0 -2.8045552862218046E-8 8.350747940689403E-8 0.04997702298037106
-0.5773213056470615 -0.42632356756478973 0.08066830857907491 0 -4.0201985523040354E-8 8.264606265703244E-8 0.049977032014528695
-0.5604495700519321 -0.38109429561078195 0.0775098294695611 0 -3.540352838416816E-8 8.07962846014099E-8 0.0499770262508207
-0.6449966839705538 -0.44452809810358646 0.08625924084344862 0 -4.29918308932055E-8 8.72088128827675E-8 0.04997704322150575
-0.6508158876168189 -0.3390076459058359 0.08199721983987755 0 -2.9125609737938277E-8 9.532180100000849E-8 0.04997703637649903
-0.7091826270730177 -0.3233083988571452 0.08590988858162861 0 -3.19135748519911E-8 1.0230540883791609E-7 0.04997703794437082
-0.7619010673352372 -0.3837317836320327 0.09273617861998763 0 -4.597392225839962E-8 1.0505841990290459E-7 0.0499770405019309
-0.7143597851634016 -0.46065181317541964 0.09243904770387959 0 -5.19902292205571E-8 9.291899714169421E-8 0.04997704369225686
-0.07537530152887754 -0.7754914719888757 0.0858872030654022 0 -9.079487454596339E-8 2.0545235816491323E-8 0.04997705528160803
-0.048377865911234746 -0.8513117859798408 0.09269807273978156 0 -1.0009917803560712E-7 9.879694403888047E-9 0.04997705956790639
0.043935839967012356 -0.8511210240129371 0.09265635168129686 0 -9.292065063860543E-8 -1.7651078609549479E-9 0.04997706168808067
-0.004822548609299441 -0.7855262944057825 0.08645491759740057 0 -8.879987636370298E-8 1.2525402616078458E-8 0.04997706753664379
-0.615323196863825 -0.38077552285640776 0.08115372829448383 0 -3.250581754534561E-8 8.859238052035008E-8 0.04997703567065935
-0.6821995337018092 -0.3893517946424338 0.0864501634511279 0 -3.78181257675759E-8 9.643535778849531E-8 0.049977050276252384
