% Model:
% Version:
% Dimension:          3
% Nodes:              691
% Expressions:        4
% Description:        Surface
% X                       Y                        Z                        Color                    DeformX                  DeformY                  DeformZ
0.09361324045256657 0.9202507597854978 0.09999999999999996 0 1.4491094727593907E-7 -3.796171122231594E-9 0.0499770266135416
0.19613059753886136 0.9039628493277616 0.10000000000000006 0 1.386962073668974E-7 -1.820815636669857E-8 0.04997702680778535
0.2873578563384961 0.8792328678266589 0.09999999999999998 0 1.3626444536795586E-7 -3.110430495243082E-8 0.049977034694859576
0.6177594130735132 0.6884753307245892 0.0999999999999999 0 1.1514461735795836E-7 -8.231603318339774E-8 0.0499770398995754
0.684790004400319 0.6218349412241562 0.09999999999999998 0 1.0576013002472658E-7 -9.316778540669828E-8 0.04997703471263796
-2.6622719632544978E-6 0.924994933365257 0.09999999999999995 0 1.4243975097527243E-7 1.0587877867545065E-8 0.04997703033729626
0.042840104890621886 0.8515402282381707 0.09269147861274166 0 1.3540226122293656E-7 2.5511491700958376E-9 0.04997703967867188
0.37075219693550476 0.8474432642497914 0.09999999999999995 0 1.365971708967018E-7 -4.525348414226381E-8 0.04997703474913077
0.14341620299378263 0.8294494640794716 0.09164675622284833 0 1.2930022381816753E-7 -1.3821068935586735E-8 0.04997703306830943
0.2216527773738334 0.8287572231622684 0.09320319712735281 0 1.2641596704458813E-7 -2.270799375416561E-8 0.049977038369209706
0.29491717071644885 0.8166669280321706 0.09422261270086468 0 1.2906819132149353E-7 -3.287103084708588E-8 0.04997704418234425
0.5485314952955888 0.74480230687788 0.1000000000000001 0 1.1888340497162825E-7 -6.92021140089395E-8 0.04997703749887244
0.5518007966248653 0.6760563257947593 0.09465507346897212 0 1.1104324782219044E-7 -7.091060093441264E-8 0.04997704733367423
0.5876935447112426 0.6161088910778022 0.09257893706827944 0 1.0529812379918536E-7 -8.087545613809206E-8 0.0499770474768621
0.750154542605984 0.541195955123228 0.09999999999999999 0 9.198393279248976E-8 -9.945425122953661E-8 0.04997703703052302
0.6504705486077746 0.5465931881196746 0.09240305490818576 0 9.228835092730838E-8 -8.86476434501646E-8 0.049977040429560506
0.8010710017272109 0.46249419126110153 0.09999999999999994 0 8.31744898205699E-8 -1.0930471401911533E-7 0.049977042605693425
0.8437752416466553 0.3790359375932063 0.09999999999999998 0 7.20142335230783E-8 -1.1880593359185626E-7 0.04997703910343089
-0.09363126894349026 0.9202489260084377 0.09999999999999998 0 1.3859012124369055E-7 2.313130110335993E-8 0.04997702570105828
-0.057540995049113 0.8423979795604501 0.09189602276328529 0 1.2648086256038756E-7 1.60674511882587E-8 0.049977038516755785
0.06678793864290467 0.7745216917616872 0.08573266337058709 0 1.2481680044119756E-7 -8.960588181966322E-9 0.04997703884952869
-0.010066347156763604 0.7750831353836388 0.085534709697028 0 1.1979430966989345E-7 2.1959444946831284E-10 0.04997704630079096
0.33139114289377414 0.7785556133621918 0.09206768166444738 0 1.2677633356613786E-7 -4.134672905837125E-8 0.049977045717360495
0.46249999999999974 0.8010734985006057 0.09999999999999991 0 1.2805457215679628E-7 -5.8342734309982265E-8 0.04997703118166059
0.3836506929290542 0.7746515411716933 0.09384509082801115 0 1.2599548788929476E-7 -4.904490460129421E-8 0.049977038463120745
0.1913914876174544 0.7797285375111098 0.08801717214843206 0 1.177847833669096E-7 -2.2743776260232827E-8 0.04997703942179853
0.13322424106658332 0.7460807458646898 0.0840331591986956 0 1.1602051062587323E-7 -1.8123354346962526E-8 0.04997703276489098
0.290977677915208 0.7546407636986491 0.08855875058870188 0 1.204094565156145E-7 -3.870474589851428E-8 0.04997705264295908
0.23873623781901876 0.768060257846817 0.08814793343306236 0 1.1619374261535872E-7 -2.959094474878398E-8 0.0499770488461291
0.0873996338681695 0.6969472503405288 0.07943927986118829 0 1.1012540885150844E-7 -1.341593427659863E-8 0.04997702668820902
0.5230354883414245 0.6422697488364205 0.0903707538749386 0 1.0386596839093345E-7 -6.879632227460299E-8 0.04997705474770187
0.4904238791693691 0.6985151762406319 0.09277567976728547 0 1.1023886999241812E-7 -6.164470776657162E-8 0.04997704349839097
0.49825230464030656 0.6040689738252 0.08623250303750964 0 9.434431393653657E-8 -7.096264975321703E-8 0.049977055151859795
0.5828756184496425 0.5332115379316272 0.08685116301599329 0 8.884174182940058E-8 -8.370123250898554E-8 0.04997704299321295
0.5354804188313992 0.5793968081607486 0.0867593250488703 0 9.538051231466876E-8 -7.86874871425543E-8 0.049977052788842465
0.706135052883472 0.46732786457169856 0.09212747065803698 0 7.991340438017641E-8 -9.335539274118446E-8 0.049977049592832855
0.626960623589047 0.4522983371432033 0.08535306995964971 0 7.164594524895559E-8 -8.61197885583268E-8 0.04997704519869051
0.7564175363077812 0.3862256756237963 0.09237249347625182 0 7.240109560491811E-8 -1.0706059048831644E-7 0.04997705123225567
0.7978472984237353 0.3041762806928352 0.09281227257926786 0 5.86405538723757E-8 -1.1167644044711006E-7 0.04997704336599236
0.5572755215547441 0.4510872900080025 0.08061070588876622 0 7.246910630080223E-8 -7.9807223078485E-8 0.049977034924325765
0.8809325160784339 0.2820885436790224 0.09999999999999994 0 5.654354231224013E-8 -1.2066079803113376E-7 0.049977039007167996
0.8318102133114372 0.22322523392999072 0.09353078509252773 0 4.6962791673778775E-8 -1.1267680719332982E-7 0.049977048969727475
-0.19616860770583672 0.9039546015730862 0.09999999999999996 0 1.4016220912062043E-7 3.820406861576743E-8 0.04997702484836161
-0.14285595486183858 0.8282574032154257 0.09152546819348939 0 1.2802659546427702E-7 2.7321134857328844E-8 0.04997703176470697
-0.08028628936017151 0.7814679591465112 0.08645850584417021 0 1.1825264175674663E-7 1.3310525832333589E-8 0.049977036724673546
-0.04561230651596534 0.7294921334214545 0.08175631121749641 0 1.1244072702290185E-7 3.788054535800399E-9 0.04997703326250921
0.011531729957052473 0.70924084903091 0.0799938250529473 0 1.1197337883857269E-7 -5.0944209776009815E-9 0.04997703054604755
0.3464548928541494 0.7191482470167311 0.08759713317592265 0 1.1718788763686882E-7 -4.882243146536115E-8 0.04997704287982278
0.41227210451772556 0.7140762315680476 0.090018645217313 0 1.1371661318916843E-7 -5.4449929577928365E-8 0.04997703883432388
0.19425119712307035 0.7168127796252429 0.08273823779707913 0 1.084230886940085E-7 -2.8373482391682018E-8 0.0499770370476554
0.1444236460962668 0.6895139486023729 0.07960445430492033 0 1.0684988172956234E-7 -2.0919169037382043E-8 0.049977027858710235
0.26473613188816314 0.6988930987695542 0.08313425830297129 0 1.0876558956574699E-7 -4.19566822664015E-8 0.049977044178893044
0.31546555307223756 0.6681703741372859 0.0824215607208193 0 1.0675773261764595E-7 -4.803796807275978E-8 0.049977037243172207
0.04599891718688658 0.6542488180254783 0.07585611859697282 0 1.0363325053149698E-7 -5.911592673329147E-9 0.0499770216497702
0.1041493181168425 0.6209165315731189 0.07394244219969821 0 9.811991371828632E-8 -1.0901371805606416E-8 0.0499770222714549
0.4534199638911959 0.634338879041937 0.0859386615701075 0 9.61800933941168E-8 -6.179641017097343E-8 0.0499770465923768
0.4723939921181885 0.5653277489130147 0.08223903081434113 0 8.691380590454022E-8 -7.0550561145107E-8 0.049977044766101875
0.5096255127299391 0.5106912413470729 0.08097857821614195 0 8.226376656784586E-8 -7.601361504215555E-8 0.04997703817468953
0.49005227512439603 0.44470401859070546 0.07629562530822705 0 7.410714075130373E-8 -6.975424013407816E-8 0.04997702907521145
0.6719229666176102 0.3884051108238118 0.08561888827579651 0 6.258719221446489E-8 -9.654106021754982E-8 0.04997705659749452
0.585360990165672 0.3703838402167338 0.07867156144500052 0 5.8850211091521816E-8 -8.418344465462642E-8 0.049977034615351135
0.7133503615870089 0.32015636681811027 0.08613118221459616 0 5.698936486324354E-8 -1.0445880283131614E-7 0.04997704752420504
0.7561533810021166 0.25116889240286866 0.08746370240455795 0 4.6526740147920725E-8 -1.0460619167014791E-7 0.04997704592079003
0.4678168231247622 0.39722837411780604 0.07282402579327739 0 7.028881831557622E-8 -6.436599887985814E-8 0.04997702836245229
0.5201731653431543 0.38799390136202994 0.0753439569886662 0 6.565651005860601E-8 -7.35272981554316E-8 0.04997702777900151
0.9051251569294584 0.19071818089926673 0.09999999999999992 0 4.423697410483438E-8 -1.2490388535273763E-7 0.04997704639360724
0.7902639371480997 0.1788726841459575 0.08869278761371618 0 3.674789444976518E-8 -1.0729907925821537E-7 0.049977058671068615
0.8510855832446352 0.14814580550682155 0.0937894978149824 0 3.849376179235076E-8 -1.1949169516477703E-7 0.04997705577838852
-0.2873939485029833 0.8792210714939994 0.09999999999999992 0 1.3562134109626827E-7 5.164543505395654E-8 0.049977031875766534
-0.23130254147882853 0.8233581280344335 0.09294490463014163 0 1.3024834245863008E-7 4.2558967204838246E-8 0.04997703776397082
-0.31654977457237843 0.8071051679018628 0.09409208829712742 0 1.2166283866206469E-7 5.416368349595766E-8 0.049977041236453086
-0.17894546311077822 0.7718277883825889 0.08706002927260566 0 1.2387181763488723E-7 2.952428991255257E-8 0.04997703606760063
-0.13380906082414656 0.7600240739879769 0.08523325950883374 0 1.1934561088514157E-7 2.1080840930369502E-8 0.04997703244884521
-0.09794458893422107 0.7138796015511553 0.08090449857215165 0 1.1172504558050772E-7 1.3334818222456815E-8 0.04997702792578385
-0.048508906291745806 0.6781878024575432 0.07767733236817927 0 1.0667230971587E-7 6.000299536978737E-9 0.04997702389920086
-0.0078551337227577 0.6491499078369712 0.07536310530979572 0 1.0294063557126671E-7 1.827572032488609E-9 0.049977020822170544
-0.22520922840433794 0.7458968973346558 0.08588793599516023 0 1.2167434400080395E-7 3.3917880618067105E-8 0.04997704387991338
0.3676404370066046 0.6367719158122648 0.08211917016769558 0 9.986390945837531E-8 -5.3134608197877425E-8 0.049977034065527524
0.1936377969261951 0.6392946953673746 0.07676490405819383 0 1.0039497336771618E-7 -2.7386470546968173E-8 0.049977026781292996
0.2841334503354857 0.6165726819630527 0.07759808624216208 0 9.845494721337011E-8 -4.20714414805725E-8 0.049977027615005776
0.15199695343335892 0.5713443637747505 0.07128864354870554 0 9.292868601848253E-8 -1.4401952928982065E-8 0.04997702819558793
0.020086990102898376 0.582926818943489 0.07076019404513119 0 9.282096474090137E-8 2.986606167304996E-9 0.04997702122058708
0.09263905094403112 0.5551170207203663 0.06943102413110944 0 8.774545270267137E-8 -4.481040214934913E-9 0.049977029846038946
0.40094975894605217 0.5652131577221657 0.07869394977656125 0 8.748029511718464E-8 -5.7651197895189726E-8 0.04997703142165138
0.44736034083495335 0.4974141441538551 0.07684191432450417 0 7.99922909815556E-8 -6.423456520318792E-8 0.049977030769940096
0.43140219656813134 0.4287675225971859 0.07244484890584983 0 7.448387617758495E-8 -5.7692883515414306E-8 0.049977029766643546
0.6341588941531795 0.31283518999890125 0.0798162445324894 0 5.1398612650635955E-8 -9.288088582422091E-8 0.049977037588316585
0.5293785213896149 0.3388907230126146 0.07386902220939724 0 5.9156020399239706E-8 -7.44023735819643E-8 0.049977026673229515
0.5661686439840169 0.30314954318445153 0.07485251919573685 0 5.279438676558278E-8 -8.004241903347483E-8 0.049977028009344934
0.6744856330743808 0.25899543825752414 0.08106282636378112 0 4.4844245634140854E-8 -9.654015541616527E-8 0.0499770380934303
0.7226994437477959 0.19973529248782174 0.08334138075756292 0 3.4715199582465744E-8 -9.963759628714798E-8 0.04997704637205741
0.432283916850713 0.3802988180284773 0.07026687195777442 0 7.063594561889215E-8 -5.7608660646958876E-8 0.049977033635671936
0.471669282894354 0.34325991058700306 0.07076541111671207 0 6.407041202000648E-8 -6.496549596006535E-8 0.04997702892877577
0.9192877608705788 0.10260257931928718 0.09999999999999994 0 3.2227297154408925E-8 -1.3233786877614365E-7 0.049977045862295406
0.8038717607621602 0.12213857484508563 0.08895470660031483 0 3.0193907647654215E-8 -1.1589849613444235E-7 0.04997706190351056
0.7461230180043805 0.13265602880629776 0.08402816782270865 0 2.379851182333881E-8 -1.0655132510694813E-7 0.04997705608304559
0.8513706752696019 0.07427003550197267 0.09288407134507307 0 2.6576775829356145E-8 -1.2389439613976847E-7 0.04997705135048306
-0.37078556224583165 0.8474286657041801 0.09999999999999998 0 1.261271982280631E-7 6.133566691693489E-8 0.04997703130043987
-0.2837405614792432 0.7514739211838952 0.08805204152803742 0 1.1623090849537087E-7 4.336753489222824E-8 0.04997705086210808
-0.34402355613461416 0.7467533926463904 0.08979839619713195 0 1.115886211659227E-7 5.271743832724865E-8 0.049977041520760906
-0.37812997462304876 0.7796968295885027 0.09405159466762453 0 1.1637776635597891E-7 6.060084204268624E-8 0.049977035459839794
-0.1720142422395265 0.7059350940103875 0.08139872432652721 0 1.1438171721195618E-7 2.4349303958877777E-8 0.04997703078934731
-0.11459365381122653 0.6489796043007033 0.07609123122821615 0 1.0366204921622632E-7 1.8431376850864328E-8 0.04997702184794275
-0.05636556989485568 0.6123374883168238 0.07290850863136557 0 9.84298743244513E-8 1.2407304057994906E-8 0.04997702017620096
-0.25001651455608 0.6877574831582878 0.0818288600417976 0 1.1067225146731509E-7 3.221671850862407E-8 0.049977037875257015
-0.052031801679697585 0.5443357511275841 0.06842717285738567 0 9.02309418281543E-8 1.5142620161041838E-8 0.04997702755022322
0.3180361598450387 0.5508547874957042 0.07440724687637126 0 8.89752797851803E-8 -4.365700130308763E-8 0.04997702313780499
0.22784343961994075 0.5451094489255655 0.0712614275403811 0 9.140219510741675E-8 -2.795683557774679E-8 0.04997702572951431
0.15223360853370177 0.5114589799667827 0.06762073099832457 0 8.712804185113542E-8 -1.2962748928374926E-8 0.04997704278987684
0.001253333994083932 0.5186888782774371 0.06673044987207258 0 8.413178564795231E-8 6.226095083889719E-9 0.04997702851418597
0.04502055801070238 0.5239593119206278 0.06715619876796415 0 8.217971736267139E-8 8.260860275571593E-10 0.04997703072456768
0.09307018049889716 0.48701542238591894 0.06541754354915293 0 7.494739081268374E-8 -7.617768551671008E-9 0.049977046816596093
-0.028427878816465992 0.4894039605592073 0.06510500934199118 0 8.249439800556053E-8 8.881656081025551E-9 0.04997703275910768
0.3618627937090411 0.47199806236141684 0.07152593305679358 0 7.836833579696736E-8 -4.614813199089647E-8 0.04997702728827961
0.3818998921620359 0.39282083230988174 0.06849211870683777 0 7.149120062796348E-8 -4.66941247723475E-8 0.04997704136220998
0.5964895386590119 0.24538252217967105 0.07505456752399718 0 4.5207594648744374E-8 -8.351323465663806E-8 0.04997702943840809
0.5023235944487768 0.2915186453354023 0.07059623054924216 0 5.512614535822703E-8 -6.873170859579187E-8 0.049977027534093055
0.5325092597313041 0.25445661626164345 0.07121936353097057 0 4.932893555385529E-8 -7.209880144534923E-8 0.04997702862679759
0.6524176664552401 0.20477109599706136 0.07797707686621597 0 3.7036208507327156E-8 -9.168040758803292E-8 0.049977034476524046
0.6908574756839181 0.1584953945063365 0.07995126254637963 0 2.777768460800896E-8 -9.725364605348025E-8 0.04997704184986278
0.5953591891669738 0.1936606882201294 0.07369160395615945 0 3.976388878713673E-8 -8.233068880130952E-8 0.04997703118973245
0.6892086201904363 0.11760753932384704 0.079182235454291 0 2.2059822473215344E-8 -9.880438626349722E-8 0.049977040947495256
0.405879084331799 0.3317218591300754 0.06705525860874957 0 6.521222235211591E-8 -5.638408905955893E-8 0.04997704245260875
0.4374027432196878 0.28280425722565 0.06685837267776955 0 5.5722856044274726E-8 -6.052730433787009E-8 0.04997703472135279
0.9249999999999994 2.4083227273235917E-16 0.09999999999999988 0 1.6714099080975935E-8 -1.3138978287182043E-7 0.049977041562074664
0.7822439697509949 0.07342341173252223 0.08646750245519459 0 2.0125769973524053E-8 -1.15606062704754E-7 0.04997705385397764
0.7247257834183622 0.08520662975023731 0.08165698245211614 0 1.7332376929824485E-8 -1.0593989752391913E-7 0.049977046485245695
0.8252770499196596 2.2719212644267835E-16 0.09008727174442381 0 1.306140218336137E-8 -1.1714683957050498E-7 0.04997704795299145
0.8548200389796248 -0.0652462727687064 0.09314675085287963 0 6.383560324464479E-9 -1.1851109653623345E-7 0.0499770509026756
-0.4625 0.8010734985006055 0.09999999999999995 0 1.213897102975596E-7 7.468644940590997E-8 0.04997702705201633
-0.4789401191209053 0.7197628636157833 0.09385470752197606 0 1.1229271440623231E-7 7.739761066914694E-8 0.04997703593563527
-0.5083123257938114 0.6756675576578802 0.09200745306162256 0 1.0591969531699401E-7 8.177315200599749E-8 0.049977044261854286
-0.32754350874215143 0.6890222378899378 0.08446715933764734 0 1.0629153682949232E-7 4.527806668565126E-8 0.04997703774261914
-0.41247406389305447 0.7144260354671815 0.09005646238462256 0 1.1073152903130389E-7 6.4126408005943E-8 0.049977035304652494
-0.19051431605916905 0.626194724144322 0.07575740850014469 0 1.0028496920366356E-7 2.8762546255413437E-8 0.049977023792100214
-0.12546868182070262 0.5661421054611622 0.07053660282173835 0 9.098362064868625E-8 2.6645131786177223E-8 0.049977028077649255
-0.19168892528151546 0.5624523066487603 0.07149027116733264 0 8.773033315986533E-8 3.3545119448292097E-8 0.04997702552892819
-0.29003290264585363 0.6297052539110426 0.07871782471366957 0 9.997538108689759E-8 3.96470472017128E-8 0.049977027132721494
-0.10596501162257628 0.5041773372256166 0.0665257287102945 0 8.460476004264128E-8 2.380930067074644E-8 0.04997704453931202
-0.0710277803670786 0.4813038479979327 0.0648997774631422 0 8.409439226078408E-8 1.4698526778095948E-8 0.04997704100084781
0.27234892372669683 0.47172217328134014 0.06829621029644013 0 7.98879800693761E-8 -3.328797196667351E-8 0.049977027779096454
0.21079455863719812 0.4693257584201238 0.06648483672306539 0 8.292638689385499E-8 -2.613586631127191E-8 0.04997703489474694
0.14985938251764008 0.45279307874260605 0.06437801254812757 0 7.883851897650554E-8 -2.1991298483156626E-8 0.04997704939320084
0.18545604713463826 0.4304739947807409 0.06393784680976806 0 7.60412605234856E-8 -2.691275934757419E-8 0.04997703896837696
0.11053788187593885 0.4306223745782792 0.0626902062642271 0 6.986468139700103E-8 -1.932683526383802E-8 0.04997704522702612
0.019795838688718648 0.4703114259817322 0.0640444060829731 0 7.543266225503085E-8 4.4258632736431373E-10 0.049977033076342034
0.06533055038853271 0.4354649165439313 0.06247764990259347 0 6.821082361856739E-8 -1.0280484899898483E-8 0.04997703832411252
-0.04037960269203985 0.4408570318083466 0.0625957773306699 0 7.628236895457681E-8 6.2885993067354205E-9 0.04997703424971859
0.3329058545937796 0.33325924236807375 0.06406157186555389 0 5.5621775505560433E-8 -4.785397095256178E-8 0.049977055307172814
0.30693864167133966 0.4042133776050551 0.06608285286906407 0 6.639024803124428E-8 -3.5966934377609054E-8 0.049977039696030894
0.5387084587482874 0.20560708274998704 0.07032262751622614 0 4.416300427773191E-8 -7.163603192371706E-8 0.04997703391517305
0.47599510640454495 0.23047538821938993 0.06733340193971542 0 4.640822028483376E-8 -6.209174973512916E-8 0.049977035493931544
0.5285393108936259 0.16518893231571916 0.06885934434787161 0 4.052088997482281E-8 -7.039297810634901E-8 0.04997704217352591
0.6359863797306671 0.1341128294488754 0.07542020319546491 0 2.8736844242920378E-8 -9.006668928796202E-8 0.04997703337802431
0.5665181445886517 0.15558354761445173 0.07104008880031383 0 3.801418629764081E-8 -7.805913468139468E-8 0.04997703575015978
0.660910431014522 0.06111123862815046 0.0764443497197492 0 1.693740906076572E-8 -9.500277577099656E-8 0.04997703332914865
0.3628225028367361 0.2686598783514226 0.06303900336729049 0 4.970129077566769E-8 -5.4652353645012395E-8 0.049977040755524234
0.40159415937487913 0.22227119456522582 0.06342742714419668 0 4.193149721515352E-8 -5.524539277041077E-8 0.0499770373958789
0.8374232558848936 -0.1293417213860296 0.09218338983550127 0 -1.991907579800098E-9 -1.1841771292669957E-7 0.04997705997031242
0.9192877606928149 -0.10260258091221071 0.09999999999999994 0 2.7467862856480667E-9 -1.288718642436122E-7 0.04997704711786199
0.736498120183538 1.9461726324828643E-16 0.0822207664498539 0 7.315380374344798E-9 -1.0446877215710579E-7 0.04997704227436297
0.7859407931602105 -0.07401767626946824 0.08680140328934059 0 -7.096069550087316E-10 -1.0676568415016196E-7 0.04997705530546916
0.7880045515761323 -0.12910173677696724 0.08762058220646912 0 -8.3630474455994E-9 -1.106584426647113E-7 0.04997706440626485
0.7883546035916829 -0.16488856810254315 0.08824892692988198 0 -1.29956880350445E-8 -1.1547683765371769E-7 0.04997706314509281
0.7597010793028802 -0.19500257071099414 0.08634694259141451 0 -2.0049610191131432E-8 -1.1225015898766378E-7 0.049977055856223404
-0.5485031394581955 0.7448231888659758 0.09999999999999998 0 1.1447410391577028E-7 8.85284117874844E-8 0.049977033087089735
-0.5596851197575441 0.6634042603718276 0.09419033697962353 0 9.996195813574268E-8 8.807969063385244E-8 0.049977043955093246
-0.4499036574234318 0.6597655574984556 0.08762543161615084 0 1.075381189805961E-7 6.98457606563035E-8 0.04997704065665072
-0.5084523869045262 0.6310249340793687 0.08870435188239581 0 1.0056679886193919E-7 7.778585659255124E-8 0.04997705171895387
-0.3679940573528886 0.6373844042186184 0.08217817873449768 0 1.0260077045551723E-7 5.2560944788413534E-8 0.04997703092775535
-0.42125713605646403 0.6077940464059373 0.08247265847688973 0 1.0173710425562472E-7 6.111555257786088E-8 0.049977035488038404
-0.5445828559277581 0.5931276201062035 0.08823074690283744 0 9.091979847101787E-8 7.847693140160364E-8 0.049977049518620593
-0.2598642375444073 0.5690891545970852 0.07365958600480058 0 8.979931731064863E-8 3.965855446652386E-8 0.04997702097604694
-0.146043412013244 0.5032640730580226 0.06704541835555089 0 7.856166707088129E-8 2.941329990226017E-8 0.04997704449685401
-0.17773060720916645 0.5259463281585312 0.06894804779728927 0 8.0554503759406E-8 3.343175763439405E-8 0.049977033177350305
-0.21172158677062325 0.5198781223671345 0.06933829044213057 0 7.934553323469402E-8 3.6646329095236293E-8 0.049977028100985386
-0.31860245148696237 0.5518356333914171 0.07448895588812982 0 8.889189041613758E-8 4.782436372586656E-8 0.04997702025510326
-0.14030890931253803 0.4679836164169959 0.06501280116403946 0 7.395494595602828E-8 2.2392403402806282E-8 0.04997705093320853
-0.1029411460718821 0.44640858274387013 0.06338188130081228 0 7.706323045295575E-8 1.3102394011168755E-8 0.049977047071725324
0.2318898921058528 0.4016450748890024 0.06367695651733307 0 6.78888672442982E-8 -3.103575606841191E-8 0.04997703365776501
0.15384627156060382 0.38391173658918915 0.06118533303935767 0 6.59488225162867E-8 -2.505027603393516E-8 0.04997703316434963
0.08567704016096146 0.39343427128029224 0.06068036954612458 0 6.451332186780126E-8 -1.519119147987203E-8 0.049977033454379725
0.05891091878969271 0.3561813785904501 0.05888183035860122 0 6.054893488836939E-8 -8.295795923020484E-9 0.04997702624566497
0.013052198219917915 0.38970549808144694 0.060109559393507296 0 6.530144577449889E-8 -1.9243035702978798E-9 0.04997702747606843
-0.07539656272461731 0.38263872680028077 0.06011274428033935 0 6.611108256021819E-8 8.97293250253776E-9 0.04997702972935527
0.29687695963224414 0.26583446546620587 0.06049214663587172 0 4.52865123337184E-8 -4.4615636035097476E-8 0.04997703474783673
0.2625418688185837 0.33648330779519714 0.06181290503458571 0 5.337920504964815E-8 -3.707172349871305E-8 0.0499770366358729
0.4879508039440347 0.1753290332884817 0.06671893154849401 0 3.925754879191803E-8 -6.220641211191032E-8 0.049977047423965235
0.44078820931890456 0.1777885340956575 0.06428879605061416 0 3.399760279552416E-8 -5.682945074583874E-8 0.04997704631035832
0.5192463818471629 0.12824117265253684 0.06769417632898124 0 3.651710845941899E-8 -7.254759819160938E-8 0.0499770486430585
0.5800435663390094 0.07440259297015445 0.07086095755136958 0 2.5296222810373072E-8 -8.355225958796647E-8 0.04997703294526837
0.637168246229727 1.7636191275501274E-16 0.07448630903843242 0 1.0201065867734099E-8 -9.020431263355043E-8 0.049977030017663036
0.394490378891255 0.17177804019933987 0.06198157459134764 0 3.1047748443775795E-8 -5.365319509643198E-8 0.04997703930424119
0.33827356631260735 0.19741612693850674 0.060186571415137134 0 3.683748322711822E-8 -4.80249448113817E-8 0.04997703149813976
0.823080640176532 -0.2073363860609292 0.09232209730203018 0 -1.5286159648357465E-8 -1.2234847403400364E-7 0.04997705491977761
0.9051251563026288 -0.19071818387397393 0.09999999999999996 0 -1.0432834155585793E-8 -1.3209419375490359E-7 0.049977048810200236
0.6918887433807663 -0.06772116765551028 0.07886795692620671 0 -3.38041533418424E-9 -9.595003740978282E-8 0.04997703923350696
0.7325342916850162 -0.13408386908087777 0.08291013088256638 0 -1.5342074288939588E-8 -1.0332846718089292E-7 0.04997705437890719
0.7578046117703348 -0.24801668508133748 0.08751626752734717 0 -2.5205193152537133E-8 -1.1029002957311707E-7 0.04997704972676821
0.7040732060431756 -0.2032143579310842 0.08191372549943252 0 -2.3130103633179587E-8 -1.0166298883222072E-7 0.04997704555258613
-0.6177328508859397 0.6884991641819087 0.09999999999999995 0 1.0195540508016021E-7 9.52357573620731E-8 0.049977035044232856
-0.6071515389330133 0.6092519905512257 0.0934219469334025 0 9.010126224356695E-8 9.092477963461721E-8 0.049977039542891864
-0.5735399527378838 0.553508622043815 0.08749015204644302 0 8.541281252897532E-8 8.196469873350746E-8 0.049977041210621444
-0.47303326379715877 0.5791284533565412 0.08316905076856485 0 9.728097282111541E-8 6.600879845744737E-8 0.049977043621379745
-0.39181543828090004 0.55445735722153 0.07760084140770421 0 9.22914356063367E-8 5.673530218503249E-8 0.04997702582665974
-0.5240933648557364 0.532232296917964 0.0831006990315747 0 8.616021474364803E-8 7.215405622824417E-8 0.049977038946832135
-0.2730034360466586 0.47285582187369307 0.06837705113188602 0 7.521601952956062E-8 4.521574323029223E-8 0.04997702510168439
-0.19156331121345604 0.4731617410648762 0.06625147072173328 0 7.10743804160347E-8 3.149484891690934E-8 0.049977037640087554
-0.3580569939172612 0.4725541821277962 0.07140049698238948 0 7.680475128234274E-8 5.745294212737441E-8 0.04997702420226152
-0.30165136280488036 0.4184145297189895 0.06656200918217181 0 7.049920546603793E-8 5.1293095790161715E-8 0.049977033589747706
-0.157502577302292 0.4062797025959702 0.06224976286168573 0 6.591557503500859E-8 1.9335560402312033E-8 0.04997703671586522
0.1923176439095004 0.3331039304431941 0.059877835485628056 0 5.656414363264633E-8 -2.7886358926214117E-8 0.049977026488368
0.10763513709501452 0.32249572723181036 0.058047784011843524 0 5.702792933814091E-8 -1.4485117781264261E-8 0.04997702415410535
0.02555769618970364 0.3104658173674803 0.05699894508193309 0 5.5103578630968004E-8 1.3506656373224733E-9 0.049977027133625666
-0.04439277195221167 0.328710102628296 0.0577329050528648 0 5.648325569122642E-8 9.150864489681046E-9 0.04997702494206088
-0.11902524067374878 0.32805250160257865 0.05839824108948766 0 5.6064545919775717E-8 1.7377401461281804E-8 0.04997702324676002
-0.017053837843317182 0.27836069099312905 0.05590951428308119 0 4.8577185936752624E-8 1.021624021276036E-8 0.04997703324037898
0.011677278178983168 0.25977319628253465 0.05533524160416193 0 4.826410571020933E-8 7.379211287493636E-9 0.04997703915163066
0.26432978404622737 0.19520810401833602 0.05761727712614054 0 3.9086035533585895E-8 -3.5295936486678344E-8 0.049977028219296706
0.22703812963746223 0.26409762190385005 0.058370438456053005 0 4.625274258083179E-8 -3.113953767692212E-8 0.04997702584985543
0.4615326701397575 0.12346215125476942 0.06442192515091573 0 2.661004611514553E-8 -6.548958872381554E-8 0.04997705862686008
0.41609697408913515 0.13788398400008958 0.06237868126929303 0 2.4181181248496883E-8 -5.756851709381035E-8 0.04997704662477009
0.493812622045095 0.06489296717588176 0.06554297030555511 0 2.327509912753596E-8 -7.447670492868041E-8 0.04997704551668362
0.5965173615012843 -0.07939251741876009 0.07200225824383245 0 1.9741081049138153E-9 -8.312744511037946E-8 0.04997703297275596
0.5449077695259101 1.790659953385319E-16 0.06830916124377963 0 1.4711016746989727E-8 -7.694258605352523E-8 0.04997703372380283
0.35923719947272786 0.12552401442410066 0.05970040660633742 0 2.4852004180119982E-8 -5.078050102844656E-8 0.04997703291182753
0.23462332403576253 0.13422621113694225 0.05564316792853833 0 3.544519827366038E-8 -2.8864674178187273E-8 0.04997703878179322
0.29070078878885497 0.12979410487969603 0.05724274123768994 0 3.11435265923576E-8 -3.977677617829405E-8 0.049977029537017194
0.8014927716328408 -0.29144105877124366 0.09271262928645599 0 -2.7313555530097067E-8 -1.1594498153371408E-7 0.04997704749880495
0.8809325145611795 -0.2820885484172241 0.09999999999999999 0 -2.449483484709766E-8 -1.2944058076231908E-7 0.04997704285410226
0.6510493529215736 -0.15514133280147802 0.07686356365481603 0 -1.4512182723203855E-8 -9.254575561945432E-8 0.0499770370381677
0.5770279320473077 -0.1518434761804153 0.07165568912865206 0 -6.908922463449082E-9 -8.306920535381228E-8 0.0499770366185145
0.7173493567573875 -0.3169596225802428 0.08634023460744476 0 -3.440977603020204E-8 -9.853527149294048E-8 0.04997705152254004
0.6897625743522149 -0.264441860913035 0.0824063475266023 0 -2.998255557063353E-8 -9.671200281182645E-8 0.0499770439378263
0.6384778628041973 -0.23491899962832427 0.0777084562971251 0 -2.549150813511037E-8 -9.044990891284176E-8 0.04997703618541057
-0.6847646792234083 0.6218628292777221 0.09999999999999995 0 9.219974857815588E-8 1.0374265557122299E-7 0.04997702943510782
-0.6465139113454264 0.538316822314734 0.09160194260007758 0 8.342846688272586E-8 9.763939236927743E-8 0.04997703598895427
-0.5770660846669927 0.4836246905463882 0.08360849061752018 0 8.0006312671101E-8 8.348460256935558E-8 0.04997703452731376
-0.45509595152323246 0.486640439064581 0.0766367028663977 0 8.026573102677193E-8 6.557928254869116E-8 0.049977026677698336
-0.41803303753571375 0.41861066103869105 0.07131407766744806 0 6.56336549305898E-8 6.574274376476727E-8 0.04997702838709616
-0.5228737105474611 0.469403410425903 0.0794598201715015 0 7.802199602181713E-8 7.433005028221753E-8 0.0499770292293152
-0.2326279902659774 0.402923498403311 0.06375456788963607 0 6.720638233069016E-8 3.5836984536354656E-8 0.04997703141316149
-0.2807191746564195 0.3771430143239577 0.06401358518053686 0 6.766920364585058E-8 4.498898448562178E-8 0.04997703787585702
-0.366851516506518 0.3914531813319968 0.06779342734587492 0 6.180671136100783E-8 6.160379415573711E-8 0.04997704144645468
-0.31784422091904324 0.3574692689417032 0.06445327462614314 0 6.480015739197618E-8 5.014157790567891E-8 0.04997704901935368
-0.19326570388917427 0.3347460184966118 0.05996054906425582 0 5.8884151263445416E-8 2.7508094589832873E-8 0.049977024892647624
0.14969050843762158 0.2592715660247785 0.05657975437506353 0 4.863695198439802E-8 -1.719010643234821E-8 0.04997702424104387
-0.15073713287945018 0.26108437273446894 0.05665087411303694 0 4.564725091601008E-8 2.5830413772193013E-8 0.049977022689644095
0.06630901180929023 0.250856535710505 0.0553186995326227 0 4.978372862116651E-8 -2.6682207051611E-9 0.04997703426601118
0.017981432514459814 0.22651294475696923 0.05443142027174295 0 4.525080529720301E-8 5.018513868876174E-9 0.04997705012065657
-0.07471068043782808 0.2615864764835527 0.0556965634877458 0 4.373769282794202E-8 1.6913918241520684E-8 0.04997703006342794
-0.014253461472862217 0.23459230484404994 0.05463523466770248 0 4.1275679274490025E-8 1.0579295798877082E-8 0.04997704768023014
0.20062573683728832 0.09527047772396216 0.05430115527057267 0 2.9882619829782544E-8 -2.7296648988716724E-8 0.04997705369303678
0.18890830540911194 0.1893292231980287 0.05555650018582656 0 3.9434501453897605E-8 -1.9970026186903813E-8 0.049977033561412684
0.18353225708574536 0.1263657612272312 0.05431954168807018 0 3.148960472702552E-8 -1.9616151791769087E-8 0.04997705312752834
0.4146151646677903 0.077681020975073 0.06157475739077052 0 1.6746224647186007E-8 -6.175926151469269E-8 0.04997704149797747
0.4636209692030302 1.4593888372567647E-16 0.06366862151549985 0 1.0645308643019891E-8 -6.530428960864016E-8 0.04997703871883049
0.5270134709035552 -0.12362075461980128 0.0680883893303861 0 3.8465327703098945E-10 -7.452164916765358E-8 0.04997704803604214
0.5078212312272355 -0.05773868566153319 0.06628756501631428 0 6.383161881386065E-9 -6.777526837790853E-8 0.04997704301966449
0.3331467524821928 0.0633273262949379 0.05801432008933982 0 1.9032874344417697E-8 -4.7688974627920455E-8 0.049977027694487114
0.2538184516803514 0.06940494742292715 0.05542696753822805 0 2.6445185312101107E-8 -3.595135672453437E-8 0.04997703626009067
0.7635253857731481 -0.3782532475337201 0.0926398396720293 0 -3.73892755817044E-8 -1.080722483171175E-7 0.04997705516769442
0.8437752388147 -0.3790359438971111 0.09999999999999999 0 -3.6814277109039915E-8 -1.2064890183012095E-7 0.04997704429582569
0.5898871014295897 -0.20776639827421509 0.07364495662277286 0 -1.8033302926957514E-8 -8.542510436798262E-8 0.04997703342316148
0.5408130551366508 -0.18150058753720788 0.06992281214701015 0 -1.0187390069089269E-8 -8.064506615874375E-8 0.04997703976427835
0.6777956079436661 -0.39290477214771746 0.08626804024189792 0 -4.874788145821394E-8 -9.517029935136084E-8 0.049977063460456696
0.6346730356926773 -0.3174870091624343 0.08001946855914076 0 -3.924512007231503E-8 -8.647878392584628E-8 0.04997704281203535
0.5796784116794852 -0.2776116098201063 0.07488927562467991 0 -3.0323607553463356E-8 -8.22301877738784E-8 0.04997703244588112
-0.7501326501074496 0.5412263004122693 0.09999999999999999 0 8.278375116839618E-8 1.1615512295659746E-7 0.0499770314188988
-0.7186415188607144 0.4635460562865767 0.09293928953994947 0 7.218350649497714E-8 1.1128173935173061E-7 0.049977044446956505
-0.5580584193120213 0.42548332869284045 0.0793877523859349 0 7.32472410921484E-8 8.077881810756556E-8 0.04997702906277984
-0.6328963674406778 0.4470501467799965 0.08550954643040555 0 7.71889500967914E-8 9.515142743337902E-8 0.049977041601985385
-0.6767294999436545 0.3833870641168075 0.08576692861654717 0 6.695478541399431E-8 9.671665118056427E-8 0.04997705169395839
-0.4324706598932547 0.3595596935895599 0.06940707877592157 0 5.424559560799456E-8 6.592079326412474E-8 0.04997703146325618
-0.48200836859227103 0.4026983386005155 0.07383556549613608 0 6.517395643283321E-8 7.151263134511222E-8 0.049977023967414755
-0.5442886348821633 0.36830034160648034 0.07595460109733419 0 6.361331363381896E-8 7.91837193887824E-8 0.04997702447906883
-0.3182526738785638 0.31228528282505874 0.06275542647814243 0 5.8104118968362363E-8 4.323703468372777E-8 0.04997704572834125
-0.25621859628623345 0.32661564029958035 0.06125711843708684 0 6.117880936302226E-8 3.690941038761302E-8 0.04997703256072477
-0.37474174799433474 0.325215240573534 0.06543736846884436 0 5.0511594788665335E-8 5.3580798648147994E-8 0.04997704778522733
-0.4300985673768074 0.3012630280350379 0.06711000127247038 0 4.6750311441565616E-8 6.366782457221903E-8 0.04997703260682294
-0.22695325756190313 0.2565120405768185 0.058144911454045704 0 4.7647688216815246E-8 3.446988364663806E-8 0.049977023688757796
-0.18350196867475074 0.18844743574056294 0.05542383280391715 0 3.438084981495213E-8 3.378225423025806E-8 0.0499770325519708
0.11136664405289663 0.19289268576805546 0.0543171535525474 0 4.014822235641445E-8 -9.872106889780911E-9 0.049977037806698016
-0.1122914677939212 0.19449452747555573 0.054363926326504504 0 3.493721598856805E-8 2.2232927308190414E-8 0.04997703660305243
7.833096257776418E-4 0.19069362679459012 0.05356840441819727 0 3.724896086593162E-8 1.2496797273862178E-9 0.049977056616595135
0.04520143550094839 0.18418512355280772 0.05354594410814683 0 4.053203267950875E-8 -4.465541108648204E-9 0.04997704951668532
0.017173734845246678 0.1662656573333219 0.05309215701680856 0 3.539929835006726E-8 -3.927260988486586E-9 0.0499770521646631
-0.04746651353754764 0.1829715324610284 0.053532622158623755 0 3.187524147994565E-8 8.88051939896026E-9 0.04997704853348657
0.1909210649037195 0.04684254353730668 0.05369730809312632 0 2.024812939326308E-8 -2.9116122103255877E-8 0.04997704918078112
0.15384433041034729 0.09209874155024392 0.053330182368177645 0 2.1057325269524463E-8 -2.1434554947463728E-8 0.04997705708175424
0.13647605991683223 0.1435082568468913 0.053729825805134857 0 2.977129690206928E-8 -1.347029860437968E-8 0.04997704765718021
0.38492668203237634 1.0023152680894796E-16 0.05989052034096669 0 7.764805211470913E-9 -5.4007456802115116E-8 0.04997703076915338
0.4253355502182104 -0.06042681663517086 0.061949401873126426 0 -1.8277335561957852E-9 -5.6126162468003816E-8 0.0499770417635599
0.48600244774065643 -0.18106149615140063 0.0667271620082264 0 -1.223149609941052E-8 -7.527460928338338E-8 0.04997704876922261
0.4535801009187721 -0.11979187747949692 0.06395953291420167 0 -9.95687654208532E-9 -6.275952624808379E-8 0.04997705925652576
0.30024351839566077 1.0287337474471442E-16 0.0566089984335615 0 1.3016976151775085E-8 -4.1878957116048977E-8 0.04997702727732512
0.2238875048948223 7.961310541061857E-17 0.054346295287657866 0 1.5299177304060493E-8 -3.093176791452477E-8 0.049977039927300404
0.7176713367395706 -0.46521260674377907 0.09294805270739667 0 -5.323111430731111E-8 -1.0814253601489677E-7 0.04997705608512899
0.8010709981238167 -0.46249419750242293 0.09999999999999998 0 -4.9801085237932886E-8 -1.1783339466224611E-7 0.04997704919615767
0.526450453306162 -0.2376825100162034 0.07038843476625323 0 -2.0605311342402287E-8 -7.834583392458602E-8 0.049977033993747894
0.4546475825643904 -0.23293628734368743 0.06627327609670221 0 -2.0779493564197812E-8 -6.82349450604992E-8 0.049977039755643604
0.5306797663003683 -0.29923675531161764 0.07251363051783592 0 -3.14477424780104E-8 -7.619215082103377E-8 0.049977030883509355
0.6103906305879975 -0.40135765312469507 0.08172372928462608 0 -5.3317153160603726E-8 -8.574936770434582E-8 0.049977047907859055
0.6403517767463041 -0.46278562534170165 0.08686037768572827 0 -5.86248336167589E-8 -9.421060696543206E-8 0.04997705289291723
0.5664981365845182 -0.34007595181336636 0.07621962270586985 0 -4.098822178365841E-8 -7.920699478214054E-8 0.04997703457069732
-0.8010558185062641 0.4625204886241073 0.09999999999999998 0 6.902668573161052E-8 1.208768590206649E-7 0.04997703665297838
-0.7603438011582597 0.3738096376808479 0.09217483686370775 0 5.628028977207453E-8 1.101738124156683E-7 0.04997704419478254
-0.6064827120561795 0.3683452405387546 0.0800133246078764 0 6.75446242011122E-8 8.652425178165844E-8 0.049977034141547916
-0.6554904399290363 0.3258387756938692 0.08184700708932659 0 5.9580753420149226E-8 9.145476158855342E-8 0.049977038017072546
-0.7173789460644423 0.3218656625868021 0.0865204629875929 0 5.413615029495834E-8 1.0126297787908308E-7 0.04997704225829953
-0.4490633670822638 0.262933614095089 0.06682964731028332 0 4.317353720328017E-8 6.809991086941889E-8 0.04997703039266638
-0.561964870759204 0.31624700130713357 0.07504348009682706 0 5.574323815735967E-8 8.188943143561838E-8 0.049977023689619315
-0.4969688691845382 0.31115828345845914 0.070963541880969 0 5.0761747348089384E-8 7.430748062241519E-8 0.04997702343492871
-0.3445240713159381 0.2767146512083848 0.0625551726814487 0 4.9480068006173254E-8 4.608411742457336E-8 0.04997703963775102
-0.29822944351534514 0.2720284218761082 0.06072614652584281 0 5.18937200552931E-8 4.051345121753881E-8 0.0499770338360983
-0.278960464150049 0.23105339123962187 0.058930977919053947 0 4.397886150466389E-8 4.037035065919485E-8 0.04997702656531078
-0.39866775255885006 0.2551376793832062 0.06418286265211672 0 4.3783380861055225E-8 5.799499750311576E-8 0.049977034678025
-0.43855507291261625 0.22078311851591842 0.06514753629020965 0 3.97944835697888E-8 6.817653732716308E-8 0.04997703475613758
-0.25569422992480945 0.18010642956677383 0.05704280655464758 0 3.308567036107187E-8 4.045515771314195E-8 0.0499770273269756
-0.22047029564306936 0.14293411554993973 0.05541545974285534 0 2.4436380824497153E-8 3.792761993249463E-8 0.049977038707417425
-0.18680865935078536 0.12991541986645877 0.05443956342319764 0 2.4432395935474903E-8 3.39182208740975E-8 0.04997704995331088
-0.13865734030206037 0.13413724110678016 0.05361667711440055 0 3.030233374816727E-8 2.567364291334274E-8 0.04997704875510062
-0.13558426904309848 0.09984465055515283 0.05311549222562181 0 2.7381103470648922E-8 2.1135122046134893E-8 0.04997705221083713
-0.25161809751440434 0.1255049475699697 0.05598231997151887 0 2.1752978933343026E-8 3.9578008656912784E-8 0.04997703345222253
0.19420772375092543 -0.04676552312468657 0.05376845209193871 0 7.2866254951329345E-9 -2.372449277933335E-8 0.04997704942084931
0.07844894660138703 0.13587756131386025 0.05290437550856243 0 2.9188595087400047E-8 -1.0163030636902537E-8 0.04997704474932536
0.1581850159804538 4.03666044625459E-17 0.05292729798071231 0 9.650578543979866E-9 -2.1513712611040903E-8 0.049977046493043145
-0.0793293077376864 0.13740239153093967 0.05293577949983721 0 2.950690343141318E-8 1.2667256344405165E-8 0.04997704418115014
-0.10192189467460562 0.10267269443312377 0.05269596908601703 0 2.7605036844659858E-8 1.529623625760606E-8 0.04997704568332891
-0.004334214649360648 0.15163914092247652 0.05281372846092682 0 3.129092093240192E-8 -2.2445981496460586E-9 0.04997704953761512
0.035198297345602834 0.13784946141786308 0.05265706254873472 0 3.0467281177592055E-8 -6.961581066041807E-9 0.04997704573262377
-0.03647527919163236 0.1302798698937503 0.05254752074115307 0 2.8015377369051915E-8 3.2580359339577308E-9 0.0499770441024689
0.12737884186502524 0.04457914646124021 0.05254239887577797 0 1.317507525081032E-8 -1.944239350530871E-8 0.0499770463174941
0.10177697427875258 0.08834048795367636 0.05253956863179542 0 1.894415122583411E-8 -1.4756649311687227E-8 0.04997704575036135
0.34118511954802583 -0.062154607897978366 0.058312559079427444 0 2.866609795936129E-10 -4.6531671465582235E-8 0.049977029171161265
0.37836392981717903 -0.12391451309547875 0.06047575124681005 0 -1.2358574667864229E-8 -5.251444118050343E-8 0.049977038385586224
0.41238404925178007 -0.18021837395374024 0.06296662723972753 0 -1.8769635190430177E-8 -6.102228060210514E-8 0.049977044150965405
0.1676578507312959 -0.08204581170599337 0.05348225864611659 0 -1.617437952602666E-9 -2.0854935696533982E-8 0.04997705869897499
0.20181374228166962 -0.09141964150518621 0.05428754190491373 0 3.1625907084468096E-9 -2.7558188722320913E-8 0.049977054638069875
0.25485064501553883 -0.06881848120103617 0.05545206946541742 0 6.477014626628615E-9 -3.466440113680708E-8 0.04997703699626908
0.6644823007055147 -0.5389515943966049 0.09297818153954257 0 -6.396367815967728E-8 -9.82211687852942E-8 0.04997704805764585
0.7501545366059805 -0.541195963440213 0.09999999999999984 0 -6.34895669544459E-8 -1.130203598618847E-7 0.049977044713216366
0.6027366073062329 -0.5213223560235656 0.08747588350371878 0 -6.322263244681092E-8 -8.543244784091038E-8 0.049977049507528196
0.3907221727608636 -0.23584567652234328 0.06329187670784996 0 -2.3229900772880333E-8 -5.453284318080221E-8 0.0499770406936915
0.47890979704271586 -0.2863984098188226 0.06912760288748078 0 -2.690363464703378E-8 -6.977627935751262E-8 0.049977033770183685
0.4250914842628162 -0.2904030737883922 0.06650384046370365 0 -2.6071390112259286E-8 -5.992032933406352E-8 0.049977041041118594
0.5018045759598764 -0.3463645861940246 0.07254833341115846 0 -3.738783391874002E-8 -7.159954610389252E-8 0.04997703179970725
0.5395049675561714 -0.4037977139333864 0.07721405836956645 0 -4.973279913409766E-8 -7.547603899034166E-8 0.04997703581986503
0.5629289159938321 -0.47314451663551055 0.08212579004392509 0 -5.9512048550071176E-8 -7.804747269769057E-8 0.04997704393585289
-0.8437609348289447 0.37906778281416026 0.09999999999999995 0 5.606718910685317E-8 1.23648555676043E-7 0.049977032723621355
-0.7888004165309437 0.2903760964571749 0.0915314985584158 0 4.693558267845995E-8 1.1655514472430053E-7 0.04997703798208887
-0.6102329054490165 0.2953318100128198 0.07752504764743698 0 5.423636160933645E-8 8.74276605243776E-8 0.04997702761960446
-0.6672358697757713 0.2726523999513782 0.08092297245691278 0 5.086585052933311E-8 9.548290548019536E-8 0.04997703275762724
-0.7578216461505273 0.23114048963723496 0.08705889216020636 0 4.290301866558782E-8 1.1406352550524435E-7 0.04997704177826672
-0.7250638207162802 0.2644091498704253 0.08523826785223539 0 4.7923571735097694E-8 1.0583804064298134E-7 0.04997703787398012
-0.49761740681994665 0.2259943198914076 0.06840949555720777 0 3.8092942587380685E-8 7.788602308550769E-8 0.04997703046283819
-0.5531916805568725 0.2548390044927608 0.07250231820116229 0 4.40975306826398E-8 8.306015841562219E-8 0.049977023744156746
-0.3304177610769968 0.2075632873895256 0.060121873146272396 0 4.075512890200744E-8 4.7603431046032444E-8 0.04997702869965803
-0.40020050920329836 0.18553375498639196 0.06251643484045977 0 3.873286019161068E-8 6.08068221220653E-8 0.04997703590157368
-0.4509389353459413 0.1806295394110867 0.06485872161226297 0 3.578498142801916E-8 7.183517610022507E-8 0.04997704300611027
-0.3081655557366316 0.12979030410922685 0.057834162632571066 0 2.709262377087421E-8 4.5859367633903584E-8 0.04997702627075416
-0.21413652185417031 0.10501643106435352 0.05472829937040968 0 1.7275454827725953E-8 3.374478738167286E-8 0.0499770469023721
-0.1657690318723487 0.09663028560186343 0.05359396061230914 0 2.355625256176002E-8 2.5322990318594815E-8 0.04997705719313282
-0.13208776332768432 0.07040426877471608 0.05277929135503944 0 2.33935939664537E-8 1.7878523671343535E-8 0.04997704935304211
-0.2668792736165402 0.06671487334767569 0.05579077358601759 0 1.3622257341450706E-8 3.896481254845912E-8 0.04997703088611803
0.13394298555224937 -0.04272165979228181 0.052630185389843605 0 1.0170213648905694E-9 -1.5567191186160965E-8 0.04997704792751972
0.04273067501608838 0.07401170016957918 0.05192584962618541 0 1.860535021234242E-8 -7.942311603586959E-9 0.0499770361830847
-0.07427627943517315 0.042883429926301064 0.051928801697300825 0 1.922159078183363E-8 1.0025574946513765E-8 0.04997703613109298
0.08580268905133058 2.7924535741052085E-17 0.05192915349305607 0 6.163582948689388E-9 -1.1090726413044902E-8 0.04997703714508555
-0.04304287969149937 0.07455245452975151 0.0519319033593881 0 2.2238929829098784E-8 4.346500756508274E-9 0.049977035949742954
-2.9796378738924766E-17 0.08577355466188762 0.05192886660175564 0 2.2095492565249125E-8 -2.615346624938219E-9 0.049977036172253006
0.0741595043143772 0.04281600977887492 0.05192749553399362 0 1.2526431705876769E-8 -1.1315348660695775E-8 0.04997703689754251
0.12170874450296679 -0.07937873255132208 0.05270638285367756 0 -5.618350444295134E-9 -1.4478123805720386E-8 0.04997705054060919
0.1532214795718842 -0.1047515501973591 0.0534601593182905 0 -6.992601918177406E-9 -2.2278710343420556E-8 0.04997705845034071
0.2997814449763266 -0.13025461904441932 0.057552736756421516 0 -6.917278143751575E-9 -4.2454222228819686E-8 0.049977031128436225
0.34046960443170665 -0.192505611563268 0.060162576700472446 0 -1.9250095386952444E-8 -4.708654172170109E-8 0.049977034429611614
0.34557599933864525 -0.25420475687873284 0.06192004258218349 0 -2.710476017528742E-8 -4.4735689335392854E-8 0.04997704184037711
0.17846806103523252 -0.12182655323316931 0.05415222050793654 0 -4.960285850299767E-9 -2.9381669154083874E-8 0.0499770569443259
0.23090062297727748 -0.133798202671902 0.055538699139373295 0 -2.9630028777893133E-9 -3.583763222221673E-8 0.04997704185734451
0.6050561438570468 -0.6036830020468081 0.09289418017943481 0 -7.001490034477754E-8 -8.729824121025288E-8 0.049977053464215604
0.6847899965302142 -0.6218349498910589 0.09999999999999994 0 -7.284016697299795E-8 -1.0051101143249228E-7 0.04997704359420367
0.5365057739834544 -0.6074638984061791 0.08871198704411519 0 -7.407145635541329E-8 -7.585324197303569E-8 0.04997706481932254
0.5490740032503056 -0.5442731464552362 0.08535659345024513 0 -6.644145099968166E-8 -7.367286017805111E-8 0.04997705360383821
0.3750627258693447 -0.2936858939923493 0.06434654814554322 0 -2.8586055361425762E-8 -4.9124155037927485E-8 0.049977049322306726
0.3969354899692888 -0.3460112170117684 0.06719703593166886 0 -3.1971234622669395E-8 -5.7563498577126525E-8 0.049977050257098025
0.4494990254251991 -0.34835776824770576 0.06980849106780326 0 -3.390003154306373E-8 -6.506131474964317E-8 0.04997703727663824
0.4743994852003083 -0.40954268251415876 0.073738234339428 0 -4.6511006155950135E-8 -6.782115473481312E-8 0.04997703403005685
0.5051728219418842 -0.4543425560441293 0.07763963571270259 0 -5.585173374806144E-8 -6.964386536704044E-8 0.04997703721586269
0.5025098789806551 -0.515963207586209 0.08087711077114171 0 -6.555919719937681E-8 -6.647022536672156E-8 0.04997704622110939
-0.8809225682293763 0.28211960771987943 0.09999999999999996 0 4.3672558401328586E-8 1.3237529042819563E-7 0.04997703209892343
-0.828550120997359 0.21135039229983998 0.09293041569195869 0 3.4787373696186725E-8 1.25946456806984E-7 0.0499770441441243
-0.4876818695036711 0.16005919777938843 0.06641416297022892 0 2.811024574948196E-8 7.71233356801934E-8 0.04997704768499052
-0.7583678808155521 0.178257805309045 0.085877514601274 0 3.787757877823555E-8 1.1413542082477472E-7 0.04997704949101019
-0.6170663609123308 0.222189336538271 0.07585507468331582 0 4.16905036755522E-8 9.085265858091987E-8 0.04997702588775613
-0.6972424057138273 0.20430689657176634 0.08139617396721441 0 4.2615415043751E-8 1.0315716900034009E-7 0.04997703587354625
-0.5518948161465875 0.17422255470543752 0.07046196471921623 0 2.8601569440362756E-8 8.405455247861521E-8 0.04997703168412816
-0.36894201678212313 0.12798179161528736 0.06013540062401418 0 3.179682801296188E-8 5.3980877442442766E-8 0.04997703167124482
-0.4362515368769687 0.13236424219261816 0.06326633817399903 0 3.324896955130561E-8 6.478617245478497E-8 0.049977048948124374
-0.33947513674739144 0.06240362523718613 0.058248486325065116 0 1.9045332548210205E-8 4.880539165898729E-8 0.049977025154646255
-0.18433654548332082 0.048222709230570565 0.05356505347436668 0 1.3566463238048076E-8 2.4404040702316774E-8 0.04997704861742996
-0.13330372693534312 0.03517105967265548 0.052587287930552964 0 1.726264790262477E-8 1.824631148903741E-8 0.04997704506270276
-0.08544796042127181 1.2633032021521531E-17 0.05192572029476935 0 1.3282071727512324E-8 1.3503030369013042E-8 0.04997703625850039
-0.2993967149465731 5.4908359945213266E-18 0.05658028588283902 0 6.312018588553061E-9 4.425855676821987E-8 0.04997702477029781
-0.22270343343645202 -2.7398019802337882E-17 0.054316401779706945 0 4.224270761729881E-9 3.328321832898905E-8 0.04997703811109861
-0.27837086784154214 -0.12617379267311218 0.05679356136910862 0 -1.245566082570734E-8 4.014831632091661E-8 0.04997703020722225
0.07416648351753428 -0.04282003922369633 0.05192757354063934 0 2.756355657659484E-10 -7.508158185142141E-9 0.04997703757398757
-0.07423701450489274 -0.04286076030823398 0.051928362278406685 0 6.909884266896255E-9 1.3768421770804442E-8 0.049977036868130334
5.433302611002987E-16 -9.25534990736191E-16 0.051513083863437 0 9.739311943107122E-9 1.2262958017830555E-9 0.04997702847844145
-0.10393602836491157 -0.0928684349452979 0.05261104654913398 0 -7.903087632214383E-11 1.722179590891631E-8 0.04997704697228254
0.09263290818595533 -0.09340215664313874 0.05249108753880629 0 -6.792255775027855E-9 -1.065460899209845E-8 0.04997704599144489
0.13365633223327938 -0.131494330544841 0.053500013617672336 0 -1.0876709074578791E-8 -2.1916305810201328E-8 0.04997705197417157
0.32685099627426545 -0.2905697969488598 0.06232853198902639 0 -3.3981930714088437E-8 -4.0727538614012884E-8 0.0499770487683854
0.25568805190108224 -0.19009790761699052 0.05725179690059135 0 -1.5604773127544716E-8 -3.7641476977639696E-8 0.049977031602958175
0.2878012678865199 -0.2461068228137798 0.059620677596610265 0 -2.7473266146151518E-8 -3.7998235290058835E-8 0.0499770348790438
0.17648242248939017 -0.17786432905826252 0.055061790182478074 0 -1.3258576089517766E-8 -3.0768030321222916E-8 0.04997704032991585
-0.2483235922732361 -0.18165056966040063 0.05686432272721823 0 -1.9089679842469406E-8 3.4075697407943395E-8 0.04997703035596943
0.5547456546446986 -0.6639301342123074 0.09391738389868397 0 -8.084840488384474E-8 -8.439059260640625E-8 0.049977058740406685
0.617759403950767 -0.688475338910477 0.09999999999999995 0 -8.260975548636885E-8 -9.203504314964523E-8 0.0499770500840801
0.5055257679581893 -0.637124600070996 0.08897493457515948 0 -8.231979549895647E-8 -7.523264012838608E-8 0.04997706454854913
0.4877536710430043 -0.5826751104622181 0.08420495651136725 0 -7.730054971444645E-8 -6.508331518654858E-8 0.04997705957023165
0.33633282409977666 -0.3398966968888034 0.06444423660906808 0 -4.0286812921044875E-8 -4.712473955291096E-8 0.049977061076278896
0.3632772876174715 -0.38800374757803635 0.06749345504717459 0 -4.223847469549526E-8 -5.837984170102982E-8 0.049977051608794294
0.41704203467651185 -0.4108303752912243 0.07090170067103964 0 -4.451202190876491E-8 -6.29788952072411E-8 0.049977038925686196
0.4381086940659461 -0.4733073985449338 0.07505155127124846 0 -5.790853391359807E-8 -6.200785606844564E-8 0.04997703575395514
0.4531934148271225 -0.5420428192507506 0.07976926362259741 0 -7.166028918262538E-8 -6.015052447409919E-8 0.049977045256605304
-0.8565041007211142 0.12935729823844902 0.09401883827528355 0 2.0375221803977667E-8 1.2406204393520896E-7 0.0499770476993973
-0.9051192255768068 0.1907463267598074 0.09999999999999999 0 2.9646569395590594E-8 1.3510705349497636E-7 0.04997703893311186
-0.7940808377677345 0.13178185399490336 0.08820577601429047 0 2.695314277122458E-8 1.1472995203134134E-7 0.04997705664444734
-0.33304413722574716 -0.0693067767843958 0.05805530637396814 0 -3.9511090450262425E-10 5.01521035013857E-8 0.04997702599947572
-0.4742240483662385 0.11256694280313873 0.06494853319711702 0 2.4092282948180224E-8 6.701245108643863E-8 0.04997705386893405
-0.5075730010734563 0.12513873893141758 0.06697106660603604 0 2.007831492558685E-8 7.458606294946736E-8 0.049977048017467836
-0.5430568755805907 0.10886676283437083 0.06886622733636953 0 1.7456995956444107E-8 7.833438121163273E-8 0.04997703684111077
-0.7200856347104287 0.12756375701027653 0.08178787314202199 0 3.3766713484571315E-8 1.0383896401146441E-7 0.04997704274588652
-0.6366216770914513 0.1480565042375733 0.07568897320024313 0 3.14241784352314E-8 9.306160914828332E-8 0.04997702806007572
-0.5817364775186938 0.11498204866540508 0.07140762999266016 0 2.0897785127574885E-8 8.457500889994596E-8 0.04997702947327923
-0.42774238996431574 0.06497482014443741 0.06209784320535726 0 2.2091954045563294E-8 5.872506225148367E-8 0.049977038402369556
-0.3847166606924661 5.007387460326135E-18 0.05988137680814879 0 1.1674467463194246E-8 5.6477207684125145E-8 0.04997702725977063
-0.3349183900900527 -0.1391323925724424 0.05894927757126893 0 -9.200611064453062E-9 4.93958570586281E-8 0.04997702900718601
-0.29014129297673835 -0.2192290809213992 0.05898973037684319 0 -2.1207048320034668E-8 4.3796662896733495E-8 0.0499770296866914
-0.30831506111577245 -0.17770170158565646 0.05867258259636438 0 -1.6008918119490493E-8 4.54670219763191E-8 0.049977028513140405
-0.8184909839211807 0.07533925376340875 0.08977629762126751 0 1.6447819370875435E-8 1.1493972355296714E-7 0.04997704723763507
-0.15687445011428935 1.9896548115933566E-17 0.05290395974586269 0 9.878269746222546E-9 2.3801159820581022E-8 0.049977044895739536
-0.12783259126111396 -0.033275347967647646 0.05249920381841622 0 7.74563654447123E-9 2.157654400953909E-8 0.04997704458299949
-0.12619399745448542 -0.06614911525416546 0.05266041061116255 0 3.855808096224629E-9 2.1728633367802446E-8 0.04997704859621021
-0.24680219676358395 -0.07209570484823002 0.05524990662857362 0 -7.60992596786528E-9 3.738051547977545E-8 0.0499770368129373
-0.22815732549244763 -0.13366956667415794 0.05546555293618707 0 -1.6095633758754776E-8 3.0023173419694776E-8 0.04997704027316513
-0.15093740406319942 -0.09389909648308085 0.053299030733839035 0 -1.6048865601752047E-9 2.3204178703704965E-8 0.04997705667582261
-0.17405337917392047 -0.045794392161233266 0.053343830220451034 0 1.5398087182309708E-9 2.9378016490579373E-8 0.04997704957663255
-0.18973296493485722 -0.18461798069110347 0.055474546986767154 0 -1.963610644434839E-8 2.2411323456218297E-8 0.04997703567821478
-0.1364384943575783 -0.14270773398924902 0.05371629461338726 0 -1.0162416443872522E-8 1.5831438508210205E-8 0.049977048818925486
0.04273873390329096 -0.07402565857166638 0.05192600533605053 0 -2.6593198668115268E-9 -1.8859744366774597E-9 0.04997703741097513
-0.04299754043112493 -0.07447392462720538 0.051931021483395706 0 8.066758032621808E-10 1.0466614718639589E-8 0.04997703710590945
1.3904975238826412E-17 -0.08573627431625096 0.051928505242836896 0 -2.5440061482052172E-9 5.062380663406625E-9 0.04997703755638329
-0.07925046645516252 -0.13726583442387433 0.052932952804228266 0 -1.0003055585865682E-8 1.2602666541912436E-8 0.049977046255931114
0.078463056828959 -0.135902000944921 0.052904876080197075 0 -9.851658713487444E-9 -9.965767801658416E-9 0.04997704694503807
0.11138757858716244 -0.19292894544503636 0.054318208030815426 0 -1.5239619858775068E-8 -1.9554144904799182E-8 0.049977040871445874
0.2704412885460667 -0.32134890739138133 0.06148782850104338 0 -4.14866067640756E-8 -3.581458536904744E-8 0.04997704257847202
0.21970172124605267 -0.2547036178054315 0.05790944965811469 0 -2.7541189954131676E-8 -3.131916054892579E-8 0.04997702922607308
0.06445906182530692 -0.2524774236880237 0.05535114833714504 0 -2.257633322128972E-8 -1.3637246816362068E-8 0.0499770383699416
0.14972579901011426 -0.2593326910893636 0.056582144341893334 0 -2.5818619502298464E-8 -2.329079374646482E-8 0.04997702841746151
0.031363797849434556 -0.30517057546423765 0.0568332914109285 0 -3.312551660970106E-8 -7.16928800380757E-9 0.049977032589356075
-0.03281109095750645 -0.303248501545522 0.0567724159885361 0 -3.5058800446782535E-8 1.8982231045579003E-9 0.04997703248509315
-0.22974591189928226 -0.25639797529990704 0.058213734017978094 0 -2.6008946423184265E-8 3.3863177761941656E-8 0.04997702776047053
-0.15050660974349658 -0.260685094950677 0.05663516711153095 0 -2.9381259729379704E-8 1.996834884184663E-8 0.04997702678298953
-0.0010639892128916778 -0.35571530812846325 0.05866683852382106 0 -4.146221606808848E-8 1.2934029659995228E-9 0.04997703103740482
0.4897167015298755 -0.6990669986722716 0.09278011319940965 0 -9.047836067507857E-8 -7.608522896772497E-8 0.04997705394016311
0.5485314847714318 -0.7448023146284537 0.09999999999999996 0 -9.499428282629335E-8 -8.530013604482478E-8 0.04997704861076536
0.4538946410105444 -0.6418290507487608 0.08650541722977732 0 -8.656674014172852E-8 -6.631672563391364E-8 0.04997705612481445
0.43691576165411183 -0.5863880363863174 0.08178506492225697 0 -7.974425994540737E-8 -5.928930945028904E-8 0.049977049227887226
0.30008338071089913 -0.40108479031261085 0.06570468861303413 0 -4.96544360212951E-8 -4.7980409412919904E-8 0.04997704585636495
0.35656776116113886 -0.46142030598113837 0.07075125137743835 0 -5.5446590957146835E-8 -5.5238852991018134E-8 0.04997703557992809
0.38634553368626 -0.5411366135074784 0.07653244947706513 0 -7.022679358493221E-8 -5.368352488457662E-8 0.049977035750885246
-0.8641324069088798 0.062174994255793294 0.09403348687291993 0 1.2051903338620763E-8 1.2291831726701629E-7 0.04997704151681927
-0.9192848102122441 0.10262901652303172 0.09999999999999998 0 1.6415270984318213E-8 1.317305985379476E-7 0.04997703801907987
-0.7599167871431189 0.06070075634999409 0.08441733903220823 0 2.0253666272417694E-8 1.0656780263840991E-7 0.04997704283487126
-0.3798507417992421 -0.12110542276221137 0.06050058794352799 0 -3.2690159489214627E-9 5.653627458016731E-8 0.04997703530496507
-0.40842759083875524 -0.05875232359605665 0.06114052778332879 0 4.370526432644687E-9 6.297359078307345E-8 0.04997703492924434
-0.5039157942187592 0.07056797810116018 0.06615707446286306 0 1.4425610489307143E-8 6.904375506021143E-8 0.04997704089720987
-0.5548238392163808 0.07638757137486703 0.0692570455361671 0 1.4189278276798805E-8 7.888758230664666E-8 0.04997703184011781
-0.6893460495224285 0.06354738512595373 0.07863780818203954 0 2.1837772672043537E-8 9.817915118585773E-8 0.049977031594919404
-0.6215823870108426 0.05940809814964494 0.0735747228508592 0 1.6630068043771476E-8 8.941089023229179E-8 0.04997702508840376
-0.4662367643365183 -0.05429215722432917 0.06397307879016166 0 1.0735150798597919E-9 7.306398331285792E-8 0.049977040772716974
-0.46385916918682774 -3.671115297680029E-17 0.06368112390889598 0 8.687732870083594E-9 6.786881331730964E-8 0.049977034530194184
-0.3620108841151937 -0.17400839360604695 0.060635096430618034 0 -1.2818322828483589E-8 5.299523894658959E-8 0.049977032955345696
-0.299671918215507 -0.26919022055739933 0.06068803798570996 0 -2.628575961597196E-8 4.774799452727964E-8 0.04997703719262954
-0.33027652289156045 -0.22443841547131757 0.060528990644305516 0 -2.1483772198141718E-8 5.0780199701437304E-8 0.04997703300141971
-0.8245744171037561 3.2427437940114445E-20 0.09002147282184526 0 6.1647015844725784E-9 1.197673833427804E-7 0.049977040811494976
-0.19761019796705673 -0.10158906953187434 0.054303584925033156 0 -1.0997532091219604E-8 2.827086166260528E-8 0.04997705415559362
-0.18403998396844498 -0.12735803584373423 0.05434432437859784 0 -1.2284866850882977E-8 2.2108830826081447E-8 0.04997705295675244
0.002774404310843052 -0.26370741404826953 0.055444406431408536 0 -2.785501600861607E-8 -6.96702517429882E-9 0.04997704251018758
-0.11217260429255088 -0.1942886498520168 0.05435789315243198 0 -2.095338663987671E-8 1.2553835813006413E-8 0.04997703943397107
-0.059917909088264505 -0.2537684697083779 0.05535616729591674 0 -3.089639569088341E-8 4.082286744466981E-9 0.04997703816044645
0.025874926118163173 -0.1326695098536581 0.05254567933671944 0 -8.717669348306437E-9 1.2605152187487772E-9 0.04997704724321232
-0.02524383979971824 -0.13300675455069116 0.05254892004091195 0 -1.0019420469569516E-8 8.667084553060478E-9 0.04997704698566874
0.05493858025113073 -0.18721166728009325 0.05366460039291042 0 -1.2759527952771057E-8 -8.366951160847431E-9 0.049977050306546165
-0.053441146730527585 -0.1870910243981426 0.053652873989227134 0 -2.1702002745825396E-8 7.310784579584618E-9 0.049977050050817706
-0.015811501710617765 -0.22080470166743846 0.05428292799461194 0 -2.4672068740525978E-8 -2.258371016516702E-9 0.04997705542802242
0.001589553534327251 -0.18045943852644147 0.053353802929854637 0 -1.593586475901702E-8 2.737144692562091E-9 0.0499770586979895
0.01713256069613923 -0.2191946756676691 0.054245341320781695 0 -1.885915947215331E-8 -6.689578954026634E-9 0.04997705580405826
0.23193963455587202 -0.4017312313397281 0.06368217918749612 0 -4.754791095724038E-8 -3.287734922393087E-8 0.04997703985766168
0.1923608915779979 -0.3331788376023402 0.059881599761303035 0 -3.9111774374194824E-8 -2.4862402374547878E-8 0.049977031757565654
0.10559774308437371 -0.32641465451667345 0.058167036115944384 0 -3.627213159109718E-8 -1.3337495130694364E-8 0.04997702968513183
0.02839276411724587 -0.3973392921812579 0.060485401730235276 0 -4.859769128290166E-8 -1.0576849126699268E-9 0.049977035540186496
0.04349199689707277 -0.3606955682361924 0.05897556113419837 0 -4.2562998171694255E-8 -4.118760899077289E-9 0.04997703206533082
-0.2724211583800272 -0.34021230275634196 0.06225471036920945 0 -3.419115397161484E-8 4.07979112813918E-8 0.049977041957327495
-0.04975626500892476 -0.3592625346716331 0.05895024498757896 0 -4.1531185881480724E-8 9.427417742987956E-9 0.0499770316348032
-0.11115524588477288 -0.32319159740630654 0.058116751891295344 0 -3.769931988136126E-8 1.7708649947757563E-8 0.049977028091965595
-0.1929576265867868 -0.33421241295621784 0.05993362613445384 0 -3.738396179181855E-8 3.0597716073034426E-8 0.04997703007207178
-0.00580331192480529 -0.44141011755505605 0.06253303354413747 0 -5.331998928002811E-8 2.319010833569338E-9 0.049977039079045264
-0.03317807935019408 -0.4000499580003111 0.06062434517611842 0 -4.632814765096805E-8 7.9928610797033E-9 0.0499770358721363
-0.4124914840826571 -0.7144562081206507 0.09005972521404425 0 -9.496228989381446E-8 5.746361517169744E-8 0.049977045163217
-0.4625000000000001 -0.8010734985006056 0.09999999999999992 0 -1.0933264480084871E-7 6.146071060118455E-8 0.049977038139855136
-0.38371343710296635 -0.7748603000238191 0.09386619334345217 0 -1.0727293115388267E-7 5.212477761355754E-8 0.04997704624176451
0.41226227881814503 -0.7140592129571534 0.09001680581831234 0 -9.132816957896294E-8 -6.092359340744552E-8 0.049977049941432004
0.4625000000000003 -0.8010734985006056 0.09999999999999992 0 -1.0204294012392001E-7 -7.131731182976934E-8 0.04997704359607046
0.36763254236248355 -0.6367582418875386 0.08211785344170675 0 -8.302100208341716E-8 -4.954926570614668E-8 0.04997704392320698
0.2724100436150707 -0.4718280360333562 0.06830375115676082 0 -5.56222283824457E-8 -4.2335151788871284E-8 0.04997703517520896
0.31808183532075857 -0.5509338997403103 0.07441383187593022 0 -6.928123943756805E-8 -4.497489804011593E-8 0.049977031626626985
0.2111878992556696 -0.5199281931560845 0.06932845783235407 0 -5.990949141532097E-8 -3.375296625878689E-8 0.04997703847019978
0.021803385387518696 -0.48225449508691837 0.06469299319690376 0 -6.151554749712421E-8 -4.639176612716442E-9 0.049977040796036154
-0.8627884197170683 -0.05512509329877387 0.09385473111979895 0 -4.5486340787906225E-9 1.2764019573229277E-7 0.049977041394750295
-0.9249999999999996 -3.487031299242896E-17 0.0999999999999999 0 2.3869037070510654E-9 1.3430861650639327E-7 0.04997703331084615
-0.7353276040989696 -1.3378311327871067E-18 0.08212306732579755 0 1.2008491028701228E-8 1.0693520217229752E-7 0.049977035675972684
-0.4256923062754768 -0.12215318657273537 0.06260425960749795 0 -2.6154914943541822E-9 6.311004228543253E-8 0.049977047580323314
-0.4043520178042478 -0.16901983470521803 0.062374130552393804 0 -1.101677583168989E-8 5.699894546707242E-8 0.04997704009324842
-0.46760448929491655 -0.09647351175034935 0.06440527405535054 0 -4.781859802792411E-9 7.305359319515065E-8 0.04997705201041125
-0.5447672634209793 2.858524015158418E-17 0.06830049229574699 0 4.632412314976051E-9 7.956813438195913E-8 0.04997702878107582
-0.6361392415232948 1.0428654588114258E-18 0.074412070818866 0 9.126058745151047E-9 9.266345301135276E-8 0.04997702432059693
-0.5124187514513647 -0.051847896831783355 0.06651654728017117 0 -3.108818598355137E-9 7.867151399656936E-8 0.04997703678218442
-0.36799093114432163 -0.6373789894665451 0.08217765681431857 0 -8.091625780905624E-8 5.6090780926145505E-8 0.04997703990079131
-0.31827009850817745 -0.5512599811461146 0.07444098367382036 0 -6.996148089322598E-8 4.637491461552152E-8 0.04997702798676199
-0.31386332305040454 -0.40193360988060217 0.06622216379223078 0 -4.692859756470777E-8 3.918406065386006E-8 0.049977044052022
-0.344912559069745 -0.4432246070018303 0.06935603931497553 0 -5.5571305855289047E-8 4.396632692873258E-8 0.04997703498948063
-0.3337091490042147 -0.3553876317528073 0.06495432896100803 0 -4.0208191670055905E-8 4.615255311096106E-8 0.04997705661996884
-0.383737195098482 -0.21760730691022415 0.06251779019199952 0 -2.121428582134216E-8 5.623322026041452E-8 0.049977036055548735
-0.33230969380311975 -0.3125744339373021 0.06328313435425742 0 -3.3712446445419555E-8 5.313936499038606E-8 0.04997705217856863
-0.3540195296480104 -0.26181915330723304 0.06247659304365877 0 -2.840765812668994E-8 5.5790731352373836E-8 0.04997704009028909
-0.7962287177911112 -0.06074957956360479 0.08762354715881245 0 -6.436904109807039E-10 1.1990348620852686E-7 0.04997704579111031
-0.7351410524947966 -0.06092685497728594 0.08231802271497875 0 4.1430002655388975E-9 1.1030264730802018E-7 0.04997703986128281
-0.4839056580716607 -0.700569999447879 0.09257832058039935 0 -9.153925929033568E-8 6.392014114874641E-8 0.04997704794416011
-0.548567403595686 -0.7447758606713796 0.09999999999999995 0 -1.0011970820075425E-7 7.226906078506852E-8 0.049977042392144726
-0.43547631470191006 -0.6351536187841573 0.08509247440255902 0 -7.759630478828496E-8 6.284554027803255E-8 0.04997704769158335
-0.4991515386320159 -0.6334110077816721 0.08834372866104905 0 -8.019422307656688E-8 6.969182669575772E-8 0.04997705890843531
0.19075484218748148 -0.47253116432229375 0.06620021711897693 0 -5.147054678833245E-8 -2.8572315758370694E-8 0.04997704698018468
0.04901016908663563 -0.43723836174505165 0.062459634223422635 0 -5.6610488520946384E-8 -4.448423124752772E-9 0.049977042806956085
0.06673635655852123 -0.4767204709635778 0.06461779605353515 0 -6.392066223119627E-8 -1.0760461273126907E-8 0.04997704873250955
0.08201071126761385 -0.3939388987243752 0.06066806698898625 0 -4.87136725746841E-8 -6.54416764790273E-9 0.04997703950516654
0.15779399244920161 -0.40600143052169285 0.06224217224863409 0 -4.656156921976884E-8 -1.6797972067462618E-8 0.04997704451501857
-0.23228029263418432 -0.4023212684393739 0.06371797650698163 0 -4.868840223469063E-8 3.365417943869984E-8 0.04997703770593705
-0.272587327693687 -0.4721351010648927 0.06832563375196132 0 -6.078405666925016E-8 3.5982780583367084E-8 0.049977032069755775
-0.08918266806588586 -0.39015326021997454 0.06056960464965617 0 -4.493642777330678E-8 1.8220529637743607E-8 0.04997703845079429
-0.15459594130071433 -0.39192658728762203 0.061550218588660825 0 -4.8161386007472526E-8 2.7890608723926647E-8 0.04997703975007649
-0.18675532053812563 -0.43493251784630643 0.06418357757579085 0 -5.774788137645932E-8 2.935286806228378E-8 0.04997704421934767
-0.21375905453868752 -0.4723463627877797 0.06671710658979704 0 -6.409097548224195E-8 2.8986151144776444E-8 0.04997703954542118
-0.030837599095424044 -0.4757419881377715 0.06436680609968097 0 -5.5974154321971284E-8 3.4463385326939347E-9 0.049977041583923146
-0.05772042989369192 -0.4373202270026056 0.06251628812885628 0 -4.919031979633502E-8 1.1349938659832999E-8 0.04997704381101423
-0.34485879204612635 -0.7195732958375974 0.08756922173357189 0 -9.831216088051838E-8 5.1607541378129666E-8 0.04997705053007575
-0.3147326423667731 -0.6679534491621227 0.08237892997106575 0 -8.773276281727483E-8 5.096384435047838E-8 0.04997704432105538
-0.23145619169988374 -0.5426436945370012 0.07120349698950756 0 -7.195662926466445E-8 3.128311568202969E-8 0.04997703165186718
-0.28415939775573246 -0.6153602706014173 0.07751426427315904 0 -7.923303174292476E-8 4.50281282984612E-8 0.04997703403936431
-0.32938286511096027 -0.7771045511687235 0.09186418681824757 0 -1.0773599852926625E-7 4.435668450246164E-8 0.04997705475433865
-0.29287844997281653 -0.7560683801841978 0.08874412837590734 0 -1.0196822371547774E-7 4.189011015962713E-8 0.04997706143595349
-0.3707535969478622 -0.8474426517245004 0.09999999999999994 0 -1.1792304192182715E-7 4.852316390295051E-8 0.04997704395718659
0.3299132550602819 -0.6955796266909601 0.08507057911176502 0 -8.742247969139887E-8 -4.284835687127975E-8 0.04997705277571783
0.29721686832567656 -0.7486484838731736 0.08825580478820183 0 -9.484278736957897E-8 -4.1937854065691344E-8 0.04997706419212608
0.36329863298780996 -0.7692008953950569 0.09250410835033807 0 -9.526890558115582E-8 -5.454207859111282E-8 0.04997705346347771
0.37078540548822353 -0.84742873429503 0.09999999999999996 0 -1.0679332682920826E-7 -5.800613713631617E-8 0.0499770483178024
0.28831363121595577 -0.628175946475062 0.07855241106831119 0 -8.039951762184754E-8 -3.631063608134656E-8 0.049977039416161426
0.2593907519340379 -0.5686281064407216 0.07361593901057979 0 -7.024594022882856E-8 -3.679299831263214E-8 0.04997703237906587
0.1909808398518187 -0.5616900805542804 0.07142639087555927 0 -6.81858328200706E-8 -3.069979718420691E-8 0.04997703654559916
0.17735047116299676 -0.5251479744589087 0.06889288845838194 0 -6.098604120639865E-8 -3.0698343685238836E-8 0.04997704349877089
-0.006975621790116347 -0.518397225687904 0.06671599267023105 0 -6.428298455677666E-8 -2.6097702137631644E-9 0.04997703724463014
-0.05196883438319561 -0.5240326103663052 0.06719869985797552 0 -6.263247320029011E-8 2.727411566838821E-9 0.049977039867689824
0.051893656645759574 -0.5409828050063739 0.06822031633188269 0 -7.04748269828939E-8 -1.2372437466559176E-8 0.04997703764289836
-0.8393412000270999 -0.10211595922316324 0.09200820531311653 0 -1.1572256543748489E-8 1.2457032601378983E-7 0.04997704938098101
-0.8023821229894582 -0.12465004703532731 0.08885408731398863 0 -1.1321954118652167E-8 1.1822829731061611E-7 0.049977056488312036
-0.919283847116488 -0.10263764414409532 0.09999999999999995 0 -1.3200711775088334E-8 1.352317763762661E-7 0.04997703872399073
-0.4286041911968902 -0.211604106404576 0.06443452009247352 0 -2.1332007322829777E-8 5.9290456525342026E-8 0.04997703846068543
-0.6752473549062171 -0.06099766201966174 0.07752927755735106 0 3.3032479641911308E-9 1.0012493656849496E-7 0.049977029990866256
-0.4690213191754545 -0.16282051739106812 0.06545407679976868 0 -1.5298039766322816E-8 6.252973550722478E-8 0.049977050689597936
-0.5199939829281818 -0.12464895604080488 0.06768673130026925 0 -1.6698236908475725E-8 7.568027885121218E-8 0.049977045650612444
-0.5844196053235723 -0.07491703801282976 0.07115392026499068 0 -5.785549509260147E-9 8.67333830180028E-8 0.04997702830445919
-0.40158939943089916 -0.5697012631254147 0.07901179842938963 0 -6.865022951797864E-8 6.068129646388665E-8 0.04997703622708678
-0.3629672679735455 -0.5093150093458657 0.0736457128337714 0 -6.332583531399013E-8 5.139697325336864E-8 0.04997702865698446
-0.36195665189066545 -0.3775113144203722 0.06698450376718919 0 -4.866666567523394E-8 4.681029046256038E-8 0.049977051131698876
-0.36626813150114046 -0.41664081435894 0.06892167223823108 0 -5.329182274579736E-8 4.6504725709257255E-8 0.04997703999501117
-0.3903068178565833 -0.4466269881485596 0.07141764844659583 0 -5.693552115091497E-8 5.247657007100871E-8 0.04997703284472309
-0.38262787487786487 -0.34149739132768064 0.06638993492953274 0 -4.6637983319829915E-8 5.518371827299669E-8 0.049977050824346336
-0.4062559769371703 -0.26147495596378895 0.06471383725610919 0 -3.1270850017973835E-8 5.995679139714667E-8 0.04997703777322638
-0.379843340675863 -0.2969419115223147 0.06465963905911938 0 -3.764216317861165E-8 5.8915061686538466E-8 0.04997704575956784
-0.735100345459195 -0.11930462056175606 0.08291132970822639 0 -2.126022608092741E-9 1.0874316907392148E-7 0.04997704726545546
-0.5519968333853201 -0.6639303440969675 0.09374464706266032 0 -9.074364768571745E-8 7.451166965298219E-8 0.049977052777766665
-0.6178002971320175 -0.6884386430529175 0.09999999999999999 0 -9.629678483227986E-8 8.543115300912074E-8 0.04997704318757261
-0.4800125571007386 -0.5637645778356987 0.08255043176744221 0 -6.805984721840532E-8 7.49423204481761E-8 0.049977049133042
-0.5399346500949583 -0.6040123388311484 0.08868415026698905 0 -8.134401727214397E-8 7.916377422059848E-8 0.04997705840788651
0.1043605879990727 -0.5010308479370807 0.0663275801738497 0 -6.507226648681775E-8 -2.0536512458250883E-8 0.049977054280294655
0.14556246178613041 -0.5017461145955597 0.0669511130546236 0 -5.899476613365275E-8 -2.6402006588518335E-8 0.04997705454706612
0.1399468089855873 -0.4672126633962517 0.06496624972127404 0 -5.445455324550907E-8 -1.9474427768281194E-8 0.04997705977379241
0.10408488366078729 -0.44405468685268906 0.06327666735135784 0 -5.707294748135601E-8 -1.0281305475554276E-8 0.049977054991290265
-0.1061373350373039 -0.43371612134398735 0.06278756375601147 0 -5.040185649812493E-8 2.0955643828495027E-8 0.04997705160759084
-0.15386562481962193 -0.515523498759926 0.0678853449092873 0 -6.851517383484506E-8 1.5820893443425446E-8 0.04997704811674253
-0.1533021139497205 -0.45854960024362473 0.06473399748772987 0 -6.108096424418139E-8 2.390968033416416E-8 0.049977055174345385
-0.09527352708204248 -0.48999184724793526 0.06560563290386158 0 -5.667080937878257E-8 1.0039362475241061E-8 0.049977054109289404
-0.09590125636856876 -0.5619999312235504 0.06990127823248256 0 -6.977103368452944E-8 7.831776791111339E-9 0.04997703713928037
-0.15663037176370528 -0.5733099421965812 0.07149707499548641 0 -7.419690168067784E-8 1.8227205922495206E-8 0.04997703554261287
-0.2643961373711981 -0.69702971973395 0.0829765309474388 0 -8.95582274942721E-8 4.490473543525619E-8 0.04997705208123879
-0.19926692702634366 -0.6350324834465847 0.07658242747619838 0 -8.084767750171539E-8 3.1162707884211204E-8 0.04997703483314597
-0.2937621218403118 -0.8161557505482272 0.0941366022415018 0 -1.1016514380882534E-7 3.5928630863160215E-8 0.049977054223323325
-0.2445064351501806 -0.7666415232960113 0.08818261063739219 0 -9.745996636659374E-8 3.361857709885067E-8 0.04997705979069373
-0.28738877712844163 -0.8792227618026947 0.09999999999999998 0 -1.1752816493157068E-7 3.438433532603029E-8 0.04997704582986489
0.24692814396934878 -0.6974874410583481 0.08250617855893734 0 -9.31262240907816E-8 -2.894339413176628E-8 0.049977053694820785
0.2521627428797361 -0.7694593063835823 0.08864404636431372 0 -1.0332543120606055E-7 -3.819769950001163E-8 0.04997706344402564
0.297447604941039 -0.8106467532563326 0.09375141746476387 0 -1.0429052890108837E-7 -4.8673480659078384E-8 0.049977058387346236
0.28742318143973467 -0.8792115158194408 0.09999999999999996 0 -1.1619999549150577E-7 -4.82026110872802E-8 0.049977049238642324
0.18957159845420457 -0.6243064952889011 0.07560329744867302 0 -8.051245886959005E-8 -2.5834687135021746E-8 0.0499770357212236
0.12475562378528372 -0.5650913910725972 0.07045918166236258 0 -7.157290671237123E-8 -2.3506723474573563E-8 0.049977038780728386
0.16970055881419605 -0.6915759378642314 0.08021607449160519 0 -9.250095890199892E-8 -2.0874347448067224E-8 0.04997704209156101
-0.02127679909875186 -0.5862434400348021 0.07098260267248739 0 -7.40413556987743E-8 3.0340793556871184E-10 0.04997703067463887
0.047679088889249585 -0.6125339534466792 0.07287094188782159 0 -7.908834231677955E-8 -8.082637368169263E-9 0.0499770308103002
-0.8531067718150073 -0.15803750226362162 0.09415708085227006 0 -2.0728913643664256E-8 1.2177653784848742E-7 0.049977048930331225
-0.7842181949983064 -0.17459658052838975 0.08806681761589173 0 -1.608133458569036E-8 1.0965973117805991E-7 0.0499770542382847
-0.9051158299750597 -0.19076243784282004 0.09999999999999996 0 -2.532276224789047E-8 1.2781503843497036E-7 0.049977040294392754
-0.47800098007166625 -0.2183882854981824 0.06713458210584479 0 -2.540553268700938E-8 6.429259956325505E-8 0.04997703632858922
-0.4503344724862791 -0.2539143429242661 0.06663047103760426 0 -3.071298688259956E-8 6.32559119477064E-8 0.049977033921738086
-0.647719142022224 -0.1435812801370505 0.07642272847163623 0 -9.732404076714393E-9 9.427717890842289E-8 0.04997703036096652
-0.5329845388239062 -0.1985594752136453 0.0698139205090511 0 -2.4302453726154682E-8 7.304405375484624E-8 0.049977033425471794
-0.5744027965338088 -0.14938461510286838 0.07144252826293569 0 -1.737966212763862E-8 8.229214943866394E-8 0.04997703176492149
-0.44626651447182913 -0.4769553831048422 0.07565680574632234 0 -5.896682053741321E-8 6.580412922458362E-8 0.049977031509938416
-0.5140310251048448 -0.4921578818310024 0.08018045280724437 0 -6.055922329097173E-8 7.852974384642225E-8 0.04997703727543771
-0.4256087219342948 -0.3924588186076942 0.07047472570296819 0 -5.2646759444739024E-8 5.88017520838474E-8 0.04997703511264835
-0.44295395304453694 -0.3153758255937713 0.06823813858748431 0 -4.23648502299355E-8 6.390562999538677E-8 0.04997703391181239
-0.722493271850469 -0.18466121884148878 0.08299584497449673 0 -1.2712951101013148E-8 1.0269200517922892E-7 0.04997704344635395
-0.6008930547011089 -0.6092572756078648 0.09299302035398636 0 -8.543250119157357E-8 8.578049260429276E-8 0.04997704763452775
-0.684830613311738 -0.6217902179859557 0.09999999999999995 0 -8.692586058823946E-8 9.614283889724804E-8 0.04997703607633974
-0.5678213237459835 -0.5376676061363831 0.08613904983735729 0 -7.045775334925277E-8 8.54404506651937E-8 0.04997704570853426
-0.10379006268918359 -0.6311723493295895 0.07466578004946203 0 -8.049570406812231E-8 1.465296353259047E-8 0.049977031623500395
-0.2012336657215405 -0.7196538123444206 0.08312630758513646 0 -8.953858468392516E-8 3.251604453613347E-8 0.04997704829778683
-0.14538614431124028 -0.6947291331504665 0.08002955113164488 0 -8.848529424480141E-8 2.4005173896934214E-8 0.04997703863217909
-0.2244810935107963 -0.8295744817427091 0.09335179876408069 0 -1.0778752655402289E-7 2.6268750093541675E-8 0.049977049792916
-0.1948530319449167 -0.7756068237085788 0.08772926134592988 0 -9.817397810151915E-8 2.6593499892423284E-8 0.04997705087101185
-0.1961900777341867 -0.9039499420937565 0.09999999999999996 0 -1.200312140475201E-7 2.1670398644208456E-8 0.04997704007563443
0.18083964416846282 -0.7595104378227607 0.08602850609777067 0 -1.0313148070576246E-7 -2.562927092199113E-8 0.04997705077987206
0.22639239794839497 -0.823169454837357 0.09279966487488275 0 -1.1092967484576065E-7 -3.838306803992379E-8 0.04997705354565647
0.1962292603758944 -0.9039414372048344 0.1 0 -1.2087964521429986E-7 -3.4704954683667474E-8 0.04997704237757695
0.115198487208555 -0.6531897985847656 0.07640980333620502 0 -8.496904261902881E-8 -1.5186399115643393E-8 0.0499770342119768
0.13075868837865867 -0.7179080095003469 0.08165710231721485 0 -9.451922971391795E-8 -1.565859857737824E-8 0.04997704230976909
0.11581756539084577 -0.7588114009433137 0.08487399945221091 0 -9.851168879445271E-8 -1.4785248156310442E-8 0.04997704668802061
0.049373389215154787 -0.6762514634930521 0.07753347573866784 0 -8.717952508773149E-8 -3.2208575843355344E-9 0.04997703580439699
-0.018713178495829663 -0.6598847879456909 0.07617577755495697 0 -8.534124231558329E-8 5.755305999367649E-9 0.04997703312693672
-0.6738902730202501 -0.2204985208373878 0.07997070091519397 0 -1.9593402257641047E-8 9.743350153457568E-8 0.04997703389148875
-0.8340398056073672 -0.21902107573341584 0.09363611174877712 0 -2.7485612061214605E-8 1.1589209384843952E-7 0.04997704434158171
-0.7682837005378527 -0.21778108265977308 0.08762455506029669 0 -2.1980759534388364E-8 1.0702812300173968E-7 0.04997704599631022
-0.8809151182252344 -0.2821428693025129 0.09999999999999996 0 -3.7587906710450653E-8 1.236200084060756E-7 0.04997703421101909
-0.5165019276401033 -0.27345997871285094 0.07083650833060155 0 -3.29012565738589E-8 7.28526544116934E-8 0.049977026850192646
-0.598583551544961 -0.22602979228178174 0.07467942546060534 0 -2.386639203801714E-8 8.594160006024692E-8 0.04997702735948277
-0.5551101229584549 -0.47007014883430126 0.08146563252731462 0 -5.679909488033474E-8 8.272897758608402E-8 0.049977037173795286
-0.5105636494997625 -0.4275668331221898 0.07661161867134536 0 -5.1989371612076105E-8 7.546152950704884E-8 0.04997702998006521
-0.504302912589223 -0.3476237550984314 0.07274022680505549 0 -4.298939333323285E-8 7.302873017841592E-8 0.04997702668623968
-0.7177089386751472 -0.2549295522420565 0.0843570467432338 0 -2.610236266164412E-8 1.038224397385958E-7 0.04997703942237393
-0.6531660790226061 -0.2763311132584134 0.0799841441751332 0 -2.8002758377110723E-8 9.712564794922528E-8 0.049977034087936474
-0.8437556437212325 -0.37907955935377746 0.0999999999999999 0 -5.31299019733804E-8 1.2172011485451502E-7 0.04997703581274272
-0.8010515387579304 -0.4625279007956028 0.09999999999999996 0 -6.42359562582457E-8 1.1222573088702925E-7 0.049977040829598265
-0.7501479603301011 -0.5412050791178039 0.09999999999999992 0 -7.317542593240702E-8 1.0243067683643847E-7 0.0499770367400002
-0.5998767009898777 -0.4788913706345559 0.08487289614566725 0 -5.822177868975213E-8 8.685660850485088E-8 0.04997704149227173
-0.6562422498346266 -0.5241856689594518 0.09146905933596002 0 -6.885225939032121E-8 9.158908959574176E-8 0.049977042052839
-0.08839747535315964 -0.7039498716595032 0.08000538942626953 0 -9.224328827491214E-8 1.6780709450103325E-8 0.04997703876396215
-0.13806578705455586 -0.7497079460326577 0.08441541385599154 0 -9.73131211694453E-8 2.16014315556117E-8 0.04997704448453602
-0.14308797449955213 -0.8318118172195702 0.0918642159103333 0 -1.1092682447979568E-7 1.6899148260220772E-8 0.049977045670762464
-0.09361073890939048 -0.9202510142029422 0.09999999999999995 0 -1.2616271552884234E-7 7.2807789854890326E-9 0.049977041912527595
0.09365704332523053 -0.9202463037324216 0.1 0 -1.1949233097246868E-7 -1.9653869025510872E-8 0.04997704296452582
2.0711142119751377E-5 -0.9249949331376578 0.09999999999999996 0 -1.234876042747648E-7 -6.993639276400929E-9 0.049977047118964085
0.12762107521700664 -0.8265826692803618 0.09113421310198927 0 -1.0752297123166951E-7 -2.1402153996144867E-8 0.04997704793539503
0.08068135396090603 -0.7141673032968792 0.08075294753127603 0 -9.186210224397481E-8 -7.14425944189823E-9 0.0499770416045473
0.06358506183867194 -0.7827017733005066 0.08643167294964102 0 -9.866492002775375E-8 -7.194358695544912E-9 0.049977053827660996
0.02032803985547743 -0.7231235035279147 0.08113718206932351 0 -9.335532355097287E-8 3.728515055325891E-9 0.04997704619377071
-0.03309170223836219 -0.7328034628470876 0.08197501691133365 0 -9.763685264610185E-8 1.1256420275454013E-8 0.04997704759469857
-0.7926496756412598 -0.2913333375023676 0.0919087000057277 0 -3.703837463000312E-8 1.1339001175287054E-7 0.04997704015349154
-0.5810426636905172 -0.3157640075984303 0.07626188231201679 0 -3.4128143208000046E-8 8.580069515941179E-8 0.04997702883233305
-0.5773213056470615 -0.42632356756478973 0.08066830857907491 0 -4.8400732741342094E-8 8.481901055221209E-8 0.04997703658494431
-0.5604495700519321 -0.38109429561078195 0.0775098294695611 0 -4.275590042846321E-8 8.267662337949661E-8 0.04997703111047642
-0.6449966839705538 -0.44452809810358646 0.08625924084344862 0 -5.146937724693997E-8 9.063130691444385E-8 0.04997704844577687
-0.6508158876168189 -0.3390076459058359 0.08199721983987755 0 -3.558293352984407E-8 9.89030168842306E-8 0.04997704287672695
-0.7091826270730177 -0.3233083988571452 0.08590988858162861 0 -3.800465760957363E-8 1.0697350887178515E-7 0.04997704539599318
-0.7619010673352372 -0.3837317836320327 0.09273617861998763 0 -5.315890785732244E-8 1.1067118986924792E-7 0.04997704794730296
-0.7143597851634016 -0.46065181317541964 0.09243904770387959 0 -6.069786167683812E-8 9.761621950820934E-8 0.04997704962140371
-0.07537530152887754 -0.7754914719888757 0.0858872030654022 0 -1.058007276597222E-7 1.2963078245284817E-8 0.04997705047349553
-0.048377865911234746 -0.8513117859798408 0.09269807273978156 0 -1.1650945578945964E-7 1.7112593967113104E-9 0.04997705374284006
0.043935839967012356 -0.8511210240129371 0.09265635168129686 0 -1.0932614976942818E-7 -1.171860351912735E-8 0.049977054864611715
-0.004822548609299441 -0.7855262944057825 0.08645491759740057 0 -1.0399433991792412E-7 3.5729627594630327E-9 0.04997706186048286
-0.615323196863825 -0.38077552285640776 0.08115372829448383 0 -3.9799098512501754E-8 9.149554603004101E-8 0.04997704123588076
-0.6821995337018092 -0.3893517946424338 0.0864501634511279 0 -4.520408701707525E-8 1.0057509837100585E-7 0.049977056609697285
