% Model:
% Version:
% Dimension:          3
% Nodes:              691
% Expressions:        4
% Description:        Surface
% X                       Y                        Z                        Color                    DeformX                  DeformY                  DeformZ
0.7501545366059812 -0.5411959634402135 0.09999999999999992 0 -3.648977345423122E-8 -6.123551173009698E-8 -2.7616016670382978E-5
0.8010709981238165 -0.4624941975024229 0.09999999999999998 0 -2.8269238848073474E-8 -6.251483446355037E-8 -2.7611645362631296E-5
0.09365704332523052 -0.9202463037324213 0.1 0 -6.551891814274515E-8 -1.3072964110217746E-8 -2.7616568565396595E-5
0.1962292603758942 -0.9039414372048337 0.09999999999999995 0 -6.808516078472072E-8 -2.1035427471556993E-8 -2.7617485140437548E-5
0.2874231814397345 -0.8792115158194402 0.09999999999999994 0 -6.519986403061262E-8 -2.8249758192094318E-8 -2.7610956573729537E-5
0.6177594039507672 -0.6884753389104772 0.09999999999999995 0 -4.526111230639184E-8 -4.937892371835266E-8 -2.7610694502190168E-5
0.6847899965302143 -0.621834949891059 0.09999999999999994 0 -4.0194485576467855E-8 -5.324073081007938E-8 -2.7617145876338942E-5
0.6644823007055147 -0.538951594396605 0.09297818153954257 0 -3.7047734944241634E-8 -5.2426955659144376E-8 -2.7613504933375007E-5
2.0711142119768948E-5 -0.9249949331376585 0.09999999999999999 0 -6.917985804964955E-8 -6.906497245445364E-9 -2.76122481812556E-5
0.04393583996701241 -0.8511210240129379 0.09265635168129693 0 -6.015342991086275E-8 -8.682888069240536E-9 -2.7605586204248006E-5
0.7176713367395712 -0.4652126067437795 0.09294805270739674 0 -3.145232913283694E-8 -5.86710340093607E-8 -2.7605519150523244E-5
0.8437752388147 -0.3790359438971111 0.09999999999999999 0 -2.1068338681213922E-8 -6.237566262466866E-8 -2.7616822270941987E-5
0.7635253857731481 -0.3782532475337201 0.0926398396720293 0 -2.163807248976037E-8 -5.5415609544719605E-8 -2.7606681055272738E-5
0.5547456546446984 -0.6639301342123076 0.09391738389868395 0 -4.514291434861429E-8 -4.6136532922431805E-8 -2.7602739442105268E-5
0.5485314847714319 -0.7448023146284535 0.09999999999999996 0 -5.3645215238740565E-8 -4.740172022407124E-8 -2.7612164434133823E-5
0.12762107521700677 -0.8265826692803626 0.09113421310198931 0 -6.0079177003696E-8 -1.2583705442476073E-8 -2.7612946667095872E-5
0.22639239794839497 -0.823169454837357 0.09279966487488275 0 -6.378308240971004E-8 -2.272156075866404E-8 -2.7607414348751306E-5
0.3707854054882235 -0.84742873429503 0.09999999999999998 0 -5.809185811773246E-8 -3.232019275544952E-8 -2.7612147863496623E-5
0.297447604941039 -0.8106467532563327 0.09375141746476388 0 -5.808080962125882E-8 -2.8104867871309692E-8 -2.7602673857065418E-5
0.6050561438570463 -0.6036830020468074 0.09289418017943475 0 -3.8553129092289844E-8 -4.5598631714306036E-8 -2.7608128206854964E-5
0.5365057739834548 -0.6074638984061794 0.08871198704411523 0 -4.2277494431840916E-8 -3.8915592212887284E-8 -2.7597316271676488E-5
0.640351776746304 -0.4627856253417016 0.08686037768572825 0 -3.6970187609424E-8 -5.014075178938071E-8 -2.760948593212829E-5
0.6027366073062329 -0.5213223560235656 0.08747588350371878 0 -3.747877708982109E-8 -4.395179619724186E-8 -2.761277706591341E-5
0.11581756539084577 -0.7588114009433137 0.08487399945221091 0 -5.5788604613228114E-8 -6.857408525025903E-9 -2.761515064262434E-5
-0.09361073890939044 -0.9202510142029422 0.09999999999999994 0 -7.218038415226425E-8 8.597257832814059E-10 -2.7617473788071205E-5
-0.19619007773418676 -0.9039499420937565 0.09999999999999996 0 -6.713517076942142E-8 8.094823262768222E-9 -2.7619484513009186E-5
-0.2873887771284415 -0.8792227618026944 0.09999999999999995 0 -6.627552662904397E-8 1.4427583520062814E-8 -2.7613932910534517E-5
0.06358506183867196 -0.7827017733005069 0.08643167294964106 0 -5.425788560705947E-8 -2.8626923669701497E-9 -2.760762580401755E-5
-0.04837786591123471 -0.8513117859798404 0.09269807273978152 0 -6.732935283428522E-8 -1.6618491707555865E-9 -2.7606639233974604E-5
-0.004822548609299431 -0.7855262944057821 0.08645491759740055 0 -5.938898369738812E-8 3.161309670096325E-9 -2.7599489385423138E-5
0.8809325145611795 -0.2820885484172241 0.09999999999999999 0 -1.546955040005578E-8 -6.864938360214518E-8 -2.7618687279416462E-5
0.677795607943666 -0.39290477214771735 0.0862680402418979 0 -3.195043488846653E-8 -4.850622328925239E-8 -2.7599079395805497E-5
0.6103906305879976 -0.40135765312469535 0.08172372928462611 0 -3.5900464358228524E-8 -4.379169765599643E-8 -2.761525998539817E-5
0.8014927716328404 -0.2914410587712435 0.09271262928645595 0 -1.7588768587461403E-8 -6.068941853437611E-8 -2.761468358613442E-5
0.7173493567573874 -0.31695962258024274 0.08634023460744475 0 -2.287663758245015E-8 -4.914030131098244E-8 -2.761124761183533E-5
0.8230806401765318 -0.20733638606092913 0.09232209730203018 0 -1.1395631527107753E-8 -6.566945587053378E-8 -2.7607644051810475E-5
0.5055257679581893 -0.637124600070996 0.08897493457515948 0 -4.8426780801714154E-8 -4.04186707079692E-8 -2.7597546063339196E-5
0.4897167015298755 -0.6990669986722716 0.09278011319940965 0 -5.225303189335726E-8 -4.231062509232688E-8 -2.760764797482653E-5
0.46249999999999986 -0.8010734985006049 0.09999999999999984 0 -5.667404313972112E-8 -3.932881383368843E-8 -2.7617081248478303E-5
0.18083964416846285 -0.7595104378227608 0.08602850609777069 0 -6.039420761895346E-8 -1.319596128543044E-8 -2.761105947922181E-5
0.2521627428797361 -0.7694593063835823 0.08864404636431371 0 -5.994856331132851E-8 -2.0812659278996804E-8 -2.759821595800209E-5
0.36329863298781023 -0.7692008953950572 0.09250410835033814 0 -5.2019720586741683E-8 -2.9459618391784546E-8 -2.7607950339645654E-5
0.29721686832567656 -0.7486484838731736 0.08825580478820183 0 -5.296251074633122E-8 -2.1456399729937222E-8 -2.7597659863241563E-5
0.566498136584519 -0.34007595181336675 0.07621962270586992 0 -2.77871829249814E-8 -4.034151759603049E-8 -2.7629552306827967E-5
0.5490740032503059 -0.5442731464552364 0.08535659345024513 0 -3.905529366546561E-8 -3.5911364491083776E-8 -2.760898143965006E-5
0.4877536710430043 -0.5826751104622181 0.08420495651136725 0 -4.717981740825974E-8 -3.155283406341506E-8 -2.7603176227272114E-5
0.5629289159938321 -0.47314451663551055 0.08212579004392509 0 -3.7080352088566365E-8 -3.936521212419534E-8 -2.761912287137135E-5
0.5395049675561714 -0.4037977139333864 0.07721405836956645 0 -3.2096163081953866E-8 -3.845884275611508E-8 -2.762805333597673E-5
0.08068135396090602 -0.714167303296879 0.080752947531276 0 -5.2240118401887654E-8 -1.694988006391692E-9 -2.7620871608547317E-5
0.1307586883786586 -0.7179080095003467 0.08165710231721483 0 -5.465734478598127E-8 -6.737556958316286E-9 -2.7620120999646676E-5
-0.3707535969478622 -0.8474426517245004 0.09999999999999994 0 -6.879170429672866E-8 2.2723300454866176E-8 -2.7615971254891044E-5
-0.14308797449955207 -0.83181181721957 0.0918642159103333 0 -6.307391053810361E-8 6.926507481180708E-9 -2.7614944494270646E-5
-0.22448109351079631 -0.8295744817427092 0.09335179876408067 0 -6.003659506618367E-8 1.063286703187011E-8 -2.761075970168429E-5
-0.2937621218403122 -0.816155750548228 0.09413660224150187 0 -6.328268370589189E-8 1.54545820851573E-8 -2.760635802963043E-5
0.02032803985547743 -0.7231235035279147 0.08113718206932351 0 -5.30939955249986E-8 5.0033805125829514E-9 -2.761611650589756E-5
0.049373389215154835 -0.676251463493053 0.07753347573866787 0 -5.019094009333168E-8 2.1117487813740967E-11 -2.7627229030503582E-5
-0.07537530152887752 -0.7754914719888756 0.0858872030654022 0 -6.188586211530517E-8 7.638169426637381E-9 -2.7610995776721257E-5
-0.03309170223836219 -0.7328034628470876 0.08197501691133365 0 -5.669455121610768E-8 8.831385086295636E-9 -2.7614536183068397E-5
0.9051251563026282 -0.1907181838739738 0.09999999999999992 0 -7.742245028361726E-9 -6.971895762306454E-8 -2.7613116677642833E-5
0.6346730356926771 -0.3174870091624341 0.08001946855914073 0 -2.7642996647932926E-8 -4.286388425067417E-8 -2.7620779414980422E-5
0.7578046117703346 -0.24801668508133742 0.08751626752734717 0 -1.846176246522486E-8 -5.812572491031472E-8 -2.761317532480096E-5
0.6897625743522149 -0.264441860913035 0.0824063475266023 0 -2.2071275566726347E-8 -4.928635451623145E-8 -2.761950149341811E-5
0.7597010793028803 -0.19500257071099417 0.08634694259141452 0 -1.6977062046621862E-8 -6.000823514297421E-8 -2.7607375235678685E-5
0.7883546035916825 -0.1648885681025431 0.08824892692988197 0 -1.2025822800745484E-8 -6.127191060961991E-8 -2.759998674733884E-5
0.8374232558848942 -0.12934172138602965 0.09218338983550128 0 -3.5132777389260184E-9 -6.083582653940537E-8 -2.7602873465568514E-5
0.7880045515761319 -0.1291017367769672 0.0876205822064691 0 -9.872986142302504E-9 -5.6524070441265605E-8 -2.7598901757197267E-5
0.45389464101054455 -0.6418290507487612 0.08650541722977734 0 -5.229030393963439E-8 -3.508090407321779E-8 -2.7606269888172073E-5
0.4122622788181451 -0.7140592129571535 0.09001680581831237 0 -5.197599373678982E-8 -3.250571514815163E-8 -2.7611909066118972E-5
0.1697005588141962 -0.6915759378642319 0.08021607449160523 0 -5.4498739451906216E-8 -9.28403402301165E-9 -2.7620698520358112E-5
0.24692814396934865 -0.6974874410583478 0.08250617855893733 0 -5.4768638064609876E-8 -1.2002335517600924E-8 -2.7608918060406153E-5
0.3299132550602819 -0.6955796266909601 0.08507057911176502 0 -4.927832567856896E-8 -2.0159630967890293E-8 -2.760963267131946E-5
0.5796784116794852 -0.2776116098201063 0.07488927562467991 0 -2.1454584405998372E-8 -4.248501823598161E-8 -2.7632026788854835E-5
0.5306797663003683 -0.29923675531161764 0.07251363051783592 0 -2.1056015272287024E-8 -3.984999485378994E-8 -2.763394417541082E-5
0.5018045759598764 -0.34636458619402455 0.07254833341115845 0 -2.3709700119975986E-8 -3.723952247218103E-8 -2.763294552290818E-5
0.43691576165411183 -0.5863880363863174 0.08178506492225697 0 -4.931328664740757E-8 -2.9282335764548076E-8 -2.7613845673345087E-5
0.5025098789806555 -0.5159632075862093 0.08087711077114174 0 -4.009745115262457E-8 -3.196441278043969E-8 -2.761702127196569E-5
0.4531934148271225 -0.5420428192507506 0.07976926362259741 0 -4.433525335330779E-8 -2.90504077716939E-8 -2.7618142809802845E-5
0.5051728219418842 -0.4543425560441293 0.07763963571270259 0 -3.467758437435814E-8 -3.498977497731246E-8 -2.7626554224198147E-5
0.4743994852003083 -0.40954268251415876 0.073738234339428 0 -2.8425351360178213E-8 -3.533178072318755E-8 -2.763043397765843E-5
0.115198487208555 -0.6531897985847656 0.07640980333620502 0 -4.9616403719714464E-8 -7.406975455855066E-9 -2.7629159650641546E-5
-0.4625000000000001 -0.8010734985006056 0.09999999999999992 0 -6.331776279309263E-8 2.9224354936306512E-8 -2.76219124987865E-5
-0.3837134371029664 -0.7748603000238192 0.09386619334345218 0 -6.316109444758876E-8 2.5341905046863348E-8 -2.7614526328576077E-5
-0.3293828651109605 -0.7771045511687245 0.09186418681824765 0 -6.352417629216266E-8 2.1357933531492684E-8 -2.7606218789942038E-5
-0.4839056580716607 -0.700569999447879 0.09257832058039935 0 -5.2473371639857005E-8 3.0091541740583026E-8 -2.761309665119927E-5
0.04767908888924959 -0.6125339534466794 0.07287094188782159 0 -4.653906167949955E-8 -5.01984206670372E-9 -2.7633186066537433E-5
-0.19485303194491674 -0.7756068237085788 0.08772926134592987 0 -5.418962613627932E-8 1.2957192803296249E-8 -2.7610481904396154E-5
-0.1380657870545559 -0.7497079460326577 0.08441541385599156 0 -5.5160338833951934E-8 1.1888874522162372E-8 -2.7617314005018954E-5
-0.24450643515018045 -0.7666415232960108 0.08818261063739213 0 -5.405729751704832E-8 1.6516268389633524E-8 -2.760158958582471E-5
-0.29287844997281653 -0.7560683801841976 0.08874412837590734 0 -5.925116515314379E-8 2.1408260902755608E-8 -2.7599945789434496E-5
-0.018713178495829663 -0.6598847879456907 0.07617577755495693 0 -4.9469651501585386E-8 4.255810106760946E-9 -2.7630123935125568E-5
-0.08839747535315964 -0.7039498716595032 0.08000538942626953 0 -5.3287041809539116E-8 1.0479128147154941E-8 -2.762376059518089E-5
0.8548200389796248 -0.0652462727687064 0.09314675085287963 0 4.099065846353459E-10 -5.980001989273224E-8 -2.761200842832225E-5
0.9192877606928158 -0.10260258091221079 0.10000000000000002 0 -6.724777400475783E-10 -6.562246225170545E-8 -2.7615102258285633E-5
0.6384778628041976 -0.2349189996283244 0.07770845629712514 0 -1.960202601058229E-8 -4.663327460909704E-8 -2.7627978581781355E-5
0.7040732060431756 -0.2032143579310842 0.08191372549943252 0 -1.946122475705995E-8 -5.329609769750158E-8 -2.7618161952091754E-5
0.5898871014295897 -0.20776639827421509 0.07364495662277284 0 -1.4004336159737876E-8 -4.502556835199406E-8 -2.7631424923727017E-5
0.7325342916850157 -0.13408386908087772 0.08291013088256632 0 -1.647395086807693E-8 -5.3055876704954925E-8 -2.7609435473556876E-5
0.8252770499196602 1.9257059754862352E-16 0.09008727174442388 0 2.578293140054187E-9 -6.0577954058224E-8 -2.7615350297295435E-5
0.7859407931602105 -0.07401767626946823 0.08680140328934058 0 -6.037567494752621E-9 -5.284629793540097E-8 -2.7608219251260536E-5
-0.499151538632016 -0.6334110077816723 0.08834372866104906 0 -4.577426427059481E-8 3.4739235135492915E-8 -2.7602744968026247E-5
-0.539934650094959 -0.6040123388311489 0.08868415026698911 0 -4.892126240539975E-8 4.13512103380276E-8 -2.7603200443437056E-5
-0.55199683338532 -0.6639303440969675 0.09374464706266032 0 -5.414549672456419E-8 3.591515988634281E-8 -2.7608121542726347E-5
-0.5485674035956859 -0.7447758606713794 0.09999999999999995 0 -5.7913670286397006E-8 3.399076616921742E-8 -2.7617708597949106E-5
0.36763254236248405 -0.6367582418875392 0.08211785344170683 0 -4.901398466967348E-8 -2.430193084695194E-8 -2.7619011678828038E-5
0.18957159845420457 -0.6243064952889011 0.07560329744867302 0 -4.722000222520365E-8 -1.2933134159976762E-8 -2.762797571742541E-5
0.28831363121595577 -0.628175946475062 0.0785524110683112 0 -4.691762226309763E-8 -1.656901917675956E-8 -2.762396235182321E-5
0.526450453306162 -0.23768251001620336 0.07038843476625324 0 -1.4477944685715186E-8 -4.2344990142874166E-8 -2.7631338261785027E-5
0.47890979704271586 -0.2863984098188226 0.06912760288748078 0 -1.737363784891802E-8 -3.70497545123892E-8 -2.763171058027482E-5
0.4494990254251993 -0.3483577682477059 0.06980849106780328 0 -2.0048129997440912E-8 -3.433965339672812E-8 -2.7627983315756638E-5
0.38634553368626057 -0.5411366135074791 0.07653244947706521 0 -4.290337361885087E-8 -2.7219679060807316E-8 -2.7628134724891488E-5
0.43810869406594616 -0.47330739854493387 0.07505155127124848 0 -3.53569016617096E-8 -3.2001530897899665E-8 -2.7628437145231638E-5
0.4170420346765119 -0.4108303752912244 0.07090170067103962 0 -2.6291538533585973E-8 -3.447450472939553E-8 -2.762605818026863E-5
0.1909808398518187 -0.5616900805542806 0.07142639087555928 0 -3.926504281678277E-8 -1.775356889078626E-8 -2.7628007559054305E-5
0.12475562378528363 -0.5650913910725969 0.07045918166236254 0 -4.237123872823495E-8 -1.5144939887459105E-8 -2.7625862632522574E-5
0.05189365664575958 -0.5409828050063739 0.06822031633188272 0 -4.291184491312695E-8 -9.079180852185582E-9 -2.7627433951984042E-5
-0.41249148408265685 -0.71445620812065 0.0900597252140442 0 -5.500978620892353E-8 2.8615010209972772E-8 -2.7616180141798588E-5
-0.34485879204612635 -0.7195732958375974 0.08756922173357189 0 -5.8073246551463876E-8 2.74684455207464E-8 -2.7611108823097452E-5
-0.4354763147019103 -0.6351536187841577 0.08509247440255904 0 -4.312455994319225E-8 3.232142388837909E-8 -2.7614425915714505E-5
-0.02127679909875187 -0.5862434400348023 0.07098260267248742 0 -4.328816019972838E-8 -1.4427258286242796E-9 -2.7633701571237192E-5
-0.20123366572154053 -0.7196538123444207 0.08312630758513646 0 -4.9429438350753954E-8 1.837395980408674E-8 -2.7613830599942803E-5
-0.1453861443112404 -0.6947291331504667 0.08002955113164492 0 -5.014059089626437E-8 1.372692467821967E-8 -2.7623956210553717E-5
-0.26439613737119816 -0.6970297197339501 0.08297653094743883 0 -5.0962450376320315E-8 2.633983904652027E-8 -2.7610182993906183E-5
-0.314732642366773 -0.6679534491621226 0.08237892997106575 0 -5.1104216869017206E-8 2.886775960548595E-8 -2.761811611038785E-5
-0.10379006268918363 -0.6311723493295898 0.07466578004946206 0 -4.6581059260747E-8 7.20973881311064E-9 -2.7631971664628166E-5
0.7822439697509947 0.07342341173252223 0.08646750245519458 0 4.571579459260884E-9 -6.212297522646156E-8 -2.7609848909262018E-5
0.9249999999999998 2.358937726024754E-16 0.09999999999999994 0 6.178748188734049E-9 -6.787889694927451E-8 -2.7620865133170712E-5
0.851370675269602 0.07427003550197267 0.09288407134507307 0 1.0926425983472726E-8 -6.560389702470699E-8 -2.7611732409448692E-5
0.8038717607621603 0.12213857484508564 0.0889547066003148 0 1.1246924004311304E-8 -6.097285008926055E-8 -2.7601531812451816E-5
0.5408130551366507 -0.18150058753720788 0.06992281214701015 0 -7.959389002598132E-9 -4.3692595363912584E-8 -2.7625769760637475E-5
0.7247257834183621 0.0852066297502373 0.08165698245211614 0 9.90377794999375E-10 -5.6472968534401744E-8 -2.761773221716998E-5
0.6510493529215736 -0.15514133280147802 0.07686356365481603 0 -1.4150490359714714E-8 -4.7931497819554256E-8 -2.7627475134845125E-5
0.5770279320473081 -0.15184347618041535 0.07165568912865208 0 -6.749504405213195E-9 -4.362050084899477E-8 -2.7628683122416578E-5
0.6918887433807659 -0.06772116765551027 0.07886795692620667 0 -9.096394215431993E-9 -4.8590948152461614E-8 -2.762521163090956E-5
0.7364981201835382 1.7871933341171726E-16 0.08222076644985389 0 -3.1208193098596308E-9 -5.408267172528801E-8 -2.762185600902036E-5
-0.48001255710073826 -0.5637645778356982 0.08255043176744216 0 -3.8497050330446346E-8 4.1257391374501727E-8 -2.7613418390893574E-5
-0.5678213237459834 -0.537667606136383 0.08613904983735729 0 -4.26168361326607E-8 4.563831391137075E-8 -2.761628115115193E-5
-0.600893054701109 -0.6092572756078649 0.09299302035398636 0 -5.258004403317059E-8 4.374133111118116E-8 -2.7613358730428925E-5
-0.6178002971320171 -0.688438643052917 0.09999999999999995 0 -5.792461008352294E-8 4.229282120948816E-8 -2.7616904607723298E-5
0.31808183532075807 -0.5509338997403093 0.07441383187593008 0 -4.121446271160597E-8 -2.3234211632907845E-8 -2.7632555957271043E-5
0.2593907519340379 -0.5686281064407216 0.07361593901057979 0 -4.0894514764591635E-8 -1.910376621855699E-8 -2.7631856415996412E-5
0.4250914842628162 -0.2904030737883922 0.06650384046370365 0 -1.6231735506224077E-8 -3.093533238469751E-8 -2.762497427055386E-5
0.4860024477406568 -0.1810614961514008 0.06672716200822644 0 -1.001318570224512E-8 -4.2140972582112796E-8 -2.761737391440826E-5
0.4546475825643904 -0.2329362873436874 0.0662732760967022 0 -1.4947622325998574E-8 -3.723849910912137E-8 -2.7626394733791124E-5
0.39693548996928896 -0.3460112170117685 0.06719703593166886 0 -1.8245246293064305E-8 -3.049659259992972E-8 -2.761553931982346E-5
0.3565677611611388 -0.4614203059811383 0.07075125137743832 0 -3.365451803915516E-8 -3.089649547960518E-8 -2.76293777542651E-5
0.36327728761747163 -0.38800374757803646 0.06749345504717459 0 -2.5565735792486746E-8 -3.362269793929765E-8 -2.761407645686557E-5
0.3750627258693446 -0.2936858939923492 0.0643465481455432 0 -1.8486286457508765E-8 -2.3614473462458093E-8 -2.761717479392045E-5
0.14556246178613044 -0.5017461145955597 0.06695111305462358 0 -3.422447502836216E-8 -1.6648350782674627E-8 -2.761096515059976E-5
0.1773504711629968 -0.5251479744589087 0.06889288845838194 0 -3.460535856030775E-8 -1.8724646824867078E-8 -2.7621596554188086E-5
0.2111878992556696 -0.5199281931560845 0.06932845783235407 0 -3.3918432198968415E-8 -1.9439258754324624E-8 -2.7626584901395122E-5
0.10436058799907272 -0.5010308479370807 0.0663275801738497 0 -4.032500374023201E-8 -1.363836909471006E-8 -2.7611332215306036E-5
0.06673635655852131 -0.4767204709635782 0.06461779605353521 0 -4.0841968704397144E-8 -6.488755405365888E-9 -2.7617298281055326E-5
-0.006975621790116399 -0.5183972256879046 0.06671599267023115 0 -3.825659842131374E-8 -3.4197297821834003E-9 -2.7628179804136922E-5
0.021803385387518696 -0.4822544950869184 0.06469299319690378 0 -3.802179730026609E-8 -3.480480394221386E-9 -2.7625183018605456E-5
-0.05196883438319561 -0.5240326103663052 0.06719869985797552 0 -3.6185959401891703E-8 -1.2042185180746133E-9 -2.7625431034074214E-5
-0.3679909311443217 -0.6373789894665455 0.08217765681431859 0 -4.635722496946885E-8 3.026162822503004E-8 -2.762263230252878E-5
-0.40158939943089916 -0.5697012631254147 0.07901179842938963 0 -3.875449098365507E-8 3.245513367172392E-8 -2.762688635221178E-5
-0.09590125636856872 -0.5619999312235502 0.06990127823248253 0 -4.066051348096514E-8 8.762365894024201E-10 -2.7627510268759732E-5
-0.19926692702634366 -0.6350324834465847 0.07658242747619838 0 -4.66037916464686E-8 1.707471742339541E-8 -2.7628490681037953E-5
-0.2841593977557326 -0.6153602706014176 0.07751426427315905 0 -4.6280613540615624E-8 2.5011825353431505E-8 -2.762922518126893E-5
-0.15663037176370528 -0.5733099421965812 0.07149707499548641 0 -4.426255874173542E-8 7.054510738571528E-9 -2.7628793088858614E-5
0.6892086201904363 0.11760753932384704 0.079182235454291 0 3.4842906672305406E-9 -5.184573832686349E-8 -2.7623536828533547E-5
0.7461230180043805 0.1326560288062978 0.08402816782270867 0 4.152682629321065E-9 -5.565350665455894E-8 -2.7607842498170944E-5
0.6908574756839181 0.1584953945063365 0.07995126254637963 0 6.361982069547864E-9 -5.022627425236943E-8 -2.7622495119314638E-5
0.9192877608705788 0.10260257931928718 0.09999999999999994 0 1.4575270699510236E-8 -6.936115326093092E-8 -2.7616613939388993E-5
0.8510855832446352 0.14814580550682163 0.09378949781498243 0 1.7715844975007805E-8 -6.131676801646656E-8 -2.760718472623813E-5
0.7902639371481001 0.17887268414595758 0.08869278761371624 0 1.3869106742193781E-8 -5.338882943812713E-8 -2.7604719938162964E-5
0.5270134709035552 -0.12362075461980128 0.0680883893303861 0 -1.3959013330782112E-9 -3.858631356097118E-8 -2.7617941915151036E-5
0.660910431014522 0.06111123862815046 0.0764443497197492 0 2.2939930601721522E-9 -4.994812672199211E-8 -2.7631526910915866E-5
0.5965173615012839 -0.07939251741876008 0.07200225824383245 0 -2.8973258144815464E-9 -4.239720386879047E-8 -2.7632411915941154E-5
0.6371682462297272 1.7636191275501287E-16 0.07448630903843244 0 -1.9302094597386054E-10 -4.673285828766192E-8 -2.7635088270392073E-5
-0.5998767009898777 -0.47889137063455584 0.08487289614566726 0 -3.4439815953605415E-8 4.479184896687488E-8 -2.7620708300848542E-5
-0.4462665144718288 -0.4769553831048419 0.07565680574632232 0 -3.546422333914844E-8 3.4400590265801996E-8 -2.7632262768359632E-5
-0.514031025104845 -0.49215788183100256 0.08018045280724438 0 -3.593521285152786E-8 4.24290004884339E-8 -2.7625689531315174E-5
-0.5551101229584549 -0.4700701488343014 0.08146563252731463 0 -3.3671597177153876E-8 4.376340354413786E-8 -2.7625584024786293E-5
-0.6562422498346266 -0.5241856689594518 0.09146905933596002 0 -4.1866530179525016E-8 4.5648195168006145E-8 -2.7619150438263783E-5
-0.6848306133117381 -0.6217902179859557 0.09999999999999995 0 -5.311367239915236E-8 4.8302043056720696E-8 -2.7623987765152528E-5
0.27241004361507065 -0.4718280360333558 0.06830375115676078 0 -3.303612626598936E-8 -2.3816341005900007E-8 -2.76302127630699E-5
0.4535801009187721 -0.11979187747949692 0.06395953291420167 0 -1.1975968664956253E-8 -3.1941458253925736E-8 -2.76075704998034E-5
0.39072217276086296 -0.23584567652234287 0.06329187670784985 0 -1.7160917543594734E-8 -2.798063711770164E-8 -2.7626126627002462E-5
0.41238404925178007 -0.18021837395374024 0.06296662723972753 0 -1.6576368574083932E-8 -3.301110422178408E-8 -2.7622822271343287E-5
0.33633282409977633 -0.33989669688880314 0.06444423660906805 0 -2.694440398678127E-8 -2.4269554706585453E-8 -2.760533951224204E-5
0.30008338071089913 -0.40108479031261085 0.06570468861303413 0 -3.202215076059951E-8 -2.7594584486272003E-8 -2.7620192394692324E-5
0.32685099627426545 -0.2905697969488598 0.06232853198902638 0 -2.4065827432218248E-8 -1.8568754088118813E-8 -2.7618223319157717E-5
0.34557599933864525 -0.25420475687873284 0.06192004258218349 0 -1.9732128641793998E-8 -2.1305750632146878E-8 -2.7625297598651906E-5
0.13994680898558723 -0.4672126633962515 0.06496624972127402 0 -3.208896391793963E-8 -1.0136293432509351E-8 -2.760624799848839E-5
0.19075484218748176 -0.4725311643222945 0.06620021711897697 0 -2.8771983012892975E-8 -1.570921287150748E-8 -2.761879280274491E-5
0.04901016908663563 -0.43723836174505165 0.062459634223422635 0 -3.626772914001936E-8 -1.4377773673678218E-9 -2.762383135053529E-5
0.10408488366078726 -0.44405468685268895 0.0632766673513578 0 -3.629469918410756E-8 -3.4469535552735563E-9 -2.761145651498149E-5
-0.03083759909542402 -0.4757419881377713 0.06436680609968096 0 -3.2898507153532544E-8 9.446374963622888E-10 -2.7624475469860812E-5
-0.0058033119248053185 -0.4414101175550563 0.06253303354413749 0 -3.264879362200652E-8 1.5289093639054014E-9 -2.762751552736879E-5
-0.39030681785658333 -0.4466269881485597 0.07141764844659583 0 -3.5589701127152096E-8 2.4942820188972223E-8 -2.7631770298408183E-5
-0.09527352708204243 -0.48999184724793493 0.06560563290386152 0 -3.255987133874015E-8 3.069505303260319E-9 -2.761162897926878E-5
-0.31827009850817745 -0.5512599811461146 0.07444098367382036 0 -4.142249428478458E-8 2.3931428684944337E-8 -2.7635917810854067E-5
-0.36296726797354567 -0.5093150093458659 0.07364571283377143 0 -3.7655000632788545E-8 2.5810295174730564E-8 -2.7635454588901673E-5
-0.1538656248196219 -0.515523498759926 0.0678853449092873 0 -4.259008321047138E-8 4.794283045979539E-9 -2.761707290218118E-5
-0.23145619169988374 -0.5426436945370011 0.07120349698950754 0 -4.409043166220192E-8 1.4876459316153766E-8 -2.7632839556738782E-5
0.02839276411724586 -0.3973392921812578 0.06048540173023527 0 -3.1016738033244E-8 4.906089084830729E-10 -2.7631701734382208E-5
0.6359863797306674 0.13411282944887548 0.07542020319546493 0 9.035033579060107E-9 -4.682546028687689E-8 -2.7631565033445285E-5
0.7226994437477957 0.1997352924878217 0.08334138075756291 0 1.0420494799395977E-8 -5.0443308574565546E-8 -2.761752310796418E-5
0.6524176664552398 0.20477109599706128 0.07797707686621592 0 1.241953332592979E-8 -4.736973952789931E-8 -2.763002777512042E-5
0.9051251569294585 0.19071818089926676 0.09999999999999994 0 2.0472957755194095E-8 -6.302430329684165E-8 -2.761599731521873E-5
0.8318102133114379 0.22322523392999097 0.09353078509252784 0 2.098117999502159E-8 -5.5930133790319054E-8 -2.7613895277451625E-5
0.7561533810021175 0.2511688924028691 0.08746370240455802 0 1.8642537656747513E-8 -5.3140132812848346E-8 -2.7617440367728082E-5
0.5078212312272354 -0.05773868566153316 0.06628756501631425 0 3.694449813584651E-11 -3.324514653263311E-8 -2.7623390900099222E-5
0.580043566339009 0.07440259297015442 0.07086095755136954 0 9.758065826925573E-9 -4.413747265120255E-8 -2.763270617390284E-5
0.5449077695259106 1.435041058529122E-16 0.06830916124377966 0 4.346301043279698E-9 -3.989235247305859E-8 -2.763235256729275E-5
-0.6449966839705535 -0.4445280981035864 0.08625924084344859 0 -3.004290840734923E-8 4.5420545038636214E-8 -2.7613563571755515E-5
-0.5773213056470615 -0.42632356756478973 0.08066830857907491 0 -2.8297259632243145E-8 4.428798362420473E-8 -2.7626339415368935E-5
-0.42560872193429483 -0.3924588186076942 0.07047472570296821 0 -3.5031542658498566E-8 2.877803944084407E-8 -2.7629760317461398E-5
-0.5105636494997626 -0.4275668331221898 0.07661161867134533 0 -3.185858151668661E-8 3.956081954779097E-8 -2.7633656652537705E-5
-0.6821995337018094 -0.3893517946424338 0.08645016345112792 0 -2.7602247642534568E-8 5.2768106853983594E-8 -2.760545471859556E-5
-0.7143597851634019 -0.46065181317541976 0.09243904770387963 0 -3.8099502472899894E-8 4.761677497311806E-8 -2.7611495533290915E-5
-0.7501479603301018 -0.5412050791178046 0.09999999999999998 0 -4.4915121819543477E-8 5.0013609322798226E-8 -2.7623331813948645E-5
0.23193963455587194 -0.401731231339728 0.06368217918749611 0 -2.981808014487629E-8 -1.7214170385046552E-8 -2.7626634771360122E-5
0.4253355502182103 -0.060426816635170834 0.06194940187312641 0 -7.956650337625424E-9 -2.733483719112597E-8 -2.7625581508228E-5
0.3783639298171796 -0.12391451309547895 0.06047575124681011 0 -1.4058712576628706E-8 -2.6923565967902557E-8 -2.7629275823843223E-5
0.3404696044317066 -0.192505611563268 0.06016257670047243 0 -1.6164795722175364E-8 -2.4064044974642832E-8 -2.7633243593951184E-5
0.2704412885460664 -0.32134890739138106 0.06148782850104334 0 -2.9385882918223927E-8 -1.7544274886448718E-8 -2.7624587358984433E-5
0.28780126788651955 -0.24610682281377952 0.05962067759661022 0 -2.0625469792968315E-8 -1.8585773429582446E-8 -2.763288643475379E-5
0.15779399244920164 -0.4060014305216929 0.062242172248634084 0 -2.8477361524468994E-8 -6.271361538994135E-9 -2.7622294498784914E-5
0.08201071126761389 -0.3939388987243753 0.060668066988986274 0 -3.140996589393596E-8 -1.2797247086428405E-9 -2.7627709972758157E-5
0.04349199689707277 -0.3606955682361924 0.05897556113419837 0 -2.754395058989363E-8 -1.5519560313236869E-9 -2.763568632398252E-5
-0.05772042989369192 -0.4373202270026056 0.06251628812885628 0 -2.8766352984267E-8 6.9489161959345476E-9 -2.7622794174929047E-5
-0.03317807935019408 -0.4000499580003112 0.06062434517611841 0 -2.8512388841640774E-8 5.267756672919173E-9 -2.76313179242402E-5
-0.3619566518906658 -0.37751131442037245 0.06698450376718922 0 -3.214389751124083E-8 2.1200545588946104E-8 -2.7614523615736833E-5
-0.36626813150114024 -0.4166408143589399 0.06892167223823106 0 -3.40485561286069E-8 2.0622018631433042E-8 -2.7625175617272234E-5
-0.3449125590697449 -0.44322460700183025 0.06935603931497553 0 -3.450138775091629E-8 1.958794738360637E-8 -2.7630053070588612E-5
-0.1061373350373039 -0.43371612134398735 0.06278756375601147 0 -3.019075881628911E-8 1.3183639110643925E-8 -2.7614942183266895E-5
-0.1533021139497205 -0.45854960024362473 0.06473399748772989 0 -3.9107096582987676E-8 1.2877280257803537E-8 -2.7610850670212082E-5
-0.27258732769368704 -0.47213510106489254 0.06832563375196132 0 -3.7770896772629554E-8 1.6659447905368438E-8 -2.7633141663748214E-5
-0.2137590545386873 -0.47234636278777903 0.06671710658979699 0 -4.1111786721440106E-8 1.3758147437349597E-8 -2.7626005489971775E-5
-0.18675532053812582 -0.4349325178463068 0.06418357757579088 0 -3.7384822533595886E-8 1.597431251642021E-8 -2.762199059265609E-5
-0.3826278748778653 -0.34149739132768103 0.06638993492953281 0 -3.259856912908509E-8 2.8111952755026338E-8 -2.7615024715162272E-5
-0.0010639892128916778 -0.35571530812846325 0.05866683852382106 0 -2.675369152232766E-8 7.637849068193297E-10 -2.7636810829649436E-5
0.5665181445886517 0.15558354761445173 0.07104008880031383 0 1.6845812583995323E-8 -3.966715927674717E-8 -2.7629797904284222E-5
0.5953591891669738 0.1936606882201294 0.07369160395615945 0 1.5940360573637818E-8 -4.197110831266497E-8 -2.763390505806089E-5
0.5192463818471629 0.12824117265253684 0.06769417632898124 0 1.7264132378241786E-8 -3.741536818868742E-8 -2.7617494085941225E-5
0.5285393108936259 0.16518893231571916 0.06885934434787161 0 1.8699642822005956E-8 -3.464922350500167E-8 -2.7623714885517716E-5
0.6744856330743806 0.25899543825752414 0.08106282636378111 0 1.6449694760691352E-8 -5.0747691773472586E-8 -2.7625926573762894E-5
0.5964895386590124 0.24538252217967127 0.07505456752399722 0 1.7789810736767354E-8 -4.3120435891521614E-8 -2.7635368227227094E-5
0.8809325160784339 0.2820885436790224 0.09999999999999994 0 2.6441001510730843E-8 -6.056306599288136E-8 -2.7623193389699033E-5
0.7133503615870089 0.32015636681811027 0.08613118221459619 0 2.4329294524088944E-8 -5.6018422196443154E-8 -2.761579479118337E-5
0.7978472984237357 0.3041762806928354 0.09281227257926788 0 2.705207127784575E-8 -5.736310469209819E-8 -2.7619369357050988E-5
0.4636209692030302 1.4593888372567647E-16 0.06366862151549985 0 3.0720113785301756E-10 -3.3911222256878216E-8 -2.7628261846902414E-5
0.4938126220450951 0.06489296717588176 0.06554297030555511 0 8.424450294821066E-9 -4.105020505582143E-8 -2.7621071421411966E-5
-0.6153231968638251 -0.38077552285640803 0.08115372829448388 0 -2.2837904312619014E-8 4.830909908893896E-8 -2.762166919803425E-5
-0.560449570051932 -0.3810942956107818 0.0775098294695611 0 -2.5815953941304256E-8 4.3289713388828526E-8 -2.7632418948424654E-5
-0.4429539530445369 -0.3153758255937713 0.06823813858748431 0 -3.0091371809367E-8 3.262547513548526E-8 -2.763156045797406E-5
-0.5043029125892239 -0.34762375509843185 0.07274022680505556 0 -2.8424773104622745E-8 3.751353846716836E-8 -2.763779057749571E-5
-0.6508158876168189 -0.3390076459058359 0.08199721983987755 0 -2.1512133775794333E-8 5.323885939518707E-8 -2.7619986173697128E-5
-0.7091826270730176 -0.32330839885714513 0.08590988858162861 0 -2.499743248488651E-8 5.726461586130871E-8 -2.7616941001310914E-5
-0.7619010673352372 -0.3837317836320327 0.09273617861998763 0 -3.590414792306375E-8 5.7356467928830834E-8 -2.7613309556921446E-5
-0.8010515387579304 -0.4625279007956028 0.09999999999999996 0 -4.143345720067191E-8 5.6252757083212185E-8 -2.7619356355430053E-5
0.19236089157799777 -0.33317883760233996 0.059881599761303 0 -2.612893867488136E-8 -1.199571572748987E-8 -2.7635812539181072E-5
0.38492668203237634 1.0023152680894796E-16 0.05989052034096669 0 -2.5435047887371924E-9 -2.808989958876649E-8 -2.7637105026560707E-5
0.2997814449763267 -0.1302546190444194 0.057552736756421544 0 -8.137829717598063E-9 -2.231722595954811E-8 -2.7637359902442582E-5
0.3411851195480258 -0.06215460789797836 0.058312559079427444 0 -5.687482489949744E-9 -2.3589890664442137E-8 -2.7639125987652037E-5
0.25568805190108224 -0.19009790761699052 0.05725179690059135 0 -1.2634442624092596E-8 -2.0507066590752128E-8 -2.763693154432464E-5
0.21970172124605264 -0.25470361780543144 0.057909449658114676 0 -2.0046615076885654E-8 -1.6621636055342497E-8 -2.76390333657793E-5
0.23090062297727731 -0.13379820267190193 0.05553869913937325 0 -3.894052522631398E-9 -2.047987783882942E-8 -2.7627298615233616E-5
0.10559774308437374 -0.32641465451667345 0.0581670361159444 0 -2.3691560992622287E-8 -6.490399935825632E-9 -2.7638383232200584E-5
0.031363797849434556 -0.30517057546423765 0.0568332914109285 0 -2.1960579981635266E-8 -5.488681643418348E-9 -2.7635935220665947E-5
-0.08918266806588585 -0.39015326021997465 0.06056960464965617 0 -2.7763490472629E-8 1.1593321282390279E-8 -2.7628777710724295E-5
-0.049756265008924744 -0.359262534671633 0.05895024498757894 0 -2.6536285735484622E-8 5.517688265331379E-9 -2.7636120306754736E-5
-0.33370914900421456 -0.3553876317528072 0.06495432896100803 0 -2.5245254411860172E-8 2.2491276987409598E-8 -2.7609548663051294E-5
-0.31386332305040454 -0.4019336098806021 0.0662221637922308 0 -2.8750311158283802E-8 1.6937065352802585E-8 -2.7621741319063883E-5
-0.15459594130071444 -0.3919265872876224 0.06155021858866086 0 -3.080973525494287E-8 1.6714787195699712E-8 -2.7627213329659457E-5
-0.2322802926341843 -0.4023212684393738 0.06371797650698165 0 -3.055087700430847E-8 1.7083802683012153E-8 -2.7628683684092305E-5
-0.33230969380311987 -0.31257443393730217 0.06328313435425743 0 -2.1723150482284612E-8 2.9542628544847437E-8 -2.7614480535311212E-5
-0.37984334067586323 -0.29694191152231486 0.06465963905911942 0 -2.669929704289169E-8 3.2003438609470764E-8 -2.7620580475908937E-5
-0.03281109095750644 -0.303248501545522 0.05677241598853609 0 -2.3970384198578972E-8 -8.792681106081441E-10 -2.763606450901609E-5
0.002774404310843052 -0.26370741404826953 0.055444406431408536 0 -1.954866262695115E-8 -7.3068460825550374E-9 -2.7626567897325217E-5
-0.4503344724862791 -0.2539143429242661 0.06663047103760426 0 -2.2707861332032954E-8 3.141642854345694E-8 -2.7632031626123618E-5
-0.40625597693717014 -0.2614749559637888 0.06471383725610917 0 -2.2772395765870463E-8 3.118319784700451E-8 -2.7628618854947983E-5
0.4615326701397575 0.12346215125476942 0.06442192515091573 0 7.707633259797847E-9 -3.436711174423773E-8 -2.7608135319168242E-5
0.5387084587482873 0.20560708274998704 0.07032262751622614 0 1.9531437001315378E-8 -3.5222069319165E-8 -2.76316682898835E-5
0.4879508039440348 0.17532903328848173 0.06671893154849401 0 1.6747743073962275E-8 -2.929386784966879E-8 -2.7618826950248803E-5
0.532509259731304 0.25445661626164345 0.07121936353097057 0 2.130876429751342E-8 -3.615597868816197E-8 -2.7636723965231986E-5
0.6341588941531792 0.31283518999890103 0.07981624453248937 0 1.927594582085414E-8 -4.992578857489656E-8 -2.7626455404159742E-5
0.5661686439840169 0.30314954318445153 0.07485251919573685 0 2.1377100891363944E-8 -4.179743475993093E-8 -2.763670648590068E-5
0.8437752416466553 0.3790359375932063 0.09999999999999998 0 3.51879138800692E-8 -6.136415189622605E-8 -2.7622842806208843E-5
0.6719229666176102 0.38840511082381185 0.08561888827579653 0 2.51949128548268E-8 -5.100559848347891E-8 -2.760660981109126E-5
0.7564175363077813 0.38622567562379634 0.09237249347625182 0 3.5131007804208375E-8 -5.566896512941901E-8 -2.7611329161863806E-5
0.41461516466779025 0.07768102097507298 0.06157475739077051 0 1.0375717888116964E-9 -3.385583414301507E-8 -2.762593123048671E-5
0.41609697408913526 0.13788398400008967 0.062378681269293045 0 4.297362870281663E-9 -2.962210769434659E-8 -2.7620558006260054E-5
0.3331467524821928 0.06332732629493788 0.0580143200893398 0 4.3530803074846645E-9 -2.5441507307862713E-8 -2.7640663473411085E-5
-0.47800098007166614 -0.21838828549818234 0.06713458210584479 0 -1.9852543696984497E-8 3.0503274456576944E-8 -2.762958698195651E-5
-0.581042663690517 -0.3157640075984302 0.07626188231201678 0 -2.1724680521008634E-8 4.494703916673695E-8 -2.763504513520971E-5
-0.516501927640104 -0.27345997871285144 0.07083650833060166 0 -2.3489523089677688E-8 3.643859466767322E-8 -2.763815374946899E-5
-0.6531660790226061 -0.2763311132584134 0.0799841441751332 0 -1.83031862195184E-8 5.1251752895759326E-8 -2.7629273833395865E-5
-0.7177089386751481 -0.25492955224205677 0.08435704674323387 0 -1.7858324199296702E-8 5.3464223190326056E-8 -2.7623367350136034E-5
-0.7682837005378522 -0.21778108265977297 0.08762455506029665 0 -1.6294568154841176E-8 5.313111428314606E-8 -2.7616494162967502E-5
-0.7926496756412593 -0.29133333750236745 0.09190870000572768 0 -2.6208452881429222E-8 5.7882698234508264E-8 -2.7621537608138378E-5
-0.8437556437212325 -0.37907955935377746 0.0999999999999999 0 -3.61291068693774E-8 6.27528061753875E-8 -2.7624632310893154E-5
0.14972579901011426 -0.2593326910893636 0.056582144341893334 0 -1.7947563287546258E-8 -1.3439973625214781E-8 -2.7640260824276368E-5
0.30024351839566077 1.0287337474471442E-16 0.0566089984335615 0 2.7458019035603172E-9 -2.1851871519662602E-8 -2.764153833809645E-5
0.25485064501553867 -0.06881848120103613 0.0554520694654174 0 1.0106779056332352E-9 -1.7716336655888494E-8 -2.763221227450872E-5
0.2018137422816696 -0.09141964150518621 0.054287541904913736 0 -6.93357542498224E-10 -1.4269583358174546E-8 -2.7615000714128066E-5
0.1764824224893901 -0.17786432905826247 0.05506179018247805 0 -1.1081052319096553E-8 -1.9138926735390815E-8 -2.762896833301106E-5
0.17846806103523252 -0.12182655323316927 0.054152220507936534 0 -6.68148441355701E-9 -1.7677684867538228E-8 -2.7612737596085E-5
0.06445906182530688 -0.2524774236880236 0.055351148337145016 0 -1.5109868367561347E-8 -9.706259642334544E-9 -2.7630750748857156E-5
0.01713256069613923 -0.2191946756676691 0.054245341320781695 0 -1.3663169646048487E-8 -6.078431329331623E-9 -2.7613787790386122E-5
-0.015811501710617768 -0.22080470166743846 0.054282927994611936 0 -1.9330260622308167E-8 -3.93314204276674E-9 -2.7614152416865425E-5
-0.11115524588477288 -0.32319159740630654 0.058116751891295344 0 -2.515647571773516E-8 9.501377589038813E-9 -2.763999076574096E-5
-0.2724211583800276 -0.34021230275634257 0.06225471036920954 0 -2.033192991824084E-8 2.1387759391377207E-8 -2.762491970262895E-5
-0.19295762658678686 -0.33421241295621795 0.059933626134453855 0 -2.4005931902804086E-8 1.6710203237761795E-8 -2.7637451431646374E-5
-0.299671918215507 -0.26919022055739933 0.06068803798570996 0 -1.7334780853360395E-8 2.6385629718038852E-8 -2.763023977330978E-5
-0.35401952964801076 -0.2618191533072333 0.0624765930436588 0 -1.9925222955816478E-8 3.064536064245077E-8 -2.7626869459381414E-5
-0.059917909088264505 -0.2537684697083779 0.05535616729591674 0 -2.322019678861065E-8 -6.21454726232561E-10 -2.763096982957068E-5
-0.4286041911968905 -0.21160410640457614 0.06443452009247358 0 -1.628511296020875E-8 2.8923693361849378E-8 -2.7628100508655852E-5
-0.3837371950984817 -0.21760730691022395 0.06251779019199943 0 -1.5781980524566034E-8 2.8986768745645313E-8 -2.7630977772093473E-5
0.44078820931890417 0.17778853409565737 0.06428879605061415 0 1.1336365043086895E-8 -2.72015087731508E-8 -2.7620406882865104E-5
0.4759951064045458 0.23047538821939026 0.0673334019397155 0 2.0078095595428302E-8 -3.005909760955389E-8 -2.763055025360738E-5
0.5023235944487765 0.29151864533540206 0.07059623054924213 0 2.454976666236071E-8 -3.491488015323308E-8 -2.7637839037348967E-5
0.5853609901656723 0.37038384021673393 0.07867156144500055 0 2.2753264215182735E-8 -4.464557360097194E-8 -2.76294548330299E-5
0.5293785213896149 0.3388907230126146 0.07386902220939724 0 2.5279120229900272E-8 -3.87357461484559E-8 -2.763810864414554E-5
0.8010710017272104 0.46249419126110125 0.09999999999999991 0 4.056324880071915E-8 -5.485859010085369E-8 -2.7619153522392266E-5
0.626960623589047 0.4522983371432033 0.08535306995964971 0 2.9841531025506415E-8 -4.3728347748933225E-8 -2.7617947999267584E-5
0.7061350528834721 0.4673278645716987 0.09212747065803699 0 3.7024198873102264E-8 -4.547395822298001E-8 -2.761284533143936E-5
0.3592371994727271 0.12552401442410036 0.05970040660633737 0 5.8501073832770084E-9 -2.6780950308855944E-8 -2.763492414445502E-5
0.39449037889125516 0.17177804019933995 0.06198157459134765 0 8.824196483313603E-9 -2.724348145924398E-8 -2.762791486764914E-5
0.2907007887888551 0.1297941048796961 0.057242741237689944 0 1.1878429590066236E-8 -2.0556233061702714E-8 -2.7638962696583426E-5
0.2538184516803514 0.06940494742292715 0.05542696753822805 0 1.1384232329402108E-8 -1.923222792169776E-8 -2.763289702449891E-5
0.20062573683728857 0.09527047772396227 0.054301155270572714 0 1.3066896644174005E-8 -1.4310338535191088E-8 -2.7615829713174362E-5
-0.4690213191754545 -0.16282051739106812 0.06545407679976868 0 -1.3617797830198961E-8 2.9312159296586253E-8 -2.761573279692168E-5
-0.5329845388239064 -0.1985594752136454 0.06981392050905111 0 -2.0094579041041867E-8 3.542296585011173E-8 -2.7631964384305713E-5
-0.5985835515449605 -0.2260297922817816 0.07467942546060531 0 -1.7705623106535323E-8 4.380069847441766E-8 -2.763703439731969E-5
-0.6738902730202506 -0.22049852083738797 0.07997070091519404 0 -1.3775040598504787E-8 5.007332592615882E-8 -2.7629650017739696E-5
-0.7224932718504692 -0.1846612188414888 0.08299584497449673 0 -9.363926971621443E-9 5.1927811073408404E-8 -2.761977120466749E-5
-0.784218194998307 -0.17459658052838994 0.0880668176158918 0 -1.339372435110507E-8 5.460864578694663E-8 -2.7608345295683746E-5
-0.8340398056073667 -0.21902107573341573 0.09363611174877708 0 -2.166826164752578E-8 5.744488991458125E-8 -2.7617426211889597E-5
-0.8809151182252344 -0.2821428693025129 0.09999999999999996 0 -2.7328599802085072E-8 6.199564568517728E-8 -2.762662494145107E-5
0.11138757858716244 -0.19292894544503636 0.054318208030815426 0 -1.195915535780741E-8 -1.2427032554844875E-8 -2.7628696009343825E-5
0.2238875048948224 7.238912562247948E-17 0.054346295287657886 0 5.074244548902925E-9 -1.621564172673805E-8 -2.762966755763303E-5
0.19420772375092543 -0.04676552312468657 0.053768452091938715 0 3.330982032992652E-10 -1.1019854504142033E-8 -2.7620415791570804E-5
0.16765785073129597 -0.0820458117059934 0.0534822586461166 0 -6.0933038543244204E-9 -9.95211204743584E-9 -2.761125965814213E-5
0.1532214795718842 -0.1047515501973591 0.0534601593182905 0 -9.876306036238923E-9 -1.2349125372420322E-8 -2.7611512843700426E-5
0.13365633223327952 -0.1314943305448411 0.053500013617672364 0 -1.188450941404145E-8 -1.3311687970104407E-8 -2.761796038393005E-5
0.1909210649037196 0.04684254353730671 0.053697308093126346 0 6.7983698975695965E-9 -1.6745282321535413E-8 -2.7620627081052676E-5
0.05493858025113072 -0.1872116672800932 0.053664600392910426 0 -9.827186569053879E-9 -5.167096193222571E-9 -2.7619537271262684E-5
0.0015895535343272628 -0.18045943852644164 0.053353802929854664 0 -1.341776336983178E-8 2.222745564936731E-9 -2.7611296111407564E-5
-0.053441146730527564 -0.18709102439814254 0.05365287398922711 0 -1.866461617807512E-8 2.9860968266547158E-9 -2.7619822854190487E-5
-0.15050660974349658 -0.260685094950677 0.05663516711153095 0 -2.1143371082964894E-8 8.973660507304872E-9 -2.7641895498708242E-5
-0.22974591189928226 -0.256397975299907 0.05821373401797809 0 -1.8002134692479068E-8 1.735379386169331E-8 -2.7640422657754203E-5
-0.2901412929767384 -0.21922908092139923 0.05898973037684318 0 -1.573299628626776E-8 2.305475127395117E-8 -2.7638330232047134E-5
-0.3302765228915605 -0.22443841547131757 0.06052899064430553 0 -1.5616535083594457E-8 2.7253552585793332E-8 -2.7634558668034285E-5
-0.11217260429255088 -0.1942886498520168 0.05435789315243198 0 -1.736204996986594E-8 4.160234369098894E-9 -2.7630162324266985E-5
-0.4043520178042477 -0.16901983470521795 0.062374130552393804 0 -8.948597283933572E-9 2.8277167196737285E-8 -2.762707514114866E-5
-0.36201088411519367 -0.17400839360604692 0.060635096430618034 0 -1.043252145336135E-8 2.721856219273663E-8 -2.7634671255031723E-5
-0.42569230627547644 -0.12215318657273527 0.06260425960749791 0 -3.793576198052694E-9 3.285841852546568E-8 -2.76196203002786E-5
-0.467604489294916 -0.09647351175034927 0.06440527405535047 0 -7.718087544788548E-9 3.9863138245184396E-8 -2.7614791922437007E-5
0.40159415937487924 0.2222711945652258 0.06342742714419668 0 1.620627510929809E-8 -2.838579883459997E-8 -2.7629414430324774E-5
0.4374027432196876 0.28280425722564984 0.06685837267776952 0 2.5786713580234555E-8 -3.1222234571494885E-8 -2.763129637990502E-5
0.4716692828943538 0.34325991058700284 0.07076541111671204 0 2.9928017916292235E-8 -3.3316758261953206E-8 -2.763630204593975E-5
0.5572755215547438 0.4510872900080022 0.08061070588876619 0 3.07986400509945E-8 -4.226295742399951E-8 -2.7628765933083187E-5
0.5201731653431543 0.38799390136202994 0.0753439569886662 0 2.838280007847504E-8 -3.8529913419025575E-8 -2.763669559708307E-5
0.7501545426059838 0.541195955123228 0.09999999999999998 0 4.393151704252777E-8 -4.856982363046147E-8 -2.762462813487885E-5
0.5828756184496425 0.5332115379316271 0.0868511630159933 0 4.1470579284470274E-8 -4.4428292110302437E-8 -2.7619881571347353E-5
0.650470548607775 0.5465931881196748 0.09240305490818579 0 4.393680388132792E-8 -4.468032393122343E-8 -2.7621896319381646E-5
0.33827356631260735 0.19741612693850677 0.06018657141513714 0 1.2866318077780001E-8 -2.5555500997880737E-8 -2.7636087909898197E-5
0.2643297840462276 0.19520810401833616 0.057617277126140565 0 1.5307966640906778E-8 -1.7980316859674707E-8 -2.7640033007058305E-5
0.23462332403576286 0.13422621113694244 0.055643167928538385 0 1.5905158608416642E-8 -1.3556925809138433E-8 -2.7630206623656547E-5
0.1835322570857455 0.12636576122723128 0.05431954168807021 0 1.2531337571946394E-8 -7.857958114424733E-9 -2.7616331362656116E-5
0.15384433041034717 0.09209874155024383 0.0533301823681776 0 4.500008009716735E-9 -1.1699697999639862E-8 -2.7612810208971883E-5
-0.5199939829281822 -0.124648956040805 0.06768673130026932 0 -1.7641737354995206E-8 3.888581049995423E-8 -2.762035342609575E-5
-0.5744027965338087 -0.14938461510286838 0.07144252826293566 0 -1.657079990767248E-8 4.175019421174427E-8 -2.7633424492111242E-5
-0.6477191420222239 -0.14358128013705043 0.07642272847163621 0 -9.287436895317848E-9 4.864568620248343E-8 -2.7633965298296538E-5
-0.735100345459195 -0.11930462056175606 0.08291132970822637 0 -3.321782938690775E-9 5.7024755548368535E-8 -2.7616154810165922E-5
-0.8023821229894582 -0.12465004703532732 0.08885408731398864 0 -1.2100653441713865E-8 6.185407766562589E-8 -2.7606148996399992E-5
-0.8531067718150073 -0.15803750226362165 0.09415708085227005 0 -1.9148217129959372E-8 6.193295274754798E-8 -2.7612991332384517E-5
-0.9051158299750595 -0.19076243784282 0.09999999999999995 0 -2.1422079871824556E-8 6.440605591586046E-8 -2.7620901216232605E-5
-0.8393412000271001 -0.10211595922316327 0.09200820531311653 0 -1.3895609924439283E-8 6.560467731739623E-8 -2.761294256106202E-5
-0.5124187514513647 -0.05184789683178334 0.06651654728017117 0 -9.11994591141956E-9 4.2319741646130905E-8 -2.7629601968333486E-5
-0.4662367643365183 -0.05429215722432917 0.06397307879016166 0 -4.796355462537158E-9 3.9920685924789076E-8 -2.7626195422479522E-5
0.07846305682895906 -0.1359020009449211 0.0529048760801971 0 -1.0505461145718435E-8 -5.192333440982608E-9 -2.7623231939609818E-5
0.1581850159804538 4.03666044625459E-17 0.05292729798071231 0 -5.17978960364955E-10 -1.1366096007305714E-8 -2.762365316310759E-5
0.1339429855522494 -0.042721659792281826 0.052630185389843626 0 -6.1596205718024E-9 -7.0557794060948E-9 -2.762236394055451E-5
0.12170874450296679 -0.07937873255132208 0.05270638285367756 0 -1.0235100263721533E-8 -6.770909821433813E-9 -2.7619729101838868E-5
0.0926329081859553 -0.0934021566431387 0.052491087538806276 0 -1.0409559472366171E-8 -4.9493492801899324E-9 -2.7624366457173944E-5
-0.07925046645516257 -0.1372658344238745 0.05293295280422828 0 -1.0409889189060357E-8 6.428659118579572E-9 -2.762396192449881E-5
0.12737884186502532 0.04457914646124025 0.052542398875778 0 -6.05804635494798E-11 -1.1487497818243004E-8 -2.7623947041535582E-5
0.025874926118163208 -0.13266950985365822 0.05254567933671947 0 -9.547806256762757E-9 2.3736596779065263E-9 -2.762310055370348E-5
-0.025243839799718233 -0.13300675455069116 0.052548920040911946 0 -1.0774180563084576E-8 6.232046865213961E-9 -2.762337481671021E-5
-0.18973296493485722 -0.18461798069110355 0.055474546986767154 0 -1.6647583328220904E-8 8.618978190035086E-9 -2.7633537185956055E-5
-0.2483235922732361 -0.1816505696604007 0.05686432272721824 0 -1.625855313638436E-8 1.6206547161925537E-8 -2.7638394581304447E-5
-0.30831506111577245 -0.17770170158565643 0.058672582596364375 0 -1.3405481509723337E-8 2.3423964710340852E-8 -2.763967579343327E-5
-0.13643849435757827 -0.142707733989249 0.05371629461338724 0 -1.0137701569942085E-8 5.6974626137389694E-9 -2.7621103225286343E-5
-0.184039983968445 -0.12735803584373426 0.05434432437859786 0 -1.3282439643248087E-8 8.65138416153026E-9 -2.761676223740303E-5
-0.10393602836491156 -0.0928684349452979 0.05261104654913399 0 -3.555171108294335E-9 9.281666990191714E-9 -2.7623424841734844E-5
-0.33491839009005275 -0.13913239257244242 0.05894927757126896 0 -9.258806186141831E-9 2.546678192807252E-8 -2.7639167689109002E-5
-0.379850741799242 -0.12110542276221135 0.060500587943527986 0 -4.5495565611248094E-9 2.9467313252113258E-8 -2.7632456379728648E-5
-0.40842759083875496 -0.05875232359605658 0.061140527783328784 0 -1.227273722981956E-9 3.385001623387222E-8 -2.7632751899229964E-5
0.36282250283673584 0.2686598783514224 0.06303900336729046 0 2.0786999654327336E-8 -3.0532873336810934E-8 -2.7626022264526126E-5
0.4058790843317993 0.3317218591300756 0.06705525860874961 0 3.1911912385675244E-8 -2.9311550644410437E-8 -2.7623402062724656E-5
0.4678168231247622 0.39722837411780604 0.07282402579327739 0 3.241509748671456E-8 -3.301976802335009E-8 -2.763643324680236E-5
0.43228391685071293 0.3802988180284773 0.07026687195777441 0 3.395925476195443E-8 -2.8728096042726656E-8 -2.7631569824203624E-5
0.5096255127299391 0.5106912413470729 0.08097857821614195 0 3.651380395486012E-8 -4.1827736519945653E-8 -2.7625343654275244E-5
0.49005227512439575 0.44470401859070535 0.07629562530822705 0 3.293296535071556E-8 -3.6888143031964074E-8 -2.7635145567663018E-5
0.5354804188313992 0.5793968081607486 0.0867593250488703 0 4.486380585598006E-8 -4.27569419774926E-8 -2.7609982488426406E-5
0.6847900044003186 0.621834941224156 0.09999999999999994 0 5.217710663333524E-8 -4.687778326713023E-8 -2.7626866384103087E-5
0.5876935447112426 0.6161088910778022 0.09257893706827944 0 5.219830001228558E-8 -4.133855881208704E-8 -2.761470391469529E-5
0.2968769596322443 0.26583446546620604 0.06049214663587174 0 1.660719386133459E-8 -2.5094066685292682E-8 -2.763257830497063E-5
0.22703812963746217 0.26409762190385 0.058370438456053005 0 1.7734798383763806E-8 -1.6492943677242754E-8 -2.7641973810371044E-5
0.18890830540911197 0.18932922319802872 0.05555650018582656 0 1.610984759841089E-8 -7.910001224590754E-9 -2.7635315383181253E-5
0.10177697427875262 0.08834048795367637 0.05253956863179544 0 2.6907467968865863E-9 -8.637267606339468E-9 -2.762445795779614E-5
0.13647605991683223 0.1435082568468913 0.053729825805134857 0 9.660022943356598E-9 -5.009884148287883E-9 -2.7621975497293012E-5
0.14969050843762163 0.2592715660247786 0.05657975437506356 0 2.0498470757041937E-8 -7.938554777204525E-9 -2.764406324873979E-5
-0.5844196053235717 -0.07491703801282973 0.07115392026499065 0 -1.0153098757560256E-8 4.5411928952989205E-8 -2.7637096367135896E-5
-0.7351410524947968 -0.060926854977285956 0.08231802271497875 0 -1.115303059185207E-9 5.8505217821969236E-8 -2.762376723262587E-5
-0.6752473549062168 -0.060997662019661704 0.07752927755735102 0 -1.9846636385347556E-9 5.2483444880815014E-8 -2.7634340519164827E-5
-0.7962287177911108 -0.06074957956360477 0.08762354715881242 0 -5.87512698738945E-9 6.386903980716186E-8 -2.7617143713172486E-5
-0.8627884197170684 -0.055125093298773874 0.09385473111979895 0 -1.0128557650998443E-8 6.698278267044528E-8 -2.7620826100621107E-5
-0.9192838471164881 -0.10263764414409532 0.09999999999999994 0 -1.5433166894282586E-8 7.072267266799208E-8 -2.7622751605230725E-5
-0.5447672634209793 2.858524015158418E-17 0.06830049229574699 0 -4.966806758724844E-9 4.090777907824138E-8 -2.7637276079786937E-5
-0.4638591691868275 2.797468827787367E-18 0.06368112390889594 0 -9.593014797751456E-10 3.48278833843642E-8 -2.7632560846369135E-5
0.04273067501608843 0.07401170016957923 0.051925849626185475 0 3.392883642656056E-9 -5.907017821040048E-9 -2.7634316177585046E-5
0.04273873390329096 -0.07402565857166639 0.05192600533605054 0 -7.580286479553435E-9 3.2915468076516157E-10 -2.763319378794347E-5
0.08580268905133058 2.7616060966210454E-17 0.05192915349305607 0 -3.939569443135678E-9 -5.973004859680023E-9 -2.7633415926828787E-5
0.07416648351753428 -0.042820039223696336 0.051927573540639343 0 -6.841122082360246E-9 -3.1479879818536697E-9 -2.7633013866915223E-5
-0.04299754043112494 -0.07447392462720538 0.05193102148339571 0 -4.005541847731744E-9 6.7314995168334584E-9 -2.7633540976389978E-5
0.07415950431437714 0.04281600977887487 0.051927495533993596 0 -5.424000930410346E-10 -7.057674726243441E-9 -2.7633628012932867E-5
1.3904975238826412E-17 -0.08573627431625096 0.051928505242836896 0 -6.6123486540698355E-9 4.323777568126597E-9 -2.7633065934962986E-5
-2.9796378738924766E-17 0.08577355466188762 0.05192886660175564 0 6.099498507821501E-9 -3.563392225892791E-9 -2.7634337582967138E-5
-0.22815732549244747 -0.13366956667415786 0.05546555293618704 0 -1.661379392155369E-8 1.3507244776489588E-8 -2.762903308251288E-5
-0.27837086784154214 -0.12617379267311213 0.056793561369108604 0 -1.3454704482642591E-8 2.0134294518330653E-8 -2.763866059530206E-5
-0.15093740406319933 -0.09389909648308081 0.05329903073383901 0 -4.964341186993891E-9 1.2003331835639675E-8 -2.7613474743358576E-5
-0.19761019796705667 -0.10158906953187431 0.054303584925033135 0 -1.3773059170754226E-8 1.3839609205145867E-8 -2.761561645857531E-5
-0.12619399745448537 -0.06614911525416545 0.052660410611162535 0 -1.4586532105521068E-9 1.2210042082071722E-8 -2.7621812266324018E-5
-0.07423701450489274 -0.042860760308234 0.05192836227840669 0 -7.391159724964128E-11 7.827446875397258E-9 -2.7633806453957556E-5
-0.4277423899643161 0.06497482014443749 0.06209784320535729 0 7.899459126320461E-9 2.811336572009972E-8 -2.7629094955305892E-5
-0.33304413722574777 -0.06930677678439595 0.058055306373968225 0 -5.307396732109707E-9 2.627669225002481E-8 -2.7642548910926848E-5
-0.3847166606924661 9.345124501562139E-19 0.059881376808148805 0 1.9759605045979898E-9 2.8931881695307127E-8 -2.7640816897166654E-5
0.3329058545937796 0.33325924236807375 0.06406157186555389 0 2.226222814808561E-8 -2.5874863233438956E-8 -2.7611057331555136E-5
0.49825230464030634 0.6040689738251999 0.08623250303750961 0 4.216579404237504E-8 -3.765618953786834E-8 -2.760756431118277E-5
0.3818998921620359 0.39282083230988174 0.06849211870683777 0 3.3986532197117817E-8 -2.1337262966779794E-8 -2.7624056004190765E-5
0.4314021965681312 0.42876752259718576 0.07244484890584979 0 3.445903564953006E-8 -2.890629170341832E-8 -2.7634982709755564E-5
0.4723939921181883 0.5653277489130144 0.08223903081434109 0 3.743181888711286E-8 -3.9009656570911674E-8 -2.761843658334551E-5
0.44736034083495346 0.4974141441538552 0.07684191432450417 0 3.521627608982998E-8 -3.438391823919363E-8 -2.763321700106672E-5
0.5230354883414245 0.6422697488364204 0.0903707538749386 0 4.902911541819842E-8 -3.380072690792022E-8 -2.760749743568627E-5
0.6177594130735138 0.6884753307245898 0.09999999999999995 0 5.703070303148164E-8 -4.075494982319191E-8 -2.7621534506320706E-5
0.5518007966248653 0.6760563257947593 0.09465507346897212 0 5.385052938935443E-8 -3.394060742416228E-8 -2.7614479514674733E-5
0.2625418688185837 0.33648330779519714 0.06181290503458571 0 1.984301494633699E-8 -2.0010031872087535E-8 -2.763011792232051E-5
0.10763513709501461 0.3224957272318108 0.058047784011843594 0 2.4543149923558044E-8 -8.23201078241212E-9 -2.7643415947629184E-5
0.19231764390950024 0.3331039304431938 0.059877835485628014 0 2.3301185974545642E-8 -1.5729179260039987E-8 -2.7640641928186113E-5
0.11136664405289663 0.19289268576805546 0.0543171535525474 0 1.662870252706893E-8 -3.2195645695494147E-9 -2.7631471028561408E-5
0.07844894660138711 0.13587756131386042 0.05290437550856248 0 9.64884980416128E-9 -5.727247067951448E-9 -2.7625223472141268E-5
0.03519829734560284 0.13784946141786306 0.05265706254873472 0 1.082316520217898E-8 -5.531961985635961E-9 -2.762435504048581E-5
0.06630901180929025 0.2508565357105051 0.05531869953262273 0 2.227898820207295E-8 7.786431534769616E-10 -2.7634452823629854E-5
-0.017053837843317182 0.27836069099312905 0.05590951428308119 0 1.9220219707564552E-8 7.828001909340746E-9 -2.7635178508522582E-5
0.011677278178983168 0.25977319628253465 0.05533524160416193 0 2.0177843188519514E-8 7.0111940660064285E-9 -2.762953415066454E-5
-0.036475279191632355 0.1302798698937502 0.052547520741153056 0 8.957573232880502E-9 -2.8476291071102987E-10 -2.762610428961122E-5
-0.004334214649360648 0.15163914092247652 0.05281372846092682 0 1.0722379205463697E-8 -3.5804511571921538E-9 -2.7620484106397794E-5
-0.5548238392163805 0.07638757137486699 0.06925704553616709 0 -7.173407507620349E-10 3.943054293204121E-8 -2.763403525009138E-5
-0.6361392415232946 1.3179599374821288E-17 0.07441207081886599 0 -4.26214019011251E-10 4.765768949824096E-8 -2.7640594125150515E-5
-0.7353276040989696 1.376885046738379E-19 0.08212306732579755 0 2.5108719495530005E-9 5.504374358931904E-8 -2.7628061949149726E-5
-0.8245744171037558 1.994957568951944E-17 0.09002147282184524 0 -3.276321712676975E-9 6.168205742944677E-8 -2.7621922962788833E-5
-0.9249999999999996 -3.487031299242896E-17 0.0999999999999999 0 -6.989196011991664E-9 6.925181183804874E-8 -2.7628361506359052E-5
-0.6215823870108426 0.05940809814964494 0.0735747228508592 0 2.93816638986616E-9 4.533727636336842E-8 -2.7639988744705018E-5
-0.5039157942187592 0.07056797810116018 0.06615707446286308 0 -1.0433979029413262E-10 3.3132920999195465E-8 -2.762563467357728E-5
-0.4742240483662385 0.11256694280313873 0.06494853319711702 0 6.6209782516172695E-9 3.310931624825105E-8 -2.7612909080586568E-5
-0.4362515368769683 0.13236424219261794 0.06326633817399899 0 1.437258785549917E-8 3.3494516887090116E-8 -2.761820358552287E-5
-0.3689420167821231 0.1279817916152874 0.06013540062401418 0 1.31783873461072E-8 2.736749389110454E-8 -2.76362779488441E-5
-0.40020050920329836 0.18553375498639205 0.06251643484045978 0 1.613114272581789E-8 3.1950768278244955E-8 -2.763132466282945E-5
-0.11902524067374867 0.3280525016025783 0.058398241089487615 0 2.331466585438282E-8 7.84886614596256E-9 -2.7644244889832918E-5
-0.278960464150049 0.23105339123962187 0.058930977919053947 0 1.810948666573101E-8 1.9870121277952235E-8 -2.7641420959008532E-5
5.529796886260846E-16 -9.523255661324038E-16 0.05151308386343702 0 -2.9221233882071864E-10 3.8541399474500573E-10 -2.764229792711529E-5
-0.043042879691499385 0.0745524545297515 0.0519319033593881 0 7.0584729108494494E-9 4.222557235847667E-10 -2.7634617213306238E-5
-0.24680219676358373 -0.07209570484822997 0.055249906628573604 0 -1.2391216099255658E-8 1.9498070508602633E-8 -2.7632650550035688E-5
-0.1740533791739203 -0.0457943921612332 0.05334383022045102 0 -5.140056029872579E-9 1.6511784497644856E-8 -2.762059984225872E-5
-0.12783259126111418 -0.033275347967647695 0.052499203818416273 0 1.464740151586401E-10 1.1903919283060273E-8 -2.762590227786241E-5
-0.08544796042127181 1.2633032021521531E-17 0.05192572029476935 0 3.326138337847295E-9 6.7313866230819506E-9 -2.763442121714923E-5
-0.33947513674739144 0.06240362523718613 0.058248486325065116 0 4.974048774678029E-9 2.4322319221308805E-8 -2.7643392052144343E-5
-0.30816555573663146 0.12979030410922676 0.05783416263257108 0 8.306617905710951E-9 2.3459776186654656E-8 -2.7642318514062067E-5
-0.22695325756190307 0.2565120405768185 0.05814491145404571 0 1.9959674346317878E-8 1.7541011689852248E-8 -2.7644372745866885E-5
-0.25569422992480956 0.1801064295667739 0.05704280655464759 0 1.0751724616974498E-8 2.162787798385724E-8 -2.764136458862677E-5
-0.07471068043782807 0.26158647648355277 0.05569656348774581 0 1.5584272430822017E-8 1.0536519052567572E-8 -2.7638551074645266E-5
-0.15073713287945018 0.26108437273446883 0.05665087411303693 0 1.7582803517425282E-8 1.4176794777275703E-8 -2.764570722013984E-5
-0.0793293077376864 0.13740239153093972 0.052935779499837216 0 9.989159193920468E-9 6.133153042518364E-9 -2.7625900278120293E-5
-0.299396714946573 6.0549876586637245E-18 0.05658028588283899 0 -3.4428343773923858E-9 2.2636827605734765E-8 -2.7644296406750115E-5
-0.39181543828090004 0.55445735722153 0.07760084140770424 0 4.394604270202324E-8 2.8068945702729854E-8 -2.763703647051056E-5
-0.42125713605646403 0.6077940464059373 0.08247265847688973 0 4.969213390368661E-8 3.034645204828799E-8 -2.762647986450834E-5
-0.4499036574234317 0.6597655574984553 0.0876254316161508 0 5.1888869249005866E-8 3.702287191425441E-8 -2.7620454625743657E-5
-0.4789401191209052 0.7197628636157833 0.09385470752197607 0 5.247564190375207E-8 4.247999112903285E-8 -2.7624219165976263E-5
0.30693864167133966 0.4042133776050551 0.06608285286906407 0 2.8152833413656187E-8 -1.585822289127472E-8 -2.7626002568884978E-5
0.45341996389119593 0.6343388790419371 0.0859386615701075 0 4.196369722391276E-8 -3.1656952774880757E-8 -2.7615960605513153E-5
0.36186279370904106 0.47199806236141656 0.0715259330567936 0 3.54179698707457E-8 -2.2251396819105684E-8 -2.7637366069129867E-5
0.400949758946052 0.5652131577221655 0.07869394977656127 0 3.8075237039250436E-8 -3.110351945370843E-8 -2.763203847525627E-5
0.4904238791693691 0.6985151762406319 0.09277567976728547 0 5.156744671317787E-8 -2.899316289756339E-8 -2.7618270132717145E-5
0.5485314952955888 0.74480230687788 0.1000000000000001 0 5.6967924548293387E-8 -3.2536550272120575E-8 -2.7623663876763604E-5
-0.157502577302292 0.4062797025959702 0.06224976286168574 0 2.7739200309862118E-8 7.0515739516695225E-9 -2.7629365786697785E-5
-0.04439277195221168 0.328710102628296 0.0577329050528648 0 2.364587012986825E-8 4.8049268361949095E-9 -2.764266399547865E-5
0.025557696189703685 0.3104658173674805 0.05699894508193312 0 2.3495042234033817E-8 1.8933935281760192E-9 -2.764076828653861E-5
0.05891091878969271 0.3561813785904501 0.05888183035860122 0 2.5758911044954683E-8 -5.476565467650821E-9 -2.7640880577646983E-5
-0.07539656272461737 0.3826387268002811 0.060112744280339386 0 2.9541652119064605E-8 2.4134206293660445E-9 -2.763692285233554E-5
-0.19156331121345582 0.4731617410648756 0.06625147072173321 0 2.8249280339702603E-8 1.677687014116826E-8 -2.7627189982759123E-5
-0.31860245148696237 0.5518356333914171 0.0744889558881298 0 4.066163554027028E-8 2.422950081398822E-8 -2.7642931148149844E-5
0.23188989210585279 0.40164507488900236 0.06367695651733306 0 2.9876483122016195E-8 -1.617466015482848E-8 -2.76323727950769E-5
0.18545604713463834 0.43047399478074116 0.06393784680976809 0 3.606750999753073E-8 -1.532634523150754E-8 -2.7626759059300606E-5
0.15384627156060351 0.3839117365891883 0.06118533303935759 0 2.919986171309875E-8 -1.562921213867825E-8 -2.7633348489099504E-5
0.08567704016096148 0.3934342712802923 0.06068036954612458 0 2.7137030465216435E-8 -1.0542988212477336E-8 -2.763302111346605E-5
-0.04746651353754765 0.1829715324610284 0.053532622158623755 0 9.167947810919742E-9 4.498606261957369E-9 -2.7621151478789258E-5
0.01717373484524668 0.1662656573333219 0.053092157016808576 0 1.3795704905790575E-8 -3.788291702763405E-9 -2.7617692672411528E-5
7.833096257776418E-4 0.19069362679459012 0.05356840441819727 0 1.3964142718897983E-8 2.1388948459166777E-10 -2.7612994423260244E-5
-0.014253461472862217 0.23459230484404994 0.05463523466770248 0 1.495551746361693E-8 8.43717750652992E-9 -2.762137469441184E-5
0.04520143550094837 0.1841851235528076 0.053545944108146816 0 1.766132998259834E-8 -2.404361904091417E-9 -2.762009359854878E-5
0.017981432514459814 0.22651294475696923 0.05443142027174295 0 1.9466075539806455E-8 5.129391380577961E-9 -2.7619023378267774E-5
-0.4509389353459413 0.18062953941108667 0.06485872161226297 0 1.3562581300495927E-8 3.946098846005637E-8 -2.7623681181014704E-5
-0.43855507291261625 0.22078311851591842 0.06514753629020965 0 1.4770022624169207E-8 3.6615113597340155E-8 -2.763176492077799E-5
-0.5430568755805911 0.1088667628343709 0.0688662273363696 0 2.8561319004593107E-10 3.9652209981738913E-8 -2.7629090660410588E-5
-0.5075730010734566 0.12513873893141766 0.06697106660603608 0 1.7541417647318254E-9 3.8349067154571204E-8 -2.7618294351542197E-5
-0.4876818695036711 0.16005919777938846 0.06641416297022892 0 7.344826410320489E-9 4.222313318515768E-8 -2.761869550200607E-5
-0.5817364775186938 0.11498204866540508 0.07140762999266016 0 3.3213825557862487E-9 4.3195960293034766E-8 -2.7635958429513934E-5
-0.6893460495224288 0.06354738512595376 0.07863780818203957 0 7.892116493216407E-9 4.9393211265356896E-8 -2.763266800553317E-5
-0.7599167871431189 0.060700756349994105 0.08441733903220823 0 6.5473698826725095E-9 5.28855172861098E-8 -2.762062366387999E-5
-0.8184909839211809 0.07533925376340878 0.08977629762126756 0 1.761114110113276E-9 5.716682528714055E-8 -2.7615557966516905E-5
-0.8641324069088798 0.06217499425579329 0.09403348687291993 0 -1.690235951926149E-9 6.199443190111548E-8 -2.7620801625253346E-5
-0.919284810212244 0.10262901652303173 0.09999999999999994 0 -1.0593769825965565E-10 6.691316352562661E-8 -2.762368195559482E-5
-0.7200856347104291 0.1275637570102766 0.08178787314202204 0 1.5383866091053177E-8 5.282561044677051E-8 -2.762102178342214E-5
-0.6366216770914513 0.14805650423757327 0.07568897320024312 0 1.1575023959848993E-8 4.7822240402915627E-8 -2.763658306686042E-5
-0.5083123257938114 0.6756675576578803 0.09200745306162258 0 4.9219052249466094E-8 4.4883305174059686E-8 -2.7616385126410815E-5
-0.5084523869045262 0.6310249340793687 0.08870435188239581 0 4.6988176966448526E-8 4.094565733584293E-8 -2.7609516833336324E-5
-0.5485031394581954 0.7448231888659755 0.09999999999999998 0 5.297797089479437E-8 4.876106842136547E-8 -2.762647502220762E-5
-0.47303326379715877 0.5791284533565413 0.08316905076856485 0 4.7291770641128426E-8 3.168901921290888E-8 -2.76184880232609E-5
-0.45509595152323223 0.4866404390645807 0.07663670286639768 0 3.672163017292449E-8 3.2601810585990167E-8 -2.7636739317494145E-5
-0.4180330375357138 0.4186106610386911 0.07131407766744807 0 2.6805424538368295E-8 3.539781809505355E-8 -2.7636177096263497E-5
-0.35805699391726126 0.4725541821277961 0.0714004969823895 0 3.4151452460057056E-8 3.120875495073068E-8 -2.7640020110177415E-5
-0.3304177610769968 0.2075632873895256 0.060121873146272396 0 1.6565783398807832E-8 2.356441643117576E-8 -2.76390649816667E-5
-0.3986677525588505 0.2551376793832065 0.06418286265211677 0 1.633630299304613E-8 2.9165856113357372E-8 -2.763195694553872E-5
-0.19326570388917413 0.3347460184966116 0.05996054906425581 0 2.5714758846037126E-8 1.2823792281395152E-8 -2.76422429939916E-5
-0.2326279902659774 0.402923498403311 0.06375456788963607 0 2.9309132767566365E-8 1.8349427195452354E-8 -2.763448212070557E-5
-0.2730034360466582 0.4728558218736924 0.06837705113188595 0 3.246677688152461E-8 2.485859622917728E-8 -2.7639503959685643E-5
-0.30165136280488025 0.41841452971898935 0.0665620091821718 0 3.1574737568803074E-8 2.9007045003517467E-8 -2.7631744769507727E-5
-0.2982294435153453 0.2720284218761083 0.06072614652584282 0 2.3180907372568624E-8 1.8632023674931246E-8 -2.763353176322159E-5
-0.28071917465641966 0.3771430143239578 0.06401358518053687 0 3.160584525792748E-8 2.4197437901470824E-8 -2.76281935984299E-5
-0.25621859628623345 0.3266156402995803 0.061257118437086824 0 2.8621227861738953E-8 1.787347290101079E-8 -2.763438191180802E-5
-0.07427627943517316 0.042883429926301085 0.05192880169730083 0 6.270667453191013E-9 3.974443980957391E-9 -2.763450898949219E-5
-0.10192189467460559 0.10267269443312377 0.05269596908601702 0 1.051837991120843E-8 7.242320426593498E-9 -2.7624599376795173E-5
-0.22270343343645202 -2.7398019802337882E-17 0.054316401779706945 0 -5.592111286249114E-9 1.6986214671683435E-8 -2.7631727973470635E-5
-0.1568744501142894 1.9427769320198104E-18 0.05290395974586273 0 -5.433382308617867E-12 1.207335770253811E-8 -2.7625451312149728E-5
-0.1333037269353432 0.03517105967265549 0.05258728793055297 0 4.90490192289285E-9 8.110586828088112E-9 -2.7625381097906024E-5
-0.2668792736165403 0.06671487334767572 0.055790773586017584 0 -7.998729147333466E-10 1.9513719529757025E-8 -2.7638425545827633E-5
-0.25161809751440434 0.1255049475699697 0.05598231997151887 0 3.22376360493796E-9 2.1104531778474017E-8 -2.763571243455892E-5
-0.2204702956430696 0.1429341155499399 0.055415459742855375 0 4.665941291991584E-9 2.158788721215194E-8 -2.763059603723071E-5
-0.18350196867475072 0.18844743574056294 0.05542383280391714 0 1.1403681247669087E-8 1.9943972046037926E-8 -2.7636579971146105E-5
-0.1122914677939212 0.19449452747555573 0.054363926326504504 0 1.1478814108007062E-8 1.3328056530101797E-8 -2.7632797305782112E-5
-0.13865734030206042 0.13413724110678021 0.05361667711440056 0 1.1061710070538873E-8 1.501973807311682E-8 -2.7621148258983556E-5
-0.3679940573528883 0.637384404218618 0.08217817873449762 0 4.843665399769206E-8 2.544349172780303E-8 -2.7630783279062834E-5
-0.4124740638930545 0.7144260354671818 0.09005646238462257 0 5.122219447496975E-8 3.3816892330113723E-8 -2.7625114486019664E-5
-0.4625000000000002 0.8010734985006057 0.09999999999999998 0 5.586536547084715E-8 4.078727993721815E-8 -2.7631963529062198E-5
0.41227210451772545 0.7140762315680472 0.09001864521731297 0 5.4058196917057495E-8 -2.7289544695415497E-8 -2.7622851094157198E-5
0.27234892372669683 0.47172217328134014 0.06829621029644013 0 3.702467755011287E-8 -1.5655376492268944E-8 -2.763716932763853E-5
0.36764043700660404 0.6367719158122639 0.08211917016769554 0 4.55652375364788E-8 -2.8994749273005897E-8 -2.76286060063689E-5
0.31803615984503875 0.5508547874957042 0.07440724687637126 0 4.0633206908204486E-8 -2.289576702440788E-8 -2.7640675544111152E-5
0.46250000000000013 0.8010734985006064 0.09999999999999999 0 6.237158496706042E-8 -2.7773574724423966E-8 -2.7629449392474635E-5
0.3836506929290541 0.7746515411716932 0.09384509082801112 0 6.221565548263446E-8 -2.398107646924866E-8 -2.7622419026628826E-5
-0.14030890931253803 0.4679836164169959 0.06501280116403946 0 3.1470127464742316E-8 1.1232335038135645E-8 -2.7614081510896994E-5
-0.10294114607188212 0.4464085827438704 0.06338188130081227 0 3.606928975726856E-8 4.558254329376776E-9 -2.7618394515095053E-5
0.013052198219917906 0.38970549808144683 0.06010955939350729 0 2.820842646967292E-8 -2.338723740317578E-9 -2.7639104959326926E-5
-0.04037960269203984 0.44085703180834646 0.06259577733066987 0 3.5658333969472815E-8 2.0965490514326775E-9 -2.763138572959313E-5
0.06533055038853267 0.4354649165439312 0.06247764990259344 0 2.793645969277779E-8 -7.098314768757279E-9 -2.7627439505698184E-5
0.21079455863719812 0.4693257584201238 0.0664848367230654 0 4.026627343149245E-8 -1.2811834728374035E-8 -2.763020025629621E-5
-0.2117215867706234 0.5198781223671348 0.06933829044213057 0 3.32688696453433E-8 2.0483257343617283E-8 -2.7635870282062187E-5
-0.1460434120132441 0.503264073058023 0.06704541835555092 0 3.361816663724808E-8 1.7818155318783206E-8 -2.7619861707382303E-5
-0.17773060720916653 0.5259463281585314 0.0689480477972893 0 3.4037964844693176E-8 1.961615521821834E-8 -2.763073294839294E-5
-0.2900329026458535 0.6297052539110424 0.07871782471366953 0 4.6276014045368376E-8 1.7938435290334894E-8 -2.7634855230493713E-5
-0.2598642375444073 0.5690891545970852 0.07365958600480058 0 4.0314466646264304E-8 2.0109600470034647E-8 -2.7642068475976046E-5
0.1498593825176401 0.45279307874260616 0.06437801254812758 0 3.734266666856127E-8 -1.2917410441066006E-8 -2.7616027104712962E-5
0.11053788187593885 0.4306223745782792 0.0626902062642271 0 2.991130441433974E-8 -1.2980109979566147E-8 -2.7620597375698797E-5
-0.4490633670822637 0.26293361409508886 0.06682964731028329 0 1.5223976367654128E-8 3.576191586523228E-8 -2.7635638626374614E-5
-0.4300985673768074 0.3012630280350379 0.0671100012724704 0 1.611696337001273E-8 3.2605877399896614E-8 -2.763323854560668E-5
-0.49761740681994665 0.2259943198914076 0.06840949555720777 0 1.274850805813497E-8 4.2215004309064256E-8 -2.7635345479855162E-5
-0.5518948161465873 0.17422255470543743 0.07046196471921622 0 6.890780218604223E-9 4.4673228191787224E-8 -2.7633835885339753E-5
-0.4324706598932548 0.35955969358955997 0.06940707877592157 0 1.9551399739601948E-8 3.4633497248429753E-8 -2.7633706728515192E-5
-0.7940808377677345 0.13178185399490336 0.08820577601429047 0 8.324365931413376E-9 5.8567230009622365E-8 -2.7606298618884336E-5
-0.8565041007211139 0.12935729823844902 0.09401883827528355 0 1.9549629901011223E-9 6.356424458265298E-8 -2.761458460953305E-5
-0.9051192255768065 0.19074632675980735 0.09999999999999998 0 6.989321871227924E-9 7.113894784261688E-8 -2.7622647822530975E-5
-0.7583678808155521 0.178257805309045 0.085877514601274 0 1.599367182478562E-8 6.038566424011996E-8 -2.761365518350521E-5
-0.6170663609123308 0.222189336538271 0.07585507468331582 0 1.668054149473303E-8 4.6878387440746995E-8 -2.763856775485841E-5
-0.6972424057138269 0.20430689657176623 0.08139617396721441 0 1.8887319018885885E-8 5.362454604801916E-8 -2.762779699790076E-5
-0.5596851197575441 0.6634042603718276 0.09419033697962355 0 4.417340145406426E-8 4.764733247246887E-8 -2.7616590101512293E-5
-0.5445828559277583 0.5931276201062036 0.08823074690283748 0 4.0028084774371384E-8 3.918034781689119E-8 -2.7611976813444415E-5
-0.6177328508859395 0.6884991641819085 0.09999999999999992 0 4.447286470705571E-8 5.074482769088646E-8 -2.762487024863893E-5
-0.5240933648557363 0.5322322969179639 0.08310069903157469 0 3.950070843640508E-8 3.434829557035141E-8 -2.762341534311531E-5
-0.482008368592271 0.40269833860051546 0.07383556549613608 0 2.751382012346147E-8 3.674773609631717E-8 -2.7640250437735023E-5
-0.5228737105474611 0.469403410425903 0.07945982017150148 0 3.574676337580517E-8 3.666982104573842E-8 -2.763386990456903E-5
-0.3178442209190435 0.3574692689417035 0.06445327462614317 0 3.0141830113892644E-8 2.6800809663642266E-8 -2.761710873420343E-5
-0.3668515165065182 0.391453181331997 0.06779342734587494 0 2.482632137545821E-8 3.48306344338724E-8 -2.7623865753636038E-5
-0.37474174799433474 0.32521524057353407 0.06543736846884436 0 1.816102338034969E-8 2.633504453622577E-8 -2.7618314426723596E-5
-0.3445240713159381 0.2767146512083848 0.0625551726814487 0 2.0482343280454536E-8 2.0989284399388914E-8 -2.76272900268737E-5
-0.31825267387856393 0.31228528282505885 0.06275542647814246 0 2.6599315186325606E-8 1.992288292698695E-8 -2.7620994222002405E-5
-0.13208776332768443 0.07040426877471616 0.05277929135503948 0 8.579957212548584E-9 7.779107883199281E-9 -2.7620985498611055E-5
-0.13558426904309848 0.09984465055515283 0.05311549222562181 0 1.0521463866762074E-8 1.0748022840640146E-8 -2.7617958183162453E-5
-0.18433654548332082 0.04822270923057056 0.05356505347436668 0 3.5626605944946697E-10 1.0710924536540698E-8 -2.7621481287026307E-5
-0.2141365218541703 0.10501643106435352 0.054728299370409676 0 1.4244512668203583E-10 1.7899322601929932E-8 -2.7622720295440217E-5
-0.18680865935078547 0.12991541986645883 0.054439563423197654 0 5.536359383253598E-9 1.9929332966174583E-8 -2.761970673480007E-5
-0.1657690318723488 0.09663028560186346 0.05359396061230915 0 6.953175154960075E-9 1.2846725150735018E-8 -2.761283399002465E-5
-0.3275435087421515 0.689022237889938 0.08446715933764735 0 4.847967284995144E-8 2.088939352139095E-8 -2.7623228305784068E-5
-0.3440235561346144 0.746753392646391 0.089798396197132 0 4.975164617354183E-8 2.709133480740872E-8 -2.7618484321741233E-5
-0.3781299746230488 0.7796968295885027 0.09405159466762453 0 5.22623890772824E-8 3.256133539424408E-8 -2.7623980180243096E-5
-0.37078556224583165 0.8474286657041803 0.09999999999999998 0 5.726353900723451E-8 3.369250051851715E-8 -2.762701858193682E-5
0.33139114289377414 0.7785556133621918 0.09206768166444738 0 6.278720965436205E-8 -1.9964043102157034E-8 -2.76149938681405E-5
0.3464548928541494 0.7191482470167311 0.08759713317592265 0 5.724867505366597E-8 -2.6279737319229675E-8 -2.7618711668904277E-5
0.31546555307223767 0.6681703741372863 0.08242156072081934 0 5.035334890095292E-8 -2.7588489696915074E-8 -2.762501080203631E-5
0.22784343961994072 0.5451094489255655 0.0712614275403811 0 4.352266078154715E-8 -1.350969448474398E-8 -2.7638213769442125E-5
0.28413345033548576 0.6165726819630529 0.0775980862421621 0 4.562587205473138E-8 -2.3753674208896858E-8 -2.7635322263391756E-5
0.290977677915208 0.7546407636986492 0.08855875058870188 0 5.8104332149951886E-8 -2.011777412920154E-8 -2.7608308927336417E-5
0.37075219693550476 0.8474432642497914 0.09999999999999995 0 6.784473816669316E-8 -2.1202543682782715E-8 -2.762508186262773E-5
-0.10596501162257625 0.5041773372256164 0.06652572871029448 0 3.9591692620793E-8 1.4991663602522482E-8 -2.761984493216191E-5
-0.07102778036707863 0.4813038479979327 0.06489977746314218 0 4.066796805582859E-8 8.330466635470526E-9 -2.762385046033215E-5
0.019795838688718658 0.4703114259817324 0.06404440608297313 0 3.2757126699918294E-8 4.0827950278831987E-10 -2.763204871841445E-5
-0.028427878816465992 0.4894039605592073 0.06510500934199118 0 3.850106645101485E-8 5.465818311519686E-9 -2.7631976441811972E-5
0.09307018049889713 0.4870154223859189 0.06541754354915294 0 3.1106861614982296E-8 -2.552700923403632E-9 -2.761803092173167E-5
0.15223360853370174 0.5114589799667827 0.06762073099832455 0 4.159414382228092E-8 -3.780016843122806E-9 -2.7621655629742183E-5
-0.19168892528151515 0.5624523066487594 0.07149027116733256 0 3.8669769488345024E-8 1.8720889833722622E-8 -2.7637710771401943E-5
-0.12546868182070262 0.5661421054611622 0.07053660282173835 0 4.1652038751857546E-8 1.640051905643269E-8 -2.7635127952760324E-5
-0.25001651455608004 0.6877574831582879 0.0818288600417976 0 5.287496699053325E-8 1.3194752385254242E-8 -2.762314158859883E-5
-0.19051431605916905 0.626194724144322 0.07575740850014469 0 4.676646850732228E-8 1.393825837329131E-8 -2.763829298180007E-5
-0.496968869184538 0.31115828345845903 0.07096354188096898 0 1.9491800465016845E-8 3.859060222798657E-8 -2.7641619505780776E-5
-0.5531916805568735 0.25483900449276115 0.07250231820116239 0 1.6783228055754202E-8 4.349335922103465E-8 -2.7641198221134295E-5
-0.8285501209973593 0.21135039229984 0.09293041569195869 0 1.0647738951082999E-8 6.726924506110549E-8 -2.7618104426155767E-5
-0.8809225682293763 0.28211960771987943 0.09999999999999996 0 1.4652686473065141E-8 6.996094381777785E-8 -2.7629229996946214E-5
-0.7578216461505274 0.23114048963723496 0.08705889216020636 0 1.7344004007952807E-8 6.027972424270032E-8 -2.762108649606599E-5
-0.5442886348821633 0.36830034160648034 0.07595460109733419 0 2.8401769391453207E-8 4.012447531476732E-8 -2.7639512271070453E-5
-0.6102329054490169 0.29533181001281994 0.07752504764743703 0 2.4142173921119125E-8 4.384692453632939E-8 -2.763635334691977E-5
-0.6672358697757713 0.2726523999513782 0.08092297245691278 0 2.2375958844497646E-8 4.7955973925851915E-8 -2.763077896988578E-5
-0.7250638207162802 0.2644091498704253 0.08523826785223539 0 2.0034875084320238E-8 5.429334398449664E-8 -2.76251121673062E-5
-0.6071515389330133 0.6092519905512257 0.0934219469334025 0 3.8146193707258384E-8 4.726801953879879E-8 -2.762133957650082E-5
-0.5735399527378838 0.553508622043815 0.08749015204644302 0 3.731671028306611E-8 4.070511426768052E-8 -2.7620538999442572E-5
-0.6847646792234087 0.6218628292777222 0.09999999999999995 0 3.943962935078872E-8 5.467611437058169E-8 -2.7630751178144638E-5
-0.5770660846669927 0.4836246905463882 0.08360849061752018 0 3.678836605864823E-8 4.204998096060968E-8 -2.7627952983827626E-5
-0.5580584193120216 0.42548332869284067 0.07938775238593494 0 3.4064954667109093E-8 4.071426843315334E-8 -2.7634202580967785E-5
-0.28374056147924315 0.7514739211838952 0.0880520415280374 0 5.400375278677954E-8 2.1900326088629013E-8 -2.7609065947834666E-5
-0.3165497745723784 0.8071051679018629 0.09409208829712741 0 5.556625908354503E-8 3.032601931309769E-8 -2.7617726974512828E-5
-0.28739394850298333 0.8792210714939998 0.09999999999999995 0 6.445884357810566E-8 2.969334085161257E-8 -2.7625733357636713E-5
0.29491717071644896 0.8166669280321706 0.09422261270086467 0 6.251839810230974E-8 -1.4121007126468776E-8 -2.761579248207111E-5
0.15199695343335898 0.5713443637747507 0.07128864354870555 0 4.327796984212581E-8 -5.303717810164299E-9 -2.7635243257205746E-5
0.2647361318881631 0.6988930987695543 0.08313425830297129 0 5.0311047601949005E-8 -2.5107897580846417E-8 -2.761753029323083E-5
0.19363779692619498 0.6392946953673742 0.07676490405819379 0 4.6070765975882895E-8 -1.5451440974875126E-8 -2.7635625122777848E-5
0.23873623781901862 0.7680602578468166 0.08814793343306232 0 5.3030365662991845E-8 -1.4700537547179853E-8 -2.7611648565758513E-5
0.28735785633849587 0.8792328678266585 0.09999999999999996 0 6.542599242584537E-8 -1.2984457244704597E-8 -2.762421367738102E-5
0.045020558010702406 0.5239593119206281 0.06715619876796416 0 3.579260749228282E-8 2.4893352396664666E-9 -2.7633418648806253E-5
-0.05203180167969757 0.5443357511275837 0.06842717285738563 0 4.242379802837036E-8 1.0018872109467736E-8 -2.7636115845927605E-5
0.00125333399408392 0.5186888782774369 0.06673044987207258 0 3.810774167447308E-8 4.841824759864036E-9 -2.763568913097123E-5
0.09263905094403112 0.5551170207203664 0.06943102413110942 0 3.921235366551091E-8 4.753865003110254E-10 -2.7633779401263382E-5
-0.22520922840433807 0.7458968973346561 0.08588793599516027 0 5.978746076670233E-8 1.6507381773096433E-8 -2.7616063371069285E-5
-0.056365569894855645 0.6123374883168232 0.07290850863136553 0 4.5893262965691434E-8 6.8866067752739455E-9 -2.764215885884607E-5
-0.11459365381122652 0.6489796043007032 0.07609123122821615 0 4.854933279378464E-8 8.822023496861805E-9 -2.7639767955453983E-5
-0.17201424223952635 0.7059350940103869 0.08139872432652714 0 5.527738843350945E-8 1.0682828454189904E-8 -2.76297984749335E-5
-0.5619648707592039 0.31624700130713346 0.07504348009682706 0 2.416543254934314E-8 4.164860080737809E-8 -2.764062284330406E-5
-0.7888004165309431 0.29037609645717466 0.09153149855841576 0 1.7278375042495476E-8 6.054229745896146E-8 -2.7624177513363992E-5
-0.8437609348289447 0.37906778281416026 0.09999999999999995 0 2.029385970652995E-8 6.371161689323155E-8 -2.762824901416225E-5
-0.6064827120561797 0.3683452405387546 0.08001332460787643 0 3.2376336478891384E-8 4.313807844104866E-8 -2.762921213563949E-5
-0.6554904399290363 0.3258387756938692 0.08184700708932659 0 2.7392421366245453E-8 4.469039697987985E-8 -2.7625209387295206E-5
-0.7173789460644423 0.321865662586802 0.08652046298759287 0 2.2251398922524917E-8 5.019012023452816E-8 -2.7620366548646826E-5
-0.6465139113454262 0.538316822314734 0.09160194260007758 0 3.6456932454480866E-8 5.132680707769282E-8 -2.762533991397875E-5
-0.7501326501074496 0.5412263004122692 0.09999999999999996 0 3.569734716443208E-8 6.262017986268956E-8 -2.7629006702237018E-5
-0.8010558185062641 0.4625204886241073 0.09999999999999998 0 2.743786644113177E-8 6.385164332835833E-8 -2.7624012423267037E-5
-0.6328963674406779 0.44705014677999644 0.08550954643040555 0 3.656387748929536E-8 4.986908273830597E-8 -2.7620736443451228E-5
-0.2313025414788286 0.8233581280344338 0.09294490463014164 0 6.294912946639935E-8 2.458069061717008E-8 -2.7620737725860767E-5
-0.19616860770583666 0.9039546015730862 0.09999999999999994 0 6.724395352524306E-8 2.2502266759305378E-8 -2.7632001008585985E-5
0.2216527773738334 0.8287572231622684 0.0932031971273528 0 5.910289055366063E-8 -9.128370479596912E-9 -2.7620967182363136E-5
0.10414931811684251 0.6209165315731189 0.07394244219969823 0 4.5063400318900585E-8 -5.227847965690296E-9 -2.7640176451748374E-5
0.1942511971230704 0.716812779625243 0.08273823779707914 0 4.879485647011444E-8 -1.6514094575356637E-8 -2.7624068985151916E-5
0.14442364609626682 0.6895139486023729 0.07960445430492032 0 4.9096323859804343E-8 -1.2519879669283095E-8 -2.763349091838325E-5
0.1913914876174544 0.7797285375111098 0.08801717214843206 0 5.384786231148607E-8 -1.119826921675943E-8 -2.7620583968077064E-5
0.196130597538861 0.9039628493277602 0.09999999999999998 0 6.620840724237277E-8 -6.5560479679452744E-9 -2.763099577280789E-5
0.020086990102898373 0.582926818943489 0.07076019404513119 0 4.2354841907842425E-8 2.831306797344716E-9 -2.764177005132451E-5
-0.17894546311077822 0.7718277883825889 0.08706002927260566 0 6.016024402940331E-8 1.5266119136052918E-8 -2.762328016370572E-5
0.04599891718688658 0.6542488180254783 0.07585611859697282 0 4.825772717512582E-8 -4.36535556089572E-9 -2.763999854129925E-5
-0.007855133722757698 0.6491499078369714 0.07536310530979572 0 4.787690752189664E-8 -3.780144340068672E-10 -2.7640820110942237E-5
-0.13380906082414654 0.7600240739879767 0.08523325950883376 0 5.646597472300452E-8 9.967267346298035E-9 -2.7627022127675155E-5
-0.04850890629174576 0.6781878024575423 0.07767733236817918 0 4.955854349405742E-8 9.21181104696147E-10 -2.7637121031108455E-5
-0.09794458893422112 0.7138796015511557 0.08090449857215169 0 5.208564432819153E-8 4.775008752505461E-9 -2.763239664830482E-5
-0.7603438011582597 0.3738096376808479 0.09217483686370775 0 2.0809406309530434E-8 5.606079914690984E-8 -2.761758589070933E-5
-0.6767294999436547 0.3833870641168077 0.0857669286165472 0 3.0780728083253176E-8 4.842543796847897E-8 -2.7610799378280693E-5
-0.7186415188607147 0.46354605628657686 0.09293928953994947 0 3.046294890349303E-8 6.00156350292401E-8 -2.76169452027265E-5
-0.14285595486183847 0.8282574032154251 0.09152546819348935 0 6.038589276550804E-8 1.5465388151934852E-8 -2.762639793337755E-5
-0.09363126894349026 0.9202489260084377 0.09999999999999998 0 6.46068139685248E-8 1.4505445348609526E-8 -2.7630554299619057E-5
0.09361324045256657 0.9202507597854978 0.09999999999999996 0 7.124133837687841E-8 6.338191404045996E-10 -2.763011786270831E-5
0.14341620299378274 0.8294494640794721 0.09164675622284839 0 6.194505600225109E-8 -5.7249558934681E-9 -2.762571274499814E-5
0.08739963386816947 0.6969472503405287 0.07943927986118828 0 5.184195509933458E-8 -9.035465522577492E-9 -2.7634268921263713E-5
0.1332242410665833 0.7460807458646898 0.0840331591986956 0 5.4388257333482314E-8 -1.0602091152338676E-8 -2.7627493314991753E-5
0.011531729957052445 0.7092408490309093 0.07999382505294728 0 5.277074506485248E-8 -6.048465640185427E-9 -2.762991009528399E-5
-0.08028628936017151 0.7814679591465112 0.08645850584417021 0 5.391110336609175E-8 5.873378106490561E-9 -2.762222417312978E-5
-0.04561230651596534 0.7294921334214546 0.08175631121749642 0 5.175858229822386E-8 -1.172771049975028E-9 -2.76267108602257E-5
-2.6622719632600497E-6 0.924994933365257 0.09999999999999994 0 6.828662208883815E-8 8.473904411285096E-9 -2.762586185177746E-5
-0.057540995049113024 0.8423979795604504 0.0918960227632853 0 5.7937764922349175E-8 1.0124626790163362E-8 -2.761921653010112E-5
0.04284010489062188 0.8515402282381707 0.09269147861274166 0 6.642299801195646E-8 3.5899748878968174E-9 -2.7618075380453214E-5
0.06678793864290467 0.7745216917616873 0.0857326633705871 0 6.118926664627327E-8 -6.141588450422601E-9 -2.7620496220801808E-5
-0.010066347156763605 0.7750831353836388 0.08553470969702802 0 5.599980664993657E-8 -2.3348740719233392E-9 -2.7612752281802664E-5
