% Model:
% Version:
% Dimension:          3
% Nodes:              691
% Expressions:        4
% Description:        Surface
% X                       Y                        Z                        Color                    DeformX                  DeformY                  DeformZ
0.7501545366059812 -0.5411959634402135 0.09999999999999992 0 -2.797694803812708E-8 -5.1121408420686936E-8 -2.7622095928949894E-5
0.8010709981238165 -0.4624941975024229 0.09999999999999998 0 -2.092323077597094E-8 -5.165705869886035E-8 -2.76172372161548E-5
0.09365704332523052 -0.9202463037324213 0.1 0 -5.1372366821004613E-8 -1.2553693648263876E-8 -2.7621938182846652E-5
0.1962292603758942 -0.9039414372048337 0.09999999999999995 0 -5.4183865650379635E-8 -1.90177726517219E-8 -2.7623427499300638E-5
0.2874231814397345 -0.8792115158194402 0.09999999999999994 0 -5.1668245474699986E-8 -2.489948594850518E-8 -2.7617302733167016E-5
0.6177594039507672 -0.6884753389104772 0.09999999999999995 0 -3.456403989425641E-8 -4.119990226230433E-8 -2.76174088707431E-5
0.6847899965302143 -0.621834949891059 0.09999999999999994 0 -3.04859414654961E-8 -4.408190828741101E-8 -2.762362640424499E-5
0.6644823007055147 -0.538951594396605 0.09297818153954257 0 -2.860707813821018E-8 -4.350183332763041E-8 -2.76190615361045E-5
2.0711142119768948E-5 -0.9249949331376585 0.09999999999999999 0 -5.49590554116393E-8 -7.754595257990507E-9 -2.761699466707247E-5
0.04393583996701241 -0.8511210240129379 0.09265635168129693 0 -4.707169028475776E-8 -8.826005666944577E-9 -2.761001052162536E-5
0.7176713367395712 -0.4652126067437795 0.09294805270739674 0 -2.4105012729665826E-8 -4.896852892250645E-8 -2.761066160141853E-5
0.8437752388147 -0.3790359438971111 0.09999999999999999 0 -1.495960073752998E-8 -5.089468721104102E-8 -2.762181432188885E-5
0.7635253857731481 -0.3782532475337201 0.0926398396720293 0 -1.558144387971853E-8 -4.504100883250434E-8 -2.761121711910754E-5
0.5547456546446984 -0.6639301342123076 0.09391738389868395 0 -3.4843302078443443E-8 -3.882380592509518E-8 -2.7608834782676365E-5
0.5485314847714319 -0.7448023146284535 0.09999999999999996 0 -4.2112176604056924E-8 -4.0234723394684124E-8 -2.761898161689744E-5
0.12762107521700677 -0.8265826692803626 0.09113421310198931 0 -4.7373548023323654E-8 -1.1490793290791922E-8 -2.7617739136606744E-5
0.22639239794839497 -0.823169454837357 0.09279966487488275 0 -5.112135575783166E-8 -2.019942161143172E-8 -2.761284994008001E-5
0.3707854054882235 -0.84742873429503 0.09999999999999998 0 -4.5033747496991235E-8 -2.7751667649123347E-8 -2.7618765719426697E-5
0.297447604941039 -0.8106467532563327 0.09375141746476388 0 -4.5601480988071814E-8 -2.4552411206167584E-8 -2.7608474114006783E-5
0.6050561438570463 -0.6036830020468074 0.09289418017943475 0 -2.9153028623590528E-8 -3.7541333746271134E-8 -2.761395649810914E-5
0.5365057739834548 -0.6074638984061794 0.08871198704411523 0 -3.284411610421573E-8 -3.182315912232896E-8 -2.7602766701950897E-5
0.640351776746304 -0.4627856253417016 0.08686037768572825 0 -2.969200805060652E-8 -4.151369555483249E-8 -2.761415979894434E-5
0.6027366073062329 -0.5213223560235656 0.08747588350371878 0 -2.932957497693382E-8 -3.588006181873968E-8 -2.7617800083752587E-5
0.11581756539084577 -0.7588114009433137 0.08487399945221091 0 -4.412444339939333E-8 -5.882887249785055E-9 -2.761927270221637E-5
-0.09361073890939044 -0.9202510142029422 0.09999999999999994 0 -5.802592600326385E-8 -1.3550014152038003E-9 -2.7621507255885688E-5
-0.19619007773418676 -0.9039499420937565 0.09999999999999996 0 -5.321793750665999E-8 4.38358001865762E-9 -2.7622638175540768E-5
-0.2873887771284415 -0.8792227618026944 0.09999999999999995 0 -5.272090017932499E-8 9.387272321504169E-9 -2.7616219338492977E-5
0.06358506183867196 -0.7827017733005069 0.08643167294964106 0 -4.222861424547293E-8 -2.665088684871806E-9 -2.76115979496257E-5
-0.04837786591123471 -0.8513117859798404 0.09269807273978152 0 -5.424063121278091E-8 -3.1537474862671183E-9 -2.7610414619298867E-5
-0.004822548609299431 -0.7855262944057821 0.08645491759740055 0 -4.731507124312258E-8 2.3590559777197164E-9 -2.760301272264784E-5
0.8809325145611795 -0.2820885484172241 0.09999999999999999 0 -1.0798167571815947E-8 -5.662716683913309E-8 -2.7622892995835E-5
0.677795607943666 -0.39290477214771735 0.0862680402418979 0 -2.5711117309572684E-8 -3.9326894717947884E-8 -2.7603279719197545E-5
0.6103906305879976 -0.40135765312469535 0.08172372928462611 0 -2.9560374765584094E-8 -3.5557137831434617E-8 -2.761916110220976E-5
0.8014927716328404 -0.2914410587712435 0.09271262928645595 0 -1.2818493079272332E-8 -4.9762023301682626E-8 -2.7618551300302212E-5
0.7173493567573874 -0.31695962258024274 0.08634023460744475 0 -1.7762412359920287E-8 -3.9384307835055596E-8 -2.761491100513676E-5
0.8230806401765318 -0.20733638606092913 0.09232209730203018 0 -7.874221998493336E-9 -5.4424965687592843E-8 -2.7610765918552538E-5
0.5055257679581893 -0.637124600070996 0.08897493457515948 0 -3.855183837281706E-8 -3.378150884227727E-8 -2.7603086690845227E-5
0.4897167015298755 -0.6990669986722716 0.09278011319940965 0 -4.143799849506315E-8 -3.593847255670766E-8 -2.7613669468613133E-5
0.46249999999999986 -0.8010734985006049 0.09999999999999984 0 -4.4305324272728505E-8 -3.3419570602438736E-8 -2.7623874297228663E-5
0.18083964416846285 -0.7595104378227608 0.08602850609777069 0 -4.871480611295922E-8 -1.12808005728521E-8 -2.7615626486176097E-5
0.2521627428797361 -0.7694593063835823 0.08864404636431371 0 -4.810841676687555E-8 -1.7877449944222017E-8 -2.7603347449702103E-5
0.36329863298781023 -0.7692008953950572 0.09250410835033814 0 -4.0163981778909686E-8 -2.493346008250793E-8 -2.7613809871309956E-5
0.29721686832567656 -0.7486484838731736 0.08825580478820183 0 -4.143450452740987E-8 -1.7859086854225364E-8 -2.7602902470946316E-5
0.566498136584519 -0.34007595181336675 0.07621962270586992 0 -2.2384560308838367E-8 -3.2700378635535646E-8 -2.7632604446042906E-5
0.5490740032503059 -0.5442731464552364 0.08535659345024513 0 -3.0577333515959155E-8 -2.8605426378452978E-8 -2.7613906958765846E-5
0.4877536710430043 -0.5826751104622181 0.08420495651136725 0 -3.8138481146792416E-8 -2.5133400163763718E-8 -2.7608096567435604E-5
0.5629289159938321 -0.47314451663551055 0.08212579004392509 0 -2.967428561770544E-8 -3.182804362838556E-8 -2.7623447852542875E-5
0.5395049675561714 -0.4037977139333864 0.07721405836956645 0 -2.5744145994665296E-8 -3.1220959158040396E-8 -2.7631572736558226E-5
0.08068135396090602 -0.714167303296879 0.080752947531276 0 -4.126088705816605E-8 -1.1986936217044062E-9 -2.7624368678242373E-5
0.1307586883786586 -0.7179080095003467 0.08165710231721483 0 -4.361885395005388E-8 -5.516861675707382E-9 -2.7623987416384686E-5
-0.3707535969478622 -0.8474426517245004 0.09999999999999994 0 -5.5704152923362854E-8 1.6468951125805176E-8 -2.76173943803846E-5
-0.14308797449955207 -0.83181181721957 0.0918642159103333 0 -5.027536597948612E-8 4.058915509428846E-9 -2.7617882122539622E-5
-0.22448109351079631 -0.8295744817427092 0.09335179876408067 0 -4.7258892039791826E-8 6.565119279118343E-9 -2.7613095952291534E-5
-0.2937621218403122 -0.816155750548228 0.09413660224150187 0 -5.069601271007083E-8 1.0370101717419212E-8 -2.7608086976132186E-5
0.02032803985547743 -0.7231235035279147 0.08113718206932351 0 -4.197777109293639E-8 4.614111130364258E-9 -2.7619280821929947E-5
0.049373389215154835 -0.676251463493053 0.07753347573866787 0 -3.979152864765603E-8 8.728005062661726E-11 -2.7630188316003397E-5
-0.07537530152887752 -0.7754914719888756 0.0858872030654022 0 -4.996137354628278E-8 5.810144388776472E-9 -2.761394167303245E-5
-0.03309170223836219 -0.7328034628470876 0.08197501691133365 0 -4.542794520912002E-8 7.654339294839332E-9 -2.76174161787335E-5
0.9051251563026282 -0.1907181838739738 0.09999999999999992 0 -4.425730606512813E-9 -5.7345521043608974E-8 -2.7616505419522123E-5
0.6346730356926771 -0.3174870091624341 0.08001946855914073 0 -2.255475990941617E-8 -3.425975593911479E-8 -2.7623989811602262E-5
0.7578046117703346 -0.24801668508133742 0.08751626752734717 0 -1.4362959145228581E-8 -4.779022418884875E-8 -2.7616362312254493E-5
0.6897625743522149 -0.264441860913035 0.0824063475266023 0 -1.7756281921536235E-8 -3.989888990406791E-8 -2.762248454385602E-5
0.7597010793028803 -0.19500257071099417 0.08634694259141452 0 -1.3670188375356006E-8 -4.963554524484659E-8 -2.7610030364767404E-5
0.7883546035916825 -0.1648885681025431 0.08824892692988197 0 -9.155285875498647E-9 -5.0498668274050225E-8 -2.7602484766157684E-5
0.8374232558848942 -0.12934172138602965 0.09218338983550128 0 -1.1489846087373522E-9 -4.938287365419166E-8 -2.7605262026813032E-5
0.7880045515761319 -0.1291017367769672 0.0876205822064691 0 -7.536281852223883E-9 -4.575133392942408E-8 -2.7601027327228966E-5
0.45389464101054455 -0.6418290507487612 0.08650541722977734 0 -4.235885047864E-8 -2.917689425764157E-8 -2.7611535424086365E-5
0.4122622788181451 -0.7140592129571535 0.09001680581831237 0 -4.095319288086502E-8 -2.7241625785045375E-8 -2.761758025170042E-5
0.1697005588141962 -0.6915759378642319 0.08021607449160523 0 -4.386000645202547E-8 -7.481484524449249E-9 -2.7624593458492826E-5
0.24692814396934865 -0.6974874410583478 0.08250617855893733 0 -4.403101483353407E-8 -9.09030387365247E-9 -2.761337323000225E-5
0.3299132550602819 -0.6955796266909601 0.08507057911176502 0 -3.855624436109946E-8 -1.60563286431091E-8 -2.7614608499651983E-5
0.5796784116794852 -0.2776116098201063 0.07488927562467991 0 -1.6984402110173027E-8 -3.463990825990971E-8 -2.7634537086870424E-5
0.5306797663003683 -0.29923675531161764 0.07251363051783592 0 -1.6278072212068755E-8 -3.270041473586444E-8 -2.763639564432537E-5
0.5018045759598764 -0.34636458619402455 0.07254833341115845 0 -1.823345743200353E-8 -3.051233704439401E-8 -2.7635693626561318E-5
0.43691576165411183 -0.5863880363863174 0.08178506492225697 0 -4.0229855991608415E-8 -2.3585087778529747E-8 -2.761849022398649E-5
0.5025098789806555 -0.5159632075862093 0.08087711077114174 0 -3.206337968718994E-8 -2.529981516220768E-8 -2.7621399758843502E-5
0.4531934148271225 -0.5420428192507506 0.07976926362259741 0 -3.5920391151987425E-8 -2.3097364885099093E-8 -2.762247166354553E-5
0.5051728219418842 -0.4543425560441293 0.07763963571270259 0 -2.7574301974135693E-8 -2.8257709363036327E-8 -2.7630361030177326E-5
0.4743994852003083 -0.40954268251415876 0.073738234339428 0 -2.2006780844249024E-8 -2.9015701172412462E-8 -2.76336330040588E-5
0.115198487208555 -0.6531897985847656 0.07640980333620502 0 -3.956717498250364E-8 -6.3686775020190135E-9 -2.7632357991278852E-5
-0.4625000000000001 -0.8010734985006056 0.09999999999999992 0 -5.091412103123664E-8 2.163593585283858E-8 -2.762230559517646E-5
-0.3837134371029664 -0.7748603000238192 0.09386619334345218 0 -5.118462441960295E-8 1.894962077882365E-8 -2.761527980926098E-5
-0.3293828651109605 -0.7771045511687245 0.09186418681824765 0 -5.1528959918527525E-8 1.5773647781838515E-8 -2.7607378674194305E-5
-0.4839056580716607 -0.700569999447879 0.09257832058039935 0 -4.160327253589571E-8 2.225366801702788E-8 -2.7612565110804078E-5
0.04767908888924959 -0.6125339534466794 0.07287094188782159 0 -3.711087581383203E-8 -4.938626512667337E-9 -2.7635586358847475E-5
-0.19485303194491674 -0.7756068237085788 0.08772926134592987 0 -4.224770371182791E-8 9.369344104104162E-9 -2.761258700907621E-5
-0.1380657870545559 -0.7497079460326577 0.08441541385599156 0 -4.362468739268358E-8 9.157953587568435E-9 -2.7619605542035047E-5
-0.24450643515018045 -0.7666415232960108 0.08818261063739213 0 -4.224350705622265E-8 1.2200263061657609E-8 -2.7603269694998277E-5
-0.29287844997281653 -0.7560683801841976 0.08874412837590734 0 -4.75886304918853E-8 1.6382251871804427E-8 -2.7601197357566117E-5
-0.018713178495829663 -0.6598847879456907 0.07617577755495693 0 -3.9318636466334213E-8 3.3383156099227887E-9 -2.7632484795050166E-5
-0.08839747535315964 -0.7039498716595032 0.08000538942626953 0 -4.245795383378212E-8 8.510940442066057E-9 -2.7626016583071182E-5
0.8548200389796248 -0.0652462727687064 0.09314675085287963 0 1.828831110426597E-9 -4.810411136643988E-8 -2.7613815960390554E-5
0.9192877606928158 -0.10260258091221079 0.10000000000000002 0 1.3370054911230876E-9 -5.304503750798854E-8 -2.7617640776708214E-5
0.6384778628041976 -0.2349189996283244 0.07770845629712514 0 -1.5749403066100245E-8 -3.795395024372609E-8 -2.76303850847036E-5
0.7040732060431756 -0.2032143579310842 0.08191372549943252 0 -1.605610393187791E-8 -4.369611155971337E-8 -2.7620602404437344E-5
0.5898871014295897 -0.20776639827421509 0.07364495662277284 0 -1.05754336362222E-8 -3.7021090135571554E-8 -2.7633295899010858E-5
0.7325342916850157 -0.13408386908087772 0.08291013088256632 0 -1.4088086973998575E-8 -4.305066566837695E-8 -2.7611319756668535E-5
0.8252770499196602 1.9257059754862352E-16 0.09008727174442388 0 3.0135334747965623E-9 -4.9287988120612675E-8 -2.7616316833878792E-5
0.7859407931602105 -0.07401767626946823 0.08680140328934058 0 -4.521835966185613E-9 -4.2098107322386313E-8 -2.7609760417608976E-5
-0.499151538632016 -0.6334110077816723 0.08834372866104906 0 -3.5926444710782724E-8 2.6716471647461467E-8 -2.7601603704450317E-5
-0.539934650094959 -0.6040123388311489 0.08868415026698911 0 -3.950640685761514E-8 3.273442016085167E-8 -2.7601564798239816E-5
-0.55199683338532 -0.6639303440969675 0.09374464706266032 0 -4.380948558822253E-8 2.7079800789303394E-8 -2.7606841248095547E-5
-0.5485674035956859 -0.7447758606713794 0.09999999999999995 0 -4.634150254262059E-8 2.5153087591748637E-8 -2.7617054588785437E-5
0.36763254236248405 -0.6367582418875392 0.08211785344170683 0 -3.918126597654141E-8 -1.962103981345467E-8 -2.762369125848577E-5
0.18957159845420457 -0.6243064952889011 0.07560329744867302 0 -3.760528438034401E-8 -1.0800166546944722E-8 -2.7631406733633166E-5
0.28831363121595577 -0.628175946475062 0.0785524110683112 0 -3.723089631049838E-8 -1.3017268502207276E-8 -2.7628061877543745E-5
0.526450453306162 -0.23768251001620336 0.07038843476625324 0 -1.0622981939133772E-8 -3.5239236358620136E-8 -2.7633161482854162E-5
0.47890979704271586 -0.2863984098188226 0.06912760288748078 0 -1.2803717662166889E-8 -3.062803740123428E-8 -2.763374811794064E-5
0.4494990254251993 -0.3483577682477059 0.06980849106780328 0 -1.4556871313914379E-8 -2.8353811180308426E-8 -2.7630453157106083E-5
0.38634553368626057 -0.5411366135074791 0.07653244947706521 0 -3.451921020269728E-8 -2.221614694883081E-8 -2.7632048912886385E-5
0.43810869406594616 -0.47330739854493387 0.07505155127124848 0 -2.7986345645722737E-8 -2.6227782412588642E-8 -2.76320287899471E-5
0.4170420346765119 -0.4108303752912244 0.07090170067103962 0 -1.9868926034200947E-8 -2.897286610497468E-8 -2.7628935635327834E-5
0.1909808398518187 -0.5616900805542806 0.07142639087555928 0 -3.0601893034739806E-8 -1.5564040455404457E-8 -2.7630891872296344E-5
0.12475562378528363 -0.5650913910725969 0.07045918166236254 0 -3.366169677343213E-8 -1.3915867509976628E-8 -2.7628353730273314E-5
0.05189365664575958 -0.5409828050063739 0.06822031633188272 0 -3.4570461071671186E-8 -8.896843928129281E-9 -2.7629246084385575E-5
-0.41249148408265685 -0.71445620812065 0.0900597252140442 0 -4.3951743160121675E-8 2.183631394058487E-8 -2.761625697626059E-5
-0.34485879204612635 -0.7195732958375974 0.08756922173357189 0 -4.695708713778229E-8 2.1695077567230292E-8 -2.761170212253089E-5
-0.4354763147019103 -0.6351536187841577 0.08509247440255904 0 -3.32729289684864E-8 2.5250971106524246E-8 -2.7613734796920885E-5
-0.02127679909875187 -0.5862434400348023 0.07098260267248742 0 -3.425860110336073E-8 -2.3535546528106653E-9 -2.7635422011149915E-5
-0.20123366572154053 -0.7196538123444207 0.08312630758513646 0 -3.8344829413543453E-8 1.4731950450990751E-8 -2.761543290506403E-5
-0.1453861443112404 -0.6947291331504667 0.08002955113164492 0 -3.944609461274078E-8 1.0926297802372356E-8 -2.7625742217934717E-5
-0.26439613737119816 -0.6970297197339501 0.08297653094743883 0 -4.0211752439373615E-8 2.1777750751960812E-8 -2.7611161079638337E-5
-0.314732642366773 -0.6679534491621226 0.08237892997106575 0 -4.0786480689559834E-8 2.3577146707979406E-8 -2.7618512469013662E-5
-0.10379006268918363 -0.6311723493295898 0.07466578004946206 0 -3.686178022761065E-8 5.0620300181799944E-9 -2.7633516467906116E-5
0.7822439697509947 0.07342341173252223 0.08646750245519458 0 3.898887797718388E-9 -5.143145927221094E-8 -2.7609820214416053E-5
0.9249999999999998 2.358937726024754E-16 0.09999999999999994 0 6.665929504906205E-9 -5.522193862262877E-8 -2.7622343923420305E-5
0.851370675269602 0.07427003550197267 0.09288407134507307 0 1.0274406015876433E-8 -5.396189791105743E-8 -2.7612043048862488E-5
0.8038717607621603 0.12213857484508564 0.0889547066003148 0 9.864193803119586E-9 -4.999067501574633E-8 -2.7601093900985426E-5
0.5408130551366507 -0.18150058753720788 0.06992281214701015 0 -4.939101820469578E-9 -3.6373466201061674E-8 -2.7627114146871817E-5
0.7247257834183621 0.0852066297502373 0.08165698245211614 0 1.1811770568995253E-10 -4.6578336364389143E-8 -2.761729080882744E-5
0.6510493529215736 -0.15514133280147802 0.07686356365481603 0 -1.148435102618971E-8 -3.906238463350888E-8 -2.7629143134951112E-5
0.5770279320473081 -0.15184347618041535 0.07165568912865208 0 -4.159542674443855E-9 -3.5787531232773305E-8 -2.7629924297956938E-5
0.6918887433807659 -0.06772116765551027 0.07886795692620667 0 -7.715365685346815E-9 -3.9145214648376245E-8 -2.7626198333396096E-5
0.7364981201835382 1.7871933341171726E-16 0.08222076644985389 0 -2.7264367012804137E-9 -4.4017698613014976E-8 -2.762236834850674E-5
-0.48001255710073826 -0.5637645778356982 0.08255043176744216 0 -2.971910901633985E-8 3.3562422198303696E-8 -2.761189301426088E-5
-0.5678213237459834 -0.537667606136383 0.08613904983735729 0 -3.4202281752835675E-8 3.664093856375978E-8 -2.7613984656959303E-5
-0.600893054701109 -0.6092572756078649 0.09299302035398636 0 -4.3058892710796275E-8 3.420509727753284E-8 -2.761134649130537E-5
-0.6178002971320171 -0.688438643052917 0.09999999999999995 0 -4.7185706399717464E-8 3.2452749465791956E-8 -2.761534571811022E-5
0.31808183532075807 -0.5509338997403093 0.07441383187593008 0 -3.269609144035013E-8 -1.9210969978047695E-8 -2.7636140477813553E-5
0.2593907519340379 -0.5686281064407216 0.07361593901057979 0 -3.211753173296331E-8 -1.5932293668895712E-8 -2.763523526298045E-5
0.4250914842628162 -0.2904030737883922 0.06650384046370365 0 -1.1616252437280184E-8 -2.5278364372238234E-8 -2.7626749386620184E-5
0.4860024477406568 -0.1810614961514008 0.06672716200822644 0 -7.015988105953916E-9 -3.559571818727791E-8 -2.761841911377482E-5
0.4546475825643904 -0.2329362873436874 0.0662732760967022 0 -1.1184429445184953E-8 -3.1147459378923456E-8 -2.7627777758596216E-5
0.39693548996928896 -0.3460112170117685 0.06719703593166886 0 -1.280247771077597E-8 -2.5257312704250353E-8 -2.761768611339594E-5
0.3565677611611388 -0.4614203059811383 0.07075125137743832 0 -2.6482895263679956E-8 -2.6278382068529146E-8 -2.7632371760170532E-5
0.36327728761747163 -0.38800374757803646 0.06749345504717459 0 -1.9499239173249642E-8 -2.887836563446854E-8 -2.7616424720823352E-5
0.3750627258693446 -0.2936858939923492 0.0643465481455432 0 -1.3833390479243957E-8 -1.8671137283116233E-8 -2.7618699589164904E-5
0.14556246178613044 -0.5017461145955597 0.06695111305462358 0 -2.647358299983058E-8 -1.5085138442335236E-8 -2.7613031518343584E-5
0.1773504711629968 -0.5251479744589087 0.06889288845838194 0 -2.6497569752642013E-8 -1.6712861806432432E-8 -2.7624069915127166E-5
0.2111878992556696 -0.5199281931560845 0.06932845783235407 0 -2.5886154680850136E-8 -1.6936163219795103E-8 -2.7629223784501115E-5
0.10436058799907272 -0.5010308479370807 0.0663275801738497 0 -3.258726509978158E-8 -1.267263828079857E-8 -2.761313283524264E-5
0.06673635655852131 -0.4767204709635782 0.06461779605353521 0 -3.347317432181056E-8 -6.0590842995739005E-9 -2.7618649762612678E-5
-0.006975621790116399 -0.5183972256879046 0.06671599267023115 0 -3.0257148690344364E-8 -4.085537778245051E-9 -2.762941893891935E-5
0.021803385387518696 -0.4822544950869184 0.06469299319690378 0 -3.056985290054973E-8 -3.7085419108021527E-9 -2.7626298138993663E-5
-0.05196883438319561 -0.5240326103663052 0.06719869985797552 0 -2.8099270337262515E-8 -2.531722696093125E-9 -2.7626426579273942E-5
-0.3679909311443217 -0.6373789894665455 0.08217765681431859 0 -3.649245184707405E-8 2.419733930359344E-8 -2.7622421871067594E-5
-0.40158939943089916 -0.5697012631254147 0.07901179842938963 0 -2.991196324037659E-8 2.5929348437878214E-8 -2.7625930353660892E-5
-0.09590125636856872 -0.5619999312235502 0.06990127823248253 0 -3.19944610382479E-8 -1.1159133218227142E-9 -2.7628534315208584E-5
-0.19926692702634366 -0.6350324834465847 0.07658242747619838 0 -3.6812958458919936E-8 1.3516800411513496E-8 -2.7629418220736758E-5
-0.2841593977557326 -0.6153602706014176 0.07751426427315905 0 -3.677314296224634E-8 2.020798576701316E-8 -2.7629416232668198E-5
-0.15663037176370528 -0.5733099421965812 0.07149707499548641 0 -3.541786793432029E-8 4.1620009829371266E-9 -2.7629506755077417E-5
0.6892086201904363 0.11760753932384704 0.079182235454291 0 2.1186163058093688E-9 -4.2449108387160264E-8 -2.762257820353667E-5
0.7461230180043805 0.1326560288062978 0.08402816782270867 0 2.588593248046772E-9 -4.547017343329257E-8 -2.7607006302129796E-5
0.6908574756839181 0.1584953945063365 0.07995126254637963 0 4.393483246756508E-9 -4.0814531560457506E-8 -2.76211142061823E-5
0.9192877608705788 0.10260257931928718 0.09999999999999994 0 1.353957965617699E-8 -5.679242173415291E-8 -2.7616963847087993E-5
0.8510855832446352 0.14814580550682163 0.09378949781498243 0 1.5971997906347652E-8 -4.969102467477062E-8 -2.7606703484417674E-5
0.7902639371481001 0.17887268414595758 0.08869278761371624 0 1.1642906408382506E-8 -4.260610571280037E-8 -2.7603609303655185E-5
0.5270134709035552 -0.12362075461980128 0.0680883893303861 0 7.57374467055467E-10 -3.1454091379575684E-8 -2.761863510903298E-5
0.660910431014522 0.06111123862815046 0.0764443497197492 0 1.7523124336673557E-9 -4.093787556658384E-8 -2.763101879726467E-5
0.5965173615012839 -0.07939251741876008 0.07200225824383245 0 -1.3790482162802106E-9 -3.428402244131269E-8 -2.7633022679246432E-5
0.6371682462297272 1.7636191275501287E-16 0.07448630903843244 0 1.6137214482645627E-10 -3.804984427198243E-8 -2.763509425888468E-5
-0.5998767009898777 -0.47889137063455584 0.08487289614566726 0 -2.6905944005247017E-8 3.534427420255728E-8 -2.761779877649519E-5
-0.4462665144718288 -0.4769553831048419 0.07565680574632232 0 -2.80172936994242E-8 2.725591531638534E-8 -2.763032786179839E-5
-0.514031025104845 -0.49215788183100256 0.08018045280724438 0 -2.8234135371414048E-8 3.426276096834262E-8 -2.7623425223566858E-5
-0.5551101229584549 -0.4700701488343014 0.08146563252731463 0 -2.629024221655751E-8 3.4992425063270436E-8 -2.762290176150936E-5
-0.6562422498346266 -0.5241856689594518 0.09146905933596002 0 -3.3617621174966056E-8 3.532826240902034E-8 -2.761617929252549E-5
-0.6848306133117381 -0.6217902179859557 0.09999999999999995 0 -4.336192574968944E-8 3.749467288789104E-8 -2.76214920122405E-5
0.27241004361507065 -0.4718280360333558 0.06830375115676078 0 -2.5722888090626625E-8 -2.0408688888225917E-8 -2.7632794360359025E-5
0.4535801009187721 -0.11979187747949692 0.06395953291420167 0 -9.900518148528176E-9 -2.5847714359680817E-8 -2.7607837981030047E-5
0.39072217276086296 -0.23584567652234287 0.06329187670784985 0 -1.3370088167659691E-8 -2.279943203900586E-8 -2.7627185498632088E-5
0.41238404925178007 -0.18021837395374024 0.06296662723972753 0 -1.3611004343366353E-8 -2.7510631977432358E-8 -2.7623461652506458E-5
0.33633282409977633 -0.33989669688880314 0.06444423660906805 0 -2.1606441062041765E-8 -1.9893625590613696E-8 -2.7607079966996405E-5
0.30008338071089913 -0.40108479031261085 0.06570468861303413 0 -2.5771049068639046E-8 -2.375976126645647E-8 -2.7622290697035665E-5
0.32685099627426545 -0.2905697969488598 0.06232853198902638 0 -1.94694696514629E-8 -1.4313855404594977E-8 -2.7619445546754684E-5
0.34557599933864525 -0.25420475687873284 0.06192004258218349 0 -1.5676498250159373E-8 -1.6773502560824265E-8 -2.7626281082236746E-5
0.13994680898558723 -0.4672126633962515 0.06496624972127402 0 -2.4860540437872513E-8 -8.63861684670655E-9 -2.7607974125449723E-5
0.19075484218748176 -0.4725311643222945 0.06620021711897697 0 -2.145886575275547E-8 -1.3478529153602478E-8 -2.7620880464976806E-5
0.04901016908663563 -0.43723836174505165 0.062459634223422635 0 -2.9495636921428107E-8 -1.2493345599341106E-9 -2.762473003648574E-5
0.10408488366078726 -0.44405468685268895 0.0632766673513578 0 -2.9417947898437268E-8 -2.459812700581288E-9 -2.7612756203210404E-5
-0.03083759909542402 -0.4757419881377713 0.06436680609968096 0 -2.5543964487631705E-8 -5.032012689384785E-11 -2.76252009574225E-5
-0.0058033119248053185 -0.4414101175550563 0.06253303354413749 0 -2.5813697327639773E-8 9.152271558796185E-10 -2.7628108289250414E-5
-0.39030681785658333 -0.4466269881485597 0.07141764844659583 0 -2.8619152951484873E-8 1.8647634625653953E-8 -2.762997316648536E-5
-0.09527352708204243 -0.48999184724793493 0.06560563290386152 0 -2.4985793367040376E-8 1.122637858634819E-9 -2.7612061476490256E-5
-0.31827009850817745 -0.5512599811461146 0.07444098367382036 0 -3.2883069438065485E-8 1.8656979651469848E-8 -2.7635377866642417E-5
-0.36296726797354567 -0.5093150093458659 0.07364571283377143 0 -2.9741449227615877E-8 1.9892445483754886E-8 -2.763429925741987E-5
-0.1538656248196219 -0.515523498759926 0.0678853449092873 0 -3.462296799522663E-8 1.9726483602864844E-9 -2.7617334763472497E-5
-0.23145619169988374 -0.5426436945370011 0.07120349698950754 0 -3.5700059436981926E-8 1.0894567539821807E-8 -2.763280872737302E-5
0.02839276411724586 -0.3973392921812578 0.06048540173023527 0 -2.484647958542985E-8 3.9403991856719923E-10 -2.763212922310393E-5
0.6359863797306674 0.13411282944887548 0.07542020319546493 0 7.405130570484171E-9 -3.8173431717515755E-8 -2.7630172036975643E-5
0.7226994437477957 0.1997352924878217 0.08334138075756291 0 7.85715184334983E-9 -4.059946612465446E-8 -2.7615860719357887E-5
0.6524176664552398 0.20477109599706128 0.07797707686621592 0 9.753933127860799E-9 -3.8504209910053716E-8 -2.7627973563545704E-5
0.9051251569294585 0.19071818089926676 0.09999999999999994 0 1.8128575801644783E-8 -5.066714789677209E-8 -2.761532540777651E-5
0.8318102133114379 0.22322523392999097 0.09353078509252784 0 1.8121202874890202E-8 -4.4587942290347314E-8 -2.7612512054017225E-5
0.7561533810021175 0.2511688924028691 0.08746370240455802 0 1.5336390397261024E-8 -4.284847669419685E-8 -2.761539123219304E-5
0.5078212312272354 -0.05773868566153316 0.06628756501631425 0 1.2048616867111824E-9 -2.637950332231116E-8 -2.7623322968673493E-5
0.580043566339009 0.07440259297015442 0.07086095755136954 0 8.990577633206165E-9 -3.625997778483522E-8 -2.7631657665345994E-5
0.5449077695259106 1.435041058529122E-16 0.06830916124377966 0 4.668903171077319E-9 -3.2503542353983794E-8 -2.763189018001732E-5
-0.6449966839705535 -0.4445280981035864 0.08625924084344859 0 -2.301101122315896E-8 3.531210246893742E-8 -2.7610140273594347E-5
-0.5773213056470615 -0.42632356756478973 0.08066830857907491 0 -2.1570854271835268E-8 3.5205092136193044E-8 -2.7623222255404198E-5
-0.42560872193429483 -0.3924588186076942 0.07047472570296821 0 -2.8870539193450565E-8 2.198016126875893E-8 -2.7627353763778564E-5
-0.5105636494997626 -0.4275668331221898 0.07661161867134533 0 -2.5138714982254424E-8 3.147790354969972E-8 -2.763096579531088E-5
-0.6821995337018094 -0.3893517946424338 0.08645016345112792 0 -2.1390081345173835E-8 4.212693071763317E-8 -2.7601454210486333E-5
-0.7143597851634019 -0.46065181317541976 0.09243904770387963 0 -3.0788628140277403E-8 3.6455503731394325E-8 -2.760773550441505E-5
-0.7501479603301018 -0.5412050791178046 0.09999999999999998 0 -3.635929007450456E-8 3.8268655414652535E-8 -2.761985525973125E-5
0.23193963455587194 -0.401731231339728 0.06368217918749611 0 -2.3567767650729778E-8 -1.4359554588743742E-8 -2.7628333413341614E-5
0.4253355502182103 -0.060426816635170834 0.06194940187312641 0 -6.771032392474457E-9 -2.163824848474329E-8 -2.7625114235131944E-5
0.3783639298171796 -0.12391451309547895 0.06047575124681011 0 -1.1940152022230246E-8 -2.1900474128222203E-8 -2.7629185296792496E-5
0.3404696044317066 -0.192505611563268 0.06016257670047243 0 -1.3032019022414867E-8 -1.9592040097303264E-8 -2.7633610594304997E-5
0.2704412885460664 -0.32134890739138106 0.06148782850104334 0 -2.4337924944606433E-8 -1.4107752684321677E-8 -2.762577418307321E-5
0.28780126788651955 -0.24610682281377952 0.05962067759661022 0 -1.6701697450842434E-8 -1.4879693242250815E-8 -2.7633470248145993E-5
0.15779399244920164 -0.4060014305216929 0.062242172248634084 0 -2.217081526598397E-8 -4.4897733191047335E-9 -2.7623585740822578E-5
0.08201071126761389 -0.3939388987243753 0.060668066988986274 0 -2.5289707930536317E-8 -5.936618124500559E-10 -2.7628434863713517E-5
0.04349199689707277 -0.3606955682361924 0.05897556113419837 0 -2.1925097893197263E-8 -1.4150885914318652E-9 -2.763588915231933E-5
-0.05772042989369192 -0.4373202270026056 0.06251628812885628 0 -2.199115084911267E-8 5.576499857385725E-9 -2.762302742756292E-5
-0.03317807935019408 -0.4000499580003112 0.06062434517611841 0 -2.2300449849749745E-8 4.269870539712218E-9 -2.763139086324528E-5
-0.3619566518906658 -0.37751131442037245 0.06698450376718922 0 -2.6226026172826374E-8 1.5356912600429398E-8 -2.7612400816777964E-5
-0.36626813150114024 -0.4166408143589399 0.06892167223823106 0 -2.7538259041279642E-8 1.4698150497288003E-8 -2.762331066798496E-5
-0.3449125590697449 -0.44322460700183025 0.06935603931497553 0 -2.7594244782941657E-8 1.3970210241813917E-8 -2.7628518802476308E-5
-0.1061373350373039 -0.43371612134398735 0.06278756375601147 0 -2.3466582142052848E-8 1.110158776263696E-8 -2.7614841880019752E-5
-0.1533021139497205 -0.45854960024362473 0.06473399748772989 0 -3.20027135631486E-8 1.0090301309217416E-8 -2.7610654464854948E-5
-0.27258732769368704 -0.47213510106489254 0.06832563375196132 0 -3.04421019546086E-8 1.2102750211881243E-8 -2.763228895267559E-5
-0.2137590545386873 -0.47234636278777903 0.06671710658979699 0 -3.3790233911922836E-8 1.007243722569979E-8 -2.7625532654644944E-5
-0.18675532053812582 -0.4349325178463068 0.06418357757579088 0 -3.063320428275557E-8 1.270393193824364E-8 -2.7621392605884325E-5
-0.3826278748778653 -0.34149739132768103 0.06638993492953281 0 -2.721905296335643E-8 2.197450923679617E-8 -2.7612520128491962E-5
-0.0010639892128916778 -0.35571530812846325 0.05866683852382106 0 -2.120993765191336E-8 2.5176762185740004E-10 -2.763670339142305E-5
0.5665181445886517 0.15558354761445173 0.07104008880031383 0 1.4874808962470603E-8 -3.1992474057633265E-8 -2.762784493624978E-5
0.5953591891669738 0.1936606882201294 0.07369160395615945 0 1.341774710991253E-8 -3.390033147363279E-8 -2.7631694630212755E-5
0.5192463818471629 0.12824117265253684 0.06769417632898124 0 1.5681713917574022E-8 -3.040098645181172E-8 -2.7615595104480745E-5
0.5285393108936259 0.16518893231571916 0.06885934434787161 0 1.6574863622346E-8 -2.7510918596793816E-8 -2.762148116914516E-5
0.6744856330743806 0.25899543825752414 0.08106282636378111 0 1.2994533463034147E-8 -4.1590763966789045E-8 -2.762340523830202E-5
0.5964895386590124 0.24538252217967127 0.07505456752399722 0 1.4506062569372838E-8 -3.5048099677899485E-8 -2.7632623269552182E-5
0.8809325160784339 0.2820885436790224 0.09999999999999994 0 2.273891485961471E-8 -4.856505284111064E-8 -2.76214126773383E-5
0.7133503615870089 0.32015636681811027 0.08613118221459619 0 1.9991071937025853E-8 -4.634398430985601E-8 -2.7612806191568225E-5
0.7978472984237357 0.3041762806928354 0.09281227257926788 0 2.2985600157137198E-8 -4.6515298466183904E-8 -2.7616950583031514E-5
0.4636209692030302 1.4593888372567647E-16 0.06366862151549985 0 6.060944512642653E-10 -2.7670794202725306E-8 -2.762738825914277E-5
0.4938126220450951 0.06489296717588176 0.06554297030555511 0 7.770788175390077E-9 -3.438643168309847E-8 -2.7619694043876855E-5
-0.6153231968638251 -0.38077552285640803 0.08115372829448388 0 -1.6785949301626774E-8 3.867694945434335E-8 -2.7618023758085697E-5
-0.560449570051932 -0.3810942956107818 0.0775098294695611 0 -1.978133789437463E-8 3.448051384545061E-8 -2.7629109685874078E-5
-0.4429539530445369 -0.3153758255937713 0.06823813858748431 0 -2.5089382894784846E-8 2.5599337851496346E-8 -2.762852035064781E-5
-0.5043029125892239 -0.34762375509843185 0.07274022680505556 0 -2.291654701255933E-8 2.9558965088258245E-8 -2.7634601643481945E-5
-0.6508158876168189 -0.3390076459058359 0.08199721983987755 0 -1.6076967918048717E-8 4.309259136736214E-8 -2.7615871731209166E-5
-0.7091826270730176 -0.32330839885714513 0.08590988858162861 0 -1.9772600344381113E-8 4.624850505701994E-8 -2.761239068736496E-5
-0.7619010673352372 -0.3837317836320327 0.09273617861998763 0 -2.9736424163116E-8 4.551784934661898E-8 -2.7608787871006253E-5
-0.8010515387579304 -0.4625279007956028 0.09999999999999996 0 -3.404686122360658E-8 4.378274823057169E-8 -2.7615055452206184E-5
0.19236089157799777 -0.33317883760233996 0.059881599761303 0 -2.091399474330893E-8 -9.688446704093529E-9 -2.763665385389713E-5
0.38492668203237634 1.0023152680894796E-16 0.05989052034096669 0 -2.2640905611300782E-9 -2.2968185434231318E-8 -2.7635834848154175E-5
0.2997814449763267 -0.1302546190444194 0.057552736756421544 0 -5.940692989095009E-9 -1.8419334010923702E-8 -2.763691315822842E-5
0.3411851195480258 -0.06215460789797836 0.058312559079427444 0 -4.495173988605356E-9 -1.9093508635027215E-8 -2.7638241037754384E-5
0.25568805190108224 -0.19009790761699052 0.05725179690059135 0 -9.552614306481745E-9 -1.725139586160356E-8 -2.7636812529516876E-5
0.21970172124605264 -0.25470361780543144 0.057909449658114676 0 -1.6004469114915636E-8 -1.3897853504008469E-8 -2.7639314440887337E-5
0.23090062297727731 -0.13379820267190193 0.05553869913937325 0 -1.6552328165493005E-9 -1.7573129775004696E-8 -2.7626519224175353E-5
0.10559774308437374 -0.32641465451667345 0.0581670361159444 0 -1.858546635687011E-8 -5.4383970402057345E-9 -2.7638654984412304E-5
0.031363797849434556 -0.30517057546423765 0.0568332914109285 0 -1.7176148175492784E-8 -5.511225412590727E-9 -2.7635586430832675E-5
-0.08918266806588585 -0.39015326021997465 0.06056960464965617 0 -2.16978436221799E-8 9.777602562788321E-9 -2.7628423988346765E-5
-0.049756265008924744 -0.359262534671633 0.05895024498757894 0 -2.093796732629742E-8 4.291612967153533E-9 -2.7635749874938994E-5
-0.33370914900421456 -0.3553876317528072 0.06495432896100803 0 -1.9668160888209537E-8 1.7075933083678774E-8 -2.760743653982974E-5
-0.31386332305040454 -0.4019336098806021 0.0662221637922308 0 -2.2474857354500896E-8 1.179834156675597E-8 -2.762009367103892E-5
-0.15459594130071444 -0.3919265872876224 0.06155021858866086 0 -2.4711432229506615E-8 1.3935917688095152E-8 -2.762647182382879E-5
-0.2322802926341843 -0.4023212684393738 0.06371797650698165 0 -2.4285154509397152E-8 1.3153962586949184E-8 -2.7627544385626108E-5
-0.33230969380311987 -0.31257443393730217 0.06328313435425743 0 -1.679187449684624E-8 2.4163186965695645E-8 -2.7612067066504943E-5
-0.37984334067586323 -0.29694191152231486 0.06465963905911942 0 -2.199238597717432E-8 2.592336286607933E-8 -2.7617781285311955E-5
-0.03281109095750644 -0.303248501545522 0.05677241598853609 0 -1.9214569671540643E-8 -1.839303484219531E-9 -2.763532484768013E-5
0.002774404310843052 -0.26370741404826953 0.055444406431408536 0 -1.538632572968972E-8 -7.735688286762627E-9 -2.7625698484746422E-5
-0.4503344724862791 -0.2539143429242661 0.06663047103760426 0 -1.8630333126397293E-8 2.4302379831529792E-8 -2.7628547745769162E-5
-0.40625597693717014 -0.2614749559637888 0.06471383725610917 0 -1.859312057550077E-8 2.472247747976183E-8 -2.7625429583398473E-5
0.4615326701397575 0.12346215125476942 0.06442192515091573 0 6.179426293394611E-9 -2.8167805183218407E-8 -2.760600749551688E-5
0.5387084587482873 0.20560708274998704 0.07032262751622614 0 1.681410726046138E-8 -2.7949994692413657E-8 -2.7629065960005543E-5
0.4879508039440348 0.17532903328848173 0.06671893154849401 0 1.4461437454623912E-8 -2.273065280927211E-8 -2.761629716652676E-5
0.532509259731304 0.25445661626164345 0.07121936353097057 0 1.7870370025526055E-8 -2.8985008403163976E-8 -2.763358788533224E-5
0.6341588941531792 0.31283518999890103 0.07981624453248937 0 1.5014240480489675E-8 -4.134998708628217E-8 -2.7623177086215086E-5
0.5661686439840169 0.30314954318445153 0.07485251919573685 0 1.723373574007281E-8 -3.416973290751615E-8 -2.763321857774215E-5
0.8437752416466553 0.3790359375932063 0.09999999999999998 0 3.004399990140978E-8 -4.991537207683333E-8 -2.7619831958808988E-5
0.6719229666176102 0.38840511082381185 0.08561888827579653 0 1.9838963436447247E-8 -4.1936338262730166E-8 -2.760270383206213E-5
0.7564175363077813 0.38622567562379634 0.09237249347625182 0 2.9841994246102764E-8 -4.54278036780551E-8 -2.7607832902836997E-5
0.41461516466779025 0.07768102097507298 0.06157475739077051 0 1.738968114603867E-10 -2.8316386360741013E-8 -2.762403702596797E-5
0.41609697408913526 0.13788398400008967 0.062378681269293045 0 2.544502273216302E-9 -2.4070100944488692E-8 -2.7618068377291526E-5
0.3331467524821928 0.06332732629493788 0.0580143200893398 0 3.683440788345806E-9 -2.106289861211819E-8 -2.763851603001923E-5
-0.47800098007166614 -0.21838828549818234 0.06713458210584479 0 -1.6301853210991217E-8 2.2989308064461206E-8 -2.7625731263149484E-5
-0.581042663690517 -0.3157640075984302 0.07626188231201678 0 -1.6669894082624797E-8 3.585722376310601E-8 -2.763120129573495E-5
-0.516501927640104 -0.27345997871285144 0.07083650833060166 0 -1.9096595037651424E-8 2.833083944352447E-8 -2.763442158762774E-5
-0.6531660790226061 -0.2763311132584134 0.0799841441751332 0 -1.381435770790759E-8 4.1097367788605635E-8 -2.762478390254568E-5
-0.7177089386751481 -0.25492955224205677 0.08435704674323387 0 -1.3663355334984618E-8 4.2350718209178885E-8 -2.761839765576821E-5
-0.7682837005378522 -0.21778108265977297 0.08762455506029665 0 -1.2635818343520078E-8 4.127525606751192E-8 -2.761106013129019E-5
-0.7926496756412593 -0.29133333750236745 0.09190870000572768 0 -2.1424304357785183E-8 4.5626180806872295E-8 -2.7616327874418565E-5
-0.8437556437212325 -0.37907955935377746 0.0999999999999999 0 -2.998497524730782E-8 4.968170217034212E-8 -2.7619583053968636E-5
0.14972579901011426 -0.2593326910893636 0.056582144341893334 0 -1.3843850811380323E-8 -1.1729158708946894E-8 -2.7640188244265983E-5
0.30024351839566077 1.0287337474471442E-16 0.0566089984335615 0 3.0077924218573042E-9 -1.7941311382826644E-8 -2.763984449835942E-5
0.25485064501553867 -0.06881848120103613 0.0554520694654174 0 2.2863552573225098E-9 -1.4459167184122668E-8 -2.7630946719128325E-5
0.2018137422816696 -0.09141964150518621 0.054287541904913736 0 9.107555232056887E-10 -1.1778529779023957E-8 -2.761367377673358E-5
0.1764824224893901 -0.17786432905826247 0.05506179018247805 0 -8.192159402749298E-9 -1.7024219862363236E-8 -2.7628304232404477E-5
0.17846806103523252 -0.12182655323316927 0.054152220507936534 0 -4.627635339856639E-9 -1.552677483020852E-8 -2.7611569971310875E-5
0.06445906182530688 -0.2524774236880236 0.055351148337145016 0 -1.1114401423259516E-8 -9.232569558385211E-9 -2.7630134202702023E-5
0.01713256069613923 -0.2191946756676691 0.054245341320781695 0 -1.0167287036662087E-8 -6.287484387960286E-9 -2.7612617929810774E-5
-0.015811501710617768 -0.22080470166743846 0.054282927994611936 0 -1.5810483697354783E-8 -4.623868519962177E-9 -2.7612814282148636E-5
-0.11115524588477288 -0.32319159740630654 0.058116751891295344 0 -2.0097271342388778E-8 7.385795072142246E-9 -2.7638956054592267E-5
-0.2724211583800276 -0.34021230275634257 0.06225471036920954 0 -1.4996259793865325E-8 1.6886830709083973E-8 -2.7623061927351247E-5
-0.19295762658678686 -0.33421241295621795 0.059933626134453855 0 -1.8772785346444773E-8 1.3386117797267231E-8 -2.7636020103447804E-5
-0.299671918215507 -0.26919022055739933 0.06068803798570996 0 -1.3063414343063442E-8 2.150409604994778E-8 -2.7627701354534177E-5
-0.35401952964801076 -0.2618191533072333 0.0624765930436588 0 -1.5753500710596873E-8 2.4960398294974692E-8 -2.762397429454932E-5
-0.059917909088264505 -0.2537684697083779 0.05535616729591674 0 -1.920590549930299E-8 -1.965431968301001E-9 -2.7629661361392906E-5
-0.4286041911968905 -0.21160410640457614 0.06443452009247358 0 -1.2850840131528885E-8 2.2146759443670106E-8 -2.76244671569192E-5
-0.3837371950984817 -0.21760730691022395 0.06251779019199943 0 -1.2268769056918117E-8 2.2874331023724714E-8 -2.762762224521894E-5
0.44078820931890417 0.17778853409565737 0.06428879605061415 0 9.000960087797123E-9 -2.13067124700134E-8 -2.7617631198805154E-5
0.4759951064045458 0.23047538821939026 0.0673334019397155 0 1.697583424980326E-8 -2.3678652064152255E-8 -2.76274015076662E-5
0.5023235944487765 0.29151864533540206 0.07059623054924213 0 2.0557102635274157E-8 -2.818162904554428E-8 -2.7634183431823143E-5
0.5853609901656723 0.37038384021673393 0.07867156144500055 0 1.762951551595574E-8 -3.6776181475932824E-8 -2.7625350347316344E-5
0.5293785213896149 0.3388907230126146 0.07386902220939724 0 2.0598876829273053E-8 -3.163908504254757E-8 -2.7634084074958086E-5
0.8010710017272104 0.46249419126110125 0.09999999999999991 0 3.417667796417682E-8 -4.404021353578001E-8 -2.7615038858278722E-5
0.626960623589047 0.4522983371432033 0.08535306995964971 0 2.3532553616171923E-8 -3.531822104889492E-8 -2.761316404984817E-5
0.7061350528834721 0.4673278645716987 0.09212747065803699 0 3.052643583924819E-8 -3.597134831562657E-8 -2.760825033209117E-5
0.3592371994727271 0.12552401442410036 0.05970040660633737 0 4.266408750860407E-9 -2.2036970054214166E-8 -2.7632289688267378E-5
0.39449037889125516 0.17177804019933995 0.06198157459134765 0 6.565839812909931E-9 -2.2005343091762617E-8 -2.7624984851996947E-5
0.2907007887888551 0.1297941048796961 0.057242741237689944 0 1.021747944885093E-8 -1.6793765805150238E-8 -2.7635968461565438E-5
0.2538184516803514 0.06940494742292715 0.05542696753822805 0 1.0609843627272969E-8 -1.5992230668211103E-8 -2.7630311906458186E-5
0.20062573683728857 0.09527047772396227 0.054301155270572714 0 1.1901121544537552E-8 -1.1839178731197191E-8 -2.7612753854517458E-5
-0.4690213191754545 -0.16282051739106812 0.06545407679976868 0 -1.0906344669903046E-8 2.194969262142965E-8 -2.7611595869866504E-5
-0.5329845388239064 -0.1985594752136454 0.06981392050905111 0 -1.6824665812688437E-8 2.709641101627641E-8 -2.762769953438736E-5
-0.5985835515449605 -0.2260297922817816 0.07467942546060531 0 -1.3998028973785114E-8 3.4484097405404045E-8 -2.763256979365154E-5
-0.6738902730202506 -0.22049852083738797 0.07997070091519404 0 -1.011993313149481E-8 3.963162926166635E-8 -2.7624745402986085E-5
-0.7224932718504692 -0.1846612188414888 0.08299584497449673 0 -6.22762551185766E-9 4.0773224559097784E-8 -2.7614429724626407E-5
-0.784218194998307 -0.17459658052838994 0.0880668176158918 0 -1.0379039962744306E-8 4.253368067890569E-8 -2.7602630960827088E-5
-0.8340398056073667 -0.21902107573341573 0.09363611174877708 0 -1.7954785413943865E-8 4.4600927263134765E-8 -2.761163528427855E-5
-0.8809151182252344 -0.2821428693025129 0.09999999999999996 0 -2.2631019739388565E-8 4.8413078355140635E-8 -2.7620856999590786E-5
0.11138757858716244 -0.19292894544503636 0.054318208030815426 0 -8.851435933509336E-9 -1.125854273451453E-8 -2.7627813553151765E-5
0.2238875048948224 7.238912562247948E-17 0.054346295287657886 0 5.3235626471588E-9 -1.340318042926362E-8 -2.7627596305858226E-5
0.19420772375092543 -0.04676552312468657 0.053768452091938715 0 1.2725397898689739E-9 -8.636307385167888E-9 -2.7618634774709273E-5
0.16765785073129597 -0.0820458117059934 0.0534822586461166 0 -4.632613390297559E-9 -7.954269710372595E-9 -2.760967005528013E-5
0.1532214795718842 -0.1047515501973591 0.0534601593182905 0 -8.079343172474716E-9 -1.0562071988159795E-8 -2.7610056728043783E-5
0.13365633223327952 -0.1314943305448411 0.053500013617672364 0 -9.691222780171518E-9 -1.1810999241530712E-8 -2.7616644922556065E-5
0.1909210649037196 0.04684254353730671 0.053697308093126346 0 6.348503216178695E-9 -1.4410128952067182E-8 -2.7617958589775323E-5
0.05493858025113072 -0.1872116672800932 0.053664600392910426 0 -6.808300116767517E-9 -4.818821085604743E-9 -2.761829702714686E-5
0.0015895535343272628 -0.18045943852644164 0.053353802929854664 0 -1.0501321077278507E-8 1.7938459940797184E-9 -2.760970989499627E-5
-0.053441146730527564 -0.18709102439814254 0.05365287398922711 0 -1.5649077536328823E-8 1.7512151423232347E-9 -2.7617997375821672E-5
-0.15050660974349658 -0.260685094950677 0.05663516711153095 0 -1.702012273117862E-8 6.297234502580199E-9 -2.764013223758961E-5
-0.22974591189928226 -0.256397975299907 0.05821373401797809 0 -1.393448484215409E-8 1.3510200789133295E-8 -2.7638181967805294E-5
-0.2901412929767384 -0.21922908092139923 0.05898973037684318 0 -1.2214576902835975E-8 1.832851054037008E-8 -2.7635486996518574E-5
-0.3302765228915605 -0.22443841547131757 0.06052899064430553 0 -1.2012302507326909E-8 2.1931807189730648E-8 -2.7631536042092973E-5
-0.11217260429255088 -0.1942886498520168 0.05435789315243198 0 -1.4237004324345613E-8 2.0627409875390363E-9 -2.762808149697136E-5
-0.4043520178042477 -0.16901983470521795 0.062374130552393804 0 -6.161380960805913E-9 2.1872862748159396E-8 -2.7623302116485915E-5
-0.36201088411519367 -0.17400839360604692 0.060635096430618034 0 -7.580018835803702E-9 2.144039647960238E-8 -2.7631144621357838E-5
-0.42569230627547644 -0.12215318657273527 0.06260425960749791 0 -1.7061052145656248E-9 2.6150446129548487E-8 -2.7615461307302737E-5
-0.467604489294916 -0.09647351175034927 0.06440527405535047 0 -6.005565370292233E-9 3.2541022163365935E-8 -2.7610293400201614E-5
0.40159415937487924 0.2222711945652258 0.06342742714419668 0 1.3205205815361299E-8 -2.3058487090117506E-8 -2.7626011032533275E-5
0.4374027432196876 0.28280425722564984 0.06685837267776952 0 2.190372873432751E-8 -2.5404426773048484E-8 -2.7627441385890726E-5
0.4716692828943538 0.34325991058700284 0.07076541111671204 0 2.5166088545196198E-8 -2.7036064558357417E-8 -2.7631979990437653E-5
0.5572755215547438 0.4510872900080022 0.08061070588876619 0 2.4482557704040027E-8 -3.482721160491271E-8 -2.762369440082176E-5
0.5201731653431543 0.38799390136202994 0.0753439569886662 0 2.2979121846375903E-8 -3.158416842386901E-8 -2.7632121865924506E-5
0.7501545426059838 0.541195955123228 0.09999999999999998 0 3.6371585325149287E-8 -3.850166606845674E-8 -2.7619433637841524E-5
0.5828756184496425 0.5332115379316271 0.0868511630159933 0 3.396193413209622E-8 -3.6682100342482065E-8 -2.7614056542949485E-5
0.650470548607775 0.5465931881196748 0.09240305490818579 0 3.6258034076247686E-8 -3.599956539438543E-8 -2.761621292654151E-5
0.33827356631260735 0.19741612693850677 0.06018657141513714 0 1.021689014535182E-8 -2.1124885013448132E-8 -2.7632648028183803E-5
0.2643297840462276 0.19520810401833616 0.057617277126140565 0 1.2676034556819893E-8 -1.4608735004756529E-8 -2.7636289878503374E-5
0.23462332403576286 0.13422621113694244 0.055643167928538385 0 1.4168554719687621E-8 -1.0601017249331618E-8 -2.762691622394481E-5
0.1835322570857455 0.12636576122723128 0.05431954168807021 0 1.0902862167863308E-8 -5.637529156396105E-9 -2.761288914159518E-5
0.15384433041034717 0.09209874155024383 0.0533301823681776 0 3.374686663221076E-9 -9.904106705868472E-9 -2.7609553567664112E-5
-0.5199939829281822 -0.124648956040805 0.06768673130026932 0 -1.5488818383130722E-8 3.077761521225155E-8 -2.7615754263229358E-5
-0.5744027965338087 -0.14938461510286838 0.07144252826293566 0 -1.4026750089838603E-8 3.2823395797297613E-8 -2.7628681636193236E-5
-0.6477191420222239 -0.14358128013705043 0.07642272847163621 0 -6.802612719101662E-9 3.862692218928778E-8 -2.7628822038814074E-5
-0.735100345459195 -0.11930462056175606 0.08291132970822637 0 -1.1652499627470088E-9 4.570992416585034E-8 -2.7610464162434716E-5
-0.8023821229894582 -0.12465004703532732 0.08885408731398864 0 -9.830682091584638E-9 4.953056572885217E-8 -2.7600138274998507E-5
-0.8531067718150073 -0.15803750226362165 0.09415708085227005 0 -1.6345486793762067E-8 4.883305403207622E-8 -2.760684336027693E-5
-0.9051158299750595 -0.19076243784282 0.09999999999999995 0 -1.8091770000273466E-8 5.050492672980396E-8 -2.7614598407050623E-5
-0.8393412000271001 -0.10211595922316327 0.09200820531311653 0 -1.1946055345749167E-8 5.2739733194528176E-8 -2.7606663244101807E-5
-0.5124187514513647 -0.05184789683178334 0.06651654728017117 0 -8.065844577548557E-9 3.434696596118624E-8 -2.7624678631063384E-5
-0.4662367643365183 -0.05429215722432917 0.06397307879016166 0 -3.719366660974613E-9 3.263036261957665E-8 -2.7621483964329118E-5
0.07846305682895906 -0.1359020009449211 0.0529048760801971 0 -8.250924485164712E-9 -4.4940354578297196E-9 -2.7621665668312063E-5
0.1581850159804538 4.03666044625459E-17 0.05292729798071231 0 -2.772678889671793E-10 -9.502757940443327E-9 -2.7621262036905953E-5
0.1339429855522494 -0.042721659792281826 0.052630185389843626 0 -5.287102697052434E-9 -5.544289311163235E-9 -2.7620244590757065E-5
0.12170874450296679 -0.07937873255132208 0.05270638285367756 0 -8.81876291611594E-9 -5.43882365378005E-9 -2.7617880545767618E-5
0.0926329081859553 -0.0934021566431387 0.052491087538806276 0 -8.787089691471186E-9 -4.0406097427994566E-9 -2.7622495805140857E-5
-0.07925046645516257 -0.1372658344238745 0.05293295280422828 0 -8.13906969479154E-9 4.823769859812376E-9 -2.7621592613172587E-5
0.12737884186502532 0.04457914646124025 0.052542398875778 0 -4.848506709485549E-10 -1.0071526171794218E-8 -2.7621003989990967E-5
0.025874926118163208 -0.13266950985365822 0.05254567933671947 0 -7.344296782744786E-9 2.306266061421189E-9 -2.7621231897742595E-5
-0.025243839799718233 -0.13300675455069116 0.052548920040911946 0 -8.56696717829935E-9 5.418179010368641E-9 -2.762124569657209E-5
-0.18973296493485722 -0.18461798069110355 0.055474546986767154 0 -1.3661961297335766E-8 5.382907759907434E-9 -2.7630971488265204E-5
-0.2483235922732361 -0.1816505696604007 0.05686432272721824 0 -1.331077509462615E-8 1.2107279994431786E-8 -2.7635502514294183E-5
-0.30831506111577245 -0.17770170158565643 0.058672582596364375 0 -1.0507869925452846E-8 1.8439439526312986E-8 -2.7636447581485998E-5
-0.13643849435757827 -0.142707733989249 0.05371629461338724 0 -7.783717436912893E-9 3.252755094912993E-9 -2.761848834995518E-5
-0.184039983968445 -0.12735803584373426 0.05434432437859786 0 -1.1155291772235746E-8 5.509407724322176E-9 -2.7613793871092E-5
-0.10393602836491156 -0.0928684349452979 0.05261104654913399 0 -1.9473429101492494E-9 7.32035317915243E-9 -2.762057683615924E-5
-0.33491839009005275 -0.13913239257244242 0.05894927757126896 0 -6.935906996250549E-9 2.0097984862757406E-8 -2.7635548915817025E-5
-0.379850741799242 -0.12110542276221135 0.060500587943527986 0 -2.4886312704588573E-9 2.3438216736376037E-8 -2.7628508485739368E-5
-0.40842759083875496 -0.05875232359605658 0.061140527783328784 0 -9.781655381155353E-11 2.741269956308278E-8 -2.7628311612850063E-5
0.36282250283673584 0.2686598783514224 0.06303900336729046 0 1.7093430730489457E-8 -2.57711121079851E-8 -2.7621984662506708E-5
0.4058790843317993 0.3317218591300756 0.06705525860874961 0 2.7301386090592624E-8 -2.3958917159298144E-8 -2.761891634207139E-5
0.4678168231247622 0.39722837411780604 0.07282402579327739 0 2.6859988262263896E-8 -2.681712136336948E-8 -2.763154171038869E-5
0.43228391685071293 0.3802988180284773 0.07026687195777441 0 2.8642414407986355E-8 -2.3020878479314924E-8 -2.7626702867669678E-5
0.5096255127299391 0.5106912413470729 0.08097857821614195 0 2.930954960561426E-8 -3.509578837120307E-8 -2.7619454431846287E-5
0.49005227512439575 0.44470401859070535 0.07629562530822705 0 2.668862644466451E-8 -3.039493335804591E-8 -2.7629858503923542E-5
0.5354804188313992 0.5793968081607486 0.0867593250488703 0 3.666365308444219E-8 -3.57057738121692E-8 -2.76034823969125E-5
0.6847900044003186 0.621834941224156 0.09999999999999994 0 4.3412439433736214E-8 -3.777138678077504E-8 -2.762052446432525E-5
0.5876935447112426 0.6161088910778022 0.09257893706827944 0 4.3480615307236595E-8 -3.3581943555379606E-8 -2.7608026121614705E-5
0.2968769596322443 0.26583446546620604 0.06049214663587174 0 1.2940592951265555E-8 -2.1274105684945867E-8 -2.7628289196607698E-5
0.22703812963746217 0.26409762190385 0.058370438456053005 0 1.4079676348789834E-8 -1.3675338042016716E-8 -2.7637417380761643E-5
0.18890830540911197 0.18932922319802872 0.05555650018582656 0 1.3551347866941505E-8 -5.622995196905112E-9 -2.7631309033150365E-5
0.10177697427875262 0.08834048795367637 0.05253956863179544 0 1.6144931664026012E-9 -7.595640551084384E-9 -2.7621006617244518E-5
0.13647605991683223 0.1435082568468913 0.053729825805134857 0 7.771071363826977E-9 -3.472270631156731E-9 -2.7618173890633726E-5
0.14969050843762163 0.2592715660247786 0.05657975437506356 0 1.6900298897202485E-8 -6.235093137989837E-9 -2.7639255578357398E-5
-0.5844196053235717 -0.07491703801282973 0.07115392026499065 0 -8.726497025560696E-9 3.6363087579862726E-8 -2.7631952286367956E-5
-0.7351410524947968 -0.060926854977285956 0.08231802271497875 0 1.6156168244806542E-10 4.72162438898094E-8 -2.7617857132562233E-5
-0.6752473549062168 -0.060997662019661704 0.07752927755735102 0 -7.319043590078781E-10 4.2087695015958866E-8 -2.7628714593400668E-5
-0.7962287177911108 -0.06074957956360477 0.08762354715881242 0 -4.573150583764071E-9 5.166905864991581E-8 -2.7610941061196364E-5
-0.8627884197170684 -0.055125093298773874 0.09385473111979895 0 -8.876081695411153E-9 5.3793320227456914E-8 -2.761428580647323E-5
-0.9192838471164881 -0.10263764414409532 0.09999999999999994 0 -1.3426084166526356E-8 5.665532728302727E-8 -2.761606409056439E-5
-0.5447672634209793 2.858524015158418E-17 0.06830049229574699 0 -4.683914376617382E-9 3.247309846723823E-8 -2.7631993868553296E-5
-0.4638591691868275 2.797468827787367E-18 0.06368112390889594 0 -7.014253830446571E-10 2.7586255615405665E-8 -2.7627595746247542E-5
0.04273067501608843 0.07401170016957923 0.051925849626185475 0 2.5227023003464513E-9 -5.722154761293233E-9 -2.7630738648569198E-5
0.04273873390329096 -0.07402565857166639 0.05192600533605054 0 -6.249798940246004E-9 5.132747216578968E-10 -2.7630901687279585E-5
0.08580268905133058 2.7616060966210454E-17 0.05192915349305607 0 -3.7063320254736178E-9 -5.159462627598341E-9 -2.7630679792413473E-5
0.07416648351753428 -0.042820039223696336 0.051927573540639343 0 -5.972582275363194E-9 -2.5046378411842543E-9 -2.7630601815966305E-5
-0.04299754043112494 -0.07447392462720538 0.05193102148339571 0 -2.671942420589159E-9 5.664301987841971E-9 -2.7630835508778518E-5
0.07415950431437714 0.04281600977887487 0.051927495533993596 0 -9.46186733110646E-10 -6.4140578808926E-9 -2.76304594370197E-5
1.3904975238826412E-17 -0.08573627431625096 0.051928505242836896 0 -5.109636667824856E-9 3.883800970075286E-9 -2.763066392618724E-5
-2.9796378738924766E-17 0.08577355466188762 0.05192886660175564 0 5.050555808814684E-9 -4.001744617743164E-9 -2.7630484408904625E-5
-0.22815732549244747 -0.13366956667415786 0.05546555293618704 0 -1.4388099045908352E-8 9.714803260409443E-9 -2.76258957380398E-5
-0.27837086784154214 -0.12617379267311213 0.056793561369108604 0 -1.1335501257345816E-8 1.5602989226814566E-8 -2.7635227667446573E-5
-0.15093740406319933 -0.09389909648308081 0.05329903073383901 0 -3.3398928745156322E-9 9.352202385963028E-9 -2.7610411671385835E-5
-0.19761019796705667 -0.10158906953187431 0.054303584925033135 0 -1.2030781646932814E-8 1.0501688193372239E-8 -2.7612391565068583E-5
-0.12619399745448537 -0.06614911525416545 0.052660410611162535 0 -2.4961510313445514E-10 9.92476968527417E-9 -2.761864982713592E-5
-0.07423701450489274 -0.042860760308234 0.05192836227840669 0 7.878581949870065E-10 6.305273575923973E-9 -2.7630696451136306E-5
-0.4277423899643161 0.06497482014443749 0.06209784320535729 0 7.168101251509942E-9 2.1414587486631546E-8 -2.7623955545126358E-5
-0.33304413722574777 -0.06930677678439595 0.058055306373968225 0 -4.033962143593289E-9 2.0949473172447808E-8 -2.7638494193476826E-5
-0.3847166606924661 9.345124501562139E-19 0.059881376808148805 0 2.2161516719382474E-9 2.285539277024849E-8 -2.7636150236471238E-5
0.3329058545937796 0.33325924236807375 0.06406157186555389 0 1.7611376610827942E-8 -2.1562596199688682E-8 -2.760625460723443E-5
0.49825230464030634 0.6040689738251999 0.08623250303750961 0 3.359275784229362E-8 -3.1145877564150436E-8 -2.7600663817486727E-5
0.3818998921620359 0.39282083230988174 0.06849211870683777 0 2.8472479976871043E-8 -1.6351470859972368E-8 -2.761885706611638E-5
0.4314021965681312 0.42876752259718576 0.07244484890584979 0 2.8430969512765657E-8 -2.3234458757574272E-8 -2.762961934301534E-5
0.4723939921181883 0.5653277489130144 0.08223903081434109 0 2.9416640060599228E-8 -3.2837198447401064E-8 -2.761183724258804E-5
0.44736034083495346 0.4974141441538552 0.07684191432450417 0 2.8187033949706013E-8 -2.852302412318571E-8 -2.7627217176782947E-5
0.5230354883414245 0.6422697488364204 0.0903707538749386 0 3.990660732370471E-8 -2.697008277383632E-8 -2.7600294364325026E-5
0.6177594130735138 0.6884753307245898 0.09999999999999995 0 4.7267486415445175E-8 -3.2633637475766005E-8 -2.761421101722003E-5
0.5518007966248653 0.6760563257947593 0.09465507346897212 0 4.4245123634953824E-8 -2.6732736157894396E-8 -2.7607032465730508E-5
0.2625418688185837 0.33648330779519714 0.06181290503458571 0 1.512904017728963E-8 -1.670664176126475E-8 -2.762500622488784E-5
0.10763513709501461 0.3224957272318108 0.058047784011843594 0 2.0003989278347197E-8 -7.15709230305187E-9 -2.763788832267691E-5
0.19231764390950024 0.3331039304431938 0.059877835485628014 0 1.8622269295382103E-8 -1.3434644949483253E-8 -2.763530285621423E-5
0.11136664405289663 0.19289268576805546 0.0543171535525474 0 1.4005257756327777E-8 -2.0543595335380005E-9 -2.7627121877989324E-5
0.07844894660138711 0.13587756131386042 0.05290437550856248 0 7.865044678657434E-9 -5.029679070646764E-9 -2.7621252504269313E-5
0.03519829734560284 0.13784946141786306 0.05265706254873472 0 9.00478536125417E-9 -5.4632137482025326E-9 -2.7620197224341703E-5
0.06630901180929025 0.2508565357105051 0.05531869953262273 0 1.8790992963383613E-8 1.2769179668714768E-9 -2.7629427113533715E-5
-0.017053837843317182 0.27836069099312905 0.05590951428308119 0 1.531113421507934E-8 7.106643563447925E-9 -2.7629666239043842E-5
0.011677278178983168 0.25977319628253465 0.05533524160416193 0 1.654887470587428E-8 6.713393368191995E-9 -2.7624258854031297E-5
-0.036475279191632355 0.1302798698937502 0.052547520741153056 0 7.243759752506812E-9 -1.2589105231140775E-9 -2.7621744840241214E-5
-0.004334214649360648 0.15163914092247652 0.05281372846092682 0 8.694648156736301E-9 -4.088976996722779E-9 -2.761606328821076E-5
-0.5548238392163805 0.07638757137486699 0.06925704553616709 0 -1.5868206508569609E-9 3.087237110519542E-8 -2.7628448285764934E-5
-0.6361392415232946 1.3179599374821288E-17 0.07441207081886599 0 -1.0768083973303967E-10 3.787054569431658E-8 -2.7634930883429845E-5
-0.7353276040989696 1.376885046738379E-19 0.08212306732579755 0 2.870251657380578E-9 4.378200147023761E-8 -2.7621960511712466E-5
-0.8245744171037558 1.994957568951944E-17 0.09002147282184524 0 -2.8789887268575137E-9 4.9093373577730076E-8 -2.7615421276810547E-5
-0.9249999999999996 -3.487031299242896E-17 0.0999999999999999 0 -6.531761855808971E-9 5.5160023571303265E-8 -2.7621396735332678E-5
-0.6215823870108426 0.05940809814964494 0.0735747228508592 0 2.353910689815246E-9 3.5791627410200676E-8 -2.763420969130705E-5
-0.5039157942187592 0.07056797810116018 0.06615707446286308 0 -9.025965577614736E-10 2.5319167130086053E-8 -2.762023308408972E-5
-0.4742240483662385 0.11256694280313873 0.06494853319711702 0 5.177919173154948E-9 2.573744750440082E-8 -2.7607437023189103E-5
-0.4362515368769683 0.13236424219261794 0.06326633817399899 0 1.262240891373266E-8 2.6678443740806907E-8 -2.7612747001260364E-5
-0.3689420167821231 0.1279817916152874 0.06013540062401418 0 1.1486426658855436E-8 2.153370726643986E-8 -2.7630997510628546E-5
-0.40020050920329836 0.18553375498639205 0.06251643484045978 0 1.35702258229613E-8 2.5657027148502115E-8 -2.7625707781569763E-5
-0.11902524067374867 0.3280525016025783 0.058398241089487615 0 1.8650798795588452E-8 5.622706657878169E-9 -2.7638111576508722E-5
-0.278960464150049 0.23105339123962187 0.058930977919053947 0 1.4866458355346087E-8 1.5335145221512855E-8 -2.7635730234806622E-5
5.529796886260846E-16 -9.523255661324038E-16 0.05151308386343702 0 -6.57485018948917E-11 -5.049363008200353E-11 -2.763916811949005E-5
-0.043042879691499385 0.0745524545297515 0.0519319033593881 0 6.173051902251016E-9 -6.434478827812931E-10 -2.763068678694236E-5
-0.24680219676358373 -0.07209570484822997 0.055249906628573604 0 -1.108696555654425E-8 1.544052338401262E-8 -2.7628990477636128E-5
-0.1740533791739203 -0.0457943921612332 0.05334383022045102 0 -4.23416154882148E-9 1.352591107948624E-8 -2.7617068982964543E-5
-0.12783259126111418 -0.033275347967647695 0.052499203818416273 0 8.646428950796479E-10 9.596960462613525E-9 -2.7622477500984436E-5
-0.08544796042127181 1.2633032021521531E-17 0.05192572029476935 0 3.548828596637193E-9 5.046657564682853E-9 -2.7630918072959965E-5
-0.33947513674739144 0.06240362523718613 0.058248486325065116 0 4.267804343822142E-9 1.8917524600584643E-8 -2.7638538310231743E-5
-0.30816555573663146 0.12979030410922676 0.05783416263257108 0 6.583639630002031E-9 1.85139371272561E-8 -2.7637170951135565E-5
-0.22695325756190307 0.2565120405768185 0.05814491145404571 0 1.634229898431657E-8 1.3759891280706264E-8 -2.7638591811928343E-5
-0.25569422992480956 0.1801064295667739 0.05704280655464759 0 8.27419318021282E-9 1.7443897177209716E-8 -2.763602945506022E-5
-0.07471068043782807 0.26158647648355277 0.05569656348774581 0 1.1914357563827653E-8 8.97952048373472E-9 -2.7633027504429088E-5
-0.15073713287945018 0.26108437273446883 0.05665087411303693 0 1.3908619638473808E-8 1.1509403153297006E-8 -2.764002252597517E-5
-0.0793293077376864 0.13740239153093972 0.052935779499837216 0 8.165384490447201E-9 4.533059625206292E-9 -2.762133649329037E-5
-0.299396714946573 6.0549876586637245E-18 0.05658028588283899 0 -3.21528931094313E-9 1.7814677636095493E-8 -2.763994723336795E-5
-0.39181543828090004 0.55445735722153 0.07760084140770424 0 3.585019047308551E-8 2.1696452602632284E-8 -2.762920796874262E-5
-0.42125713605646403 0.6077940464059373 0.08247265847688973 0 4.079620769083483E-8 2.3498011935068314E-8 -2.76182841972457E-5
-0.4499036574234317 0.6597655574984553 0.0876254316161508 0 4.220946763059412E-8 2.9711011356412708E-8 -2.7611903952052084E-5
-0.4789401191209052 0.7197628636157833 0.09385470752197607 0 4.189164823210044E-8 3.468524032292643E-8 -2.7615254654748354E-5
0.30693864167133966 0.4042133776050551 0.06608285286906407 0 2.245317127540543E-8 -1.19471505150153E-8 -2.7620399423695382E-5
0.45341996389119593 0.6343388790419371 0.0859386615701075 0 3.2933926001300055E-8 -2.5801120730713588E-8 -2.760858213032895E-5
0.36186279370904106 0.47199806236141656 0.0715259330567936 0 2.873720550099562E-8 -1.759015590686782E-8 -2.7631296490501835E-5
0.400949758946052 0.5652131577221655 0.07869394977656127 0 3.0039985138164515E-8 -2.5942207379567893E-8 -2.7625174916325196E-5
0.4904238791693691 0.6985151762406319 0.09277567976728547 0 4.16129196917403E-8 -2.266589936109966E-8 -2.7610363110982402E-5
0.5485314952955888 0.74480230687788 0.1000000000000001 0 4.635783522698729E-8 -2.5431619262729473E-8 -2.7615484434330455E-5
-0.157502577302292 0.4062797025959702 0.06224976286168574 0 2.190730273292171E-8 4.228758697449709E-9 -2.762257720636204E-5
-0.04439277195221168 0.328710102628296 0.0577329050528648 0 1.898621101254858E-8 3.6683440706795937E-9 -2.7636669977817183E-5
0.025557696189703685 0.3104658173674805 0.05699894508193312 0 1.9118305454778733E-8 1.7817064645527109E-9 -2.7635101457884177E-5
0.05891091878969271 0.3561813785904501 0.05888183035860122 0 2.0713008365253588E-8 -5.120512809307209E-9 -2.763490833714532E-5
-0.07539656272461737 0.3826387268002811 0.060112744280339386 0 2.407781091078334E-8 8.027396328660562E-10 -2.7630428278152585E-5
-0.19156331121345582 0.4731617410648756 0.06625147072173321 0 2.1418507618847747E-8 1.3419270193426378E-8 -2.761985874792012E-5
-0.31860245148696237 0.5518356333914171 0.0744889558881298 0 3.263015613971805E-8 1.8946914514093055E-8 -2.763503058467258E-5
0.23188989210585279 0.40164507488900236 0.06367695651733306 0 2.4197262032048324E-8 -1.3338538446835006E-8 -2.7626522958711047E-5
0.18545604713463834 0.43047399478074116 0.06393784680976809 0 2.9954062710186746E-8 -1.317198083408165E-8 -2.7620481823094497E-5
0.15384627156060351 0.3839117365891883 0.06118533303935759 0 2.3764610024110422E-8 -1.3909993984809844E-8 -2.762740618029213E-5
0.08567704016096148 0.3934342712802923 0.06068036954612458 0 2.1547004314828765E-8 -9.814139283739397E-9 -2.7626790943211042E-5
-0.04746651353754765 0.1829715324610284 0.053532622158623755 0 6.669657345471211E-9 3.356708569002737E-9 -2.7616329126978432E-5
0.01717373484524668 0.1662656573333219 0.053092157016808576 0 1.1553558328796521E-8 -3.985984548477076E-9 -2.7613225668727406E-5
7.833096257776418E-4 0.19069362679459012 0.05356840441819727 0 1.1357420129119995E-8 -2.265845913505785E-10 -2.7608265003962853E-5
-0.014253461472862217 0.23459230484404994 0.05463523466770248 0 1.1695515550923715E-8 7.768511825038676E-9 -2.7616232579985772E-5
0.04520143550094837 0.1841851235528076 0.053545944108146816 0 1.5157331189368454E-8 -2.1975823920421293E-9 -2.7615574033168004E-5
0.017981432514459814 0.22651294475696923 0.05443142027174295 0 1.633087017932598E-8 4.931693900938191E-9 -2.7614048785653215E-5
-0.4509389353459413 0.18062953941108667 0.06485872161226297 0 1.108040360752811E-8 3.2430641225609094E-8 -2.7618004014756506E-5
-0.43855507291261625 0.22078311851591842 0.06514753629020965 0 1.167515662832863E-8 2.975804383135478E-8 -2.7625945290560838E-5
-0.5430568755805911 0.1088667628343709 0.0688662273363696 0 -1.0818458384790254E-9 3.127524161374904E-8 -2.7623443425727417E-5
-0.5075730010734566 0.12513873893141766 0.06697106660603608 0 1.277264305275967E-10 3.049292621590742E-8 -2.7612693213939365E-5
-0.4876818695036711 0.16005919777938846 0.06641416297022892 0 5.181764112403515E-9 3.466000639747783E-8 -2.7613025103896736E-5
-0.5817364775186938 0.11498204866540508 0.07140762999266016 0 1.8760840337812316E-9 3.4256200901062456E-8 -2.7630179912397935E-5
-0.6893460495224288 0.06354738512595376 0.07863780818203957 0 7.2757192827887595E-9 3.8847841531366615E-8 -2.762660829003439E-5
-0.7599167871431189 0.060700756349994105 0.08441733903220823 0 6.001213476645824E-9 4.129182765710608E-8 -2.7614273477905944E-5
-0.8184909839211809 0.07533925376340878 0.08977629762126756 0 1.0125948461699834E-9 4.4717973387245496E-8 -2.760894433013887E-5
-0.8641324069088798 0.06217499425579329 0.09403348687291993 0 -2.2161215360789602E-9 4.886211765373089E-8 -2.7614019667939427E-5
-0.919284810212244 0.10262901652303173 0.09999999999999994 0 -1.2124654310006788E-9 5.298346490233142E-8 -2.7616645773404553E-5
-0.7200856347104291 0.1275637570102766 0.08178787314202204 0 1.3813717538924817E-8 4.186726073236753E-8 -2.761474111349717E-5
-0.6366216770914513 0.14805650423757327 0.07568897320024312 0 9.650575810988832E-9 3.809392139337382E-8 -2.7630574210135117E-5
-0.5083123257938114 0.6756675576578803 0.09200745306162258 0 3.9270183680967356E-8 3.668742778680259E-8 -2.7607854112553207E-5
-0.5084523869045262 0.6310249340793687 0.08870435188239581 0 3.770104698199426E-8 3.2780709475388544E-8 -2.7601333576910837E-5
-0.5485031394581954 0.7448231888659755 0.09999999999999998 0 4.1995149731895035E-8 3.9907308883558676E-8 -2.7617505895412838E-5
-0.47303326379715877 0.5791284533565413 0.08316905076856485 0 3.8795935294691095E-8 2.4086955378017065E-8 -2.7610621129971938E-5
-0.45509595152323223 0.4866404390645807 0.07663670286639768 0 2.960633612645781E-8 2.534046178711083E-8 -2.762952200157104E-5
-0.4180330375357138 0.4186106610386911 0.07131407766744807 0 2.0718624117114323E-8 2.8737664443695407E-8 -2.7629349888894285E-5
-0.35805699391726126 0.4725541821277961 0.0714004969823895 0 2.7280712649208044E-8 2.53957144488914E-8 -2.763275686636946E-5
-0.3304177610769968 0.2075632873895256 0.060121873146272396 0 1.3671853261725775E-8 1.8283392954872045E-8 -2.7633439537054954E-5
-0.3986677525588505 0.2551376793832065 0.06418286265211677 0 1.2719695157542655E-8 2.287793554129005E-8 -2.7626015524608596E-5
-0.19326570388917413 0.3347460184966116 0.05996054906425581 0 2.0937265381475955E-8 9.508581248987919E-9 -2.7635957535388777E-5
-0.2326279902659774 0.402923498403311 0.06375456788963607 0 2.3509462335082105E-8 1.4426272741227672E-8 -2.7627672649097953E-5
-0.2730034360466582 0.4728558218736924 0.06837705113188595 0 2.5618248189403394E-8 2.030207488950102E-8 -2.7632177782958076E-5
-0.30165136280488025 0.41841452971898935 0.0665620091821718 0 2.5526337588171448E-8 2.4060807946465233E-8 -2.7624824166232156E-5
-0.2982294435153453 0.2720284218761083 0.06072614652584282 0 1.9321148826098517E-8 1.3802875949440577E-8 -2.762756778889537E-5
-0.28071917465641966 0.3771430143239578 0.06401358518053687 0 2.617807517167462E-8 1.9581051788586805E-8 -2.7621556344258187E-5
-0.25621859628623345 0.3266156402995803 0.061257118437086824 0 2.395261620091643E-8 1.3639139626887174E-8 -2.762809810908763E-5
-0.07427627943517316 0.042883429926301085 0.05192880169730083 0 5.854883468093515E-9 2.4533294291585464E-9 -2.7630710174359744E-5
-0.10192189467460559 0.10267269443312377 0.05269596908601702 0 9.210214015248762E-9 5.315136489683052E-9 -2.762022787374634E-5
-0.22270343343645202 -2.7398019802337882E-17 0.054316401779706945 0 -5.370246597147229E-9 1.328981578273074E-8 -2.762766892416393E-5
-0.1568744501142894 1.9427769320198104E-18 0.05290395974586273 0 2.1565914953045035E-10 9.342191980348604E-9 -2.7621651579748654E-5
-0.1333037269353432 0.03517105967265549 0.05258728793055297 0 4.60148199478225E-9 5.725553818614554E-9 -2.762140966261153E-5
-0.2668792736165403 0.06671487334767572 0.055790773586017584 0 -1.5767200286753185E-9 1.517292283952431E-8 -2.76337706688222E-5
-0.25161809751440434 0.1255049475699697 0.05598231997151887 0 1.5645920583387545E-9 1.6986335363668628E-8 -2.7630729924035448E-5
-0.2204702956430696 0.1429341155499399 0.055415459742855375 0 2.7469141723391995E-9 1.7924334021554526E-8 -2.7625579664985883E-5
-0.18350196867475072 0.18844743574056294 0.05542383280391714 0 8.80787515150735E-9 1.6814879327796718E-8 -2.7631344761335074E-5
-0.1122914677939212 0.19449452747555573 0.054363926326504504 0 8.801221130720709E-9 1.1238366512711573E-8 -2.7627696166494702E-5
-0.13865734030206042 0.13413724110678021 0.05361667711440056 0 9.28121515571216E-9 1.2553668379624276E-8 -2.7616420114418122E-5
-0.3679940573528883 0.637384404218618 0.08217817873449762 0 3.9123705156416646E-8 1.9367186713274875E-8 -2.7622262516967787E-5
-0.4124740638930545 0.7144260354671818 0.09005646238462257 0 4.0750579755368756E-8 2.7018857422626374E-8 -2.761604259720019E-5
-0.4625000000000002 0.8010734985006057 0.09999999999999998 0 4.4100422341998896E-8 3.3167922712684904E-8 -2.7622275102422834E-5
0.41227210451772545 0.7140762315680472 0.09001864521731297 0 4.3850568161379306E-8 -2.2078761610382872E-8 -2.761451646060509E-5
0.27234892372669683 0.47172217328134014 0.06829621029644013 0 3.032540304371988E-8 -1.2272768827062995E-8 -2.7630782748788015E-5
0.36764043700660404 0.6367719158122639 0.08211917016769554 0 3.647331330453216E-8 -2.4356423498900195E-8 -2.7620906251234033E-5
0.31803615984503875 0.5508547874957042 0.07440724687637126 0 3.278501467849513E-8 -1.8905506264729926E-8 -2.763366730542592E-5
0.46250000000000013 0.8010734985006064 0.09999999999999999 0 5.091055853067856E-8 -2.1929999984084868E-8 -2.762038744338228E-5
0.3836506929290541 0.7746515411716932 0.09384509082801112 0 5.1114232421507574E-8 -1.9228696968305432E-8 -2.761337952417936E-5
-0.14030890931253803 0.4679836164169959 0.06501280116403946 0 2.472911540800667E-8 8.630178333067188E-9 -2.7606817892450415E-5
-0.10294114607188212 0.4464085827438704 0.06338188130081227 0 2.9656383934778547E-8 2.514772331935111E-9 -2.7611341097831394E-5
0.013052198219917906 0.38970549808144683 0.06010955939350729 0 2.2658357905577236E-8 -2.662907626730178E-9 -2.763272593025631E-5
-0.04037960269203984 0.44085703180834646 0.06259577733066987 0 2.9341772644817356E-8 9.702577567722288E-10 -2.7624465935853724E-5
0.06533055038853267 0.4354649165439312 0.06247764990259344 0 2.1722417021633362E-8 -6.683643898635825E-9 -2.762078137500556E-5
0.21079455863719812 0.4693257584201238 0.0664848367230654 0 3.35876015235182E-8 -1.0311793447792144E-8 -2.7623635251062165E-5
-0.2117215867706234 0.5198781223671348 0.06933829044213057 0 2.574190592994039E-8 1.6801462721538383E-8 -2.7628166806712215E-5
-0.1460434120132441 0.503264073058023 0.06704541835555092 0 2.6354388463203485E-8 1.5112303136778312E-8 -2.761230847900702E-5
-0.17773060720916653 0.5259463281585314 0.0689480477972893 0 2.643077740063436E-8 1.6431106711834568E-8 -2.7622983479558308E-5
-0.2900329026458535 0.6297052539110424 0.07871782471366953 0 3.7103752571617325E-8 1.3025039362467871E-8 -2.7626302373074925E-5
-0.2598642375444073 0.5690891545970852 0.07365958600480058 0 3.2046682586773214E-8 1.5685214090560034E-8 -2.763398573815245E-5
0.1498593825176401 0.45279307874260616 0.06437801254812758 0 3.0892754131903496E-8 -1.1287475859079752E-8 -2.7609434099493967E-5
0.11053788187593885 0.4306223745782792 0.0626902062642271 0 2.3778642550900573E-8 -1.1908016228224455E-8 -2.7614098594409316E-5
-0.4490633670822637 0.26293361409508886 0.06682964731028329 0 1.1487263250891616E-8 2.873994245437542E-8 -2.7629637196653317E-5
-0.4300985673768074 0.3012630280350379 0.0671100012724704 0 1.179813070602942E-8 2.5842663224679318E-8 -2.7627067616228634E-5
-0.49761740681994665 0.2259943198914076 0.06840949555720777 0 9.579805647761402E-9 3.450227953242662E-8 -2.762944710780169E-5
-0.5518948161465873 0.17422255470543743 0.07046196471921622 0 4.528669803186089E-9 3.617939929348308E-8 -2.762799615460482E-5
-0.4324706598932548 0.35955969358955997 0.06940707877592157 0 1.4348856665592267E-8 2.7802810380810866E-8 -2.7627240673685274E-5
-0.7940808377677345 0.13178185399490336 0.08820577601429047 0 6.7107817272800936E-9 4.652539515656343E-8 -2.7599727949149186E-5
-0.8565041007211139 0.12935729823844902 0.09401883827528355 0 4.01545737183675E-10 5.0601904503899776E-8 -2.7607795198532136E-5
-0.9051192255768065 0.19074632675980735 0.09999999999999998 0 4.528416669920813E-9 5.7492435047882745E-8 -2.761573479263235E-5
-0.7583678808155521 0.178257805309045 0.085877514601274 0 1.366311386946436E-8 4.890321951340968E-8 -2.760722316760942E-5
-0.6170663609123308 0.222189336538271 0.07585507468331582 0 1.3606191750964582E-8 3.744700610966995E-8 -2.7632516868794275E-5
-0.6972424057138269 0.20430689657176623 0.08139617396721441 0 1.612976429512617E-8 4.3037791364908366E-8 -2.7621569011222934E-5
-0.5596851197575441 0.6634042603718276 0.09419033697962355 0 3.4374846400694116E-8 3.869191768889765E-8 -2.7608316189581015E-5
-0.5445828559277583 0.5931276201062036 0.08823074690283748 0 3.1282210226063554E-8 3.050236621930422E-8 -2.7604194554373712E-5
-0.6177328508859395 0.6884991641819085 0.09999999999999992 0 3.428117854578175E-8 4.0906696671316385E-8 -2.7616606861615028E-5
-0.5240933648557363 0.5322322969179639 0.08310069903157469 0 3.1675764072709854E-8 2.602362109774573E-8 -2.7616031571986295E-5
-0.482008368592271 0.40269833860051546 0.07383556549613608 0 2.1649039156030543E-8 2.9161712464841167E-8 -2.763360865958579E-5
-0.5228737105474611 0.469403410425903 0.07945982017150148 0 2.8864242253638164E-8 2.8422537756475137E-8 -2.7626912660285636E-5
-0.3178442209190435 0.3574692689417035 0.06445327462614317 0 2.4998605096595125E-8 2.1649510946001913E-8 -2.761060029154508E-5
-0.3668515165065182 0.391453181331997 0.06779342734587494 0 1.9161030181081792E-8 2.894146479834189E-8 -2.7617158891090365E-5
-0.37474174799433474 0.32521524057353407 0.06543736846884436 0 1.348799389584594E-8 2.036622113614128E-8 -2.761200852699844E-5
-0.3445240713159381 0.2767146512083848 0.0625551726814487 0 1.654523268369818E-8 1.548211417515463E-8 -2.7621265196911034E-5
-0.31825267387856393 0.31228528282505885 0.06275542647814246 0 2.2132598474097153E-8 1.4785560905671956E-8 -2.7614770423698677E-5
-0.13208776332768443 0.07040426877471616 0.05277929135503948 0 7.751072283376122E-9 5.4117443790603566E-9 -2.761675221422897E-5
-0.13558426904309848 0.09984465055515283 0.05311549222562181 0 9.253094153257419E-9 8.328927069839658E-9 -2.7613492621836106E-5
-0.18433654548332082 0.04822270923057056 0.05356505347436668 0 -1.44095885982541E-10 7.578476278032703E-9 -2.7617224402337868E-5
-0.2141365218541703 0.10501643106435352 0.054728299370409676 0 -1.208982783091251E-9 1.4330677331679921E-8 -2.7617973299321208E-5
-0.18680865935078547 0.12991541986645883 0.054439563423197654 0 3.814422256224386E-9 1.6759613381781197E-8 -2.7614867590273028E-5
-0.1657690318723488 0.09663028560186346 0.05359396061230915 0 5.730396020025494E-9 9.98615400459947E-9 -2.760829232451887E-5
-0.3275435087421515 0.689022237889938 0.08446715933764735 0 3.841809612849874E-8 1.5374906080735673E-8 -2.761422691183237E-5
-0.3440235561346144 0.746753392646391 0.089798396197132 0 3.883054976952144E-8 2.1284283367924545E-8 -2.760902126455661E-5
-0.3781299746230488 0.7796968295885027 0.09405159466762453 0 4.084135793355669E-8 2.62173607110678E-8 -2.7614293992775488E-5
-0.37078556224583165 0.8474286657041803 0.09999999999999998 0 4.485506979485463E-8 2.73964737054358E-8 -2.761673090922061E-5
0.33139114289377414 0.7785556133621918 0.09206768166444738 0 5.161175654422576E-8 -1.5957856074327863E-8 -2.7605763327516563E-5
0.3464548928541494 0.7191482470167311 0.08759713317592265 0 4.6946113422744173E-8 -2.2007511869451227E-8 -2.761011908248709E-5
0.31546555307223767 0.6681703741372863 0.08242156072081934 0 4.078673055543994E-8 -2.3716982615485123E-8 -2.7616833382041268E-5
0.22784343961994072 0.5451094489255655 0.0712614275403811 0 3.573524231372465E-8 -1.0807413043950036E-8 -2.76309770304406E-5
0.28413345033548576 0.6165726819630529 0.0775980862421621 0 3.6805626146330466E-8 -2.0291693741416176E-8 -2.762755973693194E-5
0.290977677915208 0.7546407636986492 0.08855875058870188 0 4.726558105601481E-8 -1.666666402628426E-8 -2.7599206163784986E-5
0.37075219693550476 0.8474432642497914 0.09999999999999995 0 5.567622026350134E-8 -1.6702337814735536E-8 -2.7615267936978027E-5
-0.10596501162257625 0.5041773372256164 0.06652572871029448 0 3.232487002534467E-8 1.2873071635945688E-8 -2.7612312610410867E-5
-0.07102778036707863 0.4813038479979327 0.06489977746314218 0 3.374740275788136E-8 6.735770692594623E-9 -2.761654595042086E-5
0.019795838688718658 0.4703114259817324 0.06404440608297313 0 2.60194638262552E-8 1.4407812371081888E-10 -2.7624983742305205E-5
-0.028427878816465992 0.4894039605592073 0.06510500934199118 0 3.14709992100873E-8 4.488932922185634E-9 -2.7624662187167287E-5
0.09307018049889713 0.4870154223859189 0.06541754354915294 0 2.4139927759095942E-8 -1.7616797153124902E-9 -2.7610975186438452E-5
0.15223360853370174 0.5114589799667827 0.06762073099832455 0 3.4282192107916045E-8 -2.1465970748134467E-9 -2.7614524277595204E-5
-0.19168892528151515 0.5624523066487594 0.07149027116733256 0 3.0519900193273085E-8 1.5307247521039856E-8 -2.762966229746491E-5
-0.12546868182070262 0.5661421054611622 0.07053660282173835 0 3.346600856649705E-8 1.3958252844521204E-8 -2.76270649029715E-5
-0.25001651455608004 0.6877574831582879 0.0818288600417976 0 4.2858936325778605E-8 8.83006800684079E-9 -2.761407128206107E-5
-0.19051431605916905 0.626194724144322 0.07575740850014469 0 3.767680171297553E-8 1.0498323053995217E-8 -2.7629714932969633E-5
-0.496968869184538 0.31115828345845903 0.07096354188096898 0 1.5018071576937416E-8 3.085390235968864E-8 -2.7635422685209698E-5
-0.5531916805568735 0.25483900449276115 0.07250231820116239 0 1.3181730316936406E-8 3.4972808311741883E-8 -2.7635170169234795E-5
-0.8285501209973593 0.21135039229984 0.09293041569195869 0 7.834119778541516E-9 5.477923007077482E-8 -2.761148011039866E-5
-0.8809225682293763 0.28211960771987943 0.09999999999999996 0 1.07711520637663E-8 5.670734709485892E-8 -2.76225768950155E-5
-0.7578216461505274 0.23114048963723496 0.08705889216020636 0 1.4200552734149935E-8 4.882521181365682E-8 -2.761469870496118E-5
-0.5442886348821633 0.36830034160648034 0.07595460109733419 0 2.305064608135315E-8 3.166371144156702E-8 -2.7633126859797926E-5
-0.6102329054490169 0.29533181001281994 0.07752504764743703 0 1.993006144999452E-8 3.449657290311538E-8 -2.7630211775691088E-5
-0.6672358697757713 0.2726523999513782 0.08092297245691278 0 1.8544099153168547E-8 3.780149987477385E-8 -2.762460885455325E-5
-0.7250638207162802 0.2644091498704253 0.08523826785223539 0 1.6362632712283268E-8 4.3311477600987994E-8 -2.761883393705945E-5
-0.6071515389330133 0.6092519905512257 0.0934219469334025 0 2.9131189900549543E-8 3.7649293208655065E-8 -2.7613649069457847E-5
-0.5735399527378838 0.553508622043815 0.08749015204644302 0 2.915195035931964E-8 3.16304688093128E-8 -2.7613144854650903E-5
-0.6847646792234087 0.6218628292777222 0.09999999999999995 0 3.021566324766601E-8 4.391081031677792E-8 -2.7623254664363012E-5
-0.5770660846669927 0.4836246905463882 0.08360849061752018 0 2.9677124728307725E-8 3.299175032329883E-8 -2.762104112880581E-5
-0.5580584193120216 0.42548332869284067 0.07938775238593494 0 2.7838794753063343E-8 3.199730670485912E-8 -2.762757662693881E-5
-0.28374056147924315 0.7514739211838952 0.0880520415280374 0 4.303577281920799E-8 1.698399595580735E-8 -2.759948323736355E-5
-0.3165497745723784 0.8071051679018629 0.09409208829712741 0 4.3765657034333444E-8 2.487278118418414E-8 -2.7607704618210924E-5
-0.28739394850298333 0.8792210714939998 0.09999999999999995 0 5.161412485233891E-8 2.4604259163546908E-8 -2.7615034663461133E-5
0.29491717071644896 0.8166669280321706 0.09422261270086467 0 5.0774210318200105E-8 -1.0670135579921847E-8 -2.7606085727900178E-5
0.15199695343335898 0.5713443637747507 0.07128864354870555 0 3.5086106591080675E-8 -3.709868839853886E-9 -2.762755303233872E-5
0.2647361318881631 0.6988930987695543 0.08313425830297129 0 4.027985688625918E-8 -2.198553460795196E-8 -2.760890630888799E-5
0.19363779692619498 0.6392946953673742 0.07676490405819379 0 3.6892652810155555E-8 -1.3303971790375392E-8 -2.7627395103908912E-5
0.23873623781901862 0.7680602578468166 0.08814793343306232 0 4.197904059669924E-8 -1.2008704060230477E-8 -2.760228350958731E-5
0.28735785633849587 0.8792328678266585 0.09999999999999996 0 5.2765639052259185E-8 -9.70373217738492E-9 -2.7613866827994944E-5
0.045020558010702406 0.5239593119206281 0.06715619876796416 0 2.8270698245376897E-8 2.562573444643253E-9 -2.7625928036799606E-5
-0.05203180167969757 0.5443357511275837 0.06842717285738563 0 3.457832395271324E-8 8.665687067815813E-9 -2.7628298351694872E-5
0.00125333399408392 0.5186888782774369 0.06673044987207258 0 3.065301578236452E-8 4.281273550166823E-9 -2.762816772082163E-5
0.09263905094403112 0.5551170207203664 0.06943102413110942 0 3.124384492079264E-8 1.2210442093662143E-9 -2.7626103515152758E-5
-0.22520922840433807 0.7458968973346561 0.08588793599516027 0 4.892215786244286E-8 1.2461984243455266E-8 -2.7606477420370144E-5
-0.056365569894855645 0.6123374883168232 0.07290850863136553 0 3.7045100230745556E-8 5.425811851795657E-9 -2.763374760871659E-5
-0.11459365381122652 0.6489796043007032 0.07609123122821615 0 3.914569706598889E-8 6.482179826301037E-9 -2.7631002398116943E-5
-0.17201424223952635 0.7059350940103869 0.08139872432652714 0 4.501798345520809E-8 7.455058528931694E-9 -2.7620535766120643E-5
-0.5619648707592039 0.31624700130713346 0.07504348009682706 0 1.961684180489542E-8 3.297395787253063E-8 -2.763443287535361E-5
-0.7888004165309431 0.29037609645717466 0.09153149855841576 0 1.3236096490684614E-8 4.863741228285996E-8 -2.761777632949621E-5
-0.8437609348289447 0.37906778281416026 0.09999999999999995 0 1.4882163920631788E-8 5.096039821363606E-8 -2.762183899871865E-5
-0.6064827120561797 0.3683452405387546 0.08001332460787643 0 2.702580919817115E-8 3.378482933756885E-8 -2.7622904969510043E-5
-0.6554904399290363 0.3258387756938692 0.08184700708932659 0 2.2724456936369868E-8 3.468002485515391E-8 -2.7619014238434824E-5
-0.7173789460644423 0.321865662586802 0.08652046298759287 0 1.768635698675196E-8 3.929948357169721E-8 -2.7614123662642633E-5
-0.6465139113454262 0.538316822314734 0.09160194260007758 0 2.85075645920481E-8 4.119600524774999E-8 -2.761827651286764E-5
-0.7501326501074496 0.5412263004122692 0.09999999999999996 0 2.770166077967584E-8 5.1000455950194026E-8 -2.7622218093807287E-5
-0.8010558185062641 0.4625204886241073 0.09999999999999998 0 2.0691861098730607E-8 5.1614254022712755E-8 -2.7617584021436643E-5
-0.6328963674406779 0.44705014677999644 0.08550954643040555 0 3.000664357605402E-8 4.0036669945432414E-8 -2.7614165735246677E-5
-0.2313025414788286 0.8233581280344338 0.09294490463014164 0 5.094033692128121E-8 2.0375505586935203E-8 -2.761047768677849E-5
-0.19616860770583666 0.9039546015730862 0.09999999999999994 0 5.4067172848701105E-8 1.8736408013764925E-8 -2.7620989971458698E-5
0.2216527773738334 0.8287572231622684 0.0932031971273528 0 4.715836465326596E-8 -6.737548491806215E-9 -2.761097221320922E-5
0.10414931811684251 0.6209165315731189 0.07394244219969823 0 3.6131177733240934E-8 -4.358933809126955E-9 -2.7631919805440212E-5
0.1942511971230704 0.716812779625243 0.08273823779707914 0 3.848070848920285E-8 -1.4417587059907776E-8 -2.7615098286989058E-5
0.14442364609626682 0.6895139486023729 0.07960445430492032 0 3.9168316323767014E-8 -1.1119589542042683E-8 -2.7624673964909467E-5
0.1913914876174544 0.7797285375111098 0.08801717214843206 0 4.2611438951204604E-8 -9.196670695809108E-9 -2.7611001709135018E-5
0.196130597538861 0.9039628493277602 0.09999999999999998 0 5.315730309750667E-8 -4.608061656777338E-9 -2.7620216786359626E-5
0.020086990102898373 0.582926818943489 0.07076019404513119 0 3.395924432077693E-8 2.5055595360758475E-9 -2.7633710713323924E-5
-0.17894546311077822 0.7718277883825889 0.08706002927260566 0 4.8927851750668803E-8 1.1880912979213123E-8 -2.7613443657604915E-5
0.04599891718688658 0.6542488180254783 0.07585611859697282 0 3.88205300754045E-8 -4.363921880911506E-9 -2.7631335104473687E-5
-0.007855133722757698 0.6491499078369714 0.07536310530979572 0 3.8500101431507174E-8 -1.156738028894275E-9 -2.7632132105987058E-5
-0.13380906082414654 0.7600240739879767 0.08523325950883376 0 4.542156897885017E-8 7.25654827970068E-9 -2.7617280479925252E-5
-0.04850890629174576 0.6781878024575423 0.07767733236817918 0 3.9743488059458514E-8 -4.728155243954512E-10 -2.762813568989426E-5
-0.09794458893422112 0.7138796015511557 0.08090449857215169 0 4.173125295266317E-8 2.6292449389024715E-9 -2.762306845740551E-5
-0.7603438011582597 0.3738096376808479 0.09217483686370775 0 1.5461482795051296E-8 4.450955418992869E-8 -2.761128045535011E-5
-0.6767294999436547 0.3833870641168077 0.0857669286165472 0 2.5227023682010967E-8 3.805388232237959E-8 -2.7604529268015515E-5
-0.7186415188607147 0.46354605628657686 0.09293928953994947 0 2.3683846071132797E-8 4.893270567637938E-8 -2.7610445049526778E-5
-0.14285595486183847 0.8282574032154251 0.09152546819348935 0 4.833428300402087E-8 1.2559739877609289E-8 -2.7616047913417525E-5
-0.09363126894349026 0.9202489260084377 0.09999999999999998 0 5.1224580954795075E-8 1.2230302895027222E-8 -2.761935729751329E-5
0.09361324045256657 0.9202507597854978 0.09999999999999996 0 5.7919495262325356E-8 1.0858433214898445E-9 -2.761902891998108E-5
0.14341620299378274 0.8294494640794721 0.09164675622284839 0 4.996617698567711E-8 -4.460608923016396E-9 -2.7615563705269308E-5
0.08739963386816947 0.6969472503405287 0.07943927986118828 0 4.1789140537234944E-8 -8.465833328256785E-9 -2.7625277544922582E-5
0.1332242410665833 0.7460807458646898 0.0840331591986956 0 4.362773507734873E-8 -9.409651295870154E-9 -2.7618120267299777E-5
0.011531729957052445 0.7092408490309093 0.07999382505294728 0 4.251613162011027E-8 -6.590891755973381E-9 -2.7620701043499842E-5
-0.08028628936017151 0.7814679591465112 0.08645850584417021 0 4.2567484587842105E-8 3.929087168081211E-9 -2.7612297290762682E-5
-0.04561230651596534 0.7294921334214546 0.08175631121749642 0 4.1189763546973234E-8 -2.5653144684344502E-9 -2.7617268401101102E-5
-2.6622719632600497E-6 0.924994933365257 0.09999999999999994 0 5.486505996961883E-8 7.561555765326954E-9 -2.7614645819363137E-5
-0.057540995049113024 0.8423979795604504 0.0918960227632853 0 4.570577403121195E-8 8.456876049546235E-9 -2.7608742386730792E-5
0.04284010489062188 0.8515402282381707 0.09269147861274166 0 5.408911710907045E-8 3.376726099601831E-9 -2.7607583051445993E-5
0.06678793864290467 0.7745216917616873 0.0857326633705871 0 4.9992459796872774E-8 -5.9356175637652274E-9 -2.761075195361083E-5
-0.010066347156763605 0.7750831353836388 0.08553470969702802 0 4.477153454491595E-8 -3.2473880829716766E-9 -2.7602921176705754E-5
