% Model:
% Version:
% Dimension:          3
% Nodes:              691
% Expressions:        4
% Description:        Surface
% X                       Y                        Z                        Color                    DeformX                  DeformY                  DeformZ
0.09361324045256657 0.9202507597854978 0.09999999999999996 0 1.3317102469431505E-7 3.426098071123689E-9 0.04997702000451529
0.19613059753886136 0.9039628493277616 0.10000000000000006 0 1.2737375525902164E-7 -8.938685175001778E-9 0.04997701988114038
0.2873578563384961 0.8792328678266589 0.09999999999999998 0 1.2543042595955184E-7 -1.9988668836798683E-8 0.049977027426565186
0.6177594130735132 0.6884753307245892 0.0999999999999999 0 1.0787076327209093E-7 -6.453923997552544E-8 0.04997703292004987
0.684790004400319 0.6218349412241562 0.09999999999999998 0 9.975347161445216E-8 -7.406171167729939E-8 0.04997702820398286
-2.6622719632544978E-6 0.924994933365257 0.09999999999999995 0 1.3044042706630366E-7 1.597205788985757E-8 0.049977023749477045
0.042840104890621886 0.8515402282381707 0.09269147861274166 0 1.2492440128082188E-7 8.796264066722552E-9 0.04997703319560821
0.37075219693550476 0.8474432642497914 0.09999999999999995 0 1.2634674820931674E-7 -3.2439426092097985E-8 0.04997702727661805
0.14341620299378263 0.8294494640794716 0.09164675622284833 0 1.1937966261354124E-7 -5.598016606986264E-9 0.04997702643406766
0.2216527773738334 0.8287572231622684 0.09320319712735281 0 1.1654986734373694E-7 -1.2925383473594452E-8 0.04997703146704618
0.29491717071644885 0.8166669280321706 0.09422261270086468 0 1.1942555336273351E-7 -2.1610746317019646E-8 0.049977037047389254
0.5485314952955888 0.74480230687788 0.1000000000000001 0 1.1054475135737756E-7 -5.280466405937607E-8 0.04997703020044269
0.5518007966248653 0.6760563257947593 0.09465507346897212 0 1.0401596654438108E-7 -5.4470084678790205E-8 0.049977040467066886
0.5876935447112426 0.6161088910778022 0.09257893706827944 0 9.941096379040788E-8 -6.372822587454564E-8 0.04997704100636238
0.750154542605984 0.541195955123228 0.09999999999999999 0 8.751887440223663E-8 -7.905898714654259E-8 0.04997703116818901
0.6504705486077746 0.5465931881196746 0.09240305490818576 0 8.772742696189237E-8 -7.025778446822356E-8 0.0499770344813892
0.8010710017272109 0.46249419126110153 0.09999999999999994 0 8.022000159170703E-8 -8.79100971060138E-8 0.04997703741501969
0.8437752416466553 0.3790359375932063 0.09999999999999998 0 7.066388351420935E-8 -9.65745733263844E-8 0.049977034646334885
-0.09363126894349026 0.9202489260084377 0.09999999999999998 0 1.2650708877596287E-7 2.6698735145623064E-8 0.04997701876121326
-0.057540995049113 0.8423979795604501 0.09189602276328529 0 1.1597872329995856E-7 2.035655294405154E-8 0.049977031814190394
0.06678793864290467 0.7745216917616872 0.08573266337058709 0 1.1586663929309814E-7 -2.256400375974941E-9 0.049977032445821724
-0.010066347156763604 0.7750831353836388 0.085534709697028 0 1.1069662428514836E-7 5.413096606387964E-9 0.04997703984577236
0.33139114289377414 0.7785556133621918 0.09206768166444738 0 1.1783913132539935E-7 -2.9343626189327012E-8 0.04997703860189778
0.46249999999999974 0.8010734985006057 0.09999999999999991 0 1.1866019904234531E-7 -4.367054483291753E-8 0.049977023690575044
0.3836506929290542 0.7746515411716933 0.09384509082801115 0 1.1712150612972313E-7 -3.5981534686893396E-8 0.049977031251787235
0.1913914876174544 0.7797285375111098 0.08801717214843206 0 1.088410667535899E-7 -1.3560139616910164E-8 0.04997703272334011
0.13322424106658332 0.7460807458646898 0.0840331591986956 0 1.0767993267893518E-7 -1.00979004502706E-8 0.04997702629333167
0.290977677915208 0.7546407636986491 0.08855875058870188 0 1.1193347367080786E-7 -2.7513162025701056E-8 0.04997704570418189
0.23873623781901876 0.768060257846817 0.08814793343306236 0 1.074786586876524E-7 -1.945576706914124E-8 0.04997704201747622
0.0873996338681695 0.6969472503405288 0.07943927986118829 0 1.02676193124912E-7 -6.301039592688167E-9 0.04997702036145596
0.5230354883414245 0.6422697488364205 0.0903707538749386 0 9.748620384294371E-8 -5.2942937342666255E-8 0.049977048112606205
0.4904238791693691 0.6985151762406319 0.09277567976728547 0 1.0279155204243933E-7 -4.6435432649715217E-8 0.049977036534211434
0.49825230464030656 0.6040689738252 0.08623250303750964 0 8.869673834202314E-8 -5.56141230832077E-8 0.0499770487729014
0.5828756184496425 0.5332115379316272 0.08685116301599329 0 8.45427084046706E-8 -6.667204809808518E-8 0.0499770371202154
0.5354804188313992 0.5793968081607486 0.0867593250488703 0 9.020079928224535E-8 -6.259756591609508E-8 0.049977046573977356
0.706135052883472 0.46732786457169856 0.09212747065803698 0 7.687216830557301E-8 -7.387015368073024E-8 0.049977044298499744
0.626960623589047 0.4522983371432033 0.08535306995964971 0 6.889799017281438E-8 -6.822792133635552E-8 0.04997703996972623
0.7564175363077812 0.3862256756237963 0.09237249347625182 0 7.091905101818522E-8 -8.658833922067681E-8 0.04997704664165823
0.7978472984237353 0.3041762806928352 0.09281227257926786 0 5.873581864003329E-8 -9.038837623760279E-8 0.04997703950634605
0.5572755215547441 0.4510872900080025 0.08061070588876622 0 6.974902115237602E-8 -6.331017214225691E-8 0.04997702965597788
0.8809325160784339 0.2820885436790224 0.09999999999999994 0 5.7057061518858114E-8 -9.769842582881212E-8 0.049977035421671596
0.8318102133114372 0.22322523392999072 0.09353078509252773 0 4.8613615778117964E-8 -9.071479369315131E-8 0.04997704585021857
-0.19616860770583672 0.9039546015730862 0.09999999999999996 0 1.2826792259464855E-7 3.9816223569990346E-8 0.049977017181227074
-0.14285595486183858 0.8282574032154257 0.09152546819348939 0 1.176813491097966E-7 2.9963846020555624E-8 0.0499770245537216
-0.08028628936017151 0.7814679591465112 0.08645850584417021 0 1.0890964138833894E-7 1.7153585258403206E-8 0.04997702995701996
-0.04561230651596534 0.7294921334214545 0.08175631121749641 0 1.0417576661014617E-7 8.291619965295727E-9 0.0499770266994619
0.011531729957052473 0.70924084903091 0.0799938250529473 0 1.0419296904901591E-7 5.17956814339796E-10 0.04997702416646465
0.3464548928541494 0.7191482470167311 0.08759713317592265 0 1.0936716590852316E-7 -3.6506937126171547E-8 0.04997703597936927
0.41227210451772556 0.7140762315680476 0.090018645217313 0 1.0598318423645155E-7 -4.081158951610883E-8 0.04997703186652824
0.19425119712307035 0.7168127796252429 0.08273823779707913 0 1.0066825659600974E-7 -1.911981392450216E-8 0.049977030493878194
0.1444236460962668 0.6895139486023729 0.07960445430492033 0 9.958694581515618E-8 -1.2662909071671985E-8 0.04997702148101151
0.26473613188816314 0.6988930987695542 0.08313425830297129 0 1.0134958932589137E-7 -3.127791806588457E-8 0.049977037512969134
0.31546555307223756 0.6681703741372859 0.0824215607208193 0 9.991110100778189E-8 -3.6340718971399444E-8 0.049977030627998714
0.04599891718688658 0.6542488180254783 0.07585611859697282 0 9.69556097325145E-8 3.9032580947850583E-10 0.04997701537512455
0.1041493181168425 0.6209165315731189 0.07394244219969821 0 9.212949406459854E-8 -3.4399436863844764E-9 0.04997701608752846
0.4534199638911959 0.634338879041937 0.0859386615701075 0 8.995927185845845E-8 -4.734126502479118E-8 0.0499770400381141
0.4723939921181885 0.5653277489130147 0.08223903081434113 0 8.200960466556611E-8 -5.572661956765336E-8 0.049977038646382
0.5096255127299391 0.5106912413470729 0.08097857821614195 0 7.84028076472922E-8 -6.045576205744438E-8 0.04997703243931585
0.49005227512439603 0.44470401859070546 0.07629562530822705 0 7.151414879407896E-8 -5.460046133227224E-8 0.04997702381046674
0.6719229666176102 0.3884051108238118 0.08561888827579651 0 6.106697231247072E-8 -7.776540715059935E-8 0.04997705191845933
0.585360990165672 0.3703838402167338 0.07867156144500052 0 5.768145373257274E-8 -6.714358558045295E-8 0.04997703000240592
0.7133503615870089 0.32015636681811027 0.08613118221459616 0 5.678272443817043E-8 -8.486804371732506E-8 0.049977043447193274
0.7561533810021166 0.25116889240286866 0.08746370240455795 0 4.764643605345844E-8 -8.416655246917996E-8 0.04997704247457851
0.4678168231247622 0.39722837411780604 0.07282402579327739 0 6.860937756454467E-8 -4.966397094479494E-8 0.049977023434733495
0.5201731653431543 0.38799390136202994 0.0753439569886662 0 6.41522307139859E-8 -5.778415756362156E-8 0.04997702296729053
0.9051251569294584 0.19071818089926673 0.09999999999999992 0 4.65063915519367E-8 -1.0146153051828432E-7 0.049977043647894105
0.7902639371480997 0.1788726841459575 0.08869278761371618 0 3.925655526807151E-8 -8.617926752581855E-8 0.04997705589620953
0.8510855832446352 0.14814580550682155 0.0937894978149824 0 4.15870024792306E-8 -9.714420904014161E-8 0.049977053353673466
-0.2873939485029833 0.8792210714939994 0.09999999999999992 0 1.2415376915472631E-7 5.1545939854805144E-8 0.049977023413531795
-0.23130254147882853 0.8233581280344335 0.09294490463014163 0 1.1992205305761459E-7 4.351792846233082E-8 0.04997702984892175
-0.31654977457237843 0.8071051679018628 0.09409208829712742 0 1.1162229132888402E-7 5.352272433464386E-8 0.04997703259459953
-0.17894546311077822 0.7718277883825889 0.08706002927260566 0 1.1461317705879919E-7 3.1485980523248186E-8 0.04997702863331751
-0.13380906082414656 0.7600240739879769 0.08523325950883374 0 1.1036431922765795E-7 2.3901580328577503E-8 0.04997702536019391
-0.09794458893422107 0.7138796015511553 0.08090449857215165 0 1.0370088381458854E-7 1.6840761658563426E-8 0.04997702110920901
-0.048508906291745806 0.6781878024575432 0.07767733236817927 0 9.941425697786067E-8 1.045617755872248E-8 0.049977017359829685
-0.0078551337227577 0.6491499078369712 0.07536310530979572 0 9.630048514191966E-8 7.076284004739115E-9 0.04997701445152587
-0.22520922840433794 0.7458968973346558 0.08588793599516023 0 1.1290100162285999E-7 3.5010066779088525E-8 0.04997703610372883
0.3676404370066046 0.6367719158122648 0.08211917016769558 0 9.36066601027896E-8 -4.039570835024682E-8 0.049977027554977446
0.1936377969261951 0.6392946953673746 0.07676490405819383 0 9.409829567002048E-8 -1.8136087828464366E-8 0.04997702047372326
0.2841334503354857 0.6165726819630527 0.07759808624216208 0 9.259238726886673E-8 -3.100419391565694E-8 0.04997702128872684
0.15199695343335892 0.5713443637747505 0.07128864354870554 0 8.790522746576801E-8 -5.9801473833218934E-9 0.04997702215349495
0.020086990102898376 0.582926818943489 0.07076019404513119 0 8.749203926845647E-8 8.798252987115949E-9 0.049977015025182314
0.09263905094403112 0.5551170207203663 0.06943102413110944 0 8.300288996042664E-8 2.7638617233561627E-9 0.049977023831013635
0.40094975894605217 0.5652131577221657 0.07869394977656125 0 8.258487102123414E-8 -4.425499146270275E-8 0.049977025310964984
0.44736034083495335 0.4974141441538551 0.07684191432450417 0 7.639072110066462E-8 -4.9922700409612236E-8 0.049977025106911786
0.43140219656813134 0.4287675225971859 0.07244484890584983 0 7.219991934966315E-8 -4.37103388369096E-8 0.04997702457884641
0.6341588941531795 0.31283518999890125 0.0798162445324894 0 5.133688673509491E-8 -7.487784279177581E-8 0.04997703349269661
0.5293785213896149 0.3388907230126146 0.07386902220939724 0 5.859668714348335E-8 -5.848486596052227E-8 0.049977022256295155
0.5661686439840169 0.30314954318445153 0.07485251919573685 0 5.2922349744152475E-8 -6.339796563199218E-8 0.049977023920450746
0.6744856330743808 0.25899543825752414 0.08106282636378112 0 4.5818716139898745E-8 -7.773883941807641E-8 0.049977034491949866
0.7226994437477959 0.19973529248782174 0.08334138075756292 0 3.682853558513452E-8 -7.987599390054675E-8 0.04997704333466469
0.432283916850713 0.3802988180284773 0.07026687195777442 0 6.92829890148124E-8 -4.361608744255046E-8 0.049977028802805815
0.471669282894354 0.34325991058700306 0.07076541111671207 0 6.342885281845415E-8 -5.019567081346236E-8 0.049977024416761044
0.9192877608705788 0.10260257931928718 0.09999999999999994 0 3.618910731377739E-8 -1.0860981483968007E-7 0.04997704394276568
0.8038717607621602 0.12213857484508563 0.08895470660031483 0 3.3792599943302144E-8 -9.450523971871919E-8 0.04997705965486671
0.7461230180043805 0.13265602880629776 0.08402816782270865 0 2.720139970410894E-8 -8.632194311283931E-8 0.04997705366625027
0.8513706752696019 0.07427003550197267 0.09288407134507307 0 3.109042077149673E-8 -1.0154004734915215E-7 0.04997704960477162
-0.37078556224583165 0.8474286657041801 0.09999999999999998 0 1.1526141780996442E-7 5.968579404639247E-8 0.04997702210768198
-0.2837405614792432 0.7514739211838952 0.08805204152803742 0 1.0732277991104621E-7 4.3355470996081276E-8 0.04997704258554121
-0.34402355613461416 0.7467533926463904 0.08979839619713195 0 1.0275350162754852E-7 5.157432691977768E-8 0.04997703275353166
-0.37812997462304876 0.7796968295885027 0.09405159466762453 0 1.0686375772411653E-7 5.881406281649629E-8 0.049977026330785816
-0.1720142422395265 0.7059350940103875 0.08139872432652721 0 1.0644503242617418E-7 2.6452885589638886E-8 0.049977023490900246
-0.11459365381122653 0.6489796043007033 0.07609123122821615 0 9.691096161037187E-8 2.163143349347584E-8 0.04997701501140196
-0.05636556989485568 0.6123374883168238 0.07290850863136557 0 9.245767965896829E-8 1.6727736883906655E-8 0.049977013684958986
-0.25001651455608 0.6877574831582878 0.0818288600417976 0 1.0305364325340728E-7 3.285529243397341E-8 0.04997703000778899
-0.052031801679697585 0.5443357511275841 0.06842717285738567 0 8.559445595948868E-8 1.9564215650283398E-8 0.049977021208037285
0.3180361598450387 0.5508547874957042 0.07440724687637126 0 8.436030687186345E-8 -3.1917375832016725E-8 0.049977017133603564
0.22784343961994075 0.5451094489255655 0.0712614275403811 0 8.68941731806454E-8 -1.8019005059288745E-8 0.04997701978076162
0.15223360853370177 0.5114589799667827 0.06762073099832457 0 8.324382575835725E-8 -4.5299990139624005E-9 0.04997703697256358
0.001253333994083932 0.5186888782774371 0.06673044987207258 0 8.003239207329272E-8 1.168660844524442E-8 0.04997702242283503
0.04502055801070238 0.5239593119206278 0.06715619876796415 0 7.800686247759206E-8 7.140095873661435E-9 0.04997702472830357
0.09307018049889716 0.48701542238591894 0.06541754354915293 0 7.150981754558208E-8 -3.516852054888993E-10 0.04997704102791233
-0.028427878816465992 0.4894039605592073 0.06510500934199118 0 7.894485166068477E-8 1.3773079058919612E-8 0.04997702665405583
0.3618627937090411 0.47199806236141684 0.07152593305679358 0 7.525777548006257E-8 -3.354368686512428E-8 0.04997702176548357
0.3818998921620359 0.39282083230988174 0.06849211870683777 0 6.989815065975123E-8 -3.370089010783398E-8 0.04997703639172064
0.5964895386590119 0.24538252217967105 0.07505456752399718 0 4.64483041843384E-8 -6.627249207156553E-8 0.049977025863256266
0.5023235944487768 0.2915186453354023 0.07059623054924216 0 5.548006042312334E-8 -5.335992994042358E-8 0.049977023466239445
0.5325092597313041 0.25445661626164345 0.07121936353097057 0 5.039653750820837E-8 -5.6131427725426097E-8 0.049977024898429874
0.6524176664552401 0.20477109599706136 0.07797707686621597 0 3.905729193878351E-8 -7.332699566639928E-8 0.049977031313089004
0.6908574756839181 0.1584953945063365 0.07995126254637963 0 3.068787754616719E-8 -7.813363623447863E-8 0.0499770391353606
0.5953591891669738 0.1936606882201294 0.07369160395615945 0 4.2001889659349996E-8 -6.51180004340323E-8 0.049977028051612964
0.6892086201904363 0.11760753932384704 0.079182235454291 0 2.5757279268453745E-8 -7.971869395635208E-8 0.04997703859244316
0.405879084331799 0.3317218591300754 0.06705525860874957 0 6.479319764135268E-8 -4.292287055900314E-8 0.049977037954987806
0.4374027432196878 0.28280425722565 0.06685837267776955 0 5.6244909895645147E-8 -4.644635621963278E-8 0.049977030640631415
0.9249999999999994 2.4083227273235917E-16 0.09999999999999988 0 2.2645872435616642E-8 -1.075401714741678E-7 0.04997704061864228
0.7822439697509949 0.07342341173252223 0.08646750245519459 0 2.466376989687485E-8 -9.464821954701111E-8 0.04997705202189452
0.7247257834183622 0.08520662975023731 0.08165698245211614 0 2.1650028289581266E-8 -8.614075735463108E-8 0.0499770444679209
0.8252770499196596 2.2719212644267835E-16 0.09008727174442381 0 1.9005166356870724E-8 -9.531570973340388E-8 0.04997704686500928
0.8548200389796248 -0.0652462727687064 0.09314675085287963 0 1.3576169965364432E-8 -9.60744039467217E-8 0.049977050478827466
-0.4625 0.8010734985006055 0.09999999999999995 0 1.1141433171683532E-7 7.133100012578335E-8 0.04997701712473963
-0.4789401191209053 0.7197628636157833 0.09385470752197606 0 1.0393455937123354E-7 7.373045825223378E-8 0.04997702609982558
-0.5083123257938114 0.6756675576578802 0.09200745306162256 0 9.843083945140693E-8 7.755807677852988E-8 0.049977034328572076
-0.32754350874215143 0.6890222378899378 0.08446715933764734 0 9.86201774883251E-8 4.4455874485606984E-8 0.049977029252011015
-0.41247406389305447 0.7144260354671815 0.09005646238462256 0 1.025139776965037E-7 6.170386079315811E-8 0.04997702604739979
-0.19051431605916905 0.626194724144322 0.07575740850014469 0 9.392973800519719E-8 3.0528814170191976E-8 0.049977016508167486
-0.12546868182070262 0.5661421054611622 0.07053660282173835 0 8.586490396478016E-8 2.9653656408737014E-8 0.04997702133264555
-0.19168892528151546 0.5624523066487603 0.07149027116733264 0 8.264398264660388E-8 3.529731254756683E-8 0.049977018392362474
-0.29003290264585363 0.6297052539110426 0.07871782471366957 0 9.350292365541133E-8 3.953762520380679E-8 0.04997701910414779
-0.10596501162257628 0.5041773372256166 0.0665257287102945 0 8.071911149998376E-8 2.72034890078612E-8 0.04997703805506234
-0.0710277803670786 0.4813038479979327 0.0648997774631422 0 8.067712745860288E-8 1.8769064366927193E-8 0.04997703474910557
0.27234892372669683 0.47172217328134014 0.06829621029644013 0 7.678140958202538E-8 -2.2465138242047027E-8 0.049977022219984124
0.21079455863719812 0.4693257584201238 0.06648483672306539 0 7.985867358768151E-8 -1.6536804344579006E-8 0.04997702931246348
0.14985938251764008 0.45279307874260605 0.06437801254812757 0 7.607393596358185E-8 -1.3598445580091639E-8 0.04997704382914299
0.18545604713463826 0.4304739947807409 0.06393784680976806 0 7.371152654756795E-8 -1.7814148129930954E-8 0.04997703356192921
0.11053788187593885 0.4306223745782792 0.0626902062642271 0 6.7514759757143E-8 -1.1706693756004965E-8 0.04997703970315197
0.019795838688718648 0.4703114259817322 0.0640444060829731 0 7.228100159712334E-8 6.275875311218742E-9 0.049977027187984045
0.06533055038853271 0.4354649165439313 0.06247764990259347 0 6.575235391631405E-8 -3.549572652445448E-9 0.049977032684803906
-0.04037960269203985 0.4408570318083466 0.0625957773306699 0 7.36704817766612E-8 1.0959819783089047E-8 0.049977028261362355
0.3329058545937796 0.33325924236807375 0.06406157186555389 0 5.5170504970593963E-8 -3.583934152346269E-8 0.04997705070510158
0.30693864167133966 0.4042133776050551 0.06608285286906407 0 6.457673471008013E-8 -2.4460926356191323E-8 0.04997703457699175
0.5387084587482874 0.20560708274998704 0.07032262751622614 0 4.617221314181976E-8 -5.555057960767855E-8 0.04997703060237216
0.47599510640454495 0.23047538821938993 0.06733340193971542 0 4.793804173210162E-8 -4.7250196439749E-8 0.04997703188785379
0.5285393108936259 0.16518893231571916 0.06885934434787161 0 4.3309287153688725E-8 -5.451327164571694E-8 0.0499770391890956
0.6359863797306671 0.1341128294488754 0.07542020319546491 0 3.212011058357358E-8 -7.204662224596954E-8 0.04997703080756135
0.5665181445886517 0.15558354761445173 0.07104008880031383 0 4.09870932543544E-8 -6.142437466953489E-8 0.04997703290058215
0.660910431014522 0.06111123862815046 0.0764443497197492 0 2.172367403213269E-8 -7.648427848972062E-8 0.049977031440484335
0.3628225028367361 0.2686598783514226 0.06303900336729049 0 5.049328588053698E-8 -4.2051129622039035E-8 0.049977036674674936
0.40159415937487913 0.22227119456522582 0.06342742714419668 0 4.361739972637098E-8 -4.188004774297504E-8 0.049977033741115555
0.8374232558848936 -0.1293417213860296 0.09218338983550127 0 6.4320002624803756E-9 -9.632194372706505E-8 0.04997706013434344
0.9192877606928149 -0.10260258091221071 0.09999999999999994 0 1.0647086181814092E-8 -1.0512403455915693E-7 0.04997704715544274
0.736498120183538 1.9461726324828643E-16 0.0822207664498539 0 1.3269169377481532E-8 -8.442874121718602E-8 0.049977041054214
0.7859407931602105 -0.07401767626946824 0.08680140328934059 0 6.6595984335804904E-9 -8.572047942033866E-8 0.04997705485599139
0.7880045515761323 -0.12910173677696724 0.08762058220646912 0 6.236589801590969E-11 -8.956179680239478E-8 0.04997706448471528
0.7883546035916829 -0.16488856810254315 0.08824892692988198 0 -3.88440520928958E-9 -9.436526965780222E-8 0.049977063567450145
0.7597010793028802 -0.19500257071099414 0.08634694259141451 0 -1.035804129355023E-8 -9.170938836695341E-8 0.049977056516543716
-0.5485031394581955 0.7448231888659758 0.09999999999999998 0 1.0558293435779583E-7 8.356975336153934E-8 0.04997702256557427
-0.5596851197575441 0.6634042603718276 0.09419033697962353 0 9.269145239348666E-8 8.290593943300585E-8 0.049977033640295994
-0.4499036574234318 0.6597655574984556 0.08762543161615084 0 1.0039675183948103E-7 6.67249046236146E-8 0.049977031262820736
-0.5084523869045262 0.6310249340793687 0.08870435188239581 0 9.397086287843524E-8 7.356939671582369E-8 0.04997704195421171
-0.3679940573528886 0.6373844042186184 0.08217817873449768 0 9.594378969679959E-8 5.098163199558785E-8 0.04997702226805756
-0.42125713605646403 0.6077940464059373 0.08247265847688973 0 9.564660570093598E-8 5.8535752237235925E-8 0.04997702651115062
-0.5445828559277581 0.5931276201062035 0.08823074690283744 0 8.506188390758851E-8 7.35859220065911E-8 0.049977039622670985
-0.2598642375444073 0.5690891545970852 0.07365958600480058 0 8.454740114424935E-8 4.012200864987995E-8 0.049977013353926306
-0.146043412013244 0.5032640730580226 0.06704541835555089 0 7.467179682433908E-8 3.204187130925568E-8 0.04997703780300637
-0.17773060720916645 0.5259463281585312 0.06894804779728927 0 7.61995862765158E-8 3.5453787023800967E-8 0.049977026231479725
-0.21172158677062325 0.5198781223671345 0.06933829044213057 0 7.509349174598982E-8 3.8024728784106616E-8 0.049977020961232535
-0.31860245148696237 0.5518356333914171 0.07448895588812982 0 8.395822560388604E-8 4.7180763556452986E-8 0.0499770122662586
-0.14030890931253803 0.4679836164169959 0.06501280116403946 0 7.076253422160799E-8 2.513771167487163E-8 0.04997704438349935
-0.1029411460718821 0.44640858274387013 0.06338188130081228 0 7.431166590679611E-8 1.6567763274722464E-8 0.049977040788363986
0.2318898921058528 0.4016450748890024 0.06367695651733307 0 6.611804090504999E-8 -2.101759490979763E-8 0.04997702847160447
0.15384627156060382 0.38391173658918915 0.06118533303935767 0 6.450551927130558E-8 -1.6572627857482418E-8 0.04997702795668405
0.08567704016096146 0.39343427128029224 0.06068036954612458 0 6.287057077535417E-8 -8.054736849401723E-9 0.049977028052243404
0.05891091878969271 0.3561813785904501 0.05888183035860122 0 5.961561266979393E-8 -1.6784554247699518E-9 0.049977020955798375
0.013052198219917915 0.38970549808144694 0.060109559393507296 0 6.370539387662456E-8 3.793628910877694E-9 0.04997702188500654
-0.07539656272461731 0.38263872680028077 0.06011274428033935 0 6.461742710684245E-8 1.298005693166027E-8 0.04997702382702505
0.29687695963224414 0.26583446546620587 0.06049214663587172 0 4.6128701961424346E-8 -3.331785611880116E-8 0.049977030572417584
0.2625418688185837 0.33648330779519714 0.06181290503458571 0 5.2861044284558846E-8 -2.644877282756862E-8 0.04997703190530396
0.4879508039440347 0.1753290332884817 0.06671893154849401 0 4.185000304960567E-8 -4.7132142035054955E-8 0.04997704429412475
0.44078820931890456 0.1777885340956575 0.06428879605061416 0 3.654096404178611E-8 -4.2690664012509704E-8 0.049977043083994345
0.5192463818471629 0.12824117265253684 0.06769417632898124 0 4.001749629536239E-8 -5.685550478651044E-8 0.0499770459605293
0.5800435663390094 0.07440259297015445 0.07086095755136958 0 2.983145274525709E-8 -6.66510860490927E-8 0.049977030819964366
0.637168246229727 1.7636191275501274E-16 0.07448630903843242 0 1.6163370441442476E-8 -7.21584209221359E-8 0.04997702864421033
0.394490378891255 0.17177804019933987 0.06198157459134764 0 3.370506850802157E-8 -4.0431808415513706E-8 0.04997703604397431
0.33827356631260735 0.19741612693850674 0.060186571415137134 0 3.899885276397965E-8 -3.5913232618545644E-8 0.049977027922867394
0.823080640176532 -0.2073363860609292 0.09232209730203018 0 -5.366067748500873E-9 -1.0052419935946579E-7 0.04997705581430376
0.9051251563026288 -0.19071818387397393 0.09999999999999996 0 -8.429249409762637E-10 -1.0861449872968437E-7 0.049977049686047055
0.6918887433807663 -0.06772116765551028 0.07886795692620671 0 3.877793355431271E-9 -7.679953761855359E-8 0.04997703857090072
0.7325342916850162 -0.13408386908087777 0.08291013088256638 0 -6.8148760441234404E-9 -8.334918882597339E-8 0.04997705440902391
0.7578046117703348 -0.24801668508133748 0.08751626752734717 0 -1.4498361505400879E-8 -8.977260026019351E-8 0.04997705089392502
0.7040732060431756 -0.2032143579310842 0.08191372549943252 0 -1.3275327913602641E-8 -8.224014790119265E-8 0.04997704618717177
-0.6177328508859397 0.6884991641819087 0.09999999999999995 0 9.415447339089134E-8 8.898762420852592E-8 0.04997702413869719
-0.6071515389330133 0.6092519905512257 0.0934219469334025 0 8.38870707887913E-8 8.486634475906232E-8 0.04997702907227989
-0.5735399527378838 0.553508622043815 0.08749015204644302 0 8.032873747905412E-8 7.653336045509844E-8 0.04997703127084068
-0.47303326379715877 0.5791284533565412 0.08316905076856485 0 9.173739410632201E-8 6.245814713109757E-8 0.049977034351046196
-0.39181543828090004 0.55445735722153 0.07760084140770421 0 8.727517603632388E-8 5.471191542476721E-8 0.049977017282742786
-0.5240933648557364 0.532232296917964 0.0831006990315747 0 8.152474599284511E-8 6.764794542829146E-8 0.04997702949198922
-0.2730034360466586 0.47285582187369307 0.06837705113188602 0 7.18669835585798E-8 4.543902885127126E-8 0.04997701773147375
-0.19156331121345604 0.4731617410648762 0.06625147072173328 0 6.775562556814909E-8 3.326250999137118E-8 0.0499770307829104
-0.3580569939172612 0.4725541821277962 0.07140049698238948 0 7.342643331295855E-8 5.606944366463553E-8 0.049977016250423
-0.30165136280488036 0.4184145297189895 0.06656200918217181 0 6.821290640443479E-8 5.0979003391126384E-8 0.049977026267271185
-0.157502577302292 0.4062797025959702 0.06224976286168573 0 6.392676763615281E-8 2.1763876391264575E-8 0.049977030310384536
0.1923176439095004 0.3331039304431941 0.059877835485628056 0 5.610278447050111E-8 -1.864885180335625E-8 0.049977021652025506
0.10763513709501452 0.32249572723181036 0.058047784011843524 0 5.675559214819891E-8 -6.910949516845923E-9 0.04997701918244788
0.02555769618970364 0.3104658173674803 0.05699894508193309 0 5.5043728734265154E-8 7.3231523161222185E-9 0.04997702197534659
-0.04439277195221167 0.328710102628296 0.0577329050528648 0 5.604963070724716E-8 1.3764628804622334E-8 0.04997701942422644
-0.11902524067374878 0.32805250160257865 0.05839824108948766 0 5.561927069749794E-8 2.0554157236102364E-8 0.04997701739769846
-0.017053837843317182 0.27836069099312905 0.05590951428308119 0 4.9127980686728873E-8 1.536545143628425E-8 0.04997702809972286
0.011677278178983168 0.25977319628253465 0.05533524160416193 0 4.918100305324644E-8 1.3087839437969044E-8 0.04997703422856018
0.26432978404622737 0.19520810401833602 0.05761727712614054 0 4.1284936875297896E-8 -2.4641262502080956E-8 0.04997702449874809
0.22703812963746223 0.26409762190385005 0.058370438456053005 0 4.7122025758354535E-8 -2.1217979397108053E-8 0.049977021542234525
0.4615326701397575 0.12346215125476942 0.06442192515091573 0 3.020020545027762E-8 -5.094374497885045E-8 0.04997705589164596
0.41609697408913515 0.13788398400008958 0.06237868126929303 0 2.7491625608451624E-8 -4.392163816930334E-8 0.04997704368447288
0.493812622045095 0.06489296717588176 0.06554297030555511 0 2.7994239645483733E-8 -5.9292730373551383E-8 0.04997704333497576
0.5965173615012843 -0.07939251741876009 0.07200225824383245 0 9.463342546634602E-9 -6.588577651850188E-8 0.04997703225109376
0.5449077695259101 1.790659953385319E-16 0.06830916124377963 0 2.0677665427092465E-8 -6.073941491866482E-8 0.049977032196501424
0.35923719947272786 0.12552401442410066 0.05970040660633742 0 2.8398570875472486E-8 -3.825778916138176E-8 0.049977029956563966
0.23462332403576253 0.13422621113694225 0.05564316792853833 0 3.8816445611962426E-8 -1.8793066130943974E-8 0.04997703545237974
0.29070078878885497 0.12979410487969603 0.05724274123768994 0 3.460448945251474E-8 -2.860396495950196E-8 0.049977026388488575
0.8014927716328408 -0.29144105877124366 0.09271262928645599 0 -1.578128513503571E-8 -9.453148318324705E-8 0.04997704917168613
0.8809325145611795 -0.2820885484172241 0.09999999999999999 0 -1.3153471931852947E-8 -1.0642436407691923E-7 0.049977044586217295
0.6510493529215736 -0.15514133280147802 0.07686356365481603 0 -5.573758241094771E-9 -7.419888154443889E-8 0.049977037118043924
0.5770279320473077 -0.1518434761804153 0.07165568912865206 0 1.9713973875800875E-9 -6.620359502143388E-8 0.04997703652271978
0.7173493567573875 -0.3169596225802428 0.08634023460744476 0 -2.237955429703041E-8 -7.88097369379596E-8 0.049977053272909126
0.6897625743522149 -0.264441860913035 0.0824063475266023 0 -1.8954169537506028E-8 -7.755899267343731E-8 0.04997704512762592
0.6384778628041973 -0.23491899962832427 0.0777084562971251 0 -1.5023639449843353E-8 -7.233467858654067E-8 0.04997703698942455
-0.6847646792234083 0.6218628292777221 0.09999999999999995 0 8.568989316463446E-8 9.624694977820399E-8 0.049977018271790304
-0.6465139113454264 0.538316822314734 0.09160194260007758 0 7.860520916205305E-8 9.084791858916428E-8 0.04997702555766475
-0.5770660846669927 0.4836246905463882 0.08360849061752018 0 7.630838510678536E-8 7.798869129870041E-8 0.04997702491905043
-0.45509595152323246 0.486640439064581 0.0766367028663977 0 7.656722202684178E-8 6.236857152203461E-8 0.0499770179606859
-0.41803303753571375 0.41861066103869105 0.07131407766744806 0 6.32965134747801E-8 6.323186408269018E-8 0.04997702027625663
-0.5228737105474611 0.469403410425903 0.0794598201715015 0 7.463331611681741E-8 6.984841361054306E-8 0.04997702009997026
-0.2326279902659774 0.402923498403311 0.06375456788963607 0 6.525313394386558E-8 3.6833748764376603E-8 0.04997702459478384
-0.2807191746564195 0.3771430143239577 0.06401358518053686 0 6.620362313998142E-8 4.507535593978452E-8 0.04997703088526847
-0.366851516506518 0.3914531813319968 0.06779342734587492 0 6.002593792383498E-8 6.005926523436797E-8 0.049977033825848886
-0.31784422091904324 0.3574692689417032 0.06445327462614314 0 6.370699887837298E-8 4.9526250022327904E-8 0.04997704189657275
-0.19326570388917427 0.3347460184966118 0.05996054906425582 0 5.8282593309729944E-8 2.9263059281809428E-8 0.04997701862655584
0.14969050843762158 0.2592715660247785 0.05657975437506353 0 4.9589033192731285E-8 -8.787604920090744E-9 0.04997701977263005
-0.15073713287945018 0.26108437273446894 0.05665087411303694 0 4.649741120410684E-8 2.8407641655483242E-8 0.049977017046055464
0.06630901180929023 0.250856535710505 0.0553186995326227 0 5.0883520955402356E-8 4.104557406794541E-9 0.04997702959356367
0.017981432514459814 0.22651294475696923 0.05443142027174295 0 4.681177786047567E-8 1.0853560077583594E-8 0.049977045423062826
-0.07471068043782808 0.2615864764835527 0.0556965634877458 0 4.459939260633848E-8 2.0951754417009195E-8 0.04997702477591315
-0.014253461472862217 0.23459230484404994 0.05463523466770248 0 4.267480867732607E-8 1.5788227487250457E-8 0.04997704280603311
0.20062573683728832 0.09527047772396216 0.05430115527057267 0 3.4001336557267445E-8 -1.7890179403727955E-8 0.04997705056900361
0.18890830540911194 0.1893292231980287 0.05555650018582656 0 4.173881372332226E-8 -1.0795908948969974E-8 0.049977029688256104
0.18353225708574536 0.1263657612272312 0.05431954168807018 0 3.500674192539927E-8 -1.0544952317390982E-8 0.04997704970953
0.4146151646677903 0.077681020975073 0.06157475739077052 0 2.1216235414162674E-8 -4.8144218900299575E-8 0.04997703905675708
0.4636209692030302 1.4593888372567647E-16 0.06366862151549985 0 1.6612338300163683E-8 -5.071666325282122E-8 0.049977037038872005
0.5270134709035552 -0.12362075461980128 0.0680883893303861 0 8.725927242509923E-9 -5.865851998123778E-8 0.04997704758014449
0.5078212312272355 -0.05773868566153319 0.06628756501631428 0 1.3459939318543131E-8 -5.2304294362113306E-8 0.04997704193424727
0.3331467524821928 0.0633273262949379 0.05801432008933982 0 2.3776626554438202E-8 -3.568067168946794E-8 0.04997702518949083
0.2538184516803514 0.06940494742292715 0.05542696753822805 0 3.106735364490431E-8 -2.5501936930493633E-8 0.049977033497787815
0.7635253857731481 -0.3782532475337201 0.0926398396720293 0 -2.419305905677033E-8 -8.739265470656366E-8 0.0499770576079301
0.8437752388147 -0.3790359438971111 0.09999999999999999 0 -2.3615709440094547E-8 -9.834914014187529E-8 0.049977046910739405
0.5898871014295897 -0.20776639827421509 0.07364495662277286 0 -8.081860580700556E-9 -6.828936726209732E-8 0.049977033871173054
0.5408130551366508 -0.18150058753720788 0.06992281214701015 0 -7.364827303477529E-10 -6.44947949942961E-8 0.049977039864732294
0.6777956079436661 -0.39290477214771746 0.08626804024189792 0 -3.5262497323757596E-8 -7.621023411712643E-8 0.049977065853019136
0.6346730356926773 -0.3174870091624343 0.08001946855914076 0 -2.7196972220485796E-8 -6.841295552382521E-8 0.049977044388244865
0.5796784116794852 -0.2776116098201063 0.07488927562467991 0 -1.9033881936999988E-8 -6.527780856604942E-8 0.049977033522700366
-0.7501326501074496 0.5412263004122693 0.09999999999999999 0 7.783887843161727E-8 1.074459027996167E-7 0.049977020160416684
-0.7186415188607144 0.4635460562865767 0.09293928953994947 0 6.880205301723454E-8 1.0315174907809896E-7 0.0499770338927721
-0.5580584193120213 0.42548332869284045 0.0793877523859349 0 7.071007307965552E-8 7.564014107705226E-8 0.04997701991930994
-0.6328963674406778 0.4470501467799965 0.08550954643040555 0 7.418527300212612E-8 8.861487487720402E-8 0.0499770317853269
-0.6767294999436545 0.3833870641168075 0.08576692861654717 0 6.51857442256559E-8 8.936795584156385E-8 0.04997704195771031
-0.4324706598932547 0.3595596935895599 0.06940707877592157 0 5.3066306099421576E-8 6.31415517926515E-8 0.04997702357824169
-0.48200836859227103 0.4026983386005155 0.07383556549613608 0 6.312303923425104E-8 6.779989475511861E-8 0.049977015495811905
-0.5442886348821633 0.36830034160648034 0.07595460109733419 0 6.221181518153109E-8 7.430536071726954E-8 0.04997701577547907
-0.3182526738785638 0.31228528282505874 0.06275542647814243 0 5.78978132092546E-8 4.261784529838925E-8 0.049977038852640356
-0.25621859628623345 0.32661564029958035 0.06125711843708684 0 6.071408218306599E-8 3.746608084871635E-8 0.04997702597928503
-0.37474174799433474 0.325215240573534 0.06543736846884436 0 5.0030543003962886E-8 5.189229445178367E-8 0.04997704047911357
-0.4300985673768074 0.3012630280350379 0.06711000127247038 0 4.67179675801305E-8 6.093726946069276E-8 0.04997702508924771
-0.22695325756190313 0.2565120405768185 0.058144911454045704 0 4.856373528430699E-8 3.559108721817169E-8 0.04997701767105408
-0.18350196867475074 0.18844743574056294 0.05542383280391715 0 3.6635656653438036E-8 3.574087787027308E-8 0.04997702719068301
0.11136664405289663 0.19289268576805546 0.0543171535525474 0 4.237322770418047E-8 -2.215004839834628E-9 0.04997703366805611
-0.1122914677939212 0.19449452747555573 0.054363926326504504 0 3.709263588868538E-8 2.5556318489558457E-8 0.04997703155205839
7.833096257776418E-4 0.19069362679459012 0.05356840441819727 0 3.949988003376424E-8 6.756156317170066E-9 0.0499770520804861
0.04520143550094839 0.18418512355280772 0.05354594410814683 0 4.2914895763701357E-8 1.9036941980915642E-9 0.04997704519941836
0.017173734845246678 0.1662656573333219 0.05309215701680856 0 3.812459109666552E-8 1.900174817754219E-9 0.04997704785950268
-0.04746651353754764 0.1829715324610284 0.053532622158623755 0 3.4268045786794615E-8 1.3454505018892525E-8 0.04997704384800879
0.1909210649037195 0.04684254353730668 0.05369730809312632 0 2.529917274554256E-8 -1.9897194952579233E-8 0.04997704640956773
0.15384433041034729 0.09209874155024392 0.053330182368177645 0 2.52312421584038E-8 -1.2942227378756353E-8 0.049977053831026866
0.13647605991683223 0.1435082568468913 0.053729825805134857 0 3.2951876173627464E-8 -5.3196592628675385E-9 0.04997704395741837
0.38492668203237634 1.0023152680894796E-16 0.05989052034096669 0 1.3730214867024465E-8 -4.097604511259383E-8 0.049977028918645264
0.4253355502182104 -0.06042681663517086 0.061949401873126426 0 5.301134693607218E-9 -4.229047012429751E-8 0.049977040526194144
0.48600244774065643 -0.18106149615140063 0.0667271620082264 0 -2.786732100467635E-9 -6.021436082806267E-8 0.049977048742902444
0.4535801009187721 -0.11979187747949692 0.06395953291420167 0 -1.6872936112470908E-9 -4.8355389263985925E-8 0.04997705860592166
0.30024351839566077 1.0287337474471442E-16 0.0566089984335615 0 1.8979286956474533E-8 -3.051454628907582E-8 0.0499770252141383
0.2238875048948223 7.961310541061857E-17 0.054346295287657866 0 2.1256243516748626E-8 -2.106432367606128E-8 0.04997703764195564
0.7176713367395706 -0.46521260674377907 0.09294805270739667 0 -3.836999291701928E-8 -8.834774839235465E-8 0.04997705926251611
0.8010709981238167 -0.46249419750242293 0.09999999999999998 0 -3.500438681294891E-8 -9.63594592806208E-8 0.04997705253751342
0.526450453306162 -0.2376825100162034 0.07038843476625323 0 -1.0076835205914749E-8 -6.246666782543039E-8 0.049977034578144765
0.4546475825643904 -0.23293628734368743 0.06627327609670221 0 -1.033892688223796E-8 -5.378307609602974E-8 0.04997704012421913
0.5306797663003683 -0.29923675531161764 0.07251363051783592 0 -1.9740733610634852E-8 -6.02094608035791E-8 0.04997703204667336
0.6103906305879975 -0.40135765312469507 0.08172372928462608 0 -3.966393647868527E-8 -6.813654142358915E-8 0.04997705022071792
0.6403517767463041 -0.46278562534170165 0.08686037768572827 0 -4.380150817497331E-8 -7.596955468015788E-8 0.049977055860813496
0.5664981365845182 -0.34007595181336636 0.07621962270586985 0 -2.85024569280658E-8 -6.249581691896925E-8 0.04997703620076548
-0.8010558185062641 0.4625204886241073 0.09999999999999998 0 6.56116393846142E-8 1.1122668560220645E-7 0.04997702548617343
-0.7603438011582597 0.3738096376808479 0.09217483686370775 0 5.465009377595621E-8 1.0127649193706769E-7 0.049977033927911134
-0.6064827120561795 0.3683452405387546 0.0800133246078764 0 6.611090294311844E-8 8.048395816481817E-8 0.049977025002177454
-0.6554904399290363 0.3258387756938692 0.08184700708932659 0 5.895905492284998E-8 8.45046110708296E-8 0.04997702882224618
-0.7173789460644423 0.3218656625868021 0.0865204629875929 0 5.355785082592897E-8 9.31643015827072E-8 0.049977032664521095
-0.4490633670822638 0.262933614095089 0.06682964731028332 0 4.388553123927179E-8 6.501540912662123E-8 0.049977023002210526
-0.561964870759204 0.31624700130713357 0.07504348009682706 0 5.535836108214513E-8 7.668364627824966E-8 0.049977015200154185
-0.4969688691845382 0.31115828345845914 0.070963541880969 0 5.05069152920153E-8 7.031933077215398E-8 0.049977015415260624
-0.3445240713159381 0.2767146512083848 0.0625551726814487 0 4.996143277764275E-8 4.497073014441536E-8 0.04997703281245916
-0.29822944351534514 0.2720284218761082 0.06072614652584281 0 5.248305150144686E-8 4.0277540022694286E-8 0.04997702731817502
-0.278960464150049 0.23105339123962187 0.058930977919053947 0 4.537548639649601E-8 4.050435193087727E-8 0.04997702041330653
-0.39866775255885006 0.2551376793832062 0.06418286265211672 0 4.466767165887082E-8 5.586058399015225E-8 0.04997702765612504
-0.43855507291261625 0.22078311851591842 0.06514753629020965 0 4.133625550751412E-8 6.529351667334014E-8 0.04997702772047882
-0.25569422992480945 0.18010642956677383 0.05704280655464758 0 3.5482927264443025E-8 4.103705896601212E-8 0.04997702163887468
-0.22047029564306936 0.14293411554993973 0.05541545974285534 0 2.7566498850054284E-8 3.9185106154064325E-8 0.04997703346329798
-0.18680865935078536 0.12991541986645877 0.05443956342319764 0 2.7823664075909445E-8 3.582044941242026E-8 0.04997704497419396
-0.13865734030206037 0.13413724110678016 0.05361667711440055 0 3.3622934967697093E-8 2.8498023651409545E-8 0.04997704398468761
-0.13558426904309848 0.09984465055515283 0.05311549222562181 0 3.136716160831525E-8 2.4022197354117574E-8 0.04997704769999095
-0.25161809751440434 0.1255049475699697 0.05598231997151887 0 2.5213956949773844E-8 4.02437458247656E-8 0.049977028167694816
0.19420772375092543 -0.04676552312468657 0.05376845209193871 0 1.4141923964110154E-8 -1.443203352078922E-8 0.049977047427354045
0.07844894660138703 0.13587756131386025 0.05290437550856243 0 3.250878759621797E-8 -3.1427242563477135E-9 0.04997704089836747
0.1581850159804538 4.03666044625459E-17 0.05292729798071231 0 1.560090224950891E-8 -1.292973142270722E-8 0.049977043988568816
-0.0793293077376864 0.13740239153093967 0.05293577949983721 0 3.277620745282473E-8 1.663213357376915E-8 0.04997703966473057
-0.10192189467460562 0.10267269443312377 0.05269596908601703 0 3.1542688422129755E-8 1.882989217424972E-8 0.04997704131054438
-0.004334214649360648 0.15163914092247652 0.05281372846092682 0 3.429627117866794E-8 3.167834967387074E-9 0.049977045246051795
0.035198297345602834 0.13784946141786308 0.05265706254873472 0 3.374399335707736E-8 -7.815739057852681E-10 0.04997704169959634
-0.03647527919163236 0.1302798698937503 0.05254752074115307 0 3.1429352768890455E-8 8.050851526650179E-9 0.04997703982535319
0.12737884186502524 0.04457914646124021 0.05254239887577797 0 1.826246822830315E-8 -1.1462988790691412E-8 0.04997704334408062
0.10177697427875258 0.08834048795367636 0.05253956863179542 0 2.3184432621289822E-8 -7.278911658375721E-9 0.04997704234180137
0.34118511954802583 -0.062154607897978366 0.058312559079427444 0 7.447338688189269E-9 -3.435611526513017E-8 0.049977027743430526
0.37836392981717903 -0.12391451309547875 0.06047575124681005 0 -4.009644761843458E-9 -3.9596718436328836E-8 0.04997703758919293
0.41238404925178007 -0.18021837395374024 0.06296662723972753 0 -9.339465218323465E-9 -4.742075755091888E-8 0.049977043938908554
0.1676578507312959 -0.08204581170599337 0.05348225864611659 0 5.914363025891585E-9 -1.2076100289600726E-8 0.04997705690917996
0.20181374228166962 -0.09141964150518621 0.05428754190491373 0 1.0878830358343126E-8 -1.8111585160630786E-8 0.049977053046254674
0.25485064501553883 -0.06881848120103617 0.05545206946541742 0 1.3762253589115836E-8 -2.4183337778842302E-8 0.04997703538211697
0.6644823007055147 -0.5389515943966049 0.09297818153954257 0 -4.7690388689383284E-8 -7.945501836437944E-8 0.04997705180993938
0.7501545366059805 -0.541195963440213 0.09999999999999984 0 -4.7186290877624756E-8 -9.253188862011992E-8 0.04997704869949585
0.6027366073062329 -0.5213223560235656 0.08747588350371878 0 -4.7278497510621005E-8 -6.791262731840983E-8 0.049977052933298606
0.3907221727608636 -0.23584567652234328 0.06329187670784996 0 -1.2732419966605823E-8 -4.134472123585227E-8 0.04997704092227407
0.47890979704271586 -0.2863984098188226 0.06912760288748078 0 -1.5439540937226756E-8 -5.4826888145168784E-8 0.049977034687261786
0.4250914842628162 -0.2904030737883922 0.06650384046370365 0 -1.4528547994374135E-8 -4.6035928892091056E-8 0.04997704185501417
0.5018045759598764 -0.3463645861940246 0.07254833341115846 0 -2.4777174272051015E-8 -5.617413031997138E-8 0.04997703332719005
0.5395049675561714 -0.4037977139333864 0.07721405836956645 0 -3.602674706175366E-8 -5.9276867661604335E-8 0.04997703797776783
0.5629289159938321 -0.47314451663551055 0.08212579004392509 0 -4.4483419142132353E-8 -6.134837944873614E-8 0.049977046803619266
-0.8437609348289447 0.37906778281416026 0.09999999999999995 0 5.427568498317049E-8 1.1321440583097855E-7 0.049977021820527275
-0.7888004165309437 0.2903760964571749 0.0915314985584158 0 4.693349523633866E-8 1.0713867948858703E-7 0.04997702813434459
-0.6102329054490165 0.2953318100128198 0.07752504764743698 0 5.4239039199909466E-8 8.132235480404127E-8 0.04997701894800875
-0.6672358697757713 0.2726523999513782 0.08092297245691278 0 5.128459172308069E-8 8.83185730590527E-8 0.04997702386778845
-0.7578216461505273 0.23114048963723496 0.08705889216020636 0 4.408569683085939E-8 1.0522500599815469E-7 0.049977032608635986
-0.7250638207162802 0.2644091498704253 0.08523826785223539 0 4.84718447223172E-8 9.76018085553287E-8 0.04997702865916031
-0.49761740681994665 0.2259943198914076 0.06840949555720777 0 3.950893974136142E-8 7.389260105478566E-8 0.04997702302108351
-0.5531916805568725 0.2548390044927608 0.07250231820116229 0 4.492343367394839E-8 7.802320065570339E-8 0.04997701573878924
-0.3304177610769968 0.2075632873895256 0.060121873146272396 0 4.259391842363025E-8 4.676357522197914E-8 0.04997702240489021
-0.40020050920329836 0.18553375498639196 0.06251643484045977 0 4.0978192944601355E-8 5.865009245034144E-8 0.049977029348588754
-0.4509389353459413 0.1806295394110867 0.06485872161226297 0 3.810738252949263E-8 6.872320393290944E-8 0.049977036183969856
-0.3081655557366316 0.12979030410922685 0.057834162632571066 0 3.045482687967433E-8 4.54497848597742E-8 0.04997702064890216
-0.21413652185417031 0.10501643106435352 0.05472829937040968 0 2.1143672277737453E-8 3.5127627802707824E-8 0.04997704196251513
-0.1657690318723487 0.09663028560186343 0.05359396061230914 0 2.759812350839032E-8 2.7631656606464736E-8 0.04997705255892835
-0.13208776332768432 0.07040426877471608 0.05277929135503944 0 2.7950402156959925E-8 2.0835989011950614E-8 0.04997704507563274
-0.2668792736165402 0.06671487334767569 0.05579077358601759 0 1.8221784968267076E-8 3.934762799358742E-8 0.049977025959319445
0.13394298555224937 -0.04272165979228181 0.052630185389843605 0 7.787976572379133E-9 -7.450607629518998E-9 0.04997704568500431
0.04273067501608838 0.07401170016957918 0.05192584962618541 0 2.31157338828925E-8 -1.6105493365139935E-9 0.04997703265261204
-0.07427627943517315 0.042883429926301064 0.051928801697300825 0 2.4319658783593957E-8 1.4098380322923106E-8 0.04997703233122153
0.08580268905133058 2.7924535741052085E-17 0.05192915349305607 0 1.2106343203242844E-8 -3.915670660778204E-9 0.04997703436782977
-0.04304287969149937 0.07455245452975151 0.0519319033593881 0 2.6729198245370844E-8 9.018216596525427E-9 0.049977032050436354
-2.9796378738924766E-17 0.08577355466188762 0.05192886660175564 0 2.6374112364238065E-8 2.8874013363279074E-9 0.049977032375526274
0.0741595043143772 0.04281600977887492 0.05192749553399362 0 1.764214914696551E-8 -4.370795156442792E-9 0.049977033734313926
0.12170874450296679 -0.07937873255132208 0.05270638285367756 0 1.8573134760301223E-9 -6.594786632746495E-9 0.04997704855606509
0.1532214795718842 -0.1047515501973591 0.0534601593182905 0 9.74680738478221E-10 -1.3778351614090051E-8 0.04997705679894213
0.2997814449763266 -0.13025461904441932 0.057552736756421516 0 1.551884147690867E-9 -3.1082502001266157E-8 0.04997703017266063
0.34046960443170665 -0.192505611563268 0.060162576700472446 0 -9.584350308201033E-9 -3.490106556007074E-8 0.04997703413357627
0.34557599933864525 -0.25420475687873284 0.06192004258218349 0 -1.6255293028597083E-8 -3.243246925777157E-8 0.04997704210632066
0.17846806103523252 -0.12182655323316931 0.05415222050793654 0 3.3386061617556203E-9 -2.038682242593373E-8 0.049977055529048
0.23090062297727748 -0.133798202671902 0.055538699139373295 0 5.5710294144440626E-9 -2.581613208772283E-8 0.04997704072096092
0.6050561438570468 -0.6036830020468081 0.09289418017943481 0 -5.2501216899591875E-8 -6.968159003345117E-8 0.04997705767466219
0.6847899965302142 -0.6218349498910589 0.09999999999999994 0 -5.4992354081489924E-8 -8.128643383280269E-8 0.04997704818975916
0.5365057739834544 -0.6074638984061791 0.08871198704411519 0 -5.647837286835729E-8 -5.960114285873522E-8 0.049977068875679855
0.5490740032503056 -0.5442731464552362 0.08535659345024513 0 -5.005425334464108E-8 -5.721029655122987E-8 0.04997705710175811
0.3750627258693447 -0.2936858939923493 0.06434654814554322 0 -1.697961954461211E-8 -3.6226883117913144E-8 0.04997705002772493
0.3969354899692888 -0.3460112170117684 0.06719703593166886 0 -1.936262143544999E-8 -4.421587641005674E-8 0.04997705149883303
0.4494990254251991 -0.34835776824770576 0.06980849106780326 0 -2.1248325788271433E-8 -5.067303390472042E-8 0.04997703868501633
0.4743994852003083 -0.40954268251415876 0.073738234339428 0 -3.2690526383774044E-8 -5.2913640595302945E-8 0.04997703606867611
0.5051728219418842 -0.4543425560441293 0.07763963571270259 0 -4.117736801540465E-8 -5.410400473369141E-8 0.04997703975345224
0.5025098789806551 -0.515963207586209 0.08087711077114171 0 -4.970810904503187E-8 -5.095039147783581E-8 0.04997704932507986
-0.8809225682293763 0.28211960771987943 0.09999999999999996 0 4.37686874765304E-8 1.212651529725238E-7 0.04997702168453514
-0.828550120997359 0.21135039229983998 0.09293041569195869 0 3.6314210852704333E-8 1.158074033722377E-7 0.04997703467168737
-0.4876818695036711 0.16005919777938843 0.06641416297022892 0 3.082035200983316E-8 7.332335180342746E-8 0.04997704079545168
-0.7583678808155521 0.178257805309045 0.085877514601274 0 4.0097657201491846E-8 1.052941719386838E-7 0.04997704075629871
-0.6170663609123308 0.222189336538271 0.07585507468331582 0 4.312623361317944E-8 8.462666343146187E-8 0.0499770177103311
-0.6972424057138273 0.20430689657176634 0.08139617396721441 0 4.435962262745549E-8 9.544317855135546E-8 0.04997702731802172
-0.5518948161465875 0.17422255470543752 0.07046196471921623 0 3.100774334521803E-8 7.905018197128695E-8 0.04997702429125877
-0.36894201678212313 0.12798179161528736 0.06013540062401418 0 3.517589591828238E-8 5.2420762487658646E-8 0.04997702572276852
-0.4362515368769687 0.13236424219261816 0.06326633817399903 0 3.6519607059522947E-8 6.195606609397545E-8 0.04997704257853384
-0.33947513674739144 0.06240362523718613 0.058248486325065116 0 2.3709694989823935E-8 4.781123459876934E-8 0.049977019875429664
-0.18433654548332082 0.048222709230570565 0.05356505347436668 0 1.8542662063379625E-8 2.6363362564979786E-8 0.049977044253068745
-0.13330372693534312 0.03517105967265548 0.052587287930552964 0 2.2500938438734235E-8 2.118500794045744E-8 0.0499770410465205
-0.08544796042127181 1.2633032021521531E-17 0.05192572029476935 0 1.9207119176092968E-8 1.7366461231238647E-8 0.049977032741193486
-0.2993967149465731 5.4908359945213266E-18 0.05658028588283902 0 1.2198516688749464E-8 4.4034201191362805E-8 0.049977020205998146
-0.22270343343645202 -2.7398019802337882E-17 0.054316401779706945 0 1.0127377560285219E-8 3.451749618811259E-8 0.04997703393471929
-0.27837086784154214 -0.12617379267311218 0.05679356136910862 0 -4.1211105470773465E-9 4.035166629498786E-8 0.04997702683149299
0.07416648351753428 -0.04282003922369633 0.05192757354063934 0 7.0428514292658655E-9 -5.537994323944004E-10 0.04997703509756081
-0.07423701450489274 -0.04286076030823398 0.051928362278406685 0 1.3663865207988016E-8 1.785449378775044E-8 0.049977033746594936
5.433302611002987E-16 -9.25534990736191E-16 0.051513083863437 0 1.5673797529262188E-8 6.73827451211511E-9 0.049977025343953485
-0.10393602836491157 -0.0928684349452979 0.05261104654913398 0 7.636906267087943E-9 2.0746936140491254E-8 0.049977044128350634
0.09263290818595533 -0.09340215664313874 0.05249108753880629 0 9.51119964900779E-10 -3.3343345038291772E-9 0.049977044008978504
0.13365633223327938 -0.131494330544841 0.053500013617672336 0 -2.3963895430169132E-9 -1.379258628957183E-8 0.049977050474058524
0.32685099627426545 -0.2905697969488598 0.06232853198902639 0 -2.243551413045013E-8 -2.8781179553712018E-8 0.049977049303680625
0.25568805190108224 -0.19009790761699052 0.05725179690059135 0 -5.987737615110406E-9 -2.71223905771737E-8 0.04997703103045965
0.2878012678865199 -0.2461068228137798 0.059620677596610265 0 -1.6780092520408313E-8 -2.6833742119547356E-8 0.049977034898413195
0.17648242248939017 -0.17786432905826252 0.055061790182478074 0 -3.881757410929917E-9 -2.180063990631301E-8 0.04997703938321119
-0.2483235922732361 -0.18165056966040063 0.05686432272721823 0 -9.67791099298208E-9 3.4866315492837426E-8 0.04997702762313987
0.5547456546446986 -0.6639301342123074 0.09391738389868397 0 -6.218190252909637E-8 -6.773618884617751E-8 0.04997706337985961
0.617759403950767 -0.688475338910477 0.09999999999999995 0 -6.34850039805165E-8 -7.410591143184447E-8 0.0499770551330061
0.5055257679581893 -0.637124600070996 0.08897493457515948 0 -6.415866089182942E-8 -5.9576327471445E-8 0.049977068794515855
0.4877536710430043 -0.5826751104622181 0.08420495651136725 0 -6.01756579121917E-8 -4.9816167954540114E-8 0.04997706325491206
0.33633282409977666 -0.3398966968888034 0.06444423660906808 0 -2.7795192002698766E-8 -3.497415787547828E-8 0.04997706208399379
0.3632772876174715 -0.38800374757803635 0.06749345504717459 0 -2.882568730577759E-8 -4.5679417418838766E-8 0.04997705313312677
0.41704203467651185 -0.4108303752912243 0.07090170067103964 0 -3.06639870340967E-8 -4.9206922765299635E-8 0.04997704081573625
0.4381086940659461 -0.4733073985449338 0.07505155127124846 0 -4.286751456074124E-8 -4.7788399077668324E-8 0.04997703827889001
0.4531934148271225 -0.5420428192507506 0.07976926362259741 0 -5.530783745493998E-8 -4.559371072626518E-8 0.04997704846199734
-0.8565041007211142 0.12935729823844902 0.09401883827528355 0 2.349255380748864E-8 1.1342458999900133E-7 0.04997703877053088
-0.9051192255768068 0.1907463267598074 0.09999999999999999 0 3.1523801758805345E-8 1.2356525926332978E-7 0.049977029134686074
-0.7940808377677345 0.13178185399490336 0.08820577601429047 0 3.006286607039959E-8 1.0523896130640942E-7 0.04997704808780467
-0.33304413722574716 -0.0693067767843958 0.05805530637396814 0 6.826730456945844E-9 4.9304453796762447E-8 0.049977021852819575
-0.4742240483662385 0.11256694280313873 0.06494853319711702 0 2.7734960790529398E-8 6.347096365304922E-8 0.049977047432630824
-0.5075730010734563 0.12513873893141758 0.06697106660603604 0 2.3462596560388815E-8 7.041744694015436E-8 0.04997704128308475
-0.5430568755805907 0.10886676283437083 0.06886622733636953 0 2.114437892474901E-8 7.350386969159226E-8 0.049977030028104955
-0.7200856347104287 0.12756375701027653 0.08178787314202199 0 3.700151379762882E-8 9.571393185374323E-8 0.04997703469212638
-0.6366216770914513 0.1480565042375733 0.07568897320024313 0 3.430227209659517E-8 8.648102360195325E-8 0.049977020351947656
-0.5817364775186938 0.11498204866540508 0.07140762999266016 0 2.4448781795742345E-8 7.902136414167142E-8 0.04997702237763413
-0.42774238996431574 0.06497482014443741 0.06209784320535726 0 2.6679037202038026E-8 5.6063961290224724E-8 0.04997703261704558
-0.3847166606924661 5.007387460326135E-18 0.05988137680814879 0 1.7538302214751464E-8 5.463817154282171E-8 0.04997702224951876
-0.3349183900900527 -0.1391323925724424 0.05894927757126893 0 -6.27670115472186E-10 4.853109247436554E-8 0.04997702547646019
-0.29014129297673835 -0.2192290809213992 0.05898973037684319 0 -1.107736308104244E-8 4.380529988076201E-8 0.04997702710977978
-0.30831506111577245 -0.17770170158565646 0.05867258259636438 0 -6.684573803617495E-9 4.511752439582327E-8 0.04997702546439413
-0.8184909839211807 0.07533925376340875 0.08977629762126751 0 2.0646892591014064E-8 1.0501148921068502E-7 0.04997703904953406
-0.15687445011428935 1.9896548115933566E-17 0.05290395974586269 0 1.5793027586938765E-8 2.629323998705044E-8 0.04997704104158195
-0.12783259126111396 -0.033275347967647646 0.05249920381841622 0 1.4307927157434586E-8 2.463099260650084E-8 0.04997704113436157
-0.12619399745448542 -0.06614911525416546 0.05266041061116255 0 1.1053280204437091E-8 2.4820870320361492E-8 0.04997704542506953
-0.24680219676358395 -0.07209570484823002 0.05524990662857362 0 -3.1534716507392424E-10 3.817025481553941E-8 0.049977033116470955
-0.22815732549244763 -0.13366956667415794 0.05546555293618707 0 -7.607119211531839E-9 3.118360656962578E-8 0.049977037201958334
-0.15093740406319942 -0.09389909648308085 0.053299030733839035 0 6.125555730613592E-9 2.5828538672325772E-8 0.04997705362139946
-0.17405337917392047 -0.045794392161233266 0.053343830220451034 0 8.337662605424465E-9 3.1549572600897836E-8 0.04997704601045928
-0.18973296493485722 -0.18461798069110347 0.055474546986767154 0 -1.0158612751157176E-8 2.4319189002548598E-8 0.049977033241042836
-0.1364384943575783 -0.14270773398924902 0.05371629461338726 0 -1.4878939078180743E-9 1.8746006138521475E-8 0.049977046252826784
0.04273873390329096 -0.07402565857166638 0.05192600533605053 0 4.706738037183042E-9 4.463662907860892E-9 0.049977035061228164
-0.04299754043112493 -0.07447392462720538 0.051931021483395706 0 8.173990563238404E-9 1.51600382740414E-8 0.04997703438597144
1.3904975238826412E-17 -0.08573627431625096 0.051928505242836896 0 5.0443928974134E-9 1.0587443485637994E-8 0.04997703512035912
-0.07925046645516252 -0.13726583442387433 0.052932952804228266 0 -1.4276942300033572E-9 1.6612403035128385E-8 0.049977043903362675
0.078463056828959 -0.135902000944921 0.052904876080197075 0 -1.2905610871183247E-9 -2.9128008724074104E-9 0.04997704526272528
0.11138757858716244 -0.19292894544503636 0.054318208030815426 0 -5.577869375665604E-9 -1.1849201480416159E-8 0.04997703980825875
0.2704412885460667 -0.32134890739138133 0.06148782850104338 0 -2.9350806258939964E-8 -2.4965172941460403E-8 0.049977043210207496
0.21970172124605267 -0.2547036178054315 0.05790944965811469 0 -1.6685324335433723E-8 -2.148622252690323E-8 0.04997702909721392
0.06445906182530692 -0.2524774236880237 0.05535114833714504 0 -1.1771177678338258E-8 -6.823921471967535E-9 0.04997703763853731
0.14972579901011426 -0.2593326910893636 0.056582144341893334 0 -1.4877159495112743E-8 -1.4820982055725591E-8 0.049977028078138246
0.031363797849434556 -0.30517057546423765 0.0568332914109285 0 -2.1308182406449984E-8 -9.76858898886082E-10 0.049977032194634514
-0.03281109095750645 -0.303248501545522 0.0567724159885361 0 -2.3281631836062598E-8 6.852838415610254E-9 0.04997703181006491
-0.22974591189928226 -0.25639797529990704 0.058213734017978094 0 -1.515252153840334E-8 3.5032380437087034E-8 0.04997702580509868
-0.15050660974349658 -0.260685094950677 0.05663516711153095 0 -1.8432656287305767E-8 2.265022196882266E-8 0.04997702521624197
-0.0010639892128916778 -0.35571530812846325 0.05866683852382106 0 -2.8674668077992574E-8 6.8809753365868455E-9 0.049977030972484404
0.4897167015298755 -0.6990669986722716 0.09278011319940965 0 -7.113617215047418E-8 -6.0697352968356E-8 0.04997705872106672
0.5485314847714318 -0.7448023146284537 0.09999999999999996 0 -7.478965836952186E-8 -6.870799776937792E-8 0.049977053995587974
0.4538946410105444 -0.6418290507487608 0.08650541722977732 0 -6.83113902468138E-8 -5.168097479290953E-8 0.049977060262471645
0.43691576165411183 -0.5863880363863174 0.08178506492225697 0 -6.254460152618435E-8 -4.502707904258926E-8 0.04997705279745768
0.30008338071089913 -0.40108479031261085 0.06570468861303413 0 -3.5990659470099595E-8 -3.6516805033753346E-8 0.049977047301763056
0.35656776116113886 -0.46142030598113837 0.07075125137743835 0 -4.0629186681362546E-8 -4.263549633348422E-8 0.04997703775214017
0.38634553368626 -0.5411366135074784 0.07653244947706513 0 -5.38873977695318E-8 -4.044851207891658E-8 0.04997703874764776
-0.8641324069088798 0.062174994255793294 0.09403348687291993 0 1.6478652725755663E-8 1.1215530402178013E-7 0.04997703317300955
-0.9192848102122441 0.10262901652303172 0.09999999999999998 0 2.0011470690111296E-8 1.1994603540091938E-7 0.04997702894169285
-0.7599167871431189 0.06070075634999409 0.08441733903220823 0 2.477357676356274E-8 9.772049781166695E-8 0.04997703514257311
-0.3798507417992421 -0.12110542276221137 0.06050058794352799 0 4.943962340497359E-9 5.481746062073091E-8 0.049977031388980825
-0.40842759083875524 -0.05875232359605665 0.06114052778332879 0 1.1367551563048661E-8 6.069974658908722E-8 0.04997703030494545
-0.5039157942187592 0.07056797810116018 0.06615707446286306 0 1.8875968133064352E-8 6.495143461494384E-8 0.04997703463288251
-0.5548238392163808 0.07638757137486703 0.0692570455361671 0 1.8505544820639233E-8 7.384213376863102E-8 0.049977025230967025
-0.6893460495224285 0.06354738512595373 0.07863780818203954 0 2.6340738699061473E-8 9.063476553874473E-8 0.04997702430218606
-0.6215823870108426 0.05940809814964494 0.0735747228508592 0 2.124764819967039E-8 8.31244178393592E-8 0.04997701823562177
-0.4662367643365183 -0.05429215722432917 0.06397307879016166 0 7.966229059684296E-9 6.970194755651952E-8 0.04997703580645431
-0.46385916918682774 -3.671115297680029E-17 0.06368112390889598 0 1.4526531111422068E-8 6.453982946876702E-8 0.04997702909436644
-0.3620108841151937 -0.17400839360604695 0.060635096430618034 0 -3.577402748637794E-9 5.1628986310526614E-8 0.04997702961735982
-0.299671918215507 -0.26919022055739933 0.06068803798570996 0 -1.519419501422389E-8 4.759416020907664E-8 0.04997703504695168
-0.33027652289156045 -0.22443841547131757 0.060528990644305516 0 -1.1261486769320239E-8 5.0030495944348266E-8 0.04997703028916275
-0.8245744171037561 3.2427437940114445E-20 0.09002147282184526 0 1.183042667131617E-8 1.0974386748467154E-7 0.049977033315144595
-0.19761019796705673 -0.10158906953187434 0.054303584925033156 0 -3.1242791702424736E-9 3.000509995796569E-8 0.049977050947464775
-0.18403998396844498 -0.12735803584373423 0.05434432437859784 0 -3.911983351378923E-9 2.4109059103180524E-8 0.04997705003587994
0.002774404310843052 -0.26370741404826953 0.055444406431408536 0 -1.683681872084353E-8 -1.3413674336174517E-9 0.04997704162561349
-0.11217260429255088 -0.1942886498520168 0.05435789315243198 0 -1.1281076592038932E-8 1.5947623244506248E-8 0.04997703743364381
-0.059917909088264505 -0.2537684697083779 0.05535616729591674 0 -2.007340390892666E-8 8.497654856809176E-9 0.049977036922243624
0.025874926118163173 -0.1326695098536581 0.05254567933671944 0 -2.2249613477597393E-10 7.294742327935286E-9 0.049977045313537305
-0.02524383979971824 -0.13300675455069116 0.05254892004091195 0 -1.5214558122486692E-9 1.3714882822576794E-8 0.04997704483731365
0.05493858025113073 -0.18721166728009325 0.05366460039291042 0 -3.211620112979529E-9 -1.7575383766073218E-9 0.049977048966037066
-0.053441146730527585 -0.1870910243981426 0.053652873989227134 0 -1.2163445365826308E-8 1.1829791850391834E-8 0.04997704824679205
-0.015811501710617765 -0.22080470166743846 0.05428292799461194 0 -1.4481003600590986E-8 2.9948734754780234E-9 0.04997705408349819
0.001589553534327251 -0.18045943852644147 0.053353802929854637 0 -6.521143551521015E-9 8.314034749699923E-9 0.049977057074246656
0.01713256069613923 -0.2191946756676691 0.054245341320781695 0 -8.697308826472925E-9 -8.014865422510444E-10 0.04997705458430769
0.23193963455587202 -0.4017312313397281 0.06368217918749612 0 -3.3871438698052524E-8 -2.2747808630420498E-8 0.049977041082169306
0.1923608915779979 -0.3331788376023402 0.059881599761303035 0 -2.675047369133019E-8 -1.5535115522789476E-8 0.04997703222751518
0.10559774308437371 -0.32641465451667345 0.058167036115944384 0 -2.4043371969667854E-8 -5.700210535091843E-9 0.04997702977378426
0.02839276411724587 -0.3973392921812579 0.060485401730235276 0 -3.500937247909741E-8 5.117121898324275E-9 0.049977035975571765
0.04349199689707277 -0.3606955682361924 0.05897556113419837 0 -2.9677875682546672E-8 2.3307768933221833E-9 0.049977032223068325
-0.2724211583800272 -0.34021230275634196 0.06225471036920945 0 -2.1726784154249726E-8 4.119061997996243E-8 0.049977040617967594
-0.04975626500892476 -0.3592625346716331 0.05895024498757896 0 -2.867788838959951E-8 1.4079399815800513E-8 0.049977031405774905
-0.11115524588477288 -0.32319159740630654 0.058116751891295344 0 -2.5543617043173273E-8 2.1167293940101415E-8 0.04997702727358816
-0.1929576265867868 -0.33421241295621784 0.05993362613445384 0 -2.5023905970193615E-8 3.24984539248899E-8 0.04997702901313053
-0.00580331192480529 -0.44141011755505605 0.06253303354413747 0 -3.888709019064881E-8 7.856768928262093E-9 0.049977039792160775
-0.03317807935019408 -0.4000499580003111 0.06062434517611842 0 -3.269045858903099E-8 1.2982615520069534E-8 0.049977036090028085
-0.4124914840826571 -0.7144562081206507 0.09005972521404425 0 -7.535369248874742E-8 5.544349066847272E-8 0.049977047043299014
-0.4625000000000001 -0.8010734985006056 0.09999999999999992 0 -8.808563893414029E-8 5.857782760150873E-8 0.0499770407159828
-0.38371343710296635 -0.7748603000238191 0.09386619334345217 0 -8.65052779375768E-8 5.0697277890218445E-8 0.04997704884452936
0.41226227881814503 -0.7140592129571534 0.09001680581831234 0 -7.169313806428476E-8 -4.705683283829245E-8 0.04997705462884128
0.4625000000000003 -0.8010734985006056 0.09999999999999992 0 -8.075852286467208E-8 -5.638538251708731E-8 0.049977049255772295
0.36763254236248355 -0.6367582418875386 0.08211785344170675 0 -6.485550042603052E-8 -3.66203984790613E-8 0.04997704774943387
0.2724100436150707 -0.4718280360333562 0.06830375115676082 0 -4.060357965974933E-8 -3.1378885357247216E-8 0.04997703717334497
0.31808183532075857 -0.5509338997403103 0.07441383187593022 0 -5.275124559299134E-8 -3.307730743809335E-8 0.04997703450007584
0.2111878992556696 -0.5199281931560845 0.06932845783235407 0 -4.3969123460464055E-8 -2.3966019358792205E-8 0.04997704070417344
0.021803385387518696 -0.48225449508691837 0.06469299319690376 0 -4.629807688986083E-8 1.4531344559797109E-9 0.04997704199893336
-0.8627884197170683 -0.05512509329877387 0.09385473111979895 0 2.166270742499893E-9 1.1692911537644727E-7 0.04997703422553927
-0.9249999999999996 -3.487031299242896E-17 0.0999999999999999 0 7.985782795329386E-9 1.2244195900560224E-7 0.049977025207911634
-0.7353276040989696 -1.3378311327871067E-18 0.08212306732579755 0 1.772660389600549E-8 9.855391536774833E-8 0.049977028707086986
-0.4256923062754768 -0.12215318657273537 0.06260425960749795 0 5.605101823892998E-9 6.052780736728872E-8 0.04997704344510299
-0.4043520178042478 -0.16901983470521803 0.062374130552393804 0 -1.883140784540732E-9 5.4832722867577006E-8 0.049977036503942585
-0.46760448929491655 -0.09647351175034935 0.06440527405535054 0 2.9286944493202477E-9 6.967650993145914E-8 0.049977047423478735
-0.5447672634209793 2.858524015158418E-17 0.06830049229574699 0 1.044126614415918E-8 7.472424295909496E-8 0.0499770229000366
-0.6361392415232948 1.0428654588114258E-18 0.074412070818866 0 1.4894963624445869E-8 8.611807571931619E-8 0.04997701792474383
-0.5124187514513647 -0.051847896831783355 0.06651654728017117 0 3.7205484524549466E-9 7.44435536058208E-8 0.049977031548839715
-0.36799093114432163 -0.6373789894665451 0.08217765681431857 0 -6.276895315251303E-8 5.484966527470309E-8 0.04997704116542599
-0.31827009850817745 -0.5512599811461146 0.07444098367382036 0 -5.3451746229165564E-8 4.601457089827706E-8 0.04997702856842906
-0.31386332305040454 -0.40193360988060217 0.06622216379223078 0 -3.328384752316421E-8 3.8821839040085854E-8 0.04997704314636656
-0.344912559069745 -0.4432246070018303 0.06935603931497553 0 -4.1139090247448775E-8 4.303901660106523E-8 0.04997703437007075
-0.3337091490042147 -0.3553876317528073 0.06495432896100803 0 -2.74626625153451E-8 4.5392013751490114E-8 0.0499770551660996
-0.383737195098482 -0.21760730691022415 0.06251779019199952 0 -1.1136148118515317E-8 5.4471575108707474E-8 0.049977033028988024
-0.33230969380311975 -0.3125744339373021 0.06328313435425742 0 -2.1791024275766913E-8 5.238559332231515E-8 0.04997705030851776
-0.3540195296480104 -0.26181915330723304 0.06247659304365877 0 -1.7469143363837684E-8 5.460604042928013E-8 0.04997703762827344
-0.7962287177911112 -0.06074957956360479 0.08762354715881245 0 6.2221814493252044E-9 1.1041537624962774E-7 0.049977039068016454
-0.7351410524947966 -0.06092685497728594 0.08231802271497875 0 1.1047519488470189E-8 1.0193921592258988E-7 0.04997703348961191
-0.4839056580716607 -0.700569999447879 0.09257832058039935 0 -7.221615965028929E-8 6.054942422156374E-8 0.04997704940395817
-0.548567403595686 -0.7447758606713796 0.09999999999999995 0 -7.997344152771625E-8 6.772851558949173E-8 0.04997704405055798
-0.43547631470191006 -0.6351536187841573 0.08509247440255902 0 -5.950839451114855E-8 6.033292713141092E-8 0.04997704867061165
-0.4991515386320159 -0.6334110077816721 0.08834372866104905 0 -6.21596837970917E-8 6.598487454178919E-8 0.04997705961295647
0.19075484218748148 -0.47253116432229375 0.06620021711897693 0 -3.643747596165342E-8 -1.9210667756870666E-8 0.04997704870711985
0.04901016908663563 -0.43723836174505165 0.062459634223422635 0 -4.225566699607548E-8 2.1444943516203526E-9 0.049977043691479844
0.06673635655852123 -0.4767204709635778 0.06461779605353515 0 -4.880808697369924E-8 -3.803600703666747E-9 0.04997705005137869
0.08201071126761385 -0.3939388987243752 0.06066806698898625 0 -3.5188855406373124E-8 6.65537086324512E-10 0.04997704011585186
0.15779399244920161 -0.40600143052169285 0.06224217224863409 0 -3.280371304713942E-8 -8.11196430798756E-9 0.04997704551698715
-0.23228029263418432 -0.4023212684393739 0.06371797650698163 0 -3.502300025659168E-8 3.483876073439234E-8 0.04997703714178053
-0.272587327693687 -0.4721351010648927 0.06832563375196132 0 -4.578342745455263E-8 3.643991453461022E-8 0.04997703203434586
-0.08918266806588586 -0.39015326021997454 0.06056960464965617 0 -3.149178518612205E-8 2.2129928493620805E-8 0.04997703835089001
-0.15459594130071433 -0.39192658728762203 0.061550218588660825 0 -3.468716591404381E-8 3.0549462856124125E-8 0.049977039401828446
-0.18675532053812563 -0.43493251784630643 0.06418357757579085 0 -4.3450116164300846E-8 3.1420581135811035E-8 0.049977044157423656
-0.21375905453868752 -0.4723463627877797 0.06671710658979704 0 -4.9077851084886565E-8 3.0560690320678176E-8 0.049977039744236326
-0.030837599095424044 -0.4757419881377715 0.06436680609968097 0 -4.088366135393141E-8 8.521291084293697E-9 0.04997704252499848
-0.05772042989369192 -0.4373202270026056 0.06251628812885628 0 -3.483838136835709E-8 1.58870295579926E-8 0.04997704428259303
-0.34485879204612635 -0.7195732958375974 0.08756922173357189 0 -7.859040362081398E-8 5.086574579582013E-8 0.049977052716144006
-0.3147326423667731 -0.6679534491621227 0.08237892997106575 0 -6.899046706827538E-8 5.075111960877321E-8 0.04997704609697408
-0.23145619169988374 -0.5426436945370012 0.07120349698950756 0 -5.559801887613211E-8 3.2563346442962275E-8 0.04997703248081122
-0.28415939775573246 -0.6153602706014173 0.07751426427315904 0 -6.149044829495032E-8 4.5356237387764734E-8 0.04997703539886427
-0.32938286511096027 -0.7771045511687235 0.09186418681824757 0 -8.691405597634311E-8 4.39557390834636E-8 0.04997705757799833
-0.29287844997281653 -0.7560683801841978 0.08874412837590734 0 -8.154057484411936E-8 4.216143142127086E-8 0.049977064179306585
-0.3707535969478622 -0.8474426517245004 0.09999999999999994 0 -9.577064064536357E-8 4.7407151258840015E-8 0.04997704734258109
0.3299132550602819 -0.6955796266909601 0.08507057911176502 0 -6.813274777468614E-8 -3.0617745177353E-8 0.04997705703253435
0.29721686832567656 -0.7486484838731736 0.08825580478820183 0 -7.453920055689097E-8 -3.030579177061892E-8 0.049977068843447395
0.36329863298780996 -0.7692008953950569 0.09250410835033807 0 -7.457960612337883E-8 -4.1594955588040724E-8 0.049977058517195125
0.37078540548822353 -0.84742873429503 0.09999999999999996 0 -8.46177921812738E-8 -4.4842435217852416E-8 0.04997705413362376
0.28831363121595577 -0.628175946475062 0.07855241106831119 0 -6.239277494578842E-8 -2.4946004657802027E-8 0.04997704291022392
0.2593907519340379 -0.5686281064407216 0.07361593901057979 0 -5.3375396731226186E-8 -2.603452053204169E-8 0.04997703522536213
0.1909808398518187 -0.5616900805542804 0.07142639087555927 0 -5.1445945296243456E-8 -2.1280967286370596E-8 0.04997703909787862
0.17735047116299676 -0.5251479744589087 0.06889288845838194 0 -4.494523812944757E-8 -2.1567501038918422E-8 0.04997704566458217
-0.006975621790116347 -0.518397225687904 0.06671599267023105 0 -4.837355323806341E-8 2.94935749151583E-9 0.04997703868234815
-0.05196883438319561 -0.5240326103663052 0.06719869985797552 0 -4.661681235774889E-8 7.425123835334186E-9 0.04997704119088276
0.051893656645759574 -0.5409828050063739 0.06822031633188269 0 -5.4131001172421994E-8 -5.664326895625775E-9 0.0499770395116472
-0.8393412000270999 -0.10211595922316324 0.09200820531311653 0 -3.928954675579743E-9 1.1430151115531013E-7 0.04997704283136967
-0.8023821229894582 -0.12465004703532731 0.08885408731398863 0 -3.2183357524019403E-9 1.086437687551365E-7 0.04997705038246542
-0.919283847116488 -0.10263764414409532 0.09999999999999995 0 -5.598383600585197E-9 1.2349640031846451E-7 0.04997703171415174
-0.4286041911968902 -0.211604106404576 0.06443452009247352 0 -1.138167232552145E-8 5.668207658278702E-8 0.049977035163526896
-0.6752473549062171 -0.06099766201966174 0.07752927755735106 0 1.0240375431028157E-8 9.286839167700657E-8 0.049977023956450074
-0.4690213191754545 -0.16282051739106812 0.06545407679976868 0 -6.302851111553686E-9 5.914608608501712E-8 0.04997704672341385
-0.5199939829281818 -0.12464895604080488 0.06768673130026925 0 -8.459017666551382E-9 7.132988759454772E-8 0.04997704106115608
-0.5844196053235723 -0.07491703801282976 0.07115392026499068 0 1.4636454587689611E-9 8.11670413151565E-8 0.04997702290157377
-0.40158939943089916 -0.5697012631254147 0.07901179842938963 0 -5.180557896367934E-8 5.876109147641775E-8 0.04997703666847985
-0.3629672679735455 -0.5093150093458657 0.0736457128337714 0 -4.762913744651001E-8 5.016661500302608E-8 0.04997702863541375
-0.36195665189066545 -0.3775113144203722 0.06698450376718919 0 -3.5501125552681234E-8 4.552717095036772E-8 0.049977049777531764
-0.36626813150114046 -0.41664081435894 0.06892167223823108 0 -3.9374945194281035E-8 4.516019585045321E-8 0.04997703901742415
-0.3903068178565833 -0.4466269881485596 0.07141764844659583 0 -4.244823087005759E-8 5.069501133968799E-8 0.049977032071049386
-0.38262787487786487 -0.34149739132768064 0.06638993492953274 0 -3.4170154153012E-8 5.3493324049352175E-8 0.049977049019592955
-0.4062559769371703 -0.26147495596378895 0.06471383725610919 0 -2.0351481313417115E-8 5.778717697443879E-8 0.04997703506860574
-0.379843340675863 -0.2969419115223147 0.06465963905911938 0 -2.603214908487948E-8 5.7257321033913566E-8 0.04997704352452458
-0.735100345459195 -0.11930462056175606 0.08291132970822639 0 5.9128152874638235E-9 1.0039556188174558E-7 0.04997704147996915
-0.5519968333853201 -0.6639303440969675 0.09374464706266032 0 -7.214458360823689E-8 6.98414258562455E-8 0.04997705357909849
-0.6178002971320175 -0.6884386430529175 0.09999999999999999 0 -7.725315196948881E-8 7.955712891983906E-8 0.04997704396586177
-0.4800125571007386 -0.5637645778356987 0.08255043176744221 0 -5.135173417550434E-8 7.154653747182909E-8 0.04997704919326992
-0.5399346500949583 -0.6040123388311484 0.08868415026698905 0 -6.388704773687744E-8 7.467491062726857E-8 0.04997705863461326
0.1043605879990727 -0.5010308479370807 0.0663275801738497 0 -4.949310152295743E-8 -1.2837440072542237E-8 0.0499770559635453
0.14556246178613041 -0.5017461145955597 0.0669511130546236 0 -4.3401834782164676E-8 -1.790308384667678E-8 0.04997705638433362
0.1399468089855873 -0.4672126633962517 0.06496624972127404 0 -3.9523275626943494E-8 -1.1104064410449508E-8 0.049977061271717055
0.10408488366078729 -0.44405468685268906 0.06327666735135784 0 -4.258603693892005E-8 -2.619092280454158E-9 0.049977056145213056
-0.1061373350373039 -0.43371612134398735 0.06278756375601147 0 -3.612153493649201E-8 2.456223723336237E-8 0.04997705185327135
-0.15386562481962193 -0.515523498759926 0.0678853449092873 0 -5.266800039883498E-8 1.856275362554855E-8 0.04997704897134443
-0.1533021139497205 -0.45854960024362473 0.06473399748772987 0 -4.632658666035189E-8 2.662838897667804E-8 0.049977055473797334
-0.09527352708204248 -0.48999184724793526 0.06560563290386158 0 -4.131003817439834E-8 1.3886229274910626E-8 0.04997705493858651
-0.09590125636856876 -0.5619999312235504 0.06990127823248256 0 -5.302983852167192E-8 1.1711195878618651E-8 0.04997703866704233
-0.15663037176370528 -0.5733099421965812 0.07149707499548641 0 -5.724309555632193E-8 2.0952788189340237E-8 0.04997703695671914
-0.2643961373711981 -0.69702971973395 0.0829765309474388 0 -7.025217185352631E-8 4.566790696826861E-8 0.049977054334623024
-0.19926692702634366 -0.6350324834465847 0.07658242747619838 0 -6.271730336295088E-8 3.3117516007766925E-8 0.04997703670309535
-0.2937621218403118 -0.8161557505482272 0.0941366022415018 0 -8.859269740721975E-8 3.623640938812608E-8 0.04997705756645803
-0.2445064351501806 -0.7666415232960113 0.08818261063739219 0 -7.682305795120647E-8 3.481618322168208E-8 0.04997706281159824
-0.28738877712844163 -0.8792227618026947 0.09999999999999998 0 -9.475564107861509E-8 3.487366855881778E-8 0.04997704982712048
0.24692814396934878 -0.6974874410583481 0.08250617855893734 0 -7.379427410461318E-8 -1.8337076967944636E-8 0.04997705770342613
0.2521627428797361 -0.7694593063835823 0.08864404636431372 0 -8.262180244500825E-8 -2.7429588053579383E-8 0.049977068148532686
0.297447604941039 -0.8106467532563326 0.09375141746476387 0 -8.280647595466195E-8 -3.698287258324098E-8 0.04997706362575118
0.28742318143973467 -0.8792115158194408 0.09999999999999996 0 -9.341232168719733E-8 -3.664485557725319E-8 0.04997705509692899
0.18957159845420457 -0.6243064952889011 0.07560329744867302 0 -6.257528428550675E-8 -1.6401388284369892E-8 0.04997703885396253
0.12475562378528372 -0.5650913910725972 0.07045918166236258 0 -5.476703651209859E-8 -1.5372899228251718E-8 0.04997704113597827
0.16970055881419605 -0.6915759378642314 0.08021607449160519 0 -7.327832965769273E-8 -1.1777904846279204E-8 0.04997704579211453
-0.02127679909875186 -0.5862434400348021 0.07098260267248739 0 -5.6832686602244346E-8 5.630688779992856E-9 0.04997703271080922
0.047679088889249585 -0.6125339534466792 0.07287094188782159 0 -6.137498714736941E-8 -1.4087643068727293E-9 0.04997703334448452
-0.8531067718150073 -0.15803750226362162 0.09415708085227006 0 -1.2008659402374055E-8 1.1127112098722819E-7 0.04997704288409418
-0.7842181949983064 -0.17459658052838975 0.08806681761589173 0 -6.998360889735148E-9 1.0042330495279269E-7 0.04997704875010209
-0.9051158299750597 -0.19076243784282004 0.09999999999999996 0 -1.599941282714217E-8 1.1636432731433815E-7 0.049977034299083456
-0.47800098007166625 -0.2183882854981824 0.06713458210584479 0 -1.533870735053306E-8 6.075922849948031E-8 0.04997703286080038
-0.4503344724862791 -0.2539143429242661 0.06663047103760426 0 -1.995173186137927E-8 6.025472684227653E-8 0.04997703093722263
-0.647719142022224 -0.1435812801370505 0.07642272847163623 0 -1.1789975341087477E-9 8.755302658002756E-8 0.049977025292052106
-0.5329845388239062 -0.1985594752136453 0.0698139205090511 0 -1.4637435061462188E-8 6.847438864995976E-8 0.04997702949247226
-0.5744027965338088 -0.14938461510286838 0.07144252826293569 0 -8.682031835635085E-9 7.693329336427067E-8 0.0499770271365617
-0.44626651447182913 -0.4769553831048422 0.07565680574632234 0 -4.3912505914296954E-8 6.298744982322161E-8 0.04997703081166787
-0.5140310251048448 -0.4921578818310024 0.08018045280724437 0 -4.5235365285888795E-8 7.445252632421523E-8 0.049977036442654145
-0.4256087219342948 -0.3924588186076942 0.07047472570296819 0 -3.920944934009585E-8 5.632718143198995E-8 0.04997703363530148
-0.44295395304453694 -0.3153758255937713 0.06823813858748431 0 -3.0416113911699855E-8 6.106841299857601E-8 0.049977031575823186
-0.722493271850469 -0.18466121884148878 0.08299584497449673 0 -3.4008241183462116E-9 9.459642897282663E-8 0.049977038396573845
-0.6008930547011089 -0.6092572756078648 0.09299302035398636 0 -6.789869346189355E-8 8.016076462241225E-8 0.04997704764984935
-0.684830613311738 -0.6217902179859557 0.09999999999999995 0 -6.918574900548886E-8 8.897605107988626E-8 0.04997703584680621
-0.5678213237459835 -0.5376676061363831 0.08613904983735729 0 -5.4281784213363596E-8 8.038754219940771E-8 0.04997704511546231
-0.10379006268918359 -0.6311723493295895 0.07466578004946203 0 -6.24310684214876E-8 1.842806915885485E-8 0.049977033799850364
-0.2012336657215405 -0.7196538123444206 0.08312630758513646 0 -6.979221893078625E-8 3.4497531965430017E-8 0.04997705100272508
-0.14538614431124028 -0.6947291331504665 0.08002955113164488 0 -6.920918256681076E-8 2.703200070564086E-8 0.04997704128666812
-0.2244810935107963 -0.8295744817427091 0.09335179876408069 0 -8.594909023152615E-8 2.790315478046346E-8 0.04997705351032987
-0.1948530319449167 -0.7756068237085788 0.08772926134592988 0 -7.735983142595223E-8 2.874313121027096E-8 0.04997705415406572
-0.1961900777341867 -0.9039499420937565 0.09999999999999996 0 -9.677604317334669E-8 2.391571104994905E-8 0.04997704462693772
0.18083964416846282 -0.7595104378227607 0.08602850609777067 0 -8.261341946303814E-8 -1.6260717430450575E-8 0.04997705516143289
0.22639239794839497 -0.823169454837357 0.09279966487488275 0 -8.920170114976036E-8 -2.8070466825821497E-8 0.04997705867883209
0.1962292603758944 -0.9039414372048344 0.1 0 -9.761541712008863E-8 -2.4903629175619983E-8 0.04997704818754284
0.115198487208555 -0.6531897985847656 0.07640980333620502 0 -6.647838263999492E-8 -7.177191643799263E-9 0.049977037366273264
0.13075868837865867 -0.7179080095003469 0.08165710231721485 0 -7.479307006123182E-8 -7.2977357789085855E-9 0.04997704613169193
0.11581756539084577 -0.7588114009433137 0.08487399945221091 0 -7.800511851486288E-8 -6.680319193307604E-9 0.049977050851398155
0.049373389215154787 -0.6762514634930521 0.07753347573866784 0 -6.824818314694353E-8 3.5320211670495717E-9 0.049977038954501424
-0.018713178495829663 -0.6598847879456909 0.07617577755495697 0 -6.672389322262362E-8 1.1183699625608487E-8 0.04997703588405838
-0.6738902730202501 -0.2204985208373878 0.07997070091519397 0 -9.563856116778839E-9 9.024935092339026E-8 0.049977029466158805
-0.8340398056073672 -0.21902107573341584 0.09363611174877712 0 -1.7571999431548116E-8 1.0575608693962616E-7 0.04997703904386758
-0.7682837005378527 -0.21778108265977308 0.08762455506029669 0 -1.205285177491302E-8 9.809949232241553E-8 0.04997704104404323
-0.8809151182252344 -0.2821428693025129 0.09999999999999996 0 -2.6480111304667162E-8 1.1264668960907967E-7 0.049977029329968836
-0.5165019276401033 -0.27345997871285094 0.07083650833060155 0 -2.1784088686705605E-8 6.861912000485812E-8 0.04997702374859292
-0.598583551544961 -0.22602979228178174 0.07467942546060534 0 -1.3696166388874635E-8 8.015805112599522E-8 0.04997702337513415
-0.5551101229584549 -0.47007014883430126 0.08146563252731462 0 -4.191403658410123E-8 7.787140671006249E-8 0.04997703592660829
-0.5105636494997625 -0.4275668331221898 0.07661161867134536 0 -3.7903953710737823E-8 7.141211210715443E-8 0.049977028489358206
-0.504302912589223 -0.3476237550984314 0.07274022680505549 0 -3.0438948602254556E-8 6.905593151806852E-8 0.04997702439788315
-0.7177089386751472 -0.2549295522420565 0.0843570467432338 0 -1.5429512340598294E-8 9.584068021531003E-8 0.04997703512601552
-0.6531660790226061 -0.2763311132584134 0.0799841441751332 0 -1.6885469978722926E-8 9.034735848634068E-8 0.04997703034557773
-0.8437556437212325 -0.37907955935377746 0.0999999999999999 0 -4.012991796701423E-8 1.1147317568341721E-7 0.04997703217887517
-0.8010515387579304 -0.4625279007956028 0.09999999999999996 0 -4.960673609225997E-8 1.0280924231711595E-7 0.0499770383212975
-0.7501479603301011 -0.5412050791178039 0.09999999999999992 0 -5.700960780645065E-8 9.400088945643717E-8 0.04997703533547479
-0.5998767009898777 -0.4788913706345559 0.08487289614566725 0 -4.318522422078197E-8 8.11702820967878E-8 0.04997704013333943
-0.6562422498346266 -0.5241856689594518 0.09146905933596002 0 -5.2971181000614396E-8 8.488462004786843E-8 0.0499770409123161
-0.08839747535315964 -0.7039498716595032 0.08000538942626953 0 -7.278715300309211E-8 2.0904937740595843E-8 0.04997704170808545
-0.13806578705455586 -0.7497079460326577 0.08441541385599154 0 -7.698724456799136E-8 2.4812358972620037E-8 0.04997704770702601
-0.14308797449955213 -0.8318118172195702 0.0918642159103333 0 -8.90368959412675E-8 2.0086565887623574E-8 0.049977049685904135
-0.09361073890939048 -0.9202510142029422 0.09999999999999995 0 -1.0258898803680859E-7 1.1501314855733748E-8 0.04997704696049027
0.09365704332523053 -0.9202463037324216 0.1 0 -9.591489236610919E-8 -1.1827682549483878E-8 0.04997704860961512
2.0711142119751377E-5 -0.9249949331376578 0.09999999999999996 0 -9.982006000948336E-8 -9.70348414912431E-10 0.04997705251353834
0.12762107521700664 -0.8265826692803618 0.09113421310198927 0 -8.572567956553639E-8 -1.3008325751166034E-8 0.04997705278663311
0.08068135396090603 -0.7141673032968792 0.08075294753127603 0 -7.220675245484381E-8 2.433481876073042E-10 0.04997704522409669
0.06358506183867194 -0.7827017733005066 0.08643167294964102 0 -7.770253267445362E-8 -7.99872058577517E-11 0.049977058049070135
0.02032803985547743 -0.7231235035279147 0.08113718206932351 0 -7.352938996147518E-8 9.95768792476142E-9 0.049977049696448506
-0.03309170223836219 -0.7328034628470876 0.08197501691133365 0 -7.762749900715924E-8 1.646512010814429E-8 0.04997705101025214
-0.7926496756412598 -0.2913333375023676 0.0919087000057277 0 -2.570318720813711E-8 1.0404269902933203E-7 0.04997703584635896
-0.5810426636905172 -0.3157640075984303 0.07626188231201679 0 -2.2219625285215448E-8 8.038019362559922E-8 0.049977025854284665
-0.5773213056470615 -0.42632356756478973 0.08066830857907491 0 -3.43640228050278E-8 7.952255824096149E-8 0.04997703477693763
-0.5604495700519321 -0.38109429561078195 0.0775098294695611 0 -2.9581837786662213E-8 7.767098608173009E-8 0.04997702890813549
-0.6449966839705538 -0.44452809810358646 0.08625924084344862 0 -3.711144943405146E-8 8.408677644162402E-8 0.04997704651157678
-0.6508158876168189 -0.3390076459058359 0.08199721983987755 0 -2.3256575602604883E-8 9.219601888652947E-8 0.04997703980051564
-0.7091826270730177 -0.3233083988571452 0.08590988858162861 0 -2.600863963227424E-8 9.917867385206282E-8 0.04997704186188925
-0.7619010673352372 -0.3837317836320327 0.09273617861998763 0 -4.002645135804662E-8 1.0193349232229632E-7 0.049977044787583795
-0.7143597851634016 -0.46065181317541964 0.09243904770387959 0 -4.606258929600132E-8 8.979749841705883E-8 0.0499770475239785
-0.07537530152887754 -0.7754914719888757 0.0858872030654022 0 -8.497905565851761E-8 1.7395909419590148E-8 0.049977054162629535
-0.048377865911234746 -0.8513117859798408 0.09269807273978156 0 -9.424249407086993E-8 6.7309955805012555E-9 0.04997705826286181
0.043935839967012356 -0.8511210240129371 0.09265635168129686 0 -8.706089988722738E-8 -4.9214993056713895E-9 0.04997705968286877
-0.004822548609299441 -0.7855262944057825 0.08645491759740057 0 -8.297881700145626E-8 9.37013978720921E-9 0.049977065883236166
-0.615323196863825 -0.38077552285640776 0.08115372829448383 0 -2.665332233760423E-8 8.546794264997754E-8 0.04997703877071471
-0.6821995337018092 -0.3893517946424338 0.0864501634511279 0 -3.1923517584272266E-8 9.331144584918114E-8 0.049977053910217895
