% Model:
% Version:
% Dimension:          3
% Nodes:              691
% Expressions:        4
% Description:        Surface
% X                       Y                        Z                        Color                    DeformX                  DeformY                  DeformZ
0.7501545366059812 -0.5411959634402135 0.09999999999999992 0 -3.6104197593028396E-8 -6.05570553141404E-8 -2.7612649775931082E-5
0.8010709981238165 -0.4624941975024229 0.09999999999999998 0 -2.788020223908646E-8 -6.183558627592234E-8 -2.760904731261878E-5
0.09365704332523052 -0.9202463037324213 0.1 0 -6.516620010418787E-8 -1.2362174721963628E-8 -2.7607612761760574E-5
0.1962292603758942 -0.9039414372048337 0.09999999999999995 0 -6.772506791285204E-8 -2.033295091642378E-8 -2.760911654538687E-5
0.2874231814397345 -0.8792115158194402 0.09999999999999994 0 -6.48352451202584E-8 -2.755395276325989E-8 -2.760318145047372E-5
0.6177594039507672 -0.6884753389104772 0.09999999999999995 0 -4.488314495640512E-8 -4.8699274516899526E-8 -2.7605726919054973E-5
0.6847899965302143 -0.621834949891059 0.09999999999999994 0 -3.981294791199723E-8 -5.256224481033575E-8 -2.7612934181573283E-5
0.6644823007055147 -0.538951594396605 0.09297818153954257 0 -3.669207726906192E-8 -5.17936300157095E-8 -2.7609772987670982E-5
2.0711142119768948E-5 -0.9249949331376585 0.09999999999999999 0 -6.883567970619222E-8 -6.1871359320111615E-9 -2.7602831757813572E-5
0.04393583996701241 -0.8511210240129379 0.09265635168129693 0 -5.983021613417647E-8 -8.018298969862487E-9 -2.759686152763756E-5
0.7176713367395712 -0.4652126067437795 0.09294805270739674 0 -3.10932030597631E-8 -5.803770207804093E-8 -2.760253490545332E-5
0.8437752388147 -0.3790359438971111 0.09999999999999999 0 -2.0675830975021797E-8 -6.169459414325411E-8 -2.761499214725369E-5
0.7635253857731481 -0.3782532475337201 0.0926398396720293 0 -2.127635778685138E-8 -5.478302883807842E-8 -2.7604505991230193E-5
0.5547456546446984 -0.6639301342123076 0.09391738389868395 0 -4.4790158822340246E-8 -4.54951761409513E-8 -2.759765488355301E-5
0.5485314847714319 -0.7448023146284535 0.09999999999999996 0 -5.3270551952713E-8 -4.6720129568363385E-8 -2.7606500764662518E-5
0.12762107521700677 -0.8265826692803626 0.09113421310198931 0 -5.975433842038792E-8 -1.1936277490963031E-8 -2.7604774214596803E-5
0.22639239794839497 -0.823169454837357 0.09279966487488275 0 -6.344691524149831E-8 -2.2069818453042315E-8 -2.7599729797902928E-5
0.3707854054882235 -0.84742873429503 0.09999999999999998 0 -5.7724377185648875E-8 -3.162997848855888E-8 -2.760497495410031E-5
0.297447604941039 -0.8106467532563327 0.09375141746476388 0 -5.773875440758948E-8 -2.745157513505659E-8 -2.7595407668393966E-5
0.6050561438570463 -0.6036830020468074 0.09289418017943475 0 -3.820128182259887E-8 -4.496513741201157E-8 -2.760368379579907E-5
0.5365057739834548 -0.6074638984061794 0.08871198704411523 0 -4.194324287291557E-8 -3.8307216303396345E-8 -2.759253557940154E-5
0.640351776746304 -0.4627856253417016 0.08686037768572825 0 -3.66358935061501E-8 -4.954546022876871E-8 -2.7606174373701465E-5
0.6027366073062329 -0.5213223560235656 0.08747588350371878 0 -3.7144932504151453E-8 -4.3352540569536215E-8 -2.760889006157591E-5
0.11581756539084577 -0.7588114009433137 0.08487399945221091 0 -5.548438328569313E-8 -6.251887084747263E-9 -2.7607374203498915E-5
-0.09361073890939044 -0.9202510142029422 0.09999999999999994 0 -7.184777362837574E-8 1.5885363264313575E-9 -2.76076729366208E-5
-0.19619007773418676 -0.9039499420937565 0.09999999999999996 0 -6.682011262161049E-8 8.835764209062926E-9 -2.760936195191929E-5
-0.2873887771284415 -0.8792227618026944 0.09999999999999995 0 -6.598004384822022E-8 1.5181297138019612E-8 -2.7603625828971992E-5
0.06358506183867196 -0.7827017733005069 0.08643167294964106 0 -5.395276391904276E-8 -2.242964446332564E-9 -2.759944569820139E-5
-0.04837786591123471 -0.8513117859798404 0.09269807273978152 0 -6.701525394846018E-8 -9.889532789965053E-10 -2.7597494281382883E-5
-0.004822548609299431 -0.7855262944057821 0.08645491759740055 0 -5.908945954358457E-8 3.7862403871367844E-9 -2.759097480080047E-5
0.8809325145611795 -0.2820885484172241 0.09999999999999999 0 -1.507344165108287E-8 -6.796523695147687E-8 -2.7617698954045473E-5
0.677795607943666 -0.39290477214771735 0.0862680402418979 0 -3.161528273070575E-8 -4.791418234141184E-8 -2.7596423319137283E-5
0.6103906305879976 -0.40135765312469535 0.08172372928462611 0 -3.558406697304818E-8 -4.322791823366832E-8 -2.761224353791229E-5
0.8014927716328404 -0.2914410587712435 0.09271262928645595 0 -1.7223162301790064E-8 -6.005406029485947E-8 -2.7613285400838462E-5
0.7173493567573874 -0.31695962258024274 0.08634023460744475 0 -2.25379191530061E-8 -4.854644331131753E-8 -2.7609301075058015E-5
0.8230806401765318 -0.20733638606092913 0.09232209730203018 0 -1.1028490399125495E-8 -6.503354553873965E-8 -2.760693673990708E-5
0.5055257679581893 -0.637124600070996 0.08897493457515948 0 -4.8093123492678383E-8 -3.98076428874171E-8 -2.759242075030761E-5
0.4897167015298755 -0.6990669986722716 0.09278011319940965 0 -5.1907182344702554E-8 -4.1674392779381953E-8 -2.7602027431395904E-5
0.46249999999999986 -0.8010734985006049 0.09999999999999984 0 -5.630305189021918E-8 -3.864370982568637E-8 -2.761064395971174E-5
0.18083964416846285 -0.7595104378227608 0.08602850609777069 0 -6.008249050311131E-8 -1.2586935570000002E-8 -2.760358665223647E-5
0.2521627428797361 -0.7694593063835823 0.08864404636431371 0 -5.96253262331921E-8 -2.0190680071737873E-8 -2.7591014720198012E-5
0.36329863298781023 -0.7692008953950572 0.09250410835033814 0 -5.1679996035773486E-8 -2.8818976913730658E-8 -2.7601271063931408E-5
0.29721686832567656 -0.7486484838731736 0.08825580478820183 0 -5.263936693500803E-8 -2.0840046251307222E-8 -2.759081126523644E-5
0.566498136584519 -0.34007595181336675 0.07621962270586992 0 -2.7490096654064996E-8 -3.981094969033166E-8 -2.7626770411316613E-5
0.5490740032503059 -0.5442731464552364 0.08535659345024513 0 -3.8731346317770666E-8 -3.532463023970361E-8 -2.7604692917279295E-5
0.4877536710430043 -0.5826751104622181 0.08420495651136725 0 -4.686264833035818E-8 -3.097185581129535E-8 -2.7598343000591538E-5
0.5629289159938321 -0.47314451663551055 0.08212579004392509 0 -3.676583994605482E-8 -3.879887298737698E-8 -2.7615390431703175E-5
0.5395049675561714 -0.4037977139333864 0.07721405836956645 0 -3.179802664002097E-8 -3.792244649512965E-8 -2.762469959268657E-5
0.08068135396090602 -0.714167303296879 0.080752947531276 0 -5.195028328604125E-8 -1.115044304517484E-9 -2.7613225142704608E-5
0.1307586883786586 -0.7179080095003467 0.08165710231721483 0 -5.436183092801391E-8 -6.154667245894612E-9 -2.7612687810771557E-5
-0.3707535969478622 -0.8474426517245004 0.09999999999999994 0 -6.851798743781764E-8 2.3491011486930974E-8 -2.7605593157385877E-5
-0.14308797449955207 -0.83181181721957 0.0918642159103333 0 -6.277660621943594E-8 7.602721691680017E-9 -2.7605517176176804E-5
-0.22448109351079631 -0.8295744817427092 0.09335179876408067 0 -5.97504213722321E-8 1.1329580277695242E-8 -2.760101931130472E-5
-0.2937621218403122 -0.816155750548228 0.09413660224150187 0 -6.300988891599879E-8 1.6166888243716614E-8 -2.7596450384417943E-5
0.02032803985547743 -0.7231235035279147 0.08113718206932351 0 -5.280751538385111E-8 5.589698384616794E-9 -2.760812705866943E-5
0.049373389215154835 -0.676251463493053 0.07753347573866787 0 -4.9911893816264104E-8 5.816758184445472E-10 -2.7619684471945388E-5
-0.07537530152887752 -0.7754914719888756 0.0858872030654022 0 -6.159594960699775E-8 8.264875602933793E-9 -2.7602228486559914E-5
-0.03309170223836219 -0.7328034628470876 0.08197501691133365 0 -5.641063429732577E-8 9.427137250170223E-9 -2.760623686441847E-5
0.9051251563026282 -0.1907181838739738 0.09999999999999992 0 -7.343060433186457E-9 -6.903095144563054E-8 -2.76128799472093E-5
0.6346730356926771 -0.3174870091624341 0.08001946855914073 0 -2.7329725149212592E-8 -4.230971703938161E-8 -2.7618463163097995E-5
0.7578046117703346 -0.24801668508133742 0.08751626752734717 0 -1.8115506869440687E-8 -5.752233951606867E-8 -2.761189507405776E-5
0.6897625743522149 -0.264441860913035 0.0824063475266023 0 -2.1746220343369917E-8 -4.8716009941172166E-8 -2.761780623370044E-5
0.7597010793028803 -0.19500257071099417 0.08634694259141452 0 -1.6633504189168175E-8 -5.941039893291824E-8 -2.760648205756737E-5
0.7883546035916825 -0.1648885681025431 0.08824892692988197 0 -1.1673582393382486E-8 -6.066057588956636E-8 -2.7599433738937763E-5
0.8374232558848942 -0.12934172138602965 0.09218338983550128 0 -3.1440741340742854E-9 -6.019727786151264E-8 -2.760278686103475E-5
0.7880045515761319 -0.1291017367769672 0.0876205822064691 0 -9.522049808015508E-9 -5.591519606963712E-8 -2.7598605082463408E-5
0.45389464101054455 -0.6418290507487612 0.08650541722977734 0 -5.196714602831402E-8 -3.448396150699129E-8 -2.7600875350495603E-5
0.4122622788181451 -0.7140592129571535 0.09001680581831237 0 -5.164289528605562E-8 -3.1884138458627485E-8 -2.7605830261103667E-5
0.1697005588141962 -0.6915759378642319 0.08021607449160523 0 -5.420554575429942E-8 -8.713130166859368E-9 -2.7613627546053687E-5
0.24692814396934865 -0.6974874410583478 0.08250617855893733 0 -5.446552244553864E-8 -1.142128872561864E-8 -2.7602176591539183E-5
0.3299132550602819 -0.6955796266909601 0.08507057911176502 0 -4.896471435078758E-8 -1.9566429783701448E-8 -2.7603295987087338E-5
0.5796784116794852 -0.2776116098201063 0.07488927562467991 0 -2.1160091189509032E-8 -4.196176532741423E-8 -2.7629748674952456E-5
0.5306797663003683 -0.29923675531161764 0.07251363051783592 0 -2.077184936715052E-8 -3.934140401121196E-8 -2.7631290930390642E-5
0.5018045759598764 -0.34636458619402455 0.07254833341115845 0 -2.3427474129748683E-8 -3.673093001262447E-8 -2.762982562986405E-5
0.43691576165411183 -0.5863880363863174 0.08178506492225697 0 -4.900615619531711E-8 -2.8715093897266682E-8 -2.760875248968345E-5
0.5025098789806555 -0.5159632075862093 0.08087711077114174 0 -3.9790187887163804E-8 -3.140486630688752E-8 -2.7612716095007553E-5
0.4531934148271225 -0.5420428192507506 0.07976926362259741 0 -4.403381443529235E-8 -2.8496512662505248E-8 -2.7613430307313515E-5
0.5051728219418842 -0.4543425560441293 0.07763963571270259 0 -3.438019287146413E-8 -3.445040746962941E-8 -2.7622689817407847E-5
0.4743994852003083 -0.40954268251415876 0.073738234339428 0 -2.814131500256925E-8 -3.481580312354693E-8 -2.7626742292642313E-5
0.115198487208555 -0.6531897985847656 0.07640980333620502 0 -4.933672356927573E-8 -6.857523431954369E-9 -2.7622083552269186E-5
-0.4625000000000001 -0.8010734985006056 0.09999999999999992 0 -6.30729571571789E-8 3.0011338589133674E-8 -2.7611587002682295E-5
-0.3837134371029664 -0.7748603000238192 0.09386619334345218 0 -6.291458852143034E-8 2.6067679750061713E-8 -2.7604602052951626E-5
-0.3293828651109605 -0.7771045511687245 0.09186418681824765 0 -6.32684057491587E-8 2.2058890714108226E-8 -2.7596449674027945E-5
-0.4839056580716607 -0.700569999447879 0.09257832058039935 0 -5.226627429529983E-8 3.083154187693705E-8 -2.7603427890067047E-5
0.04767908888924959 -0.6125339534466794 0.07287094188782159 0 -4.6271886286456076E-8 -4.488927175825718E-9 -2.7626055024778424E-5
-0.19485303194491674 -0.7756068237085788 0.08772926134592987 0 -5.391491816336265E-8 1.3608899487363162E-8 -2.760121106167132E-5
-0.1380657870545559 -0.7497079460326577 0.08441541385599156 0 -5.48843631018943E-8 1.2510611023130255E-8 -2.7608442993020485E-5
-0.24450643515018045 -0.7666415232960108 0.08818261063739213 0 -5.379202130398398E-8 1.7177213377774574E-8 -2.759218680376908E-5
-0.29287844997281653 -0.7560683801841976 0.08874412837590734 0 -5.899574338129532E-8 2.207991044487801E-8 -2.7590438853223142E-5
-0.018713178495829663 -0.6598847879456907 0.07617577755495693 0 -4.9199307233472666E-8 4.811665411590612E-9 -2.7622365572261374E-5
-0.08839747535315964 -0.7039498716595032 0.08000538942626953 0 -5.301503720351082E-8 1.106549668411895E-8 -2.76153994180369E-5
0.8548200389796248 -0.0652462727687064 0.09314675085287963 0 7.849260442930267E-10 -5.9151716593984145E-8 -2.7612459136282334E-5
0.9192877606928158 -0.10260258091221079 0.10000000000000002 0 -2.707543331889277E-10 -6.493001321094912E-8 -2.761555637088536E-5
0.6384778628041976 -0.2349189996283244 0.07770845629712514 0 -1.9294561633222387E-8 -4.6091615311724655E-8 -2.7626268012803502E-5
0.7040732060431756 -0.2032143579310842 0.08191372549943252 0 -1.9135723638616002E-8 -5.272691145175958E-8 -2.761696750655559E-5
0.5898871014295897 -0.20776639827421509 0.07364495662277284 0 -1.3711923470682899E-8 -4.4508361977114295E-8 -2.762969426035969E-5
0.7325342916850157 -0.13408386908087772 0.08291013088256632 0 -1.6141943257410915E-8 -5.2477571281725025E-8 -2.760886347776383E-5
0.8252770499196602 1.9257059754862352E-16 0.09008727174442388 0 2.94287924215623E-9 -5.994569218973234E-8 -2.7616152048716345E-5
0.7859407931602105 -0.07401767626946823 0.08680140328934058 0 -5.6881495171165456E-9 -5.223993220407085E-8 -2.760831304327158E-5
-0.499151538632016 -0.6334110077816723 0.08834372866104906 0 -4.559012934188089E-8 3.5452877436329856E-8 -2.7593522636193378E-5
-0.539934650094959 -0.6040123388311489 0.08868415026698911 0 -4.875092605644472E-8 4.20802200038721E-8 -2.759412552171512E-5
-0.55199683338532 -0.6639303440969675 0.09374464706266032 0 -5.395860608543236E-8 3.668368306944901E-8 -2.75985879511052E-5
-0.5485674035956859 -0.7447758606713794 0.09999999999999995 0 -5.769958500219145E-8 3.480062205467717E-8 -2.760758763109544E-5
0.36763254236248405 -0.6367582418875392 0.08211785344170683 0 -4.870854407505875E-8 -2.372974309288775E-8 -2.7613251235154616E-5
0.18957159845420457 -0.6243064952889011 0.07560329744867302 0 -4.693984086086722E-8 -1.2393234473150358E-8 -2.7621452970675937E-5
0.28831363121595577 -0.628175946475062 0.0785524110683112 0 -4.662589411199908E-8 -1.601595499938691E-8 -2.7617886486536992E-5
0.526450453306162 -0.23768251001620336 0.07038843476625324 0 -1.4199561781239053E-8 -4.1848261487517984E-8 -2.7629107723768303E-5
0.47890979704271586 -0.2863984098188226 0.06912760288748078 0 -1.7102216777408777E-8 -3.656105073503756E-8 -2.7628914006544214E-5
0.4494990254251993 -0.3483577682477059 0.06980849106780328 0 -1.977673973641902E-8 -3.384691533315945E-8 -2.7624609507293447E-5
0.38634553368626057 -0.5411366135074791 0.07653244947706521 0 -4.261477395342187E-8 -2.668386584909191E-8 -2.7623117527579675E-5
0.43810869406594616 -0.47330739854493387 0.07505155127124848 0 -3.50707262015172E-8 -3.147667379626045E-8 -2.762413149836446E-5
0.4170420346765119 -0.4108303752912244 0.07090170067103962 0 -2.6018656391715656E-8 -3.3974545652323315E-8 -2.7622092254506173E-5
0.1909808398518187 -0.5616900805542806 0.07142639087555928 0 -3.899706557572478E-8 -1.7239859096495322E-8 -2.762191726307866E-5
0.12475562378528363 -0.5650913910725969 0.07045918166236254 0 -4.210717689839129E-8 -1.4633216135758234E-8 -2.761942610371065E-5
0.05189365664575958 -0.5409828050063739 0.06822031633188272 0 -4.265528328226874E-8 -8.576630482749912E-9 -2.762080268461556E-5
-0.41249148408265685 -0.71445620812065 0.0900597252140442 0 -5.478677301995571E-8 2.9318476427125805E-8 -2.7606584967547037E-5
-0.34485879204612635 -0.7195732958375974 0.08756922173357189 0 -5.783650314734673E-8 2.8139476468983777E-8 -2.7601671676870656E-5
-0.4354763147019103 -0.6351536187841577 0.08509247440255904 0 -4.2929094476693484E-8 3.299317470834596E-8 -2.760531419003922E-5
-0.02127679909875187 -0.5862434400348023 0.07098260267248742 0 -4.302966133949176E-8 -9.19491804753538E-10 -2.762641312995005E-5
-0.20123366572154053 -0.7196538123444207 0.08312630758513646 0 -4.9169122884051186E-8 1.8992268849392267E-8 -2.7604896233954715E-5
-0.1453861443112404 -0.6947291331504667 0.08002955113164492 0 -4.9877332706710244E-8 1.4317925182589956E-8 -2.7615408097116415E-5
-0.26439613737119816 -0.6970297197339501 0.08297653094743883 0 -5.071716911031018E-8 2.6963839625403978E-8 -2.7601157932279653E-5
-0.314732642366773 -0.6679534491621226 0.08237892997106575 0 -5.087481402979751E-8 2.949434686090415E-8 -2.760910855535034E-5
-0.10379006268918363 -0.6311723493295898 0.07466578004946206 0 -4.632333469814325E-8 7.761124594418959E-9 -2.76240101731318E-5
0.7822439697509947 0.07342341173252223 0.08646750245519458 0 4.923601924756988E-9 -6.150920334220529E-8 -2.7611012535045695E-5
0.9249999999999998 2.358937726024754E-16 0.09999999999999994 0 6.583010818454355E-9 -6.718014996392173E-8 -2.762208595090005E-5
0.851370675269602 0.07427003550197267 0.09288407134507307 0 1.1303863360466449E-8 -6.494805797654372E-8 -2.761319100496733E-5
0.8038717607621603 0.12213857484508564 0.0889547066003148 0 1.1609730010177463E-8 -6.0339088426386E-8 -2.760314943669282E-5
0.5408130551366507 -0.18150058753720788 0.06992281214701015 0 -7.680606287417573E-9 -4.319738820488974E-8 -2.7624010844597717E-5
0.7247257834183621 0.0852066297502373 0.08165698245211614 0 1.323748327162962E-9 -5.588951665488582E-8 -2.7618742708513352E-5
0.6510493529215736 -0.15514133280147802 0.07686356365481603 0 -1.3843302005472002E-8 -4.739249913620225E-8 -2.7626395512094676E-5
0.5770279320473081 -0.15184347618041535 0.07165568912865208 0 -6.462788605011378E-9 -4.3113808775943394E-8 -2.762730141308395E-5
0.6918887433807659 -0.06772116765551027 0.07886795692620667 0 -8.77824154821987E-9 -4.803526314693106E-8 -2.762494751932208E-5
0.7364981201835382 1.7871933341171726E-16 0.08222076644985389 0 -2.787398779661871E-9 -5.3501527104732186E-8 -2.7622281721730157E-5
-0.48001255710073826 -0.5637645778356982 0.08255043176744216 0 -3.833025559817609E-8 4.1923663382455394E-8 -2.7604716549860532E-5
-0.5678213237459834 -0.537667606136383 0.08613904983735729 0 -4.246922117530903E-8 4.636190198132107E-8 -2.7607666000943168E-5
-0.600893054701109 -0.6092572756078649 0.09299302035398636 0 -5.2414904767762435E-8 4.4521675101999237E-8 -2.760416482513395E-5
-0.6178002971320171 -0.688438643052917 0.09999999999999995 0 -5.773621236016895E-8 4.312440001029139E-8 -2.7607083566269737E-5
0.31808183532075807 -0.5509338997403093 0.07441383187593008 0 -4.093464256307348E-8 -2.2708815730008863E-8 -2.7627149592147726E-5
0.2593907519340379 -0.5686281064407216 0.07361593901057979 0 -4.061864350521935E-8 -1.8580403060120715E-8 -2.762604871422234E-5
0.4250914842628162 -0.2904030737883922 0.06650384046370365 0 -1.597065588147097E-8 -3.0461608306276115E-8 -2.7621902195843822E-5
0.4860024477406568 -0.1810614961514008 0.06672716200822644 0 -9.746820542674149E-9 -4.166480708166698E-8 -2.7615372301465877E-5
0.4546475825643904 -0.2329362873436874 0.0662732760967022 0 -1.4685063523807074E-8 -3.676585193393066E-8 -2.762387317628168E-5
0.39693548996928896 -0.3460112170117685 0.06719703593166886 0 -1.7983832379080384E-8 -3.001838783733567E-8 -2.76119389101777E-5
0.3565677611611388 -0.4614203059811383 0.07075125137743832 0 -3.3384461543342295E-8 -3.039549149782791E-8 -2.7624773902235097E-5
0.36327728761747163 -0.38800374757803646 0.06749345504717459 0 -2.5304885486870002E-8 -3.3141725120322177E-8 -2.7610020440957942E-5
0.3750627258693446 -0.2936858939923492 0.0643465481455432 0 -1.8233564431044985E-8 -2.3152427525232357E-8 -2.7613847459082996E-5
0.14556246178613044 -0.5017461145955597 0.06695111305462358 0 -3.3969581489237516E-8 -1.6159041589497684E-8 -2.760506524403944E-5
0.1773504711629968 -0.5251479744589087 0.06889288845838194 0 -3.434486851115809E-8 -1.8225625210246306E-8 -2.761569065896313E-5
0.2111878992556696 -0.5199281931560845 0.06932845783235407 0 -3.3656229967121266E-8 -1.8939715329948878E-8 -2.7620879470109684E-5
0.10436058799907272 -0.5010308479370807 0.0663275801738497 0 -4.00717532006363E-8 -1.3150081848856683E-8 -2.76052336798849E-5
0.06673635655852131 -0.4767204709635782 0.06461779605353521 0 -4.059328663396477E-8 -6.007876031297502E-9 -2.7611180064811576E-5
-0.006975621790116399 -0.5183972256879046 0.06671599267023115 0 -3.800583705163124E-8 -2.9221607729819324E-9 -2.762141166222826E-5
0.021803385387518696 -0.4822544950869184 0.06469299319690378 0 -3.7774132880851975E-8 -2.995878286390243E-9 -2.761880260266699E-5
-0.05196883438319561 -0.5240326103663052 0.06719869985797552 0 -3.59369614993479E-8 -7.009474584971309E-10 -2.7618407129052638E-5
-0.3679909311443217 -0.6373789894665455 0.08217765681431859 0 -4.614665524689097E-8 3.089600528046304E-8 -2.7613667318770434E-5
-0.40158939943089916 -0.5697012631254147 0.07901179842938963 0 -3.85686060130127E-8 3.30735416482515E-8 -2.761828279547794E-5
-0.09590125636856872 -0.5619999312235502 0.06990127823248253 0 -4.041059489455354E-8 1.3975409629108038E-9 -2.7620030406478225E-5
-0.19926692702634366 -0.6350324834465847 0.07658242747619838 0 -4.635867423612517E-8 1.7645815558071358E-8 -2.7620101972776133E-5
-0.2841593977557326 -0.6153602706014176 0.07751426427315905 0 -4.605515935498895E-8 2.5597943469514138E-8 -2.7620650600962905E-5
-0.15663037176370528 -0.5733099421965812 0.07149707499548641 0 -4.4018151391848654E-8 7.58901416647307E-9 -2.762097024544101E-5
0.6892086201904363 0.11760753932384704 0.079182235454291 0 3.8086519668564895E-9 -5.1275683924351653E-8 -2.7624642660526024E-5
0.7461230180043805 0.1326560288062978 0.08402816782270867 0 4.49634350594921E-9 -5.505097788619932E-8 -2.7609299470851054E-5
0.6908574756839181 0.1584953945063365 0.07995126254637963 0 6.690108013777999E-9 -4.9647830874807046E-8 -2.762391860087688E-5
0.9192877608705788 0.10260257931928718 0.09999999999999994 0 1.4981546828141474E-8 -6.865501337231394E-8 -2.7618563901558002E-5
0.8510855832446352 0.14814580550682163 0.09378949781498243 0 1.809818238676526E-8 -6.064905727741401E-8 -2.7609192023206353E-5
0.7902639371481001 0.17887268414595758 0.08869278761371624 0 1.423180999956919E-8 -5.2751986920110804E-8 -2.7606708400321953E-5
0.5270134709035552 -0.12362075461980128 0.0680883893303861 0 -1.1220975306280638E-9 -3.810039992275431E-8 -2.7616545255705622E-5
0.660910431014522 0.06111123862815046 0.0764443497197492 0 2.6063346156005174E-9 -4.939989511672351E-8 -2.763208700372423E-5
0.5965173615012839 -0.07939251741876008 0.07200225824383245 0 -2.606616024076849E-9 -4.1885418407598086E-8 -2.7631647600649965E-5
0.6371682462297272 1.7636191275501287E-16 0.07448630903843244 0 1.0998175699037196E-10 -4.620114259220972E-8 -2.7635089233332494E-5
-0.5998767009898777 -0.47889137063455584 0.08487289614566726 0 -3.431078194110293E-8 4.552381212334297E-8 -2.761252696577456E-5
-0.4462665144718288 -0.4769553831048419 0.07565680574632232 0 -3.5313638164840346E-8 3.501333353808968E-8 -2.762420615355701E-5
-0.514031025104845 -0.49215788183100256 0.08018045280724438 0 -3.5793959946057934E-8 4.309522360641336E-8 -2.7617459251662534E-5
-0.5551101229584549 -0.4700701488343014 0.08146563252731463 0 -3.3541083580638126E-8 4.445624207230858E-8 -2.7617492791768546E-5
-0.6562422498346266 -0.5241856689594518 0.09146905933596002 0 -4.172964213045448E-8 4.644312540418209E-8 -2.7610576698778418E-5
-0.6848306133117381 -0.6217902179859557 0.09999999999999995 0 -5.295161510739536E-8 4.915925983493379E-8 -2.761460506044636E-5
0.27241004361507065 -0.4718280360333558 0.06830375115676078 0 -3.277567255444041E-8 -2.3326587516627657E-8 -2.7625136109560726E-5
0.4535801009187721 -0.11979187747949692 0.06395953291420167 0 -1.1717917692478721E-8 -3.1479879201217586E-8 -2.7605874130899664E-5
0.39072217276086296 -0.23584567652234287 0.06329187670784985 0 -1.6909950373477395E-8 -2.7524615023961275E-8 -2.762329087163358E-5
0.41238404925178007 -0.18021837395374024 0.06296662723972753 0 -1.6324444253102034E-8 -3.255647408444247E-8 -2.7620493056500142E-5
0.33633282409977633 -0.33989669688880314 0.06444423660906805 0 -2.6693026179874737E-8 -2.380582555954925E-8 -2.760149912989833E-5
0.30008338071089913 -0.40108479031261085 0.06570468861303413 0 -3.1768390244496916E-8 -2.7121876505785518E-8 -2.7615744832860213E-5
0.32685099627426545 -0.2905697969488598 0.06232853198902638 0 -2.3820530379699603E-8 -1.8116956242483297E-8 -2.76146931765795E-5
0.34557599933864525 -0.25420475687873284 0.06192004258218349 0 -1.9487072414239717E-8 -2.0856736158257238E-8 -2.7622118993546296E-5
0.13994680898558723 -0.4672126633962515 0.06496624972127402 0 -3.1839417559161854E-8 -9.658705689378645E-9 -2.760056011737345E-5
0.19075484218748176 -0.4725311643222945 0.06620021711897697 0 -2.8518986476979623E-8 -1.5227584802116543E-8 -2.7613316641592742E-5
0.04901016908663563 -0.43723836174505165 0.062459634223422635 0 -3.6024668157189926E-8 -9.670347978463337E-10 -2.7617899422062968E-5
0.10408488366078726 -0.44405468685268895 0.0632766673513578 0 -3.604929891423293E-8 -2.9765702995329137E-9 -2.760575229420541E-5
-0.03083759909542402 -0.4757419881377713 0.06436680609968096 0 -3.265337841792784E-8 1.4315762318824053E-9 -2.7617879560452812E-5
-0.0058033119248053185 -0.4414101175550563 0.06253303354413749 0 -3.240653519607982E-8 2.004910167340594E-9 -2.7621280653503223E-5
-0.39030681785658333 -0.4466269881485597 0.07141764844659583 0 -3.5428104088309536E-8 2.5512616335614893E-8 -2.7623992818037156E-5
-0.09527352708204243 -0.48999184724793493 0.06560563290386152 0 -3.231636503060175E-8 3.5674974513374166E-9 -2.7604625822483434E-5
-0.31827009850817745 -0.5512599811461146 0.07444098367382036 0 -4.121623476893026E-8 2.4500786497558112E-8 -2.7627639008928113E-5
-0.36296726797354567 -0.5093150093458659 0.07364571283377143 0 -3.7470381189584135E-8 2.638278884189815E-8 -2.7627324666258553E-5
-0.1538656248196219 -0.515523498759926 0.0678853449092873 0 -4.2349568133033995E-8 5.308014372968279E-9 -2.760963259501985E-5
-0.23145619169988374 -0.5426436945370011 0.07120349698950754 0 -4.386170119976874E-8 1.5414751093981686E-8 -2.7624906202698423E-5
0.02839276411724586 -0.3973392921812578 0.06048540173023527 0 -3.0778982816074775E-8 9.538884253768356E-10 -2.7625949997181267E-5
0.6359863797306674 0.13411282944887548 0.07542020319546493 0 9.345001973584749E-9 -4.6278001374922494E-8 -2.7632573675271308E-5
0.7226994437477957 0.1997352924878217 0.08334138075756291 0 1.0762484528696533E-8 -4.983927148345714E-8 -2.7619392982678775E-5
0.6524176664552398 0.20477109599706128 0.07797707686621592 0 1.2740605153095998E-8 -4.679955463374206E-8 -2.763164782479733E-5
0.9051251569294585 0.19071818089926676 0.09999999999999994 0 2.0880376122267174E-8 -6.231081439382288E-8 -2.7618544702726875E-5
0.8318102133114379 0.22322523392999097 0.09353078509252784 0 2.136345770627832E-8 -5.52573778645064E-8 -2.7616389249966655E-5
0.7561533810021175 0.2511688924028691 0.08746370240455802 0 1.9001171652461443E-8 -5.250426573557262E-8 -2.761984093233458E-5
0.5078212312272354 -0.05773868566153316 0.06628756501631425 0 3.0615763542613814E-10 -3.276736270955967E-8 -2.762239773099933E-5
0.580043566339009 0.07440259297015442 0.07086095755136954 0 1.0048980764198429E-8 -4.362344552158681E-8 -2.7633022950275677E-5
0.5449077695259106 1.435041058529122E-16 0.06830916124377966 0 4.625250861799042E-9 -3.939914382040528E-8 -2.7631954812035873E-5
-0.6449966839705535 -0.4445280981035864 0.08625924084344859 0 -2.992409290823962E-8 4.618233236828701E-8 -2.76056481767872E-5
-0.5773213056470615 -0.42632356756478973 0.08066830857907491 0 -2.8178835789030147E-8 4.498936160475827E-8 -2.7618584694002435E-5
-0.42560872193429483 -0.3924588186076942 0.07047472570296821 0 -3.489643659344801E-8 2.936726605947542E-8 -2.762231912506861E-5
-0.5105636494997626 -0.4275668331221898 0.07661161867134533 0 -3.173339156461225E-8 4.0211239881666896E-8 -2.762591068388348E-5
-0.6821995337018094 -0.3893517946424338 0.08645016345112792 0 -2.749375049690279E-8 5.3549245936251716E-8 -2.7598007146003775E-5
-0.7143597851634019 -0.46065181317541976 0.09243904770387963 0 -3.7978945564469934E-8 4.844517500209517E-8 -2.7603430574815304E-5
-0.7501479603301018 -0.5412050791178046 0.09999999999999998 0 -4.477829322774611E-8 5.090011811496612E-8 -2.761456740243296E-5
0.23193963455587194 -0.401731231339728 0.06368217918749611 0 -2.9571481740995995E-8 -1.6750032771814375E-8 -2.76218556439713E-5
0.4253355502182103 -0.060426816635170834 0.06194940187312641 0 -7.704220272283894E-9 -2.6882622772292625E-8 -2.7624202224968394E-5
0.3783639298171796 -0.12391451309547895 0.06047575124681011 0 -1.3814300005721862E-8 -2.648156232060283E-8 -2.7627209060579495E-5
0.3404696044317066 -0.192505611563268 0.06016257670047243 0 -1.592419760603603E-8 -2.3624324130070777E-8 -2.7630493957284392E-5
0.2704412885460664 -0.32134890739138106 0.06148782850104334 0 -2.9144636109875347E-8 -1.709490442487759E-8 -2.762056807760797E-5
0.28780126788651955 -0.24610682281377952 0.05962067759661022 0 -2.0388841744633924E-8 -1.8147652091727477E-8 -2.7629497127765175E-5
0.15779399244920164 -0.4060014305216929 0.062242172248634084 0 -2.8235244182754677E-8 -5.810846114495566E-9 -2.7617124069081855E-5
0.08201071126761389 -0.3939388987243753 0.060668066988986274 0 -3.1171762579298445E-8 -8.211123228052737E-10 -2.7622250281641506E-5
0.04349199689707277 -0.3606955682361924 0.05897556113419837 0 -2.7310595724898534E-8 -1.097064799847243E-9 -2.7630275936004445E-5
-0.05772042989369192 -0.4373202270026056 0.06251628812885628 0 -2.8525498063161595E-8 7.429720514756222E-9 -2.7616331082600366E-5
-0.03317807935019408 -0.4000499580003112 0.06062434517611841 0 -2.8274732569056852E-8 5.738589557645194E-9 -2.7625239873080682E-5
-0.3619566518906658 -0.37751131442037245 0.06698450376718922 0 -3.1980800889835364E-8 2.175304105719729E-8 -2.7607255601278656E-5
-0.36626813150114024 -0.4166408143589399 0.06892167223823106 0 -3.38813636578199E-8 2.11741985966613E-8 -2.7617635950062593E-5
-0.3449125590697449 -0.44322460700183025 0.06935603931497553 0 -3.4319201457280086E-8 2.0132862662600372E-8 -2.7622384871229905E-5
-0.1061373350373039 -0.43371612134398735 0.06278756375601147 0 -2.9951458744331045E-8 1.3670471700873525E-8 -2.760826899764843E-5
-0.1533021139497205 -0.45854960024362473 0.06473399748772989 0 -3.886909599525735E-8 1.3376189084027532E-8 -2.7603787245606926E-5
-0.27258732769368704 -0.47213510106489254 0.06832563375196132 0 -3.755700471240056E-8 1.7186039582064824E-8 -2.7625501992757876E-5
-0.2137590545386873 -0.47234636278777903 0.06671710658979699 0 -4.0882166910828526E-8 1.4270776423271827E-8 -2.761858755107171E-5
-0.18675532053812582 -0.4349325178463068 0.06418357757579088 0 -3.71512583882437E-8 1.6475485350694496E-8 -2.761493492036205E-5
-0.3826278748778653 -0.34149739132768103 0.06638993492953281 0 -3.245369131621501E-8 2.868739178429604E-8 -2.760800157452437E-5
-0.0010639892128916778 -0.35571530812846325 0.05866683852382106 0 -2.6521041067357227E-8 1.2232327163199328E-9 -2.7631216236587847E-5
0.5665181445886517 0.15558354761445173 0.07104008880031383 0 1.7139181100536564E-8 -3.914525821155012E-8 -2.7630681060713578E-5
0.5953591891669738 0.1936606882201294 0.07369160395615945 0 1.6244616053058184E-8 -4.1429040923492295E-8 -2.76352037910762E-5
0.5192463818471629 0.12824117265253684 0.06769417632898124 0 1.7544056683372705E-8 -3.6916448065272764E-8 -2.7617966388519535E-5
0.5285393108936259 0.16518893231571916 0.06885934434787161 0 1.898477397345547E-8 -3.4139812388576966E-8 -2.7624513898137367E-5
0.6744856330743806 0.25899543825752414 0.08106282636378111 0 1.6783316236261408E-8 -5.015218450282075E-8 -2.7628057236596756E-5
0.5964895386590124 0.24538252217967127 0.07505456752399722 0 1.809992411190504E-8 -4.256436448955087E-8 -2.7637075900788648E-5
0.8809325160784339 0.2820885436790224 0.09999999999999994 0 2.6849018762042727E-8 -5.984082071231181E-8 -2.762633267548145E-5
0.7133503615870089 0.32015636681811027 0.08613118221459619 0 2.4682886483875022E-8 -5.538340967746724E-8 -2.7618558525542648E-5
0.7978472984237357 0.3041762806928354 0.09281227257926788 0 2.743192910476183E-8 -5.6686583725032316E-8 -2.7622345478215576E-5
0.4636209692030302 1.4593888372567647E-16 0.06366862151549985 0 5.682856936042939E-10 -3.344592761773828E-8 -2.76275091417405E-5
0.4938126220450951 0.06489296717588176 0.06554297030555511 0 8.694633748985659E-9 -4.0569390305085316E-8 -2.7620945944165168E-5
-0.6153231968638251 -0.38077552285640803 0.08115372829448388 0 -2.2729600080895194E-8 4.903283263751737E-8 -2.7614288621346116E-5
-0.560449570051932 -0.3810942956107818 0.0775098294695611 0 -2.570455333639325E-8 4.397149009879174E-8 -2.7625032644506368E-5
-0.4429539530445369 -0.3153758255937713 0.06823813858748431 0 -2.99699091173169E-8 3.323451494545771E-8 -2.7624723501631556E-5
-0.5043029125892239 -0.34762375509843185 0.07274022680505556 0 -2.83123784969828E-8 3.815496744343164E-8 -2.7630678184890985E-5
-0.6508158876168189 -0.3390076459058359 0.08199721983987755 0 -2.140968495393306E-8 5.398454184361947E-8 -2.7612971206413837E-5
-0.7091826270730176 -0.32330839885714513 0.08590988858162861 0 -2.489699015480904E-8 5.805710339789922E-8 -2.7610080513102233E-5
-0.7619010673352372 -0.3837317836320327 0.09273617861998763 0 -3.579662488428369E-8 5.8209245701663225E-8 -2.7605916684766293E-5
-0.8010515387579304 -0.4625279007956028 0.09999999999999996 0 -4.131422594276313E-8 5.71633063430357E-8 -2.7611259996863964E-5
0.19236089157799777 -0.33317883760233996 0.059881599761303 0 -2.5893548732343126E-8 -1.1550561131634622E-8 -2.763133311564131E-5
0.38492668203237634 1.0023152680894796E-16 0.05989052034096669 0 -2.296973406790153E-9 -2.7646214005710366E-8 -2.763600568113186E-5
0.2997814449763267 -0.1302546190444194 0.057552736756421544 0 -7.905218865482574E-9 -2.189001787901692E-8 -2.7634887844529148E-5
0.3411851195480258 -0.06215460789797836 0.058312559079427444 0 -5.449299926813414E-9 -2.315758356376182E-8 -2.763735679289138E-5
0.25568805190108224 -0.19009790761699052 0.05725179690059135 0 -1.2405212849566731E-8 -2.0080317602814254E-8 -2.7633807519106654E-5
0.21970172124605264 -0.25470361780543144 0.057909449658114676 0 -1.9816717524009333E-8 -1.6189229890158515E-8 -2.7635260060188267E-5
0.23090062297727731 -0.13379820267190193 0.05553869913937325 0 -3.6699434121366236E-9 -2.006086057876649E-8 -2.7624485257683413E-5
0.10559774308437374 -0.32641465451667345 0.0581670361159444 0 -2.3461314061156105E-8 -6.046508025591799E-9 -2.763353141294629E-5
0.031363797849434556 -0.30517057546423765 0.0568332914109285 0 -2.1734503647748134E-8 -5.041208486507073E-9 -2.763088060483749E-5
-0.08918266806588585 -0.39015326021997465 0.06056960464965617 0 -2.7527118490345673E-8 1.2071523995305193E-8 -2.762249486007551E-5
-0.049756265008924744 -0.359262534671633 0.05895024498757894 0 -2.630296146458307E-8 5.985357257944327E-9 -2.7630258593124834E-5
-0.33370914900421456 -0.3553876317528072 0.06495432896100803 0 -2.506178843844835E-8 2.3038640966370363E-8 -2.7602498119524324E-5
-0.31386332305040454 -0.4019336098806021 0.0662221637922308 0 -2.8553330085431118E-8 1.746604732257513E-8 -2.7614421401651933E-5
-0.15459594130071444 -0.3919265872876224 0.06155021858866086 0 -3.057488366189631E-8 1.7205930110487176E-8 -2.762060386144274E-5
-0.2322802926341843 -0.4023212684393738 0.06371797650698165 0 -3.032551688201478E-8 1.7592687183314133E-8 -2.7621656298056908E-5
-0.33230969380311987 -0.31257443393730217 0.06328313435425743 0 -2.1542470402331296E-8 3.010691040359459E-8 -2.7607784032130545E-5
-0.37984334067586323 -0.29694191152231486 0.06465963905911942 0 -2.655192278530548E-8 3.258972394765612E-8 -2.7613941566966317E-5
-0.03281109095750644 -0.303248501545522 0.05677241598853609 0 -2.3744420881469157E-8 -4.208996717813793E-10 -2.7630713367195012E-5
0.002774404310843052 -0.26370741404826953 0.055444406431408536 0 -1.9328354110282485E-8 -6.860255900825243E-9 -2.7621697975506617E-5
-0.4503344724862791 -0.2539143429242661 0.06663047103760426 0 -2.2585046632701446E-8 3.20316218688211E-8 -2.7625737743746648E-5
-0.40625597693717014 -0.2614749559637888 0.06471383725610917 0 -2.2634970533180364E-8 3.178038091166424E-8 -2.7622278618391868E-5
0.4615326701397575 0.12346215125476942 0.06442192515091573 0 7.975019298248394E-9 -3.388816808617921E-8 -2.7608325577399795E-5
0.5387084587482873 0.20560708274998704 0.07032262751622614 0 1.982281923805126E-8 -3.4699590574213476E-8 -2.763282635911088E-5
0.4879508039440348 0.17532903328848173 0.06671893154849401 0 1.7024853594908344E-8 -2.8796334369468038E-8 -2.761953574824411E-5
0.532509259731304 0.25445661626164345 0.07121936353097057 0 2.1604058149535936E-8 -3.5622446081273046E-8 -2.7638243064983883E-5
0.6341588941531792 0.31283518999890103 0.07981624453248937 0 1.9604848493065032E-8 -4.933186491012231E-8 -2.76288465169113E-5
0.5661686439840169 0.30314954318445153 0.07485251919573685 0 2.1686627136204682E-8 -4.1235612086151306E-8 -2.7638749406809356E-5
0.8437752416466553 0.3790359375932063 0.09999999999999998 0 3.559568080193842E-8 -6.063094437647363E-8 -2.7626579355626556E-5
0.6719229666176102 0.38840511082381185 0.08561888827579653 0 2.5546086180143702E-8 -5.036508823849042E-8 -2.7609749286404443E-5
0.7564175363077813 0.38622567562379634 0.09237249347625182 0 3.550875073463163E-8 -5.4985368916548263E-8 -2.761478031057711E-5
0.41461516466779025 0.07768102097507298 0.06157475739077051 0 1.2929796625779092E-9 -3.3397277840786036E-8 -2.762556258879391E-5
0.41609697408913526 0.13788398400008967 0.062378681269293045 0 4.5572784740689815E-9 -2.915360295586472E-8 -2.7620668270811267E-5
0.3331467524821928 0.06332732629493788 0.0580143200893398 0 4.5942615698249E-9 -2.5003626863968885E-8 -2.7639828607161483E-5
-0.47800098007166614 -0.21838828549818234 0.06713458210584479 0 -1.9734631912075627E-8 3.112939014599671E-8 -2.762361599992961E-5
-0.581042663690517 -0.3157640075984302 0.07626188231201678 0 -2.1621422283961632E-8 4.5637703975813933E-8 -2.762821458263722E-5
-0.516501927640104 -0.27345997871285144 0.07083650833060166 0 -2.338101666170994E-8 3.7086857355947237E-8 -2.7631680964217564E-5
-0.6531660790226061 -0.2763311132584134 0.0799841441751332 0 -1.8205449923938355E-8 5.199182442417499E-8 -2.7622817433106105E-5
-0.7177089386751481 -0.25492955224205677 0.08435704674323387 0 -1.776347133341773E-8 5.425539716398105E-8 -2.761713347181607E-5
-0.7682837005378522 -0.21778108265977297 0.08762455506029665 0 -1.6202706444340575E-8 5.3964052357650897E-8 -2.7610631627986742E-5
-0.7926496756412593 -0.29133333750236745 0.09190870000572768 0 -2.6111800313809876E-8 5.8747825145834786E-8 -2.7614994944769148E-5
-0.8437556437212325 -0.37907955935377746 0.0999999999999999 0 -3.6023481397488483E-8 6.368421709201579E-8 -2.7617289833722943E-5
0.14972579901011426 -0.2593326910893636 0.056582144341893334 0 -1.77227893528266E-8 -1.3008894505692269E-8 -2.763612135235743E-5
0.30024351839566077 1.0287337474471442E-16 0.0566089984335615 0 2.9793659589579046E-9 -2.142541962238598E-8 -2.7640064163385447E-5
0.25485064501553867 -0.06881848120103613 0.0554520694654174 0 1.2369096155655978E-9 -1.7297783302555038E-8 -2.7630004070843788E-5
0.2018137422816696 -0.09141964150518621 0.054287541904913736 0 -4.732041346155305E-10 -1.3855369154677091E-8 -2.761238035156323E-5
0.1764824224893901 -0.17786432905826247 0.05506179018247805 0 -1.0860614119382906E-8 -1.871884674616728E-8 -2.7625570190046817E-5
0.17846806103523252 -0.12182655323316927 0.054152220507936534 0 -6.463206116893337E-9 -1.726285583798225E-8 -2.760977787117514E-5
0.06445906182530688 -0.2524774236880236 0.055351148337145016 0 -1.4890007984362843E-8 -9.270928339713966E-9 -2.7626259609149536E-5
0.01713256069613923 -0.2191946756676691 0.054245341320781695 0 -1.3448882622384484E-8 -5.6409407927267796E-9 -2.7609338800731965E-5
-0.015811501710617768 -0.22080470166743846 0.054282927994611936 0 -1.9116125523139206E-8 -3.488633734761454E-9 -2.7609540663162227E-5
-0.11115524588477288 -0.32319159740630654 0.058116751891295344 0 -2.4926975011655207E-8 9.979782418633162E-9 -2.7634105535795076E-5
-0.2724211583800276 -0.34021230275634257 0.06225471036920954 0 -2.0117256321690192E-8 2.1916870680263137E-8 -2.7618188639142388E-5
-0.19295762658678686 -0.33421241295621795 0.059933626134453855 0 -2.3777778725707927E-8 1.7212224070807842E-8 -2.7631098716254985E-5
-0.299671918215507 -0.26919022055739933 0.06068803798570996 0 -1.714118747527603E-8 2.6938022069136543E-8 -2.7624023971925697E-5
-0.35401952964801076 -0.2618191533072333 0.0624765930436588 0 -1.976161455663971E-8 3.122259259213249E-8 -2.7620591496654004E-5
-0.059917909088264505 -0.2537684697083779 0.05535616729591674 0 -2.3001125553837094E-8 -1.6162741447365668E-10 -2.7625886243981556E-5
-0.4286041911968905 -0.21160410640457614 0.06443452009247358 0 -1.6152720117727587E-8 2.952652143528972E-8 -2.7622210790921394E-5
-0.3837371950984817 -0.21760730691022395 0.06251779019199943 0 -1.563238885325769E-8 2.9571127453568013E-8 -2.7625072400257312E-5
0.44078820931890417 0.17778853409565737 0.06428879605061415 0 1.1604252543219426E-8 -2.6717925560471713E-8 -2.7620937715928198E-5
0.4759951064045458 0.23047538821939026 0.0673334019397155 0 2.035823207353718E-8 -2.955167807048467E-8 -2.7631647202544392E-5
0.5023235944487765 0.29151864533540206 0.07059623054924213 0 2.4842727076981483E-8 -3.438030247650409E-8 -2.763953310875699E-5
0.5853609901656723 0.37038384021673393 0.07867156144500055 0 2.307730816638184E-8 -4.405104783161749E-8 -2.763211300187058E-5
0.5293785213896149 0.3388907230126146 0.07386902220939724 0 2.5584604443367068E-8 -3.817497824628728E-8 -2.7640293089605347E-5
0.8010710017272104 0.46249419126110125 0.09999999999999991 0 4.096986744500252E-8 -5.411457152382102E-8 -2.7623377534702326E-5
0.626960623589047 0.4522983371432033 0.08535306995964971 0 3.019044097542566E-8 -4.3080018663813036E-8 -2.762142816714679E-5
0.7061350528834721 0.4673278645716987 0.09212747065803699 0 3.7399651330355815E-8 -4.47805849478913E-8 -2.7616746461130668E-5
0.3592371994727271 0.12552401442410036 0.05970040660633737 0 6.099414798371918E-9 -2.63284616024909E-8 -2.7634693883493734E-5
0.39449037889125516 0.17177804019933995 0.06198157459134765 0 9.08315426147976E-9 -2.677356455632319E-8 -2.7628203405344994E-5
0.2907007887888551 0.1297941048796961 0.057242741237689944 0 1.2118139412875675E-8 -2.011578920165866E-8 -2.7638474070964812E-5
0.2538184516803514 0.06940494742292715 0.05542696753822805 0 1.1615143165854187E-8 -1.8806405488228044E-8 -2.7631765454251843E-5
0.20062573683728857 0.09527047772396227 0.054301155270572714 0 1.3293612824306021E-8 -1.38863977058023E-8 -2.7614677442274386E-5
-0.4690213191754545 -0.16282051739106812 0.06545407679976868 0 -1.3494259118472558E-8 2.9927168325760905E-8 -2.76102885442366E-5
-0.5329845388239064 -0.1985594752136454 0.06981392050905111 0 -1.998552189989944E-8 3.6075955154541195E-8 -2.7626179712078338E-5
-0.5985835515449605 -0.2260297922817816 0.07467942546060531 0 -1.760563747528419E-8 4.449663712950348E-8 -2.763101443003071E-5
-0.6738902730202506 -0.22049852083738797 0.07997070091519404 0 -1.3680339823392074E-8 5.0824405605947425E-8 -2.7623714745974726E-5
-0.7224932718504692 -0.1846612188414888 0.08299584497449673 0 -9.272566240928244E-9 5.2716282795298204E-8 -2.761419764275092E-5
-0.784218194998307 -0.17459658052838994 0.0880668176158918 0 -1.3303991276436544E-8 5.5452555372033355E-8 -2.7602902475107006E-5
-0.8340398056073667 -0.21902107573341573 0.09363611174877708 0 -2.1577195586804207E-8 5.8341585855938014E-8 -2.761158288394744E-5
-0.8809151182252344 -0.2821428693025129 0.09999999999999996 0 -2.723404286685787E-8 6.29475045543113E-8 -2.7620198443901756E-5
0.11138757858716244 -0.19292894544503636 0.054318208030815426 0 -1.1742963932562515E-8 -1.2004316872676192E-8 -2.7624883196911607E-5
0.2238875048948224 7.238912562247948E-17 0.054346295287657886 0 5.298285752389317E-9 -1.5799284474355635E-8 -2.7627856175142188E-5
0.19420772375092543 -0.04676552312468657 0.053768452091938715 0 5.526764781118275E-10 -1.060718543917798E-8 -2.7618107634970166E-5
0.16765785073129597 -0.0820458117059934 0.0534822586461166 0 -5.876647835869585E-9 -9.540080797995168E-9 -2.7608559234381413E-5
0.1532214795718842 -0.1047515501973591 0.0534601593182905 0 -9.66078928212722E-9 -1.1936224658270688E-8 -2.7608571813472115E-5
0.13365633223327952 -0.1314943305448411 0.053500013617672364 0 -1.1670058704829401E-8 -1.2896710374952653E-8 -2.7614724273630084E-5
0.1909210649037196 0.04684254353730671 0.053697308093126346 0 7.0210712021705575E-9 -1.632821715175447E-8 -2.7619043120445034E-5
0.05493858025113072 -0.1872116672800932 0.053664600392910426 0 -9.615074811956462E-9 -4.740337670265094E-9 -2.761551294281019E-5
0.0015895535343272628 -0.18045943852644164 0.053353802929854664 0 -1.3208667808460154E-8 2.6568962149743524E-9 -2.7607089416622058E-5
-0.053441146730527564 -0.18709102439814254 0.05365287398922711 0 -1.8456380755322373E-8 3.4350387619295154E-9 -2.761532300271259E-5
-0.15050660974349658 -0.260685094950677 0.05663516711153095 0 -2.0922929750979248E-8 9.463193695623413E-9 -2.763634073105754E-5
-0.22974591189928226 -0.256397975299907 0.05821373401797809 0 -1.7788707728725884E-8 1.7874423726851778E-8 -2.7634569289902555E-5
-0.2901412929767384 -0.21922908092139923 0.05898973037684318 0 -1.5541505736286578E-8 2.359919504723942E-8 -2.7632608426813013E-5
-0.3302765228915605 -0.22443841547131757 0.06052899064430553 0 -1.544180885937162E-8 2.781672301145649E-8 -2.76286816989702E-5
-0.11217260429255088 -0.1942886498520168 0.05435789315243198 0 -1.7153337489554888E-8 4.629887427138785E-9 -2.7625352207303484E-5
-0.4043520178042477 -0.16901983470521795 0.062374130552393804 0 -8.805738766079327E-9 2.8862210606173555E-8 -2.762160998688645E-5
-0.36201088411519367 -0.17400839360604692 0.060635096430618034 0 -1.027274140595511E-8 2.778576470447253E-8 -2.7629214078252554E-5
-0.42569230627547644 -0.12215318657273527 0.06260425960749791 0 -3.656533136459172E-9 3.344292213919242E-8 -2.7614582315055134E-5
-0.467604489294916 -0.09647351175034927 0.06440527405535047 0 -7.591209236952124E-9 4.046372629322565E-8 -2.7609973632786698E-5
0.40159415937487924 0.2222711945652258 0.06342742714419668 0 1.6471320713405217E-8 -2.790164427105887E-8 -2.7630139217676454E-5
0.4374027432196876 0.28280425722564984 0.06685837267776952 0 2.606512960287871E-8 -3.071050895059741E-8 -2.763265913937377E-5
0.4716692828943538 0.34325991058700284 0.07076541111671204 0 3.0221223920052625E-8 -3.2773556934452766E-8 -2.763829545993755E-5
0.5572755215547438 0.4510872900080022 0.08061070588876619 0 3.112863923277658E-8 -4.1643845447457435E-8 -2.7631973296178397E-5
0.5201731653431543 0.38799390136202994 0.0753439569886662 0 2.869338704266986E-8 -3.7952803935484637E-8 -2.763924413501323E-5
0.7501545426059838 0.541195955123228 0.09999999999999998 0 4.433605864536405E-8 -4.781397442242819E-8 -2.7629287168477632E-5
0.5828756184496425 0.5332115379316271 0.0868511630159933 0 4.182251027276281E-8 -4.37565818260506E-8 -2.762386085889882E-5
0.650470548607775 0.5465931881196748 0.09240305490818579 0 4.43106540841535E-8 -4.397201615650178E-8 -2.7626232030042694E-5
0.33827356631260735 0.19741612693850677 0.06018657141513714 0 1.3118587172965104E-8 -2.509188085550534E-8 -2.7636348351727128E-5
0.2643297840462276 0.19520810401833616 0.057617277126140565 0 1.5549966461768226E-8 -1.7529173738527874E-8 -2.7639968190836772E-5
0.23462332403576286 0.13422621113694244 0.055643167928538385 0 1.6138402087727342E-8 -1.3123042553818285E-8 -2.7629515804628013E-5
0.1835322570857455 0.12636576122723128 0.05431954168807021 0 1.2758726042503973E-8 -7.429902340126017E-9 -2.761536056217485E-5
0.15384433041034717 0.09209874155024383 0.0533301823681776 0 4.7222160321416365E-9 -1.1279003665520605E-8 -2.7611433436323546E-5
-0.5199939829281822 -0.124648956040805 0.06768673130026932 0 -1.7526312260761393E-8 3.9521592735904624E-8 -2.761526243059675E-5
-0.5744027965338087 -0.14938461510286838 0.07144252826293566 0 -1.646607216900642E-8 4.2422920904421464E-8 -2.762810971399284E-5
-0.6477191420222239 -0.14358128013705043 0.07642272847163621 0 -9.191832586312702E-9 4.93698486347211E-8 -2.7628737262158384E-5
-0.735100345459195 -0.11930462056175606 0.08291132970822637 0 -3.232591464748736E-9 5.7819704999015595E-8 -2.761121143493728E-5
-0.8023821229894582 -0.12465004703532732 0.08885408731398864 0 -1.2012532283635305E-8 6.271160540221375E-8 -2.76011970505858E-5
-0.8531067718150073 -0.15803750226362165 0.09415708085227005 0 -1.9060005313340167E-8 6.284321307608866E-8 -2.760774461250329E-5
-0.9051158299750595 -0.19076243784282 0.09999999999999995 0 -2.1334004630665897E-8 6.537204323548622E-8 -2.7615363431472866E-5
-0.8393412000271001 -0.10211595922316327 0.09200820531311653 0 -1.3808643070002742E-8 6.649801506523688E-8 -2.7608230816458717E-5
-0.5124187514513647 -0.05184789683178334 0.06651654728017117 0 -9.002349560449867E-9 4.2942021707277466E-8 -2.7625192130144375E-5
-0.4662367643365183 -0.05429215722432917 0.06397307879016166 0 -4.6680478432383415E-9 4.051478401162509E-8 -2.7621769002522636E-5
0.07846305682895906 -0.1359020009449211 0.0529048760801971 0 -1.0295416297220772E-8 -4.774639819381193E-9 -2.7619716347635694E-5
0.1581850159804538 4.03666044625459E-17 0.05292729798071231 0 -3.0071582751716363E-10 -1.0954370622571472E-8 -2.7621554645605294E-5
0.1339429855522494 -0.042721659792281826 0.052630185389843626 0 -5.945926119518357E-9 -6.645550437911663E-9 -2.761982283585829E-5
0.12170874450296679 -0.07937873255132208 0.05270638285367756 0 -1.0022795681214517E-8 -6.3596527589721135E-9 -2.7616846714412266E-5
0.0926329081859553 -0.0934021566431387 0.052491087538806276 0 -1.0199713080310188E-8 -4.536496443493824E-9 -2.7621247264766644E-5
-0.07925046645516257 -0.1372658344238745 0.05293295280422828 0 -1.021017389486235E-8 6.875466058045702E-9 -2.761977765884106E-5
0.12737884186502532 0.04457914646124025 0.052542398875778 0 1.561575729700786E-10 -1.1073581533271053E-8 -2.7622072596823488E-5
0.025874926118163208 -0.13266950985365822 0.05254567933671947 0 -9.341804850480835E-9 2.7964308225423483E-9 -2.761938321480675E-5
-0.025243839799718233 -0.13300675455069116 0.052548920040911946 0 -1.057155228238935E-8 6.663941468034963E-9 -2.7619441398414958E-5
-0.18973296493485722 -0.18461798069110355 0.055474546986767154 0 -1.6439388143783804E-8 9.117934148421131E-9 -2.7628499073828397E-5
-0.2483235922732361 -0.1816505696604007 0.05686432272721824 0 -1.605774043239926E-8 1.672731188178148E-8 -2.7633163560634947E-5
-0.30831506111577245 -0.17770170158565643 0.058672582596364375 0 -1.3223410099331061E-8 2.3968473236673623E-8 -2.7634297639072422E-5
-0.13643849435757827 -0.142707733989249 0.05371629461338724 0 -9.93843815565989E-9 6.166582391250388E-9 -2.7616655204832902E-5
-0.184039983968445 -0.12735803584373426 0.05434432437859786 0 -1.3080432175495379E-8 9.134316534236586E-9 -2.7612277995368E-5
-0.10393602836491156 -0.0928684349452979 0.05261104654913399 0 -3.3612914237224846E-9 9.723847674763376E-9 -2.7619523789910016E-5
-0.33491839009005275 -0.13913239257244242 0.05894927757126896 0 -9.088177002255034E-9 2.6013297864731275E-8 -2.7634093570884256E-5
-0.379850741799242 -0.12110542276221135 0.060500587943527986 0 -4.396313308028945E-9 3.002978274918707E-8 -2.7627475176896574E-5
-0.40842759083875496 -0.05875232359605658 0.061140527783328784 0 -1.0825120545282756E-9 3.4413455254958414E-8 -2.762831950936243E-5
0.36282250283673584 0.2686598783514224 0.06303900336729046 0 2.1050548135917123E-8 -3.004394571315984E-8 -2.7626968550066395E-5
0.4058790843317993 0.3317218591300756 0.06705525860874961 0 3.2190572340319636E-8 -2.8790927299869555E-8 -2.7625042441154084E-5
0.4678168231247622 0.39722837411780604 0.07282402579327739 0 3.271538876808646E-8 -3.245572220592174E-8 -2.7638857111153402E-5
0.43228391685071293 0.3802988180284773 0.07026687195777441 0 3.424971089326337E-8 -2.8181399637363104E-8 -2.763371695056362E-5
0.5096255127299391 0.5106912413470729 0.08097857821614195 0 3.684284067491912E-8 -4.11952455004496E-8 -2.7628869465094408E-5
0.49005227512439575 0.44470401859070535 0.07629562530822705 0 3.3245785395835006E-8 -3.629557710357251E-8 -2.7638048111144492E-5
0.5354804188313992 0.5793968081607486 0.0867593250488703 0 4.521267921592141E-8 -4.207635505824562E-8 -2.7614177406435656E-5
0.6847900044003186 0.621834941224156 0.09999999999999994 0 5.257802463696036E-8 -4.610776875519648E-8 -2.7631942677637146E-5
0.5876935447112426 0.6161088910778022 0.09257893706827944 0 5.256891903388845E-8 -4.061553292212761E-8 -2.7619389720260008E-5
0.2968769596322443 0.26583446546620604 0.06049214663587174 0 1.686060124606294E-8 -2.461796724992278E-8 -2.7633235555849916E-5
0.22703812963746217 0.26409762190385 0.058370438456053005 0 1.797921067228962E-8 -1.602555277305572E-8 -2.7642337291807003E-5
0.18890830540911197 0.18932922319802872 0.05555650018582656 0 1.634302282945777E-8 -7.467345400176118E-9 -2.7634890481935006E-5
0.10177697427875262 0.08834048795367637 0.05253956863179544 0 2.90838995043275E-9 -8.218000407091247E-9 -2.7622831937790438E-5
0.13647605991683223 0.1435082568468913 0.053729825805134857 0 9.884618264996029E-9 -4.580079997909185E-9 -2.7620950485532738E-5
0.14969050843762163 0.2592715660247786 0.05657975437506356 0 2.07342956644358E-8 -7.476204738689642E-9 -2.7644080777472545E-5
-0.5844196053235717 -0.07491703801282973 0.07115392026499065 0 -1.0048937818837035E-8 4.6084991700688814E-8 -2.763248704544728E-5
-0.7351410524947968 -0.060926854977285956 0.08231802271497875 0 -1.026464986799941E-9 5.9299331708692426E-8 -2.7619385182314024E-5
-0.6752473549062168 -0.060997662019661704 0.07752927755735102 0 -1.8920232347585206E-9 5.3226314173459176E-8 -2.7629915491282405E-5
-0.7962287177911108 -0.06074957956360477 0.08762354715881242 0 -5.788066878629258E-9 6.471976417003962E-8 -2.7612806420866735E-5
-0.8627884197170684 -0.055125093298773874 0.09385473111979895 0 -1.004320434487614E-8 6.790043102928845E-8 -2.7616587904182013E-5
-0.9192838471164881 -0.10263764414409532 0.09999999999999994 0 -1.5348893099096158E-8 7.169882937838395E-8 -2.7618081789373467E-5
-0.5447672634209793 2.858524015158418E-17 0.06830049229574699 0 -4.856700512453937E-9 4.1551539974124863E-8 -2.7633358698089865E-5
-0.4638591691868275 2.797468827787367E-18 0.06368112390889594 0 -8.299395700946843E-10 3.5418041893172417E-8 -2.762863723602336E-5
0.04273067501608843 0.07401170016957923 0.051925849626185475 0 3.6052666201666613E-9 -5.4881847761560575E-9 -2.7632330072079558E-5
0.04273873390329096 -0.07402565857166639 0.05192600533605054 0 -7.374882810451135E-9 7.436504068248443E-10 -2.7630015837332024E-5
0.08580268905133058 2.7616060966210454E-17 0.05192915349305607 0 -3.728718272869003E-9 -5.562142417379556E-9 -2.763100799313175E-5
0.07416648351753428 -0.042820039223696336 0.051927573540639343 0 -6.6327770807187175E-9 -2.7369617986766804E-9 -2.763021582331982E-5
-0.04299754043112494 -0.07447392462720538 0.05193102148339571 0 -3.807379934353075E-9 7.15680015836701E-9 -2.7630015774285152E-5
0.07415950431437714 0.04281600977887487 0.051927495533993596 0 -3.3002636504675963E-10 -6.643812201724662E-9 -2.7631515959215416E-5
1.3904975238826412E-17 -0.08573627431625096 0.051928505242836896 0 -6.410382599678129E-9 4.744041708225045E-9 -2.7629618692966328E-5
-2.9796378738924766E-17 0.08577355466188762 0.05192886660175564 0 6.310127383987701E-9 -3.1395291965377127E-9 -2.7632278559419928E-5
-0.22815732549244747 -0.13366956667415786 0.05546555293618704 0 -1.6411318438728662E-8 1.4008148994133291E-8 -2.7624323903356598E-5
-0.27837086784154214 -0.12617379267311213 0.056793561369108604 0 -1.3264668182323461E-8 2.0652414591443338E-8 -2.7633852623892314E-5
-0.15093740406319933 -0.09389909648308081 0.05329903073383901 0 -4.770540626518646E-9 1.2459122966138644E-8 -2.760940409436873E-5
-0.19761019796705667 -0.10158906953187431 0.054303584925033135 0 -1.3571437734306401E-8 1.4315796612732709E-8 -2.7611313316384167E-5
-0.12619399745448537 -0.06614911525416545 0.052660410611162535 0 -1.2659365032459483E-9 1.2650055325357705E-8 -2.7618055017104478E-5
-0.07423701450489274 -0.042860760308234 0.05192836227840669 0 1.223864826182579E-10 8.253574320010605E-9 -2.763042075200605E-5
-0.4277423899643161 0.06497482014443749 0.06209784320535729 0 8.03998935971269E-9 2.8686305503598582E-8 -2.7625785528303886E-5
-0.33304413722574777 -0.06930677678439595 0.058055306373968225 0 -5.1378880525695465E-9 2.6804609934485667E-8 -2.7638128495055554E-5
-0.3847166606924661 9.345124501562139E-19 0.059881376808148805 0 2.1281489272602334E-9 2.947744927830358E-8 -2.7636947301756312E-5
0.3329058545937796 0.33325924236807375 0.06406157186555389 0 2.2528847496193893E-8 -2.5369130124922258E-8 -2.761242582334743E-5
0.49825230464030634 0.6040689738251999 0.08623250303750961 0 4.251060239512066E-8 -3.697303106311437E-8 -2.7611838101882877E-5
0.3818998921620359 0.39282083230988174 0.06849211870683777 0 3.4269352170829374E-8 -2.0797554065936193E-8 -2.7626116509665037E-5
0.4314021965681312 0.42876752259718576 0.07244484890584979 0 3.47567317604649E-8 -2.8338383224601637E-8 -2.7637532633566118E-5
0.4723939921181883 0.5653277489130144 0.08223903081434109 0 3.776267026045122E-8 -3.83580404837465E-8 -2.762229117387546E-5
0.44736034083495346 0.4974141441538552 0.07684191432450417 0 3.552883368506584E-8 -3.377753669096123E-8 -2.7636405666969435E-5
0.5230354883414245 0.6422697488364204 0.0903707538749386 0 4.93883159476477E-8 -3.308481690152513E-8 -2.76121804153739E-5
0.6177594130735138 0.6884753307245898 0.09999999999999995 0 5.742705420502571E-8 -3.997116904818303E-8 -2.762692933560503E-5
0.5518007966248653 0.6760563257947593 0.09465507346897212 0 5.422502377589533E-8 -3.319162750066126E-8 -2.761954614888709E-5
0.2625418688185837 0.33648330779519714 0.06181290503458571 0 2.0099888116729818E-8 -1.951313902353669E-8 -2.763124240226878E-5
0.10763513709501461 0.3224957272318108 0.058047784011843594 0 2.478093452261828E-8 -7.745317269651452E-9 -2.764383724952585E-5
0.19231764390950024 0.3331039304431938 0.059877835485628014 0 2.3548969710705782E-8 -1.523874893171155E-8 -2.7641470762797646E-5
0.11136664405289663 0.19289268576805546 0.0543171535525474 0 1.68552554000919E-8 -2.7773655366722213E-9 -2.7630762348791294E-5
0.07844894660138711 0.13587756131386042 0.05290437550856248 0 9.86839644753012E-9 -5.298444372879321E-9 -2.7623897171738522E-5
0.03519829734560284 0.13784946141786306 0.05265706254873472 0 1.1039976571620193E-8 -5.1002013785452575E-9 -2.762287260673168E-5
0.06630901180929025 0.2508565357105051 0.05531869953262273 0 2.2506723799949217E-8 1.2412169888094055E-9 -2.763407710431061E-5
-0.017053837843317182 0.27836069099312905 0.05590951428308119 0 1.9442933930933846E-8 8.311505782844825E-9 -2.763475464923027E-5
0.011677278178983168 0.25977319628253465 0.05533524160416193 0 2.040180505943994E-8 7.483033692553688E-9 -2.762903897640882E-5
-0.036475279191632355 0.1302798698937502 0.052547520741153056 0 9.169293737584538E-9 1.5347371059613195E-10 -2.7624281133228546E-5
-0.004334214649360648 0.15163914092247652 0.05281372846092682 0 1.0937713654556128E-8 -3.141035059393368E-9 -2.7618966614295152E-5
-0.5548238392163805 0.07638757137486699 0.06925704553616709 0 -6.109401733220675E-10 4.009035211736515E-8 -2.7630849259147376E-5
-0.6361392415232946 1.3179599374821288E-17 0.07441207081886599 0 -3.3024392302928825E-10 4.8371045472120847E-8 -2.7636728220329535E-5
-0.7353276040989696 1.376885046738379E-19 0.08212306732579755 0 2.5995286508802835E-9 5.584156588529561E-8 -2.7624271881381305E-5
-0.8245744171037558 1.994957568951944E-17 0.09002147282184524 0 -3.1902305657594047E-9 6.256448758432844E-8 -2.7618200474674603E-5
-0.9249999999999996 -3.487031299242896E-17 0.0999999999999999 0 -6.906773027011712E-9 7.023823656236908E-8 -2.762470873675673E-5
-0.6215823870108426 0.05940809814964494 0.0735747228508592 0 3.0350257034935393E-9 4.6045677803217866E-8 -2.763668649482387E-5
-0.5039157942187592 0.07056797810116018 0.06615707446286308 0 1.3227365528637332E-11 3.3754669873936054E-8 -2.7622369067493507E-5
-0.4742240483662385 0.11256694280313873 0.06494853319711702 0 6.747324004488814E-9 3.3721454146532287E-8 -2.761003535285002E-5
-0.4362515368769683 0.13236424219261794 0.06326633817399899 0 1.4511590213604017E-8 3.408948614293648E-8 -2.7615525549456377E-5
-0.3689420167821231 0.1279817916152874 0.06013540062401418 0 1.3334616094255418E-8 2.7921751378084773E-8 -2.76336028828159E-5
-0.40020050920329836 0.18553375498639205 0.06251643484045978 0 1.6279029874351804E-8 3.2541351091625694E-8 -2.7629182063206666E-5
-0.11902524067374867 0.3280525016025783 0.058398241089487615 0 2.352898202360663E-8 8.377554779164832E-9 -2.764398483367075E-5
-0.278960464150049 0.23105339123962187 0.058930977919053947 0 1.8288612205638478E-8 2.0414270618850702E-8 -2.7639849547362187E-5
5.529796886260846E-16 -9.523255661324038E-16 0.05151308386343702 0 -8.806704458477767E-11 8.00612631554986E-10 -2.7639539342053705E-5
-0.043042879691499385 0.0745524545297515 0.0519319033593881 0 7.265614494149979E-9 8.489336724948507E-10 -2.763229921705996E-5
-0.24680219676358373 -0.07209570484822997 0.055249906628573604 0 -1.2197259548285141E-8 1.998514867805555E-8 -2.7628430967633874E-5
-0.1740533791739203 -0.0457943921612332 0.05334383022045102 0 -4.945367922714881E-9 1.696028987383146E-8 -2.7616846355279325E-5
-0.12783259126111418 -0.033275347967647695 0.052499203818416273 0 3.405400344841353E-10 1.2338503454530328E-8 -2.762240522053744E-5
-0.08544796042127181 1.2633032021521531E-17 0.05192572029476935 0 3.524313924855932E-9 7.156624619606007E-9 -2.7631339716174642E-5
-0.33947513674739144 0.06240362523718613 0.058248486325065116 0 5.1373011951599685E-9 2.4847130656556416E-8 -2.7640147085411873E-5
-0.30816555573663146 0.12979030410922676 0.05783416263257108 0 8.47584731389171E-9 2.3983357436194762E-8 -2.763973690330472E-5
-0.22695325756190307 0.2565120405768185 0.05814491145404571 0 2.01518430284175E-8 1.8074880602270498E-8 -2.7643146227757E-5
-0.25569422992480956 0.1801064295667739 0.05704280655464759 0 1.0932951622837213E-8 2.2144246238878328E-8 -2.763934371952901E-5
-0.07471068043782807 0.26158647648355277 0.05569656348774581 0 1.5800160026333266E-8 1.1025695258612133E-8 -2.7637779954291666E-5
-0.15073713287945018 0.26108437273446883 0.05665087411303693 0 1.7788681994115334E-8 1.4686749618671042E-8 -2.7644707113859398E-5
-0.0793293077376864 0.13740239153093972 0.052935779499837216 0 1.019825079958077E-8 6.581084295430111E-9 -2.762398238530818E-5
-0.299396714946573 6.0549876586637245E-18 0.05658028588283899 0 -3.2674829221085055E-9 2.3138287656379884E-8 -2.7640567174631764E-5
-0.39181543828090004 0.55445735722153 0.07760084140770424 0 4.412380149114167E-8 2.8832421408951535E-8 -2.7638746408784795E-5
-0.42125713605646403 0.6077940464059373 0.08247265847688973 0 4.987181431054348E-8 3.115688621870608E-8 -2.7628739556115055E-5
-0.4499036574234317 0.6597655574984553 0.0876254316161508 0 5.2071833619321534E-8 3.788220714398819E-8 -2.7623244482526464E-5
-0.4789401191209052 0.7197628636157833 0.09385470752197607 0 5.266418669574344E-8 4.3398997274439707E-8 -2.76276138330311E-5
0.30693864167133966 0.4042133776050551 0.06608285286906407 0 2.8424825811654633E-8 -1.5327172109195524E-8 -2.762788017076891E-5
0.45341996389119593 0.6343388790419371 0.0859386615701075 0 4.230430502917879E-8 -3.096774686482649E-8 -2.762034120321654E-5
0.36186279370904106 0.47199806236141656 0.0715259330567936 0 3.570934848387432E-8 -2.167841202197773E-8 -2.7640029779868837E-5
0.400949758946052 0.5652131577221655 0.07869394977656127 0 3.839051415967705E-8 -3.047077330155056E-8 -2.76356450658785E-5
0.4904238791693691 0.6985151762406319 0.09277567976728547 0 5.193125431520102E-8 -2.82490966105124E-8 -2.762332467257226E-5
0.5485314952955888 0.74480230687788 0.1000000000000001 0 5.7358788879327133E-8 -3.173911109244856E-8 -2.762930362505347E-5
-0.157502577302292 0.4062797025959702 0.06224976286168574 0 2.7952708432407866E-8 7.63015704883442E-9 -2.762979693377192E-5
-0.04439277195221168 0.328710102628296 0.0577329050528648 0 2.386918165721328E-8 5.31470336258635E-9 -2.764262722104873E-5
0.025557696189703685 0.3104658173674805 0.05699894508193312 0 2.3724020608993582E-8 2.382903636427388E-9 -2.7640788633862278E-5
0.05891091878969271 0.3561813785904501 0.05888183035860122 0 2.5994948614057113E-8 -4.971789700388978E-9 -2.7641439933497487E-5
-0.07539656272461737 0.3826387268002811 0.060112744280339386 0 2.9764971233609407E-8 2.9551473858767725E-9 -2.7637320184435775E-5
-0.19156331121345582 0.4731617410648756 0.06625147072173321 0 2.846129021275496E-8 1.7402807456608514E-8 -2.7628242546983912E-5
-0.31860245148696237 0.5518356333914171 0.0744889558881298 0 4.085441188897498E-8 2.495435468131189E-8 -2.7644651322026296E-5
0.23188989210585279 0.40164507488900236 0.06367695651733306 0 3.013725376900063E-8 -1.5652807129258094E-8 -2.7633953507336684E-5
0.18545604713463834 0.43047399478074116 0.06393784680976809 0 3.632588046242455E-8 -1.479301433780791E-8 -2.7628433959180812E-5
0.15384627156060351 0.3839117365891883 0.06118533303935759 0 2.944884989721678E-8 -1.5117776416344184E-8 -2.7634491499469342E-5
0.08567704016096148 0.3934342712802923 0.06068036954612458 0 2.73794949628319E-8 -1.0023971936426315E-8 -2.7634017187184198E-5
-0.04746651353754765 0.1829715324610284 0.053532622158623755 0 9.382225776334219E-9 4.954105865432982E-9 -2.761974996398529E-5
0.01717373484524668 0.1662656573333219 0.053092157016808576 0 1.4013447135532052E-8 -3.347405861882124E-9 -2.7616384277685266E-5
7.833096257776418E-4 0.19069362679459012 0.05356840441819727 0 1.418249718258946E-8 6.63981574900074E-10 -2.761183818440928E-5
-0.014253461472862217 0.23459230484404994 0.05463523466770248 0 1.517565605527546E-8 8.903963557900922E-9 -2.762055762112322E-5
0.04520143550094837 0.1841851235528076 0.053545944108146816 0 1.7882302309175474E-8 -1.9611623071398452E-9 -2.7619049123069098E-5
0.017981432514459814 0.22651294475696923 0.05443142027174295 0 1.9688172158344256E-8 5.588645270108795E-9 -2.761825002142387E-5
-0.4509389353459413 0.18062953941108667 0.06485872161226297 0 1.3696398759175724E-8 4.0082047149279015E-8 -2.7621476275348708E-5
-0.43855507291261625 0.22078311851591842 0.06514753629020965 0 1.4907092054342086E-8 3.7241954013771355E-8 -2.7629964879522268E-5
-0.5430568755805911 0.1088667628343709 0.0688662273363696 0 3.935620923778693E-10 4.031096985371526E-8 -2.762621113797934E-5
-0.5075730010734566 0.12513873893141766 0.06697106660603608 0 1.869922348839602E-9 3.898779665001163E-8 -2.7615552362307097E-5
-0.4876818695036711 0.16005919777938846 0.06641416297022892 0 7.467081013737254E-9 4.286112099137133E-8 -2.761629016303157E-5
-0.5817364775186938 0.11498204866540508 0.07140762999266016 0 3.423207746885758E-9 4.388485219807511E-8 -2.763316693860781E-5
-0.6893460495224288 0.06354738512595376 0.07863780818203957 0 7.983292454174632E-9 5.0158453569165794E-8 -2.7629462762788747E-5
-0.7599167871431189 0.060700756349994105 0.08441733903220823 0 6.635495155144218E-9 5.371355145749275E-8 -2.7617450583838236E-5
-0.8184909839211809 0.07533925376340878 0.08977629762126756 0 1.848367051511945E-9 5.80532986263897E-8 -2.7612577472265193E-5
-0.8641324069088798 0.06217499425579329 0.09403348687291993 0 -1.6046455812834706E-9 6.29248354782417E-8 -2.7617724330587504E-5
-0.919284810212244 0.10262901652303173 0.09999999999999994 0 -2.2235345329309656E-11 6.79082188404248E-8 -2.762104922591717E-5
-0.7200856347104291 0.1275637570102766 0.08178787314202204 0 1.547450561176981E-8 5.3629948368551435E-8 -2.761847810842324E-5
-0.6366216770914513 0.14805650423757327 0.07568897320024312 0 1.1671714214753863E-8 4.8562111846631434E-8 -2.7634166662173178E-5
-0.5083123257938114 0.6756675576578803 0.09200745306162258 0 4.939622775212556E-8 4.578940180579726E-8 -2.7619335437899927E-5
-0.5084523869045262 0.6310249340793687 0.08870435188239581 0 4.7158204121110766E-8 4.182238074045038E-8 -2.761201360807041E-5
-0.5485031394581954 0.7448231888659755 0.09999999999999998 0 5.316347450477814E-8 4.974831690486275E-8 -2.7630123654698712E-5
-0.47303326379715877 0.5791284533565413 0.08316905076856485 0 4.7458508242968447E-8 3.2512676005191264E-8 -2.7620447012434883E-5
-0.45509595152323223 0.4866404390645807 0.07663670286639768 0 3.6877850388199395E-8 3.336329695081927E-8 -2.7637725359656047E-5
-0.4180330375357138 0.4186106610386911 0.07131407766744807 0 2.6959531041165256E-8 3.610383494265075E-8 -2.763643809738068E-5
-0.35805699391726126 0.4725541821277961 0.0714004969823895 0 3.432647962321168E-8 3.191093162604414E-8 -2.7640874769345247E-5
-0.3304177610769968 0.2075632873895256 0.060121873146272396 0 1.673147819634186E-8 2.4123708056673725E-8 -2.7637194435958104E-5
-0.3986677525588505 0.2551376793832065 0.06418286265211677 0 1.648425282672525E-8 2.978070420795269E-8 -2.7630511322659518E-5
-0.19326570388917413 0.3347460184966116 0.05996054906425581 0 2.5918321891438263E-8 1.3380139194177859E-8 -2.764186858244E-5
-0.2326279902659774 0.402923498403311 0.06375456788963607 0 2.9509171598743967E-8 1.8955519327993772E-8 -2.763473272175852E-5
-0.2730034360466582 0.4728558218736924 0.06837705113188595 0 3.2662157596616833E-8 2.551939615411438E-8 -2.7640433341528195E-5
-0.30165136280488025 0.41841452971898935 0.0665620091821718 0 3.1759983392240886E-8 2.9653606885827647E-8 -2.76320636946958E-5
-0.2982294435153453 0.2720284218761083 0.06072614652584282 0 2.3358086798739864E-8 1.9200988555415892E-8 -2.763233686167469E-5
-0.28071917465641966 0.3771430143239578 0.06401358518053687 0 3.1794536755546684E-8 2.4811901094043086E-8 -2.762810063329228E-5
-0.25621859628623345 0.3266156402995803 0.061257118437086824 0 2.8812490068179847E-8 1.8450404783997493E-8 -2.763380296440658E-5
-0.07427627943517316 0.042883429926301085 0.05192880169730083 0 6.473084269339695E-9 4.400747883295711E-9 -2.7631814539892197E-5
-0.10192189467460559 0.10267269443312377 0.05269596908601702 0 1.0723711285477337E-8 7.685205985958133E-9 -2.762230192109144E-5
-0.22270343343645202 -2.7398019802337882E-17 0.054316401779706945 0 -5.402705408264764E-9 1.745056668816038E-8 -2.7628195153663388E-5
-0.1568744501142894 1.9427769320198104E-18 0.05290395974586273 0 1.8903263037774112E-10 1.2513247532780242E-8 -2.7622123820241618E-5
-0.1333037269353432 0.03517105967265549 0.05258728793055297 0 5.1025540028436265E-9 8.546429548748269E-9 -2.7622415769030784E-5
-0.2668792736165403 0.06671487334767572 0.055790773586017584 0 -6.221401212382232E-10 2.000338870835715E-8 -2.7635350206324818E-5
-0.25161809751440434 0.1255049475699697 0.05598231997151887 0 3.403443343774143E-9 2.1601810834519888E-8 -2.7633192875003777E-5
-0.2204702956430696 0.1429341155499399 0.055415459742855375 0 4.852086456557069E-9 2.2079059087126922E-8 -2.762830288025459E-5
-0.18350196867475072 0.18844743574056294 0.05542383280391714 0 1.1599896622712057E-8 2.0437762672046413E-8 -2.7634800165178165E-5
-0.1122914677939212 0.19449452747555573 0.054363926326504504 0 1.1686888875917531E-8 1.380237029133617E-8 -2.7631280527552167E-5
-0.13865734030206042 0.13413724110678021 0.05361667711440056 0 1.1264179321095835E-8 1.5481699722370333E-8 -2.7619000516950124E-5
-0.3679940573528883 0.637384404218618 0.08217817873449762 0 4.863075792297031E-8 2.624365618415261E-8 -2.7633365125382834E-5
-0.4124740638930545 0.7144260354671818 0.09005646238462257 0 5.142065605586625E-8 3.469279509537E-8 -2.7628465905828864E-5
-0.4625000000000002 0.8010734985006057 0.09999999999999998 0 5.607435741363423E-8 4.1762377842251504E-8 -2.763617149930262E-5
0.41227210451772545 0.7140762315680472 0.09001864521731297 0 5.440686335835161E-8 -2.655536071761636E-8 -2.7627790873905958E-5
0.27234892372669683 0.47172217328134014 0.06829621029644013 0 3.730099350744196E-8 -1.5095994793366915E-8 -2.763951436709837E-5
0.36764043700660404 0.6367719158122639 0.08211917016769554 0 4.5887624726238247E-8 -2.8324026179497522E-8 -2.763272647177571E-5
0.31803615984503875 0.5508547874957042 0.07440724687637126 0 4.092994939914276E-8 -2.228708806767442E-8 -2.7643876333422443E-5
0.46250000000000013 0.8010734985006064 0.09999999999999999 0 6.27543609963087E-8 -2.6959491436357782E-8 -2.7635302819492523E-5
0.3836506929290541 0.7746515411716932 0.09384509082801112 0 6.257196858403978E-8 -2.320693353883212E-8 -2.7627804243778143E-5
-0.14030890931253803 0.4679836164169959 0.06501280116403946 0 3.169034353350267E-8 1.1836821557461807E-8 -2.7615179618537518E-5
-0.10294114607188212 0.4464085827438704 0.06338188130081227 0 3.6293438092745165E-8 5.139570333467736E-9 -2.7619357222835745E-5
0.013052198219917906 0.38970549808144683 0.06010955939350729 0 2.8442603062409296E-8 -1.8124324879539955E-9 -2.7639831090774536E-5
-0.04037960269203984 0.44085703180834646 0.06259577733066987 0 3.589051247077303E-8 2.6585468303032513E-9 -2.7632452180027385E-5
0.06533055038853267 0.4354649165439312 0.06247764990259344 0 2.8180930549128912E-8 -6.556993245603891E-9 -2.7628763927073526E-5
0.21079455863719812 0.4693257584201238 0.0664848367230654 0 4.053317689823646E-8 -1.2258248652722331E-8 -2.763231282880404E-5
-0.2117215867706234 0.5198781223671348 0.06933829044213057 0 3.348062318572904E-8 2.1142623547847177E-8 -2.7637375008812364E-5
-0.1460434120132441 0.503264073058023 0.06704541835555092 0 3.3840202364514106E-8 1.8443654307414023E-8 -2.7621308503517896E-5
-0.17773060720916653 0.5259463281585314 0.0689480477972893 0 3.4256524142463584E-8 2.026563783448546E-8 -2.763235470549359E-5
-0.2900329026458535 0.6297052539110424 0.07871782471366953 0 4.648443606006169E-8 1.869607638348661E-8 -2.763740803162935E-5
-0.2598642375444073 0.5690891545970852 0.07365958600480058 0 4.0521428507041704E-8 2.0817236094537532E-8 -2.764402303713401E-5
0.1498593825176401 0.45279307874260616 0.06437801254812758 0 3.759926288884441E-8 -1.2372934675627319E-8 -2.76177854733313E-5
0.11053788187593885 0.4306223745782792 0.0626902062642271 0 3.0160528836474016E-8 -1.2445076113442837E-8 -2.7622021463218085E-5
-0.4490633670822637 0.26293361409508886 0.06682964731028329 0 1.5358941437733958E-8 3.641106307453349E-8 -2.7634269107512526E-5
-0.4300985673768074 0.3012630280350379 0.0671100012724704 0 1.6257691618515283E-8 3.3259403130428694E-8 -2.7632262225579066E-5
-0.49761740681994665 0.2259943198914076 0.06840949555720777 0 1.2870838090178237E-8 4.2881812549063174E-8 -2.7633611738678164E-5
-0.5518948161465873 0.17422255470543743 0.07046196471921622 0 6.9989018432801796E-9 4.535853647498431E-8 -2.7631609502002827E-5
-0.4324706598932548 0.35955969358955997 0.06940707877592157 0 1.9695253074096576E-8 3.531686806509193E-8 -2.763334046359398E-5
-0.7940808377677345 0.13178185399490336 0.08820577601429047 0 8.413689359143283E-9 5.944037347078842E-8 -2.760386229459297E-5
-0.8565041007211139 0.12935729823844902 0.09401883827528355 0 2.0427060323265048E-9 6.449877294795726E-8 -2.7612172703035913E-5
-0.9051192255768065 0.19074632675980735 0.09999999999999998 0 7.0764473853633736E-9 7.21389401291847E-8 -2.7620888257215272E-5
-0.7583678808155521 0.178257805309045 0.085877514601274 0 1.60856848503348E-8 6.123635603109467E-8 -2.7611652849769284E-5
-0.6170663609123308 0.222189336538271 0.07585507468331582 0 1.678356940582709E-8 4.7626582877021685E-8 -2.76368804702715E-5
-0.6972424057138269 0.20430689657176623 0.08139617396721441 0 1.8983300644999028E-8 5.4429931272697605E-8 -2.76260011191146E-5
-0.5596851197575441 0.6634042603718276 0.09419033697962355 0 4.4342164787276725E-8 4.858019367342881E-8 -2.7619422333393227E-5
-0.5445828559277583 0.5931276201062036 0.08823074690283748 0 4.018792319176862E-8 4.0057530287433023E-8 -2.7614089951035173E-5
-0.6177328508859395 0.6884991641819085 0.09999999999999992 0 4.4640386723077324E-8 5.1741656706763554E-8 -2.7627968929901528E-5
-0.5240933648557363 0.5322322969179639 0.08310069903157469 0 3.9653282191025294E-8 3.517650077099143E-8 -2.7624892703189035E-5
-0.482008368592271 0.40269833860051546 0.07383556549613608 0 2.765359313367257E-8 3.74814408072959E-8 -2.7640352096470743E-5
-0.5228737105474611 0.469403410425903 0.07945982017150148 0 3.5889639152493313E-8 3.7462702697155616E-8 -2.763468900384425E-5
-0.3178442209190435 0.3574692689417035 0.06445327462614317 0 3.031962921928349E-8 2.7422504494705564E-8 -2.7616763135471687E-5
-0.3668515165065182 0.391453181331997 0.06779342734587494 0 2.499037765240815E-8 3.5496198767727475E-8 -2.7623846531916552E-5
-0.37474174799433474 0.32521524057353407 0.06543736846884436 0 1.831722998831297E-8 2.6967612666726806E-8 -2.7617592680650377E-5
-0.3445240713159381 0.2767146512083848 0.0625551726814487 0 2.0646422631594098E-8 2.1582308500366932E-8 -2.7626091700561064E-5
-0.31825267387856393 0.31228528282505885 0.06275542647814246 0 2.6773869612026416E-8 2.0519556351687602E-8 -2.7620180833154843E-5
-0.13208776332768443 0.07040426877471616 0.05277929135503948 0 8.780293910793992E-9 8.22032172892155E-9 -2.761831257352675E-5
-0.13558426904309848 0.09984465055515283 0.05311549222562181 0 1.0723126129124832E-8 1.119802977790035E-8 -2.7615521238950147E-5
-0.18433654548332082 0.04822270923057056 0.05356505347436668 0 5.482198039435642E-10 1.116241431083198E-8 -2.761845959206559E-5
-0.2141365218541703 0.10501643106435352 0.054728299370409676 0 3.284136943521817E-10 1.8375851751781003E-8 -2.762010080649049E-5
-0.18680865935078547 0.12991541986645883 0.054439563423197654 0 5.728999381948992E-9 2.040492453425465E-8 -2.7617378687593168E-5
-0.1657690318723488 0.09663028560186346 0.05359396061230915 0 7.14952199513817E-9 1.3304040364013062E-8 -2.7610272960404295E-5
-0.3275435087421515 0.689022237889938 0.08446715933764735 0 4.868938592210779E-8 2.1703545847094997E-8 -2.7626360166884936E-5
-0.3440235561346144 0.746753392646391 0.089798396197132 0 4.996775104478404E-8 2.7955045073832612E-8 -2.76221894088337E-5
-0.3781299746230488 0.7796968295885027 0.09405159466762453 0 5.247829137255387E-8 3.3468191714142316E-8 -2.7627998240362355E-5
-0.37078556224583165 0.8474286657041803 0.09999999999999998 0 5.749721632460075E-8 3.4653738671739164E-8 -2.7631710822020192E-5
0.33139114289377414 0.7785556133621918 0.09206768166444738 0 6.313282167937553E-8 -1.9196139107172286E-8 -2.7620261879983227E-5
0.3464548928541494 0.7191482470167311 0.08759713317592265 0 5.758401785161769E-8 -2.5555053305943248E-8 -2.7623494482559255E-5
0.31546555307223767 0.6681703741372863 0.08242156072081934 0 5.0671658321872185E-8 -2.6905163673788128E-8 -2.7629245799315945E-5
0.22784343961994072 0.5451094489255655 0.0712614275403811 0 4.380333664315027E-8 -1.2913561866848437E-8 -2.764106818457469E-5
0.28413345033548576 0.6165726819630529 0.0775980862421621 0 4.592833214342089E-8 -2.3108875846669344E-8 -2.7638998745166138E-5
0.290977677915208 0.7546407636986492 0.08855875058870188 0 5.843606281007443E-8 -1.9374057796611128E-8 -2.761324776705964E-5
0.37075219693550476 0.8474432642497914 0.09999999999999995 0 6.821738366245612E-8 -2.0371151883893772E-8 -2.7631074477624944E-5
-0.10596501162257625 0.5041773372256164 0.06652572871029448 0 3.9820060928324997E-8 1.5604783788463316E-8 -2.7621383356822448E-5
-0.07102778036707863 0.4813038479979327 0.06489977746314218 0 4.089945114355964E-8 8.921265019577161E-9 -2.7625239238777173E-5
0.019795838688718658 0.4703114259817324 0.06404440608297313 0 3.2999632098723615E-8 9.737543292665953E-10 -2.7633569615968432E-5
-0.028427878816465992 0.4894039605592073 0.06510500934199118 0 3.8739168978951553E-8 6.050751634083807E-9 -2.7633552097332144E-5
0.09307018049889713 0.4870154223859189 0.06541754354915294 0 3.136054576684664E-8 -1.9873584038591218E-9 -2.7619927485205392E-5
0.15223360853370174 0.5114589799667827 0.06762073099832455 0 4.185872579065632E-8 -3.2044244444247027E-9 -2.7623962924044645E-5
-0.19168892528151515 0.5624523066487594 0.07149027116733256 0 3.888922348009653E-8 1.939664028619546E-8 -2.7639685783574612E-5
-0.12546868182070262 0.5661421054611622 0.07053660282173835 0 4.188335265217553E-8 1.7055355635389265E-8 -2.7637253266670707E-5
-0.25001651455608004 0.6877574831582879 0.0818288600417976 0 5.3099128041760517E-8 1.3973306701140522E-8 -2.762632414636983E-5
-0.19051431605916905 0.626194724144322 0.07575740850014469 0 4.699332602703316E-8 1.465260438042902E-8 -2.764092170918594E-5
-0.496968869184538 0.31115828345845903 0.07096354188096898 0 1.961925681327315E-8 3.92904035064914E-8 -2.7640765028778272E-5
-0.5531916805568735 0.25483900449276115 0.07250231820116239 0 1.689694990237891E-8 4.4207737015687983E-8 -2.763979355679482E-5
-0.8285501209973593 0.21135039229984 0.09293041569195869 0 1.0739892356876018E-8 6.81960573067824E-8 -2.7616492103475714E-5
-0.8809225682293763 0.28211960771987943 0.09999999999999996 0 1.4746124953938802E-8 7.096570268616255E-8 -2.762837073929572E-5
-0.7578216461505274 0.23114048963723496 0.08705889216020636 0 1.7439769992787004E-8 6.114605397543571E-8 -2.7619614785622612E-5
-0.5442886348821633 0.36830034160648034 0.07595460109733419 0 2.852775886141101E-8 4.0880659706390625E-8 -2.763928059011556E-5
-0.6102329054490169 0.29533181001281994 0.07752504764743703 0 2.425239901583298E-8 4.461769551520303E-8 -2.763540971458993E-5
-0.6672358697757713 0.2726523999513782 0.08092297245691278 0 2.247955097041582E-8 4.876120443382607E-8 -2.762965018226385E-5
-0.7250638207162802 0.2644091498704253 0.08523826785223539 0 2.0134788293467075E-8 5.514296163094043E-8 -2.7623948988902004E-5
-0.6071515389330133 0.6092519905512257 0.0934219469334025 0 3.830088219685965E-8 4.819948719712962E-8 -2.762363331285424E-5
-0.5735399527378838 0.553508622043815 0.08749015204644302 0 3.74666863946816E-8 4.1578139729994155E-8 -2.7622251060058675E-5
-0.6847646792234087 0.6218628292777222 0.09999999999999995 0 3.9588374208035206E-8 5.5679800120144035E-8 -2.7633202616462665E-5
-0.5770660846669927 0.4836246905463882 0.08360849061752018 0 3.692659074117964E-8 4.288573563685358E-8 -2.7628942634820437E-5
-0.5580584193120216 0.42548332869284067 0.07938775238593494 0 3.419667944476434E-8 4.150702599965674E-8 -2.7634576865193387E-5
-0.28374056147924315 0.7514739211838952 0.0880520415280374 0 5.423172101812781E-8 2.27392812055382E-8 -2.761285938315488E-5
-0.3165497745723784 0.8071051679018629 0.09409208829712741 0 5.5798201992706245E-8 3.122391714216255E-8 -2.7622050398903852E-5
-0.28739394850298333 0.8792210714939998 0.09999999999999995 0 6.471387805405608E-8 3.0641099806247065E-8 -2.7630786733271E-5
0.29491717071644896 0.8166669280321706 0.09422261270086467 0 6.286534764373362E-8 -1.3326972987922039E-8 -2.7621300995064585E-5
0.15199695343335898 0.5713443637747507 0.07128864354870555 0 4.3551216133979556E-8 -4.693172619534512E-9 -2.76381053521304E-5
0.2647361318881631 0.6988930987695543 0.08313425830297129 0 5.0625879488381235E-8 -2.4408590779601116E-8 -2.7621890757090903E-5
0.19363779692619498 0.6392946953673742 0.07676490405819379 0 4.636170764421158E-8 -1.4797518696356547E-8 -2.763923692586277E-5
0.23873623781901862 0.7680602578468166 0.08814793343306232 0 5.335475252711387E-8 -1.3950953133387354E-8 -2.7616565376197385E-5
0.28735785633849587 0.8792328678266585 0.09999999999999996 0 6.578844038649146E-8 -1.2137562655665207E-8 -2.7630266400122503E-5
0.045020558010702406 0.5239593119206281 0.06715619876796416 0 3.604436595765711E-8 3.080536073040942E-9 -2.7635526964346117E-5
-0.05203180167969757 0.5443357511275837 0.06842717285738563 0 4.266419869176593E-8 1.0640248369522981E-8 -2.763817645234581E-5
0.00125333399408392 0.5186888782774369 0.06673044987207258 0 3.835290032935814E-8 5.437102966887362E-9 -2.7637628655682768E-5
0.09263905094403112 0.5551170207203664 0.06943102413110942 0 3.9474680356389376E-8 1.0794480093818182E-9 -2.7636317885588096E-5
-0.22520922840433807 0.7458968973346561 0.08588793599516027 0 6.002526837223636E-8 1.731776145243077E-8 -2.7619855945362515E-5
-0.056365569894855645 0.6123374883168232 0.07290850863136553 0 4.6141089350520016E-8 7.55079051314111E-9 -2.7644883474799115E-5
-0.11459365381122652 0.6489796043007032 0.07609123122821615 0 4.879245740732904E-8 9.525841224493332E-9 -2.7642745474562584E-5
-0.17201424223952635 0.7059350940103869 0.08139872432652714 0 5.551862042646836E-8 1.14443832416804E-8 -2.7633256418376252E-5
-0.5619648707592039 0.31624700130713346 0.07504348009682706 0 2.4283365398568975E-8 4.2393649415975306E-8 -2.7639859395074243E-5
-0.7888004165309431 0.29037609645717466 0.09153149855841576 0 1.737790270419613E-8 6.145873598912639E-8 -2.7623329740072218E-5
-0.8437609348289447 0.37906778281416026 0.09999999999999995 0 2.0397869200759805E-8 6.47204444760466E-8 -2.7628341268150814E-5
-0.6064827120561797 0.3683452405387546 0.08001332460787643 0 3.249479507038584E-8 4.3937372308774305E-8 -2.7629021494997452E-5
-0.6554904399290363 0.3258387756938692 0.08184700708932659 0 2.7502118759095322E-8 4.550803815643331E-8 -2.7624616716129752E-5
-0.7173789460644423 0.321865662586802 0.08652046298759287 0 2.235746242698654E-8 5.1056157723221206E-8 -2.7619782525261475E-5
-0.6465139113454262 0.538316822314734 0.09160194260007758 0 3.659611334511825E-8 5.224374454675224E-8 -2.7626925168549365E-5
-0.7501326501074496 0.5412263004122692 0.09999999999999996 0 3.5827212483668176E-8 6.362764913206904E-8 -2.7630677566501043E-5
-0.8010558185062641 0.4625204886241073 0.09999999999999998 0 2.755379270042722E-8 6.486079532314664E-8 -2.762491970499949E-5
-0.6328963674406779 0.44705014677999644 0.08550954643040555 0 3.669054593423315E-8 5.072501203598362E-8 -2.762137782623959E-5
-0.2313025414788286 0.8233581280344338 0.09294490463014164 0 6.319961703971581E-8 2.5454880407544513E-8 -2.7625291348085693E-5
-0.19616860770583666 0.9039546015730862 0.09999999999999994 0 6.752062923794814E-8 2.343476940765958E-8 -2.7637377159169506E-5
0.2216527773738334 0.8287572231622684 0.0932031971273528 0 5.943757813094757E-8 -8.33007586433903E-9 -2.7626394003675758E-5
0.10414931811684251 0.6209165315731189 0.07394244219969823 0 4.5337055737312765E-8 -4.5835705267214736E-9 -2.764336879582462E-5
0.1942511971230704 0.716812779625243 0.08273823779707914 0 4.910039463611017E-8 -1.5805461863530035E-8 -2.7628396822056043E-5
0.14442364609626682 0.6895139486023729 0.07960445430492032 0 4.938804310956638E-8 -1.1830790589434898E-8 -2.763743367495607E-5
0.1913914876174544 0.7797285375111098 0.08801717214843206 0 5.4165745552254356E-8 -1.044122579272439E-8 -2.7625484247537872E-5
0.196130597538861 0.9039628493277602 0.09999999999999998 0 6.655809980744852E-8 -5.6924399297226006E-9 -2.7637049960536294E-5
0.020086990102898373 0.582926818943489 0.07076019404513119 0 4.261043424964149E-8 3.461406027962026E-9 -2.764438189589178E-5
-0.17894546311077822 0.7718277883825889 0.08706002927260566 0 6.041086976250332E-8 1.6079264439299714E-8 -2.7627383873104912E-5
0.04599891718688658 0.6542488180254783 0.07585611859697282 0 4.8527556325397196E-8 -3.6926967126411876E-9 -2.7643361180763384E-5
-0.007855133722757698 0.6491499078369714 0.07536310530979572 0 4.813745373445977E-8 2.9993675923869123E-10 -2.764400991699409E-5
-0.13380906082414654 0.7600240739879767 0.08523325950883376 0 5.67227363802464E-8 1.0756552784197775E-8 -2.76310703743866E-5
-0.04850890629174576 0.6781878024575423 0.07767733236817918 0 4.9816884941245475E-8 1.6275996287510684E-9 -2.7640509966079683E-5
-0.09794458893422112 0.7138796015511557 0.08090449857215169 0 5.234116742569242E-8 5.51933485059315E-9 -2.763604645312203E-5
-0.7603438011582597 0.3738096376808479 0.09217483686370775 0 2.091885511215714E-8 5.6986792892396E-8 -2.7617564278961752E-5
-0.6767294999436547 0.3833870641168077 0.0857669286165472 0 3.089565186568591E-8 4.9284877291298096E-8 -2.7610815981410077E-5
-0.7186415188607147 0.46354605628657686 0.09293928953994947 0 3.0585238570447966E-8 6.094847907521204E-8 -2.7617809068458656E-5
-0.14285595486183847 0.8282574032154251 0.09152546819348935 0 6.065327958546976E-8 1.631238586875373E-8 -2.763110206136392E-5
-0.09363126894349026 0.9202489260084377 0.09999999999999998 0 6.490580083762334E-8 1.5420679269806725E-8 -2.763621475529641E-5
0.09361324045256657 0.9202507597854978 0.09999999999999996 0 7.15749126882728E-8 1.5159526095076364E-9 -2.763610062069635E-5
0.14341620299378274 0.8294494640794721 0.09164675622284839 0 6.226471396496123E-8 -4.9265256615010855E-9 -2.7630957051003922E-5
0.08739963386816947 0.6969472503405287 0.07943927986118828 0 5.212549098542075E-8 -8.337489501780171E-9 -2.7638138063947653E-5
0.1332242410665833 0.7460807458646898 0.0840331591986956 0 5.468867292927322E-8 -9.870602398462215E-9 -2.763193627362927E-5
0.011531729957052445 0.7092408490309093 0.07999382505294728 0 5.304388061872648E-8 -5.331726728740851E-9 -2.7633723978530576E-5
-0.08028628936017151 0.7814679591465112 0.08645850584417021 0 5.4181114799747324E-8 6.664489452273111E-9 -2.7626565321951286E-5
-0.04561230651596534 0.7294921334214546 0.08175631121749642 0 5.202557389902954E-8 -4.299180461704208E-10 -2.763060669848923E-5
-2.6622719632600497E-6 0.924994933365257 0.09999999999999994 0 6.86036640024183E-8 9.372644665564937E-9 -2.7631714319820024E-5
-0.057540995049113024 0.8423979795604504 0.0918960227632853 0 5.822346883243907E-8 1.0960544076263781E-8 -2.7624184585330912E-5
0.04284010489062188 0.8515402282381707 0.09269147861274166 0 6.672870889887672E-8 4.415618467752578E-9 -2.762331182721368E-5
0.06678793864290467 0.7745216917616873 0.0857326633705871 0 6.148352506071219E-8 -5.382780077703497E-9 -2.7625053046365868E-5
-0.010066347156763605 0.7750831353836388 0.08553470969702802 0 5.628087217922885E-8 -1.5642275154234469E-9 -2.761715685827634E-5
