% Model:
% Version:
% Dimension:          3
% Nodes:              691
% Expressions:        4
% Description:        Surface
% X                       Y                        Z                        Color                    DeformX                  DeformY                  DeformZ
0.09361324045256657 0.9202507597854978 0.09999999999999996 0 1.5014338719049689E-7 -7.56782121974475E-10 0.049977016530584076
0.19613059753886136 0.9039628493277616 0.10000000000000006 0 1.4388800626741965E-7 -1.6008805085965634E-8 0.04997701661337328
0.2873578563384961 0.8792328678266589 0.09999999999999998 0 1.4124668176743223E-7 -2.9631676332868096E-8 0.04997702441717655
0.6177594130735132 0.6884753307245892 0.0999999999999999 0 1.1827937423589835E-7 -8.351322887553565E-8 0.049977031628499945
0.684790004400319 0.6218349412241562 0.09999999999999998 0 1.0826679163569272E-7 -9.492666381648895E-8 0.04997702748759335
-2.6622719632544978E-6 0.924994933365257 0.09999999999999995 0 1.4754659593621258E-7 1.4421088133078581E-8 0.04997702016188031
0.042840104890621886 0.8515402282381707 0.09269147861274166 0 1.3996446925750985E-7 5.994772827619813E-9 0.04997703012363268
0.37075219693550476 0.8474432642497914 0.09999999999999995 0 1.4126346306302597E-7 -4.443624763916881E-8 0.04997702457330864
0.14341620299378263 0.8294494640794716 0.09164675622284833 0 1.337988085639593E-7 -1.1236901188271955E-8 0.049977023611671646
0.2216527773738334 0.8287572231622684 0.09320319712735281 0 1.3094920330326692E-7 -2.076014592078846E-8 0.04997702872910415
0.29491717071644885 0.8166669280321706 0.09422261270086468 0 1.334815646875947E-7 -3.150607991881407E-8 0.04997703446742069
0.5485314952955888 0.74480230687788 0.1000000000000001 0 1.225525730412817E-7 -6.982347602761165E-8 0.04997702841998036
0.5518007966248653 0.6760563257947593 0.09465507346897212 0 1.1408499535095828E-7 -7.161810011267807E-8 0.04997703915886415
0.5876935447112426 0.6161088910778022 0.09257893706827944 0 1.0778247571086408E-7 -8.190459789364412E-8 0.049977040161220815
0.750154542605984 0.541195955123228 0.09999999999999999 0 9.373451689679923E-8 -1.0176400202042042E-7 0.049977031153696394
0.6504705486077746 0.5465931881196746 0.09240305490818576 0 9.412067908206315E-8 -9.02056592604419E-8 0.04997703422418418
0.8010710017272109 0.46249419126110153 0.09999999999999994 0 8.418924059972447E-8 -1.1204428156800806E-7 0.049977038099901554
0.8437752416466553 0.3790359375932063 0.09999999999999998 0 7.224991647735853E-8 -1.2190650490277543E-7 0.049977036089235406
-0.09363126894349026 0.9202489260084377 0.09999999999999998 0 1.4347617481430164E-7 2.7776433642372832E-8 0.049977015128090246
-0.057540995049113 0.8423979795604501 0.09189602276328529 0 1.3076048322421104E-7 2.0371733791162108E-8 0.04997702870379202
0.06678793864290467 0.7745216917616872 0.08573266337058709 0 1.2873803604141504E-7 -5.7725199571560435E-9 0.04997702990880441
-0.010066347156763604 0.7750831353836388 0.085534709697028 0 1.235824072585867E-7 4.058560044375113E-9 0.049977037218521855
0.33139114289377414 0.7785556133621918 0.09206768166444738 0 1.3082057418288775E-7 -4.028308718194275E-8 0.04997703631892847
0.46249999999999974 0.8010734985006057 0.09999999999999991 0 1.3226365282138517E-7 -5.825872547124451E-8 0.0499770214121065
0.3836506929290542 0.7746515411716933 0.09384509082801115 0 1.299887188723355E-7 -4.838472718915086E-8 0.04997702905549108
0.1913914876174544 0.7797285375111098 0.08801717214843206 0 1.218620195873736E-7 -2.057450971069071E-8 0.049977030284258955
0.13322424106658332 0.7460807458646898 0.0840331591986956 0 1.1975351007341605E-7 -1.5496622121708032E-8 0.049977024020931335
0.290977677915208 0.7546407636986491 0.08855875058870188 0 1.2424529128881794E-7 -3.733488563111915E-8 0.049977043537861074
0.23873623781901876 0.768060257846817 0.08814793343306236 0 1.2017066043038195E-7 -2.7805338006121936E-8 0.049977039705599184
0.0873996338681695 0.6969472503405288 0.07943927986118829 0 1.1336549188759402E-7 -1.043651230384191E-8 0.049977018372195266
0.5230354883414245 0.6422697488364205 0.0903707538749386 0 1.0660763918530086E-7 -6.930907598301342E-8 0.04997704699046091
0.4904238791693691 0.6985151762406319 0.09277567976728547 0 1.1350304754711341E-7 -6.186286592278161E-8 0.04997703498666627
0.49825230464030656 0.6040689738252 0.08623250303750964 0 9.67454609884744E-8 -7.131032717914652E-8 0.04997704787067986
0.5828756184496425 0.5332115379316272 0.08685116301599329 0 9.05741712742232E-8 -8.475299029734571E-8 0.04997703682922103
0.5354804188313992 0.5793968081607486 0.0867593250488703 0 9.754665109129433E-8 -7.934162335371272E-8 0.04997704589295901
0.706135052883472 0.46732786457169856 0.09212747065803698 0 8.100596529005844E-8 -9.53857215430058E-8 0.04997704471591859
0.626960623589047 0.4522983371432033 0.08535306995964971 0 7.262979178489945E-8 -8.75607718561398E-8 0.049977040317046445
0.7564175363077812 0.3862256756237963 0.09237249347625182 0 7.27364100615499E-8 -1.0951215612861198E-7 0.049977047780759155
0.7978472984237353 0.3041762806928352 0.09281227257926786 0 5.821014599317892E-8 -1.1447176332367096E-7 0.04997704139488158
0.5572755215547441 0.4510872900080025 0.08061070588876622 0 7.346457137750983E-8 -8.071259680377842E-8 0.04997702987075281
0.8809325160784339 0.2820885436790224 0.09999999999999994 0 5.587556418663294E-8 -1.2407449504615975E-7 0.04997703775111582
0.8318102133114372 0.22322523392999072 0.09353078509252773 0 4.577607265540639E-8 -1.1574886915625963E-7 0.04997704848636818
-0.19616860770583672 0.9039546015730862 0.09999999999999996 0 1.447661278258002E-7 4.3767633045120854E-8 0.04997701355841313
-0.14285595486183858 0.8282574032154257 0.09152546819348939 0 1.3205627127797785E-7 3.237125651409803E-8 0.049977021445172694
-0.08028628936017151 0.7814679591465112 0.08645850584417021 0 1.2197132523673956E-7 1.7776325077443456E-8 0.049977027211453015
-0.04561230651596534 0.7294921334214545 0.08175631121749641 0 1.1577375258636298E-7 7.913584493768645E-9 0.04997702433164401
0.011531729957052473 0.70924084903091 0.0799938250529473 0 1.1522390657834374E-7 -1.4770951977983938E-9 0.04997702200390485
0.3464548928541494 0.7191482470167311 0.08759713317592265 0 1.20676536526304E-7 -4.790240856093078E-8 0.04997703411408023
0.41227210451772556 0.7140762315680476 0.090018645217313 0 1.1714304442183282E-7 -5.405015539062631E-8 0.04997703011305791
0.19425119712307035 0.7168127796252429 0.08273823779707913 0 1.1191994819242656E-7 -2.62486204178831E-8 0.04997702848368426
0.1444236460962668 0.6895139486023729 0.07960445430492033 0 1.1006997445664961E-7 -1.840574071094163E-8 0.04997701960491119
0.26473613188816314 0.6988930987695542 0.08313425830297129 0 1.1209566844815412E-7 -4.039472935048561E-8 0.04997703569608047
0.31546555307223756 0.6681703741372859 0.0824215607208193 0 1.0978974872699412E-7 -4.689669852463551E-8 0.049977029071465076
0.04599891718688658 0.6542488180254783 0.07585611859697282 0 1.064399333784698E-7 -2.602183716551578E-9 0.04997701362644298
0.1041493181168425 0.6209165315731189 0.07394244219969821 0 1.0068028492697032E-7 -8.084960807914464E-9 0.04997701463477875
0.4534199638911959 0.634338879041937 0.0859386615701075 0 9.886860236179261E-8 -6.177244990706906E-8 0.0499770388714748
0.4723939921181885 0.5653277489130147 0.08223903081434113 0 8.897056451493547E-8 -7.072181589435545E-8 0.049977037963686105
0.5096255127299391 0.5106912413470729 0.08097857821614195 0 8.381425397807032E-8 -7.651193331988885E-8 0.04997703217369824
0.49005227512439603 0.44470401859070546 0.07629562530822705 0 7.506484941747243E-8 -7.01383383468993E-8 0.04997702394410777
0.6719229666176102 0.3884051108238118 0.08561888827579651 0 6.297469752145264E-8 -9.835889495292739E-8 0.04997705281829062
0.585360990165672 0.3703838402167338 0.07867156144500052 0 5.910395127406184E-8 -8.534865656727692E-8 0.049977030822704306
0.7133503615870089 0.32015636681811027 0.08613118221459616 0 5.673970064894154E-8 -1.0662057625879204E-7 0.04997704495955314
0.7561533810021166 0.25116889240286866 0.08746370240455795 0 4.562973848560654E-8 -1.071135052984469E-7 0.049977044640730835
0.4678168231247622 0.39722837411780604 0.07282402579327739 0 7.082173949278997E-8 -6.459980935693486E-8 0.04997702383485294
0.5201731653431543 0.38799390136202994 0.0753439569886662 0 6.609059087696054E-8 -7.417729624455463E-8 0.049977023528145925
0.9051251569294584 0.19071818089926673 0.09999999999999992 0 4.2717552556702944E-8 -1.2852088093457172E-7 0.04997704680222117
0.7902639371480997 0.1788726841459575 0.08869278761371618 0 3.517337377773081E-8 -1.100785094325578E-7 0.049977058738306886
0.8510855832446352 0.14814580550682155 0.0937894978149824 0 3.6607666468360924E-8 -1.2272137269925826E-7 0.04997705665687208
-0.2873939485029833 0.8792210714939994 0.09999999999999992 0 1.3993903170490534E-7 5.804877876165889E-8 0.04997701983568982
-0.23130254147882853 0.8233581280344335 0.09294490463014163 0 1.3414512321373348E-7 4.8411220306202556E-8 0.04997702666243994
-0.31654977457237843 0.8071051679018628 0.09409208829712742 0 1.2537097737429175E-7 6.080672376563414E-8 0.049977029376075885
-0.17894546311077822 0.7718277883825889 0.08706002927260566 0 1.2738932218814064E-7 3.48784724303394E-8 0.04997702582353497
-0.13380906082414656 0.7600240739879769 0.08523325950883374 0 1.2281394363501982E-7 2.6018521944890957E-8 0.049977022684353146
-0.09794458893422107 0.7138796015511553 0.08090449857215165 0 1.1485232670890613E-7 1.7926259467801852E-8 0.04997701877325827
-0.048508906291745806 0.6781878024575432 0.07767733236817927 0 1.095643024289733E-7 1.0133946879199823E-8 0.049977015324970384
-0.0078551337227577 0.6491499078369712 0.07536310530979572 0 1.0563593693167896E-7 5.596032218559725E-9 0.04997701266590771
-0.22520922840433794 0.7458968973346558 0.08588793599516023 0 1.2493653967750695E-7 3.969096135116454E-8 0.04997703337723689
0.3676404370066046 0.6367719158122648 0.08211917016769558 0 1.0259656690460545E-7 -5.242950447259307E-8 0.04997702626598072
0.1936377969261951 0.6392946953673746 0.07676490405819383 0 1.0317042876801585E-7 -2.528828135274829E-8 0.04997701898952996
0.2841334503354857 0.6165726819630527 0.07759808624216208 0 1.0102278606897684E-7 -4.0709576639586044E-8 0.04997702004533386
0.15199695343335892 0.5713443637747505 0.07128864354870554 0 9.506520373657395E-8 -1.1996194165792326E-8 0.049977021087272415
0.020086990102898376 0.582926818943489 0.07076019404513119 0 9.496359338012981E-8 6.497765122349709E-9 0.04997701371927453
0.09263905094403112 0.5551170207203663 0.06943102413110944 0 8.96993199775943E-8 -1.5913551853353098E-9 0.0499770228076297
0.40094975894605217 0.5652131577221657 0.07869394977656125 0 8.955519432024178E-8 -5.725723260703122E-8 0.04997702453339757
0.44736034083495335 0.4974141441538551 0.07684191432450417 0 8.144012989237678E-8 -6.425141838513789E-8 0.04997702483144869
0.43140219656813134 0.4287675225971859 0.07244484890584983 0 7.531298773438975E-8 -5.762211338332602E-8 0.04997702471723759
0.6341588941531795 0.31283518999890125 0.0798162445324894 0 5.1112073278497175E-8 -9.444635893019827E-8 0.04997703483727714
0.5293785213896149 0.3388907230126146 0.07386902220939724 0 5.9141011206480335E-8 -7.514686064006536E-8 0.04997702316135861
0.5661686439840169 0.30314954318445153 0.07485251919573685 0 5.2442665897262766E-8 -8.108803954578593E-8 0.04997702515434064
0.6744856330743808 0.25899543825752414 0.08106282636378112 0 4.405184040431513E-8 -9.843250552752586E-8 0.04997703634261763
0.7226994437477959 0.19973529248782174 0.08334138075756292 0 3.336170188194162E-8 -1.0191060174733238E-7 0.049977045782937476
0.432283916850713 0.3802988180284773 0.07026687195777442 0 7.102424292674141E-8 -5.756894013375409E-8 0.049977029246382414
0.471669282894354 0.34325991058700306 0.07076541111671207 0 6.411162101381073E-8 -6.525440757465253E-8 0.04997702516885565
0.9192877608705788 0.10260257931928718 0.09999999999999994 0 2.988632957567113E-8 -1.3607153417112832E-7 0.049977047869398696
0.8038717607621602 0.12213857484508563 0.08895470660031483 0 2.809113100255889E-8 -1.1878773265609246E-7 0.04997706299073898
0.7461230180043805 0.13265602880629776 0.08402816782270865 0 2.1819330650706044E-8 -1.090125477002012E-7 0.04997705670837185
0.8513706752696019 0.07427003550197267 0.09288407134507307 0 2.4008610248323112E-8 -1.27134651841725E-7 0.04997705349874658
-0.37078556224583165 0.8474286657041801 0.09999999999999998 0 1.3013276027399816E-7 6.851778601063338E-8 0.04997701858919343
-0.2837405614792432 0.7514739211838952 0.08805204152803742 0 1.1950546536058593E-7 4.968649700981641E-8 0.04997703972718538
-0.34402355613461416 0.7467533926463904 0.08979839619713195 0 1.1479069217033787E-7 5.9600164341635794E-8 0.049977029808937826
-0.37812997462304876 0.7796968295885027 0.09405159466762453 0 1.198247064116291E-7 6.781764443781136E-8 0.04997702315117233
-0.1720142422395265 0.7059350940103875 0.08139872432652721 0 1.1736043784603419E-7 2.9617421381449484E-8 0.04997702109031002
-0.11459365381122653 0.6489796043007033 0.07609123122821615 0 1.0622666174449118E-7 2.315310471877362E-8 0.04997701306090806
-0.05636556989485568 0.6123374883168238 0.07290850863136557 0 1.0074843171612848E-7 1.6593551468197973E-8 0.04997701206753878
-0.25001651455608 0.6877574831582878 0.0818288600417976 0 1.1344077848881863E-7 3.820523930213484E-8 0.04997702756978037
-0.052031801679697585 0.5443357511275841 0.06842717285738567 0 9.196731880180722E-8 1.9272347009471274E-8 0.049977020031627364
0.3180361598450387 0.5508547874957042 0.07440724687637126 0 9.093846745624395E-8 -4.260758013656611E-8 0.04997701635612496
0.22784343961994075 0.5451094489255655 0.0712614275403811 0 9.331832009852275E-8 -2.618174219782012E-8 0.049977018957265265
0.15223360853370177 0.5114589799667827 0.06762073099832457 0 8.871926022858737E-8 -1.0584857236035355E-8 0.049977036302820486
0.001253333994083932 0.5186888782774371 0.06673044987207258 0 8.568979022151618E-8 9.880840005090716E-9 0.049977021500535825
0.04502055801070238 0.5239593119206278 0.06715619876796415 0 8.381845814342756E-8 4.106277162946874E-9 0.04997702384283881
0.09307018049889716 0.48701542238591894 0.06541754354915293 0 7.628581823333287E-8 -4.757927790070005E-9 0.049977040446404664
-0.028427878816465992 0.4894039605592073 0.06510500934199118 0 8.377175937466159E-8 1.2785881196777367E-8 0.04997702585684459
0.3618627937090411 0.47199806236141684 0.07152593305679358 0 7.960654340129549E-8 -4.5498234548881694E-8 0.04997702153718153
0.3818998921620359 0.39282083230988174 0.06849211870683777 0 7.200536489693747E-8 -4.624641769813407E-8 0.04997703667655101
0.5964895386590119 0.24538252217967105 0.07505456752399718 0 4.4319145954983866E-8 -8.481352024550481E-8 0.04997702757907721
0.5023235944487768 0.2915186453354023 0.07059623054924216 0 5.4687857311658246E-8 -6.928259623771636E-8 0.049977024619882376
0.5325092597313041 0.25445661626164345 0.07121936353097057 0 4.854392327578564E-8 -7.289902439000421E-8 0.049977026372907525
0.6524176664552401 0.20477109599706136 0.07797707686621597 0 3.575663844750309E-8 -9.342108321993407E-8 0.049977033491424336
0.6908574756839181 0.1584953945063365 0.07995126254637963 0 2.605919518349321E-8 -9.929620812129364E-8 0.049977041784555976
0.5953591891669738 0.1936606882201294 0.07369160395615945 0 3.840306315359297E-8 -8.363624054222754E-8 0.049977030126590404
0.6892086201904363 0.11760753932384704 0.079182235454291 0 1.9966303061207695E-8 -1.0084090314987524E-7 0.04997704154079032
0.405879084331799 0.3317218591300754 0.06705525860874957 0 6.516480677885546E-8 -5.61542076577992E-8 0.049977038650799784
0.4374027432196878 0.28280425722565 0.06685837267776955 0 5.5222562650132837E-8 -6.05668879065835E-8 0.049977031701195704
0.9249999999999994 2.4083227273235917E-16 0.09999999999999988 0 1.3417251266938945E-8 -1.3516880030960147E-7 0.04997704540204765
0.7822439697509949 0.07342341173252223 0.08646750245519459 0 1.7583935266061026E-8 -1.1834114436885764E-7 0.04997705565603077
0.7247257834183622 0.08520662975023731 0.08165698245211614 0 1.492549065480333E-8 -1.0824685904628811E-7 0.04997704779201246
0.8252770499196596 2.2719212644267835E-16 0.09008727174442381 0 9.818373203198652E-9 -1.2019897250018744E-7 0.0499770512417113
0.8548200389796248 -0.0652462727687064 0.09314675085287963 0 2.5174662506967074E-9 -1.2177317173312877E-7 0.0499770554890439
-0.4625 0.8010734985006055 0.09999999999999995 0 1.249543311249951E-7 8.272079670479624E-8 0.04997701367811774
-0.4789401191209053 0.7197628636157833 0.09385470752197606 0 1.1517581008697372E-7 8.554360005446937E-8 0.049977022989936545
-0.5083123257938114 0.6756675576578802 0.09200745306162256 0 1.0841655675650773E-7 9.017742046462684E-8 0.04997703133112736
-0.32754350874215143 0.6890222378899378 0.08446715933764734 0 1.0902766446762115E-7 5.198846985522517E-8 0.049977026642818494
-0.41247406389305447 0.7144260354671815 0.09005646238462256 0 1.13621133055874E-7 7.164124969985391E-8 0.04997702311945178
-0.19051431605916905 0.626194724144322 0.07575740850014469 0 1.02587141464562E-7 3.417495944975313E-8 0.04997701454878923
-0.12546868182070262 0.5661421054611622 0.07053660282173835 0 9.283818562471816E-8 3.144095107727864E-8 0.04997701987442176
-0.19168892528151546 0.5624523066487603 0.07149027116733264 0 8.949776137199135E-8 3.894522522800103E-8 0.04997701679856621
-0.29003290264585363 0.6297052539110426 0.07871782471366957 0 1.0223965350847673E-7 4.598522867974931E-8 0.0499770168935945
-0.10596501162257628 0.5041773372256166 0.0665257287102945 0 8.594723845635046E-8 2.8408588224748017E-8 0.049977037011116145
-0.0710277803670786 0.4813038479979327 0.0648997774631422 0 8.526810358144977E-8 1.8976604927863566E-8 0.04997703391386961
0.27234892372669683 0.47172217328134014 0.06829621029644013 0 8.113607028341313E-8 -3.1914938256116073E-8 0.04997702190046659
0.21079455863719812 0.4693257584201238 0.06648483672306539 0 8.415047390150686E-8 -2.4261633890479045E-8 0.04997702895567936
0.14985938251764008 0.45279307874260605 0.06437801254812757 0 7.989637987315277E-8 -1.9622448043506334E-8 0.04997704352131187
0.18545604713463826 0.4304739947807409 0.06393784680976806 0 7.690718636786506E-8 -2.4848794093320763E-8 0.04997703341577058
0.11053788187593885 0.4306223745782792 0.0626902062642271 0 7.070480793414139E-8 -1.663826118675077E-8 0.049977039478332326
0.019795838688718648 0.4703114259817322 0.0640444060829731 0 7.657591083484502E-8 3.920640814311019E-9 0.049977026591582804
0.06533055038853271 0.4354649165439313 0.06247764990259347 0 6.907101369507699E-8 -7.206083342137186E-9 0.04997703236658038
-0.04037960269203985 0.4408570318083466 0.0625957773306699 0 7.712489465817424E-8 1.0281691672601158E-8 0.049977027716550215
0.3329058545937796 0.33325924236807375 0.06406157186555389 0 5.560365441997547E-8 -4.703580052585715E-8 0.04997705127087879
0.30693864167133966 0.4042133776050551 0.06608285286906407 0 6.702165279533773E-8 -3.490925416119514E-8 0.04997703469752707
0.5387084587482874 0.20560708274998704 0.07032262751622614 0 4.2929911588244976E-8 -7.249835779920387E-8 0.049977032421299895
0.47599510640454495 0.23047538821938993 0.06733340193971542 0 4.542060613990609E-8 -6.245405999602493E-8 0.049977033369672
0.5285393108936259 0.16518893231571916 0.06885934434787161 0 3.8920939628220864E-8 -7.118434495009482E-8 0.04997704124773536
0.6359863797306671 0.1341128294488754 0.07542020319546491 0 2.6815649185989106E-8 -9.169622975487222E-8 0.0499770334436713
0.5665181445886517 0.15558354761445173 0.07104008880031383 0 3.631419762121E-8 -7.914886875124133E-8 0.04997703514725717
0.660910431014522 0.06111123862815046 0.0764443497197492 0 1.4334569372332879E-8 -9.682968107232352E-8 0.04997703470099125
0.3628225028367361 0.2686598783514226 0.06303900336729049 0 4.908861946430338E-8 -5.4097632984137976E-8 0.04997703766867476
0.40159415937487913 0.22227119456522582 0.06342742714419668 0 4.088740179189802E-8 -5.5016116001129484E-8 0.049977035091683907
0.8374232558848936 -0.1293417213860296 0.09218338983550127 0 -6.448697532824931E-9 -1.2154286254547434E-7 0.04997706556556515
0.9192877606928149 -0.10260258091221071 0.09999999999999994 0 -1.506757040390733E-9 -1.3259925995552397E-7 0.04997705273677155
0.736498120183538 1.9461726324828643E-16 0.0822207664498539 0 4.115025148139449E-9 -1.0686586197331496E-7 0.049977045069669504
0.7859407931602105 -0.07401767626946824 0.08680140328934059 0 -4.622120501912252E-9 -1.0952318654909631E-7 0.04997705964044823
0.7880045515761323 -0.12910173677696724 0.08762058220646912 0 -1.2791956077763918E-8 -1.1342177185948504E-7 0.049977069695498845
0.7883546035916829 -0.16488856810254315 0.08824892692988198 0 -1.7760853262263654E-8 -1.1823433501385182E-7 0.04997706904730795
0.7597010793028802 -0.19500257071099414 0.08634694259141451 0 -2.508405777557571E-8 -1.1478697374613047E-7 0.049977062086122286
-0.5485031394581955 0.7448231888659758 0.09999999999999998 0 1.1750975749497497E-7 9.735404462328152E-8 0.04997701917812196
-0.5596851197575441 0.6634042603718276 0.09419033697962353 0 1.0231504479731315E-7 9.696778285245229E-8 0.04997703054524698
-0.4499036574234318 0.6597655574984556 0.08762543161615084 0 1.0994823772566881E-7 7.769008602909668E-8 0.04997702849218397
-0.5084523869045262 0.6310249340793687 0.08870435188239581 0 1.0269339560634722E-7 8.617144002729988E-8 0.049977039136231034
-0.3679940573528886 0.6373844042186184 0.08217817873449768 0 1.0488128914008903E-7 5.96280126533272E-8 0.049977019819080766
-0.42125713605646403 0.6077940464059373 0.08247265847688973 0 1.0373438261951048E-7 6.866878883421256E-8 0.049977024048876474
-0.5445828559277581 0.5931276201062035 0.08823074690283744 0 9.270145066512278E-8 8.718956674559901E-8 0.04997703683280942
-0.2598642375444073 0.5690891545970852 0.07365958600480058 0 9.157470913433912E-8 4.569119168494414E-8 0.049977011541248145
-0.146043412013244 0.5032640730580226 0.06704541835555089 0 7.986229668125816E-8 3.4374754901511767E-8 0.04997703666485952
-0.17773060720916645 0.5259463281585312 0.06894804779728927 0 8.202341672713205E-8 3.869040810548363E-8 0.0499770248800275
-0.21172158677062325 0.5198781223671345 0.06933829044213057 0 8.073787585572601E-8 4.221446043022775E-8 0.04997701954602596
-0.31860245148696237 0.5518356333914171 0.07448895588812982 0 9.048518597694184E-8 5.439531612645579E-8 0.04997701036801907
-0.14030890931253803 0.4679836164169959 0.06501280116403946 0 7.495741522328675E-8 2.728780805425167E-8 0.04997704345370709
-0.1029411460718821 0.44640858274387013 0.06338188130081228 0 7.790881201940529E-8 1.765274371750725E-8 0.04997704007020868
0.2318898921058528 0.4016450748890024 0.06367695651733307 0 6.849866199979176E-8 -2.9366610614376888E-8 0.04997702853250143
0.15384627156060382 0.38391173658918915 0.06118533303935767 0 6.63837095060994E-8 -2.2742238869780916E-8 0.049977028039103887
0.08567704016096146 0.39343427128029224 0.06068036954612458 0 6.500787005001579E-8 -1.2304879311157587E-8 0.049977027995845934
0.05891091878969271 0.3561813785904501 0.05888183035860122 0 6.069732292037824E-8 -5.191053098690848E-9 0.049977021048689285
0.013052198219917915 0.38970549808144694 0.060109559393507296 0 6.572497989347949E-8 1.586133557822951E-9 0.04997702172178454
-0.07539656272461731 0.38263872680028077 0.06011274428033935 0 6.641842721472934E-8 1.3258342431990823E-8 0.04997702349545822
0.29687695963224414 0.26583446546620587 0.06049214663587172 0 4.4657570382515404E-8 -4.3526390207511367E-8 0.04997703146752886
0.2625418688185837 0.33648330779519714 0.06181290503458571 0 5.339688455801327E-8 -3.567942637326902E-8 0.049977032363608696
0.4879508039440347 0.1753290332884817 0.06671893154849401 0 3.77623795240714E-8 -6.26762211712365E-8 0.049977046162318274
0.44078820931890456 0.1777885340956575 0.06428879605061416 0 3.253758430642419E-8 -5.692404662138095E-8 0.04997704480356366
0.5192463818471629 0.12824117265253684 0.06769417632898124 0 3.4581049843493563E-8 -7.327177611325052E-8 0.04997704823587285
0.5800435663390094 0.07440259297015445 0.07086095755136958 0 2.2845582397735167E-8 -8.475662660121847E-8 0.049977033679970966
0.637168246229727 1.7636191275501274E-16 0.07448630903843242 0 7.042338794356518E-9 -9.185019245854786E-8 0.049977032256539225
0.394490378891255 0.17177804019933987 0.06198157459134764 0 2.9543286548707315E-8 -5.337754745426755E-8 0.049977037679109944
0.33827356631260735 0.19741612693850674 0.060186571415137134 0 3.5577790633619875E-8 -4.728957890201617E-8 0.04997702927716548
0.823080640176532 -0.2073363860609292 0.09232209730203018 0 -2.0469688964078544E-8 -1.2534765159548883E-7 0.04997706176920971
0.9051251563026288 -0.19071818387397393 0.09999999999999996 0 -1.550875624954373E-8 -1.3569895132596108E-7 0.049977055893154786
0.6918887433807663 -0.06772116765551028 0.07886795692620671 0 -7.190829749011611E-9 -9.800674452707157E-8 0.04997704290464797
0.7325342916850162 -0.13408386908087777 0.08291013088256638 0 -1.9791071003237523E-8 -1.0567906814315512E-7 0.04997705940882058
0.7578046117703348 -0.24801668508133748 0.08751626752734717 0 -3.073950053467585E-8 -1.1279351101146317E-7 0.04997705683760272
0.7040732060431756 -0.2032143579310842 0.08191372549943252 0 -2.8215562634912348E-8 -1.0378093152644356E-7 0.04997705155516063
-0.6177328508859397 0.6884991641819087 0.09999999999999995 0 1.0446716739001141E-7 1.0469610451532376E-7 0.049977020781569605
-0.6071515389330133 0.6092519905512257 0.0934219469334025 0 9.196333671792681E-8 1.0024200175398218E-7 0.04997702601967615
-0.5735399527378838 0.553508622043815 0.08749015204644302 0 8.683822313752831E-8 9.093668302827202E-8 0.04997702851536724
-0.47303326379715877 0.5791284533565412 0.08316905076856485 0 9.900088224025173E-8 7.40376378927161E-8 0.04997703184719169
-0.39181543828090004 0.55445735722153 0.07760084140770421 0 9.386035140511227E-8 6.399054294990322E-8 0.04997701514243557
-0.5240933648557364 0.532232296917964 0.0831006990315747 0 8.744694115151617E-8 8.064715937762386E-8 0.049977026984314304
-0.2730034360466586 0.47285582187369307 0.06837705113188602 0 7.616856750034798E-8 5.133106443133413E-8 0.049977016351567385
-0.19156331121345604 0.4731617410648762 0.06625147072173328 0 7.208268457928648E-8 3.68595135155406E-8 0.0499770296715891
-0.3580569939172612 0.4725541821277962 0.07140049698238948 0 7.770159696171051E-8 6.435961861760255E-8 0.04997701456898402
-0.30165136280488036 0.4184145297189895 0.06656200918217181 0 7.09691540659494E-8 5.7654137186331474E-8 0.049977025015624815
-0.157502577302292 0.4062797025959702 0.06224976286168573 0 6.637337524062962E-8 2.4365232949871245E-8 0.04997702962857647
0.1923176439095004 0.3331039304431941 0.059877835485628056 0 5.654656353560206E-8 -2.591585831711769E-8 0.049977022047562984
0.10763513709501452 0.32249572723181036 0.058047784011843524 0 5.689385359734036E-8 -1.1806053990162651E-8 0.049977019520907946
0.02555769618970364 0.3104658173674803 0.05699894508193309 0 5.482789095728158E-8 4.732508821390471E-9 0.049977022224874254
-0.04439277195221167 0.328710102628296 0.0577329050528648 0 5.6333164865162634E-8 1.3148743128372796E-8 0.04997701942348647
-0.11902524067374878 0.32805250160257865 0.05839824108948766 0 5.586513828113023E-8 2.203906357908133E-8 0.04997701717757569
-0.017053837843317182 0.27836069099312905 0.05590951428308119 0 4.799395822777529E-8 1.3963398195660012E-8 0.049977028391145734
0.011677278178983168 0.25977319628253465 0.05533524160416193 0 4.7528920341383457E-8 1.0871766332815487E-8 0.0499770346717769
0.26432978404622737 0.19520810401833602 0.05761727712614054 0 3.7813585346032573E-8 -3.395604404498539E-8 0.0499770257122154
0.22703812963746223 0.26409762190385005 0.058370438456053005 0 4.561015968071188E-8 -2.9476817846006053E-8 0.04997702233952421
0.4615326701397575 0.12346215125476942 0.06442192515091573 0 2.464658031085813E-8 -6.575769799392965E-8 0.04997705801155406
0.41609697408913515 0.13788398400008958 0.06237868126929303 0 2.2361381006026305E-8 -5.747172756363833E-8 0.049977045581260975
0.493812622045095 0.06489296717588176 0.06554297030555511 0 2.0763881635973544E-8 -7.50053274862116E-8 0.04997704594601097
0.5965173615012843 -0.07939251741876009 0.07200225824383245 0 -1.906776910483375E-9 -8.445285189213611E-8 0.04997703625826231
0.5449077695259101 1.790659953385319E-16 0.06830916124377963 0 1.1585024106672441E-8 -7.78735326122546E-8 0.04997703543952353
0.35923719947272786 0.12552401442410066 0.05970040660633742 0 2.292981180052205E-8 -5.022624305903508E-8 0.04997703177066263
0.23462332403576253 0.13422621113694225 0.05564316792853833 0 3.361487408133189E-8 -2.728691121482612E-8 0.04997703690516752
0.29070078878885497 0.12979410487969603 0.05724274123768994 0 2.926944103286611E-8 -3.86624537567125E-8 0.04997702800068535
0.8014927716328408 -0.29144105877124366 0.09271262928645599 0 -3.328307209515266E-8 -1.1875195919326982E-7 0.049977055639658444
0.8809325145611795 -0.2820885484172241 0.09999999999999999 0 -3.042353601755987E-8 -1.3283576006559224E-7 0.04997705137184251
0.6510493529215736 -0.15514133280147802 0.07686356365481603 0 -1.9122528182837723E-8 -9.427532112672217E-8 0.04997704189934461
0.5770279320473077 -0.1518434761804153 0.07165568912865206 0 -1.1459478352961892E-8 -8.422880011307228E-8 0.04997704094219692
0.7173493567573875 -0.3169596225802428 0.08634023460744476 0 -4.057909876830843E-8 -1.0070466289602845E-7 0.049977059502846616
0.6897625743522149 -0.264441860913035 0.0824063475266023 0 -3.5640044120346435E-8 -9.869840323247062E-8 0.04997705085654
0.6384778628041973 -0.23491899962832427 0.0777084562971251 0 -3.084748461327253E-8 -9.205776958448382E-8 0.04997704226462424
-0.6847646792234083 0.6218628292777221 0.09999999999999995 0 9.409514300371433E-8 1.1381611006438221E-7 0.04997701491903293
-0.6465139113454264 0.538316822314734 0.09160194260007758 0 8.466054204754665E-8 1.0730405008272173E-7 0.049977022578727354
-0.5770660846669927 0.4836246905463882 0.08360849061752018 0 8.08388020963399E-8 9.246305366948058E-8 0.049977022361105655
-0.45509595152323246 0.486640439064581 0.0766367028663977 0 8.121788237078394E-8 7.340206268756365E-8 0.04997701586518441
-0.41803303753571375 0.41861066103869105 0.07131407766744806 0 6.603132239542862E-8 7.319197142391914E-8 0.04997701856058954
-0.5228737105474611 0.469403410425903 0.0794598201715015 0 7.877762673832167E-8 8.278760316353675E-8 0.049977017798854294
-0.2326279902659774 0.402923498403311 0.06375456788963607 0 6.758663625149934E-8 4.1553742916806155E-8 0.04997702366634416
-0.2807191746564195 0.3771430143239577 0.06401358518053686 0 6.779792366793222E-8 5.114196073791285E-8 0.04997702987506602
-0.366851516506518 0.3914531813319968 0.06779342734587492 0 6.200491009577318E-8 6.856382640928359E-8 0.049977032413483106
-0.31784422091904324 0.3574692689417032 0.06445327462614314 0 6.473668813498999E-8 5.6633450914404267E-8 0.04997704080504337
-0.19326570388917427 0.3347460184966118 0.05996054906425582 0 5.869896372220901E-8 3.284383391945804E-8 0.049977018117046225
0.14969050843762158 0.2592715660247785 0.05657975437506353 0 4.794234259706693E-8 -1.4882584792515592E-8 0.04997702047774699
-0.15073713287945018 0.26108437273446894 0.05665087411303694 0 4.484080937209805E-8 3.0764053490309955E-8 0.04997701696349625
0.06630901180929023 0.250856535710505 0.0553186995326227 0 4.899105731717971E-8 3.4856201723256633E-10 0.04997703019305483
0.017981432514459814 0.22651294475696923 0.05443142027174295 0 4.422073150889019E-8 8.449557593570106E-9 0.049977046019592054
-0.07471068043782808 0.2615864764835527 0.0556965634877458 0 4.2975319142878244E-8 2.1166503674225316E-8 0.04997702496374129
-0.014253461472862217 0.23459230484404994 0.05463523466770248 0 4.0302501079464095E-8 1.4293796378905679E-8 0.04997704328503336
0.20062573683728832 0.09527047772396216 0.05430115527057267 0 2.7694909675355577E-8 -2.5436868483087072E-8 0.049977052118355625
0.18890830540911194 0.1893292231980287 0.05555650018582656 0 3.810798577735974E-8 -1.800519442335727E-8 0.049977030784610514
0.18353225708574536 0.1263657612272312 0.05431954168807018 0 2.9586849401147022E-8 -1.7612593997098442E-8 0.04997705107672593
0.4146151646677903 0.077681020975073 0.06157475739077052 0 1.4373187339869686E-8 -6.165565959728508E-8 0.04997704131898008
0.4636209692030302 1.4593888372567647E-16 0.06366862151549985 0 7.543109829018529E-9 -6.559281713306354E-8 0.0499770399660598
0.5270134709035552 -0.12362075461980128 0.0680883893303861 0 -3.884842256652725E-9 -7.5296250021551E-8 0.04997705158433645
0.5078212312272355 -0.05773868566153319 0.06628756501631428 0 2.7332816511873198E-9 -6.840952665216946E-8 0.049977045417473935
0.3331467524821928 0.0633273262949379 0.05801432008933982 0 1.6542362646300786E-8 -4.692559324074263E-8 0.04997702728147839
0.2538184516803514 0.06940494742292715 0.05542696753822805 0 2.40184770177265E-8 -3.453487448703809E-8 0.04997703531938893
0.7635253857731481 -0.3782532475337201 0.0926398396720293 0 -4.416809039011243E-8 -1.1055191774508786E-7 0.04997706449834722
0.8437752388147 -0.3790359438971111 0.09999999999999999 0 -4.364896443538266E-8 -1.2372260850720837E-7 0.04997705421966561
0.5898871014295897 -0.20776639827421509 0.07364495662277286 0 -2.3114004655520537E-8 -8.666803786814713E-8 0.04997703872815657
0.5408130551366508 -0.18150058753720788 0.06992281214701015 0 -1.500362012383728E-8 -8.151342766564784E-8 0.049977044314290696
0.6777956079436661 -0.39290477214771746 0.08626804024189792 0 -5.5625330738845E-8 -9.699793398461863E-8 0.04997707239263072
0.6346730356926773 -0.3174870091624343 0.08001946855914076 0 -4.538259379452534E-8 -8.802034982779527E-8 0.049977050200913635
0.5796784116794852 -0.2776116098201063 0.07488927562467991 0 -3.606045135319293E-8 -8.336614660326086E-8 0.04997703879212774
-0.7501326501074496 0.5412263004122693 0.09999999999999999 0 8.393732844337895E-8 1.268263589804935E-7 0.049977016776064906
-0.7186415188607144 0.4635460562865767 0.09293928953994947 0 7.271295172809915E-8 1.2161425119393746E-7 0.04997703079978235
-0.5580584193120213 0.42548332869284045 0.0793877523859349 0 7.360060575727133E-8 8.955577078512516E-8 0.049977017596905794
-0.6328963674406778 0.4470501467799965 0.08550954643040555 0 7.766154779106426E-8 1.0465131027802738E-7 0.04997702909225478
-0.6767294999436545 0.3833870641168075 0.08576692861654717 0 6.684225841450924E-8 1.0661895018817332E-7 0.049977039199441825
-0.4324706598932547 0.3595596935895599 0.06940707877592157 0 5.412646219796402E-8 7.348711585924979E-8 0.0499770219828125
-0.48200836859227103 0.4026983386005155 0.07383556549613608 0 6.539087421383369E-8 7.955998690449399E-8 0.04997701356067279
-0.5442886348821633 0.36830034160648034 0.07595460109733419 0 6.348751913230759E-8 8.78119804658252E-8 0.04997701365358034
-0.3182526738785638 0.31228528282505874 0.06275542647814243 0 5.764972709338214E-8 4.9720205979830224E-8 0.04997703790491424
-0.25621859628623345 0.32661564029958035 0.06125711843708684 0 6.088579669911633E-8 4.282120178707395E-8 0.04997702525013629
-0.37474174799433474 0.325215240573534 0.06543736846884436 0 5.013397652574195E-8 6.059498472132259E-8 0.04997703924109628
-0.4300985673768074 0.3012630280350379 0.06711000127247038 0 4.612903482289706E-8 7.119639636769605E-8 0.049977023658304656
-0.22695325756190313 0.2565120405768185 0.058144911454045704 0 4.676003149924386E-8 4.009699654060758E-8 0.0499770172916973
-0.18350196867475074 0.18844743574056294 0.05542383280391715 0 3.29159679940506E-8 3.900255718512602E-8 0.04997702719509288
0.11136664405289663 0.19289268576805546 0.0543171535525474 0 3.884400387076764E-8 -7.251856025512178E-9 0.04997703459978685
-0.1122914677939212 0.19449452747555573 0.054363926326504504 0 3.35599082126728E-8 2.681044884153109E-8 0.04997703183459832
7.833096257776418E-4 0.19069362679459012 0.05356840441819727 0 3.5889170071886726E-8 4.8239979943423246E-9 0.04997705276675839
0.04520143550094839 0.18418512355280772 0.05354594410814683 0 3.9131383507996404E-8 -1.278521960579243E-9 0.04997704602356217
0.017173734845246678 0.1662656573333219 0.05309215701680856 0 3.3826318838972486E-8 -4.991648856605967E-10 0.049977048675693095
-0.04746651353754764 0.1829715324610284 0.053532622158623755 0 3.042432359439176E-8 1.2878627969727783E-8 0.049977044407127656
0.1909210649037195 0.04684254353730668 0.05369730809312632 0 1.7615380375973267E-8 -2.717352869161083E-8 0.04997704815150185
0.15384433041034729 0.09209874155024392 0.053330182368177645 0 1.8839331216768927E-8 -1.9181078387154984E-8 0.049977055271635505
0.13647605991683223 0.1435082568468913 0.053729825805134857 0 2.80218974031501E-8 -1.1068829256132743E-8 0.04997704514469587
0.38492668203237634 1.0023152680894796E-16 0.05989052034096669 0 4.68075502621974E-9 -5.3663574893046013E-8 0.04997703155274468
0.4253355502182104 -0.06042681663517086 0.061949401873126426 0 -5.480881636021304E-9 -5.610236267832208E-8 0.049977043686224056
0.48600244774065643 -0.18106149615140063 0.0667271620082264 0 -1.7026659620933977E-8 -7.571006163464168E-8 0.049977052931496485
0.4535801009187721 -0.11979187747949692 0.06395953291420167 0 -1.4169925678823028E-8 -6.295182594900823E-8 0.049977062258771604
0.30024351839566077 1.0287337474471442E-16 0.0566089984335615 0 9.946058916484623E-9 -4.084319270546844E-8 0.04997702754500062
0.2238875048948223 7.961310541061857E-17 0.054346295287657866 0 1.2234104344299508E-8 -2.9262101513961666E-8 0.0499770397074245
0.7176713367395706 -0.46521260674377907 0.09294805270739667 0 -6.082503195217692E-8 -1.1022144472676545E-7 0.04997706649767862
0.8010709981238167 -0.46249419750242293 0.09999999999999998 0 -5.7416643540428116E-8 -1.2053729469205495E-7 0.04997706020796396
0.526450453306162 -0.2376825100162034 0.07038843476625323 0 -2.594578339332575E-8 -7.908182240172198E-8 0.0499770393229361
0.4546475825643904 -0.23293628734368743 0.06627327609670221 0 -2.6053883002001842E-8 -6.840213396597577E-8 0.04997704448291525
0.5306797663003683 -0.29923675531161764 0.07251363051783592 0 -3.7372296599085294E-8 -7.693452550788987E-8 0.049977037204088234
0.6103906305879975 -0.40135765312469507 0.08172372928462608 0 -6.024668603016873E-8 -8.705583429280689E-8 0.049977056452344105
0.6403517767463041 -0.46278562534170165 0.08686037768572827 0 -6.615878931135569E-8 -9.57051107767813E-8 0.04997706265105424
0.5664981365845182 -0.34007595181336636 0.07621962270586985 0 -4.731411237261954E-8 -8.020914522386349E-8 0.04997704180493435
-0.8010558185062641 0.4625204886241073 0.09999999999999998 0 6.945950461617777E-8 1.3201465552918955E-7 0.04997702203991274
-0.7603438011582597 0.3738096376808479 0.09217483686370775 0 5.600028142556487E-8 1.208842721661475E-7 0.04997703079238058
-0.6064827120561795 0.3683452405387546 0.0800133246078764 0 6.73673307124902E-8 9.5746764881062E-8 0.04997702259533495
-0.6554904399290363 0.3258387756938692 0.08184700708932659 0 5.899287337478067E-8 1.0113760787726168E-7 0.04997702625663219
-0.7173789460644423 0.3218656625868021 0.0865204629875929 0 5.3453769237662125E-8 1.1154325828617857E-7 0.0499770298006276
-0.4490633670822638 0.262933614095089 0.06682964731028332 0 4.220613523241602E-8 7.579929745412668E-8 0.049977021565978254
-0.561964870759204 0.31624700130713357 0.07504348009682706 0 5.5154002722886775E-8 9.06728015958978E-8 0.04997701310433936
-0.4969688691845382 0.31115828345845914 0.070963541880969 0 5.017890272270258E-8 8.247088721567515E-8 0.04997701364256663
-0.3445240713159381 0.2767146512083848 0.0625551726814487 0 4.870063719419037E-8 5.28040270670515E-8 0.04997703184690946
-0.29822944351534514 0.2720284218761082 0.06072614652584281 0 5.110122076166793E-8 4.680137414305376E-8 0.0499770265781225
-0.278960464150049 0.23105339123962187 0.058930977919053947 0 4.283916206368717E-8 4.64723781386496E-8 0.04997701987316246
-0.39866775255885006 0.2551376793832062 0.06418286265211672 0 4.27818917708963E-8 6.521796527868907E-8 0.04997702648500958
-0.43855507291261625 0.22078311851591842 0.06514753629020965 0 3.846617547597069E-8 7.576952827036045E-8 0.04997702642066164
-0.25569422992480945 0.18010642956677383 0.05704280655464758 0 3.151031806630605E-8 4.633605469268757E-8 0.04997702133523413
-0.22047029564306936 0.14293411554993973 0.05541545974285534 0 2.254983967518791E-8 4.3482254942726256E-8 0.049977033413880025
-0.18680865935078536 0.12991541986645877 0.05443956342319764 0 2.2445980086726765E-8 3.9164912176464073E-8 0.04997704511224693
-0.13865734030206037 0.13413724110678016 0.05361667711440055 0 2.837506960118637E-8 3.048388634765952E-8 0.04997704432802998
-0.13558426904309848 0.09984465055515283 0.05311549222562181 0 2.5148306866971417E-8 2.5917559751936826E-8 0.0499770481434711
-0.25161809751440434 0.1255049475699697 0.05598231997151887 0 1.9695929348613298E-8 4.5418264782381697E-8 0.04997702800650435
0.19420772375092543 -0.04676552312468657 0.05376845209193871 0 3.78979674413542E-9 -2.1799390528049098E-8 0.04997704960305047
0.07844894660138703 0.13587756131386025 0.05290437550856243 0 2.7358952566454278E-8 -7.266727822344088E-9 0.049977041980184364
0.1581850159804538 4.03666044625459E-17 0.05292729798071231 0 6.58555687836447E-9 -1.929103169784199E-8 0.049977045831055666
-0.0793293077376864 0.13740239153093967 0.05293577949983721 0 2.7634536289959766E-8 1.6945146798582442E-8 0.049977040244576484
-0.10192189467460562 0.10267269443312377 0.05269596908601703 0 2.541170407027222E-8 1.977584704082788E-8 0.04997704189326133
-0.004334214649360648 0.15163914092247652 0.05281372846092682 0 2.9577402826344803E-8 1.3701570627508926E-9 0.04997704604735282
0.035198297345602834 0.13784946141786308 0.05265706254873472 0 2.8643458055823545E-8 -3.692035062392818E-9 0.04997704266156723
-0.03647527919163236 0.1302798698937503 0.05254752074115307 0 2.609660655970951E-8 7.1549601024310126E-9 0.04997704058552889
0.12737884186502524 0.04457914646124021 0.05254239887577797 0 1.0518385132492403E-8 -1.6962379672021043E-8 0.04997704490546802
0.10177697427875258 0.08834048795367636 0.05253956863179542 0 1.668541966118789E-8 -1.2060563063726788E-8 0.049977043660714024
0.34118511954802583 -0.062154607897978366 0.058312559079427444 0 -3.3659428009382293E-9 -4.5824733756609784E-8 0.04997703057248617
0.37836392981717903 -0.12391451309547875 0.06047575124681005 0 -1.6592991429087153E-8 -5.2098883983796754E-8 0.049977040932841756
0.41238404925178007 -0.18021837395374024 0.06296662723972753 0 -2.3538095091163757E-8 -6.086747507861272E-8 0.049977047773243057
0.1676578507312959 -0.08204581170599337 0.05348225864611659 0 -5.441199545604143E-9 -1.869860701806576E-8 0.049977059137090885
0.20181374228166962 -0.09141964150518621 0.05428754190491373 0 -7.486495656102695E-10 -2.5688316021945842E-8 0.04997705545623031
0.25485064501553883 -0.06881848120103617 0.05545206946541742 0 2.7729309501746825E-9 -3.3243370884140555E-8 0.04997703790011144
0.6644823007055147 -0.5389515943966049 0.09297818153954257 0 -7.22485668253133E-8 -9.983813570627118E-8 0.049977059221827956
0.7501545366059805 -0.541195963440213 0.09999999999999984 0 -7.184296832839485E-8 -1.152831519801348E-7 0.04997705661806985
0.6027366073062329 -0.5213223560235656 0.08747588350371878 0 -7.13080199751855E-8 -8.659078814800916E-8 0.04997705987467952
0.3907221727608636 -0.23584567652234328 0.06329187670784996 0 -2.851627964724107E-8 -5.418282317899208E-8 0.04997704497771292
0.47890979704271586 -0.2863984098188226 0.06912760288748078 0 -3.269002238734559E-8 -7.011459240155945E-8 0.04997703949597573
0.4250914842628162 -0.2904030737883922 0.06650384046370365 0 -3.188104256371327E-8 -5.9824989401214E-8 0.04997704640578436
0.5018045759598764 -0.3463645861940246 0.07254833341115846 0 -4.375128019546649E-8 -7.208921762625903E-8 0.04997703862403209
0.5395049675561714 -0.4037977139333864 0.07721405836956645 0 -5.665846776197447E-8 -7.622870107600009E-8 0.04997704383400023
0.5629289159938321 -0.47314451663551055 0.08212579004392509 0 -6.71143084855498E-8 -7.893489906610264E-8 0.049977053217862916
-0.8437609348289447 0.37906778281416026 0.09999999999999995 0 5.5738207473862175E-8 1.351797048670243E-7 0.04997701828300495
-0.7888004165309437 0.2903760964571749 0.0915314985584158 0 4.59044317699617E-8 1.275244977846617E-7 0.04997702494081849
-0.6102329054490165 0.2953318100128198 0.07752504764743698 0 5.342510487676119E-8 9.66685041095215E-8 0.04997701665108803
-0.6672358697757713 0.2726523999513782 0.08092297245691278 0 4.980575512487857E-8 1.0526814196371406E-7 0.049977021313082945
-0.7578216461505273 0.23114048963723496 0.08705889216020636 0 4.138971113193627E-8 1.2472132266332688E-7 0.0499770296143231
-0.7250638207162802 0.2644091498704253 0.08523826785223539 0 4.673484935622026E-8 1.1618187448505904E-7 0.04997702581429951
-0.49761740681994665 0.2259943198914076 0.06840949555720777 0 3.676817460962225E-8 8.603905795084631E-8 0.04997702140737376
-0.5531916805568725 0.2548390044927608 0.07250231820116229 0 4.298180885138165E-8 9.17471395234746E-8 0.04997701379229426
-0.3304177610769968 0.2075632873895256 0.060121873146272396 0 3.93796941759355E-8 5.418000349514191E-8 0.04997702167613636
-0.40020050920329836 0.18553375498639196 0.06251643484045977 0 3.712077552584763E-8 6.803403730560602E-8 0.04997702831175719
-0.4509389353459413 0.1806295394110867 0.06485872161226297 0 3.409564130249432E-8 7.954017379859796E-8 0.049977034888754664
-0.3081655557366316 0.12979030410922685 0.057834162632571066 0 2.5043420715695327E-8 5.222255031367342E-8 0.04997702019344852
-0.21413652185417031 0.10501643106435352 0.05472829937040968 0 1.5054278858314314E-8 3.924095398052245E-8 0.049977042028614416
-0.1657690318723487 0.09663028560186343 0.05359396061230914 0 2.1281750734605786E-8 3.0378659014394786E-8 0.04997705287253149
-0.13208776332768432 0.07040426877471608 0.05277929135503944 0 2.089785442807427E-8 2.2630631622803207E-8 0.04997704560708518
-0.2668792736165402 0.06671487334767569 0.05579077358601759 0 1.1032684647012328E-8 4.4946564745928916E-8 0.04997702583657383
0.13394298555224937 -0.04272165979228181 0.052630185389843605 0 -2.4436505550529412E-9 -1.3132186704615087E-8 0.04997704761807226
0.04273067501608838 0.07401170016957918 0.05192584962618541 0 1.6203044799345386E-8 -4.73745066331931E-9 0.04997703384978885
-0.07427627943517315 0.042883429926301064 0.051928801697300825 0 1.6499669829080646E-8 1.4261642518806232E-8 0.04997703318674844
0.08580268905133058 2.7924535741052085E-17 0.05192915349305607 0 3.091943410986177E-9 -8.250371889778225E-9 0.049977035963870244
-0.04304287969149937 0.07455245452975151 0.0519319033593881 0 1.981488613216797E-8 8.302599233846068E-9 0.049977032946810884
-2.9796378738924766E-17 0.08577355466188762 0.05192886660175564 0 1.9787760430157263E-8 9.61226157882616E-10 0.049977033395375445
0.0741595043143772 0.04281600977887492 0.05192749553399362 0 9.845874425755195E-9 -8.379729348998372E-9 0.04997703513782712
0.12170874450296679 -0.07937873255132208 0.05270638285367756 0 -9.418984400597926E-9 -1.1931083887156105E-8 0.04997705058909616
0.1532214795718842 -0.1047515501973591 0.0534601593182905 0 -1.102732601188326E-8 -1.99942404638774E-8 0.049977059065640365
0.2997814449763266 -0.13025461904441932 0.057552736756421516 0 -1.1197985816187863E-8 -4.139256086742024E-8 0.04997703320216292
0.34046960443170665 -0.192505611563268 0.060162576700472446 0 -2.4119328382581818E-8 -4.634174204006032E-8 0.04997703769411812
0.34557599933864525 -0.25420475687873284 0.06192004258218349 0 -3.2555281654580864E-8 -4.400923168238966E-8 0.04997704603525093
0.17846806103523252 -0.12182655323316931 0.05415222050793654 0 -9.153805291113387E-9 -2.7306907702473822E-8 0.04997705797876396
0.23090062297727748 -0.133798202671902 0.055538699139373295 0 -7.270104911447908E-9 -3.420146872400759E-8 0.049977043460094114
0.6050561438570468 -0.6036830020468081 0.09289418017943481 0 -7.890674818681914E-8 -8.839972873036799E-8 0.04997706513016769
0.6847899965302142 -0.6218349498910589 0.09999999999999994 0 -8.19503063176036E-8 -1.0220560974505405E-7 0.049977056242185056
0.5365057739834544 -0.6074638984061791 0.08871198704411519 0 -8.297305102320124E-8 -7.641724073125765E-8 0.04997707592640599
0.5490740032503056 -0.5442731464552362 0.08535659345024513 0 -7.472907939711409E-8 -7.439359764642181E-8 0.04997706386160535
0.3750627258693447 -0.2936858939923493 0.06434654814554322 0 -3.441540126711087E-8 -4.8621164287121294E-8 0.049977054331662565
0.3969354899692888 -0.3460112170117684 0.06719703593166886 0 -3.830226461518318E-8 -5.721156311500022E-8 0.049977056217135045
0.4494990254251991 -0.34835776824770576 0.06980849106780326 0 -4.026681126848099E-8 -6.513253065473932E-8 0.049977043708133134
0.4743994852003083 -0.40954268251415876 0.073738234339428 0 -5.347026970747522E-8 -6.805442854932514E-8 0.049977041591985495
0.5051728219418842 -0.4543425560441293 0.07763963571270259 0 -6.325184868905606E-8 -7.009080076996365E-8 0.04997704571918156
0.5025098789806551 -0.515963207586209 0.08087711077114171 0 -7.355496830760116E-8 -6.684803691642215E-8 0.049977055636436944
-0.8809225682293763 0.28211960771987943 0.09999999999999996 0 4.2461568217125323E-8 1.4425133578450078E-7 0.04997701802179117
-0.828550120997359 0.21135039229983998 0.09293041569195869 0 3.302184644978339E-8 1.3729467367637658E-7 0.049977031303251616
-0.4876818695036711 0.16005919777938843 0.06641416297022892 0 2.6213324401055392E-8 8.517454579332698E-8 0.04997703933188916
-0.7583678808155521 0.178257805309045 0.085877514601274 0 3.589956784320435E-8 1.2479360027114875E-7 0.04997703778127673
-0.6170663609123308 0.222189336538271 0.07585507468331582 0 4.0235656465224005E-8 1.0014662990015783E-7 0.049977015473350025
-0.6972424057138273 0.20430689657176634 0.08139617396721441 0 4.09290662706756E-8 1.1322302865957556E-7 0.04997702466582685
-0.5518948161465875 0.17422255470543752 0.07046196471921623 0 2.678021778088961E-8 9.271849612335596E-8 0.04997702245873145
-0.36894201678212313 0.12798179161528736 0.06013540062401418 0 2.9696143716909303E-8 6.09105895572678E-8 0.04997702495074187
-0.4362515368769687 0.13236424219261816 0.06326633817399903 0 3.1143679404566366E-8 7.234876452740845E-8 0.04997704143407035
-0.33947513674739144 0.06240362523718613 0.058248486325065116 0 1.637785262318332E-8 5.54601850190215E-8 0.0499770193674576
-0.18433654548332082 0.048222709230570565 0.05356505347436668 0 1.0849397401693078E-8 2.9631097721605334E-8 0.0499770445876313
-0.13330372693534312 0.03517105967265548 0.052587287930552964 0 1.4448826904805643E-8 2.301233789443985E-8 0.049977041656510346
-0.08544796042127181 1.2633032021521531E-17 0.05192572029476935 0 1.0166908374857408E-8 1.7844172637799986E-8 0.04997703365804217
-0.2993967149465731 5.4908359945213266E-18 0.05658028588283902 0 3.105448610302031E-9 5.054666427853838E-8 0.04997702001700679
-0.22270343343645202 -2.7398019802337882E-17 0.054316401779706945 0 1.0550813828827151E-9 3.886554194858891E-8 0.04997703416932899
-0.27837086784154214 -0.12617379267311218 0.05679356136910862 0 -1.680108809501361E-8 4.626884541224517E-8 0.04997702695125866
0.07416648351753428 -0.04282003922369633 0.05192757354063934 0 -3.192078364677785E-9 -4.560391226959887E-9 0.049977036805569544
-0.07423701450489274 -0.04286076030823398 0.051928362278406685 0 3.4072328736378152E-9 1.801734728656205E-8 0.049977034824776646
5.433302611002987E-16 -9.25534990736191E-16 0.051513083863437 0 6.6500069281189136E-9 4.811433090610046E-9 0.04997702662312426
-0.10393602836491157 -0.0928684349452979 0.05261104654913398 0 -4.049661087216846E-9 2.1747742870315558E-8 0.049977045184993386
0.09263290818595533 -0.09340215664313874 0.05249108753880629 0 -1.0725348410348961E-8 -7.854609832808233E-9 0.04997704597788645
0.13365633223327938 -0.131494330544841 0.053500013617672336 0 -1.5160737695428434E-8 -1.9457616445617417E-8 0.049977052770882206
0.32685099627426545 -0.2905697969488598 0.06232853198902639 0 -3.9772843967848745E-8 -3.983057362600819E-8 0.04997705333245131
0.25568805190108224 -0.19009790761699052 0.05725179690059135 0 -2.0440124624615366E-8 -3.619527704658175E-8 0.04997703416785013
0.2878012678865199 -0.2461068228137798 0.059620677596610265 0 -3.283851962689595E-8 -3.679809430951164E-8 0.04997703848563864
0.17648242248939017 -0.17786432905826252 0.055061790182478074 0 -1.7974907935004086E-8 -2.8659141602678842E-8 0.049977042080518876
-0.2483235922732361 -0.18165056966040063 0.05686432272721823 0 -2.393301157067376E-8 3.993845045551499E-8 0.049977028015894175
0.5547456546446986 -0.6639301342123074 0.09391738389868397 0 -9.031421991957858E-8 -8.504003780806225E-8 0.04997707087023861
0.617759403950767 -0.688475338910477 0.09999999999999995 0 -9.234698165679714E-8 -9.314669478819065E-8 0.04997706317194474
0.5055257679581893 -0.637124600070996 0.08897493457515948 0 -9.150265755335774E-8 -7.552316198308139E-8 0.04997707581407426
0.4877536710430043 -0.5826751104622181 0.08420495651136725 0 -8.594238622480985E-8 -6.528548457874912E-8 0.04997706985551611
0.33633282409977666 -0.3398966968888034 0.06444423660906808 0 -4.654738771817076E-8 -4.628058964765515E-8 0.049977066429877516
0.3632772876174715 -0.38800374757803635 0.06749345504717459 0 -4.896301519861081E-8 -5.7728807191610375E-8 0.04997705789318128
0.41704203467651185 -0.4108303752912243 0.07090170067103964 0 -5.1467617422041096E-8 -6.275057317666962E-8 0.04997704601545461
0.4381086940659461 -0.4733073985449338 0.07505155127124846 0 -6.547134664751794E-8 -6.190523442678789E-8 0.049977043956059834
0.4531934148271225 -0.5420428192507506 0.07976926362259741 0 -7.98944957762405E-8 -6.011323470594176E-8 0.04997705461669603
-0.8565041007211142 0.12935729823844902 0.09401883827528355 0 1.7853943206321116E-8 1.3568218889299386E-7 0.04997703524131824
-0.9051192255768068 0.1907463267598074 0.09999999999999999 0 2.760655973629937E-8 1.472120451384481E-7 0.04997702534717087
-0.7940808377677345 0.13178185399490336 0.08820577601429047 0 2.4525839105983766E-8 1.257359851045375E-7 0.049977044917035494
-0.33304413722574716 -0.0693067767843958 0.05805530637396814 0 -4.248447186514569E-9 5.676423462304923E-8 0.04997702156013003
-0.4742240483662385 0.11256694280313873 0.06494853319711702 0 2.1784811643948495E-8 7.49334565923987E-8 0.049977046101638854
-0.5075730010734563 0.12513873893141758 0.06697106660603604 0 1.785773552484329E-8 8.28242266498209E-8 0.04997703975026956
-0.5430568755805907 0.10886676283437083 0.06886622733636953 0 1.5064611714883606E-8 8.691040687716214E-8 0.0499770283083528
-0.7200856347104287 0.12756375701027653 0.08178787314202199 0 3.138060378556236E-8 1.1412225209518354E-7 0.04997703194492751
-0.6366216770914513 0.1480565042375733 0.07568897320024313 0 2.929962780424114E-8 1.0253706252119772E-7 0.04997701807063471
-0.5817364775186938 0.11498204866540508 0.07140762999266016 0 1.852815492157483E-8 9.352141927895124E-8 0.04997702043068106
-0.42774238996431574 0.06497482014443741 0.06209784320535726 0 1.9392798159085776E-8 6.62069501365091E-8 0.0499770316054673
-0.3847166606924661 5.007387460326135E-18 0.05988137680814879 0 8.419385577634746E-9 6.3559944892414E-8 0.049977021563846126
-0.3349183900900527 -0.1391323925724424 0.05894927757126893 0 -1.3694154131520438E-8 5.604364493045169E-8 0.049977025254934526
-0.29014129297673835 -0.2192290809213992 0.05898973037684319 0 -2.6418564812418E-8 5.0058536538115104E-8 0.049977027284193905
-0.30831506111577245 -0.17770170158565646 0.05867258259636438 0 -2.0844203810412417E-8 5.188084886198091E-8 0.04997702546269586
-0.8184909839211807 0.07533925376340875 0.08977629762126751 0 1.3490914502733214E-8 1.261868567787672E-7 0.04997703572444254
-0.15687445011428935 1.9896548115933566E-17 0.05290395974586269 0 6.736850547499764E-9 2.8784455199203737E-8 0.04997704161724507
-0.12783259126111396 -0.033275347967647646 0.05249920381841622 0 4.312607465415342E-9 2.630331608185983E-8 0.04997704192971607
-0.12619399745448542 -0.06614911525416546 0.05266041061116255 0 1.2298873334261236E-10 2.6447558509417507E-8 0.04997704630416614
-0.24680219676358395 -0.07209570484823002 0.05524990662857362 0 -1.1445260396826531E-8 4.319669509223641E-8 0.049977033343155765
-0.22815732549244763 -0.13366956667415794 0.05546555293618707 0 -2.0487125572877367E-8 3.568508115259328E-8 0.04997703764190784
-0.15093740406319942 -0.09389909648308085 0.053299030733839035 0 -5.600780999815538E-9 2.815294146843193E-8 0.04997705443091865
-0.17405337917392047 -0.045794392161233266 0.053343830220451034 0 -2.0246633309748634E-9 3.4524793579041546E-8 0.049977046594737756
-0.18973296493485722 -0.18461798069110347 0.055474546986767154 0 -2.4483144586943415E-8 2.7740719056653865E-8 0.04997703400750947
-0.1364384943575783 -0.14270773398924902 0.05371629461338726 0 -1.4602915940327374E-8 2.066423799124534E-8 0.0499770472486831
0.04273873390329096 -0.07402565857166638 0.05192600533605053 0 -6.419980959339486E-9 1.340826710925345E-9 0.04997703675112191
-0.04299754043112493 -0.07447392462720538 0.051931021483395706 0 -2.9770152523894864E-9 1.4445423153757989E-8 0.049977035695618184
1.3904975238826412E-17 -0.08573627431625096 0.051928505242836896 0 -6.421058797985914E-9 8.66528353429678E-9 0.04997703666131107
-0.07925046645516252 -0.13726583442387433 0.052932952804228266 0 -1.437571796246197E-8 1.692132988787591E-8 0.0499770452002664
0.078463056828959 -0.135902000944921 0.052904876080197075 0 -1.418076007189272E-8 -7.031581075954583E-9 0.04997704733049601
0.11138757858716244 -0.19292894544503636 0.054318208030815426 0 -2.0097973508231852E-8 -1.688421972764312E-8 0.049977042255932254
0.2704412885460667 -0.32134890739138133 0.06148782850104338 0 -4.756116091788616E-8 -3.443430617584145E-8 0.0499770470907996
0.21970172124605267 -0.2547036178054315 0.05790944965811469 0 -3.2980686081087095E-8 -2.954571145547913E-8 0.04997703237310623
0.06445906182530692 -0.2524774236880237 0.05535114833714504 0 -2.7996501267295387E-8 -1.0537576227289465E-8 0.04997704007266761
0.14972579901011426 -0.2593326910893636 0.056582144341893334 0 -3.1299322507422483E-8 -2.0921923669710043E-8 0.04997703100345783
0.031363797849434556 -0.30517057546423765 0.0568332914109285 0 -3.90458573908995E-8 -3.755846847785403E-9 0.04997703462683532
-0.03281109095750645 -0.303248501545522 0.0567724159885361 0 -4.097111237508011E-8 5.8745223217661366E-9 0.049977033842202305
-0.22974591189928226 -0.25639797529990704 0.058213734017978094 0 -3.1540390080649417E-8 3.958687438387594E-8 0.04997702644427792
-0.15050660974349658 -0.260685094950677 0.05663516711153095 0 -3.4923853058781994E-8 2.4974677903810737E-8 0.04997702638765017
-0.0010639892128916778 -0.35571530812846325 0.05866683852382106 0 -4.786572748595455E-8 5.019176603750054E-9 0.04997703337219477
0.4897167015298755 -0.6990669986722716 0.09278011319940965 0 -1.002692524399266E-7 -7.618421371748918E-8 0.049977065974785025
0.5485314847714318 -0.7448023146284537 0.09999999999999996 0 -1.05263207016682E-7 -8.580898818766274E-8 0.049977061899394895
0.4538946410105444 -0.6418290507487608 0.08650541722977732 0 -9.577950859457972E-8 -6.619143343629433E-8 0.049977066966780115
0.43691576165411183 -0.5863880363863174 0.08178506492225697 0 -8.84070931099352E-8 -5.90816108311817E-8 0.049977059091057305
0.30008338071089913 -0.40108479031261085 0.06570468861303413 0 -5.6492924752119515E-8 -4.6800394653425166E-8 0.049977051758903594
0.35656776116113886 -0.46142030598113837 0.07075125137743835 0 -6.28748642036236E-8 -5.4483004513182674E-8 0.0499770428663283
0.38634553368626 -0.5411366135074784 0.07653244947706513 0 -7.84342676009252E-8 -5.310717077248786E-8 0.04997704447127841
-0.8641324069088798 0.062174994255793294 0.09403348687291993 0 8.923060916472532E-9 1.3461632095147167E-7 0.04997702957139879
-0.9192848102122441 0.10262901652303172 0.09999999999999998 0 1.357757936812001E-8 1.4397484555114307E-7 0.04997702503917444
-0.7599167871431189 0.06070075634999409 0.08441733903220823 0 1.7230941651435512E-8 1.1724131862866788E-7 0.04997703216154385
-0.3798507417992421 -0.12110542276221137 0.06050058794352799 0 -7.622629845951166E-9 6.35977120054415E-8 0.04997703085848729
-0.40842759083875524 -0.05875232359605665 0.06114052778332879 0 5.687096494320867E-10 7.02881288015012E-8 0.04997702953478041
-0.5039157942187592 0.07056797810116018 0.06615707446286306 0 1.1722407473944087E-8 7.724680136908274E-8 0.04997703317247158
-0.5548238392163808 0.07638757137486703 0.0692570455361671 0 1.1498443434389034E-8 8.757622842034502E-8 0.049977023466741696
-0.6893460495224285 0.06354738512595373 0.07863780818203954 0 1.8912628620260333E-8 1.0816483308678503E-7 0.049977021742839536
-0.6215823870108426 0.05940809814964494 0.0735747228508592 0 1.373103432600607E-8 9.874125917597522E-8 0.04997701608261421
-0.4662367643365183 -0.05429215722432917 0.06397307879016166 0 -2.726345278861163E-9 8.09228734402996E-8 0.049977034668810934
-0.46385916918682774 -3.671115297680029E-17 0.06368112390889598 0 5.380659858712308E-9 7.569694079592319E-8 0.04997702793136847
-0.3620108841151937 -0.17400839360604695 0.060635096430618034 0 -1.7648441047816123E-8 5.990663791483602E-8 0.04997702925612264
-0.299671918215507 -0.26919022055739933 0.06068803798570996 0 -3.196825636737989E-8 5.4120001374771535E-8 0.049977035225699705
-0.33027652289156045 -0.22443841547131757 0.060528990644305516 0 -2.6764021125253274E-8 5.741558215763052E-8 0.04997703019808695
-0.8245744171037561 3.2427437940114445E-20 0.09002147282184526 0 2.5245617809763915E-9 1.3108124105354125E-7 0.04997702991815444
-0.19761019796705673 -0.10158906953187434 0.054303584925033156 0 -1.5081495943580932E-8 3.364481113923245E-8 0.049977051510917796
-0.18403998396844498 -0.12735803584373423 0.05434432437859784 0 -1.6600409214026255E-8 2.7367013338734468E-8 0.04997705072680476
0.002774404310843052 -0.26370741404826953 0.055444406431408536 0 -3.338865383543602E-8 -3.323846947362995E-9 0.04997704374893444
-0.11217260429255088 -0.1942886498520168 0.05435789315243198 0 -2.5864377956132125E-8 1.7187090213824182E-8 0.04997703868841982
-0.059917909088264505 -0.2537684697083779 0.05535616729591674 0 -3.6349161308617895E-8 8.27439554985527E-9 0.0499770386432948
0.025874926118163173 -0.1326695098536581 0.05254567933671944 0 -1.3024039313849722E-8 4.650335307008884E-9 0.049977047125444166
-0.02524383979971824 -0.13300675455069116 0.05254892004091195 0 -1.433895499602297E-8 1.2505547513759423E-8 0.04997704640119802
0.05493858025113073 -0.18721166728009325 0.05366460039291042 0 -1.7569338454010277E-8 -5.211514501205297E-9 0.04997705111043836
-0.053441146730527585 -0.1870910243981426 0.053652873989227134 0 -2.653033964266505E-8 1.1417567517556787E-8 0.0499770498180764
-0.015811501710617765 -0.22080470166743846 0.05428292799461194 0 -2.980677125329958E-8 1.529228220646812E-9 0.049977055964309174
0.001589553534327251 -0.18045943852644147 0.053353802929854637 0 -2.0690761408513525E-8 6.355861214393549E-9 0.04997705892188744
0.01713256069613923 -0.2191946756676691 0.054245341320781695 0 -2.3973070789210033E-8 -3.1918918095174574E-9 0.04997705664206676
0.23193963455587202 -0.4017312313397281 0.06368217918749612 0 -5.43841987945504E-8 -3.112751902600639E-8 0.04997704513033276
0.1923608915779979 -0.3331788376023402 0.059881599761303035 0 -4.529189384962901E-8 -2.28192977659851E-8 0.04997703572072822
0.10559774308437371 -0.32641465451667345 0.058167036115944384 0 -4.2387549645700125E-8 -1.0556705144208549E-8 0.04997703272912501
0.02839276411724587 -0.3973392921812579 0.060485401730235276 0 -5.5393589178684794E-8 2.435593593536012E-9 0.049977038708972694
0.04349199689707277 -0.3606955682361924 0.05897556113419837 0 -4.900818342659192E-8 -7.801094091838448E-10 0.049977034925882846
-0.2724211583800272 -0.34021230275634196 0.06225471036920945 0 -4.0529376422581395E-8 4.695623304011168E-8 0.0499770410992073
-0.04975626500892476 -0.3592625346716331 0.05895024498757896 0 -4.797700764176935E-8 1.3585174441909205E-8 0.04997703349595554
-0.11115524588477288 -0.32319159740630654 0.058116751891295344 0 -4.381821416753667E-8 2.2392989374632936E-8 0.04997702885326991
-0.1929576265867868 -0.33421241295621784 0.05993362613445384 0 -4.36330217607018E-8 3.602630087851476E-8 0.04997703005450132
-0.00580331192480529 -0.44141011755505605 0.06253303354413747 0 -6.054211549159711E-8 6.142125450404872E-9 0.04997704243981912
-0.03317807935019408 -0.4000499580003111 0.06062434517611842 0 -5.315904114110113E-8 1.2029324553958964E-8 0.049977038416077535
-0.4124914840826571 -0.7144562081206507 0.09005972521404425 0 -1.0500809278190248E-7 6.522951956424403E-8 0.049977047036004835
-0.4625000000000001 -0.8010734985006056 0.09999999999999992 0 -1.202776753934418E-7 6.979297917256131E-8 0.04997704043515645
-0.38371343710296635 -0.7748603000238191 0.09386619334345217 0 -1.1790540925063006E-7 5.968935052275563E-8 0.04997704922064436
0.41226227881814503 -0.7140592129571534 0.09001680581831234 0 -1.0124437334425157E-7 -6.038511801348842E-8 0.04997706142405698
0.4625000000000003 -0.8010734985006056 0.09999999999999992 0 -1.1284459365299148E-7 -7.107576554721755E-8 0.04997705685697949
0.36763254236248355 -0.6367582418875386 0.08211785344170675 0 -9.216050533063122E-8 -4.873100558993515E-8 0.049977053841051576
0.2724100436150707 -0.4718280360333562 0.06830375115676082 0 -6.313648906495459E-8 -4.0875576640233895E-8 0.04997704181131627
0.31808183532075857 -0.5509338997403103 0.07441383187593022 0 -7.75696923350781E-8 -4.383026735273328E-8 0.049977039825541476
0.2111878992556696 -0.5199281931560845 0.06932845783235407 0 -6.788251495758443E-8 -3.1741565758020264E-8 0.04997704516112941
0.021803385387518696 -0.48225449508691837 0.06469299319690376 0 -6.912701739784638E-8 -1.0283213079503145E-9 0.04997704497921507
-0.8627884197170683 -0.05512509329877387 0.09385473111979895 0 -8.733840893731976E-9 1.393403808582199E-7 0.049977030555016205
-0.9249999999999996 -3.487031299242896E-17 0.0999999999999999 0 -1.3781027458867882E-9 1.466180259396361E-7 0.049977021196610426
-0.7353276040989696 -1.3378311327871067E-18 0.08212306732579755 0 8.466657259829637E-9 1.1737404427310735E-7 0.04997702586095371
-0.4256923062754768 -0.12215318657273537 0.06260425960749795 0 -7.007201405901966E-9 7.060196277729324E-8 0.04997704261737791
-0.4043520178042478 -0.16901983470521803 0.062374130552393804 0 -1.582601038510524E-8 6.430480885606357E-8 0.04997703585465423
-0.46760448929491655 -0.09647351175034935 0.06440527405535054 0 -8.96676320646287E-9 8.093448779637213E-8 0.04997704630450346
-0.5447672634209793 2.858524015158418E-17 0.06830049229574699 0 1.264883985595074E-9 8.81659834026752E-8 0.04997702123856136
-0.6361392415232948 1.0428654588114258E-18 0.074412070818866 0 5.6807475600436836E-9 1.0213928024521278E-7 0.04997701569503442
-0.5124187514513647 -0.051847896831783355 0.06651654728017117 0 -6.920082615445735E-9 8.696847132199549E-8 0.04997703011573918
-0.36799093114432163 -0.6373789894665451 0.08217765681431857 0 -9.017063013546831E-8 6.336186560050587E-8 0.049977041395472425
-0.31827009850817745 -0.5512599811461146 0.07444098367382036 0 -7.834535354915249E-8 5.310610372491404E-8 0.049977029056550284
-0.31386332305040454 -0.40193360988060217 0.06622216379223078 0 -5.387225470875958E-8 4.576294328652987E-8 0.0499770434154063
-0.344912559069745 -0.4432246070018303 0.06935603931497553 0 -6.292553938324826E-8 5.086113064823102E-8 0.04997703446065866
-0.3337091490042147 -0.3553876317528073 0.06495432896100803 0 -4.6719636048872564E-8 5.288610006620549E-8 0.049977055217143025
-0.383737195098482 -0.21760730691022415 0.06251779019199952 0 -2.6460855176170278E-8 6.336401075515992E-8 0.04997703256298611
-0.33230969380311975 -0.3125744339373021 0.06328313435425742 0 -3.981881441540225E-8 5.98354685281635E-8 0.04997705031284792
-0.3540195296480104 -0.26181915330723304 0.06247659304365877 0 -3.4049310000757633E-8 6.266327839391279E-8 0.04997703741550323
-0.7962287177911112 -0.06074957956360479 0.08762354715881245 0 -4.801630496274277E-9 1.309484514654358E-7 0.04997703581369057
-0.7351410524947966 -0.06092685497728594 0.08231802271497875 0 4.971282997138518E-11 1.2074937059280158E-7 0.049977030625027744
-0.4839056580716607 -0.700569999447879 0.09257832058039935 0 -1.0149622843144577E-7 7.234395422905216E-8 0.04997704874420426
-0.548567403595686 -0.7447758606713796 0.09999999999999995 0 -1.105659747821495E-7 8.135287741400673E-8 0.04997704289930995
-0.43547631470191006 -0.6351536187841573 0.08509247440255902 0 -8.68709860090375E-8 7.074637614487217E-8 0.049977048316850216
-0.4991515386320159 -0.6334110077816721 0.08834372866104905 0 -8.949735326183993E-8 7.819260474006553E-8 0.04997705871305461
0.19075484218748148 -0.47253116432229375 0.06620021711897693 0 -5.8983733699959094E-8 -2.6425207396474295E-8 0.04997705281630245
0.04901016908663563 -0.43723836174505165 0.062459634223422635 0 -6.378615698604041E-8 -1.1082104929399525E-9 0.04997704670471722
0.06673635655852123 -0.4767204709635778 0.06461779605353515 0 -7.147473946751345E-8 -7.545626299542075E-9 0.04997705333114486
0.08201071126761385 -0.3939388987243752 0.06066806698898625 0 -5.5472569529253835E-8 -3.5196287490809273E-9 0.049977043188329094
0.15779399244920161 -0.40600143052169285 0.06224217224863409 0 -5.3434477529685546E-8 -1.4417030546044531E-8 0.049977049123004144
-0.23228029263418432 -0.4023212684393739 0.06371797650698163 0 -5.559901148095827E-8 3.948274062173155E-8 0.04997703803256203
-0.272587327693687 -0.4721351010648927 0.06832563375196132 0 -6.838042135143307E-8 4.222972652592014E-8 0.04997703274614115
-0.08918266806588586 -0.39015326021997454 0.06056960464965617 0 -5.168489453210394E-8 2.2748160146405917E-8 0.049977040258902886
-0.15459594130071433 -0.39192658728762203 0.061550218588660825 0 -5.494499998094692E-8 3.300663838544115E-8 0.04997704084642968
-0.18675532053812563 -0.43493251784630643 0.06418357757579085 0 -6.495291806478954E-8 3.478882538412359E-8 0.04997704546172554
-0.21375905453868752 -0.4723463627877797 0.06671710658979704 0 -7.16650702514494E-8 3.469471220344784E-8 0.0499770409216163
-0.030837599095424044 -0.4757419881377715 0.06436680609968097 0 -6.353040863559235E-8 7.51531985944297E-9 0.04997704510262052
-0.05772042989369192 -0.4373202270026056 0.06251628812885628 0 -5.638246106034617E-8 1.5629119417564488E-8 0.04997704654888992
-0.34485879204612635 -0.7195732958375974 0.08756922173357189 0 -1.083684226457808E-7 5.874815624238472E-8 0.049977053317841816
-0.3147326423667731 -0.6679534491621227 0.08237892997106575 0 -9.726014659011339E-8 5.777090924796023E-8 0.049977046850627226
-0.23145619169988374 -0.5426436945370012 0.07120349698950756 0 -8.021740384026058E-8 3.7208756455352446E-8 0.04997703366830443
-0.28415939775573246 -0.6153602706014173 0.07751426427315904 0 -8.822701538812977E-8 5.1501702461145295E-8 0.0499770363026
-0.32938286511096027 -0.7771045511687235 0.09186418681824757 0 -1.1836003167211758E-7 5.141919690197136E-8 0.04997705844999818
-0.29287844997281653 -0.7560683801841978 0.08874412837590734 0 -1.1236250361485156E-7 4.8591180143061826E-8 0.04997706532931531
-0.3707535969478622 -0.8474426517245004 0.09999999999999994 0 -1.2927727890420524E-7 5.60537534873493E-8 0.0499770480036357
0.3299132550602819 -0.6955796266909601 0.08507057911176502 0 -9.71354283357224E-8 -4.1658605858480875E-8 0.04997706314614144
0.29721686832567656 -0.7486484838731736 0.08825580478820183 0 -1.0507831419530844E-7 -4.0417379314235084E-8 0.04997707496386427
0.36329863298780996 -0.7692008953950569 0.09250410835033807 0 -1.0572339684238677E-7 -5.35404505174993E-8 0.04997706523058493
0.37078540548822353 -0.84742873429503 0.09999999999999996 0 -1.1803603407605098E-7 -5.696343989258023E-8 0.04997706127982324
0.28831363121595577 -0.628175946475062 0.07855241106831119 0 -8.943912671215586E-8 -3.4847263614287916E-8 0.0499770484035674
0.2593907519340379 -0.5686281064407216 0.07361593901057979 0 -7.869789621260814E-8 -3.5144816337276405E-8 0.04997704023631779
0.1909808398518187 -0.5616900805542804 0.07142639087555927 0 -7.656359439965351E-8 -2.848168840376509E-8 0.0499770435972579
0.17735047116299676 -0.5251479744589087 0.06889288845838194 0 -6.90075716020187E-8 -2.8395849839621336E-8 0.0499770499110992
-0.006975621790116347 -0.518397225687904 0.06671599267023105 0 -7.224762202562332E-8 1.2822330470072603E-9 0.049977041572284796
-0.05196883438319561 -0.5240326103663052 0.06719869985797552 0 -7.065936198910454E-8 7.021505536230149E-9 0.04997704375834795
0.051893656645759574 -0.5409828050063739 0.06822031633188269 0 -7.865211543508589E-8 -8.976967916165102E-9 0.04997704291762471
-0.8393412000270999 -0.10211595922316324 0.09200820531311653 0 -1.6157726923259934E-8 1.3604929097476927E-7 0.04997703927557165
-0.8023821229894582 -0.12465004703532731 0.08885408731398863 0 -1.6070813062841975E-8 1.2934904306988996E-7 0.04997704705123217
-0.919283847116488 -0.10263764414409532 0.09999999999999995 0 -1.7891368914644086E-8 1.475039429260822E-7 0.04997702764676626
-0.4286041911968902 -0.211604106404576 0.06443452009247352 0 -2.6550583499907328E-8 6.683993095544495E-8 0.049977034381839376
-0.6752473549062171 -0.06099766201966174 0.07752927755735106 0 -7.306761127242139E-10 1.0998881399716864E-7 0.04997702147692688
-0.4690213191754545 -0.16282051739106812 0.06545407679976868 0 -2.0092625799730815E-8 7.044307044022885E-8 0.04997704563328294
-0.5199939829281818 -0.12464895604080488 0.06768673130026925 0 -2.1179242534710034E-8 8.406610413890072E-8 0.04997703960991675
-0.5844196053235723 -0.07491703801282976 0.07115392026499068 0 -9.864058101112384E-9 9.572342975057459E-8 0.049977021011089466
-0.40158939943089916 -0.5697012631254147 0.07901179842938963 0 -7.726082420852003E-8 6.820406496697874E-8 0.04997703649364595
-0.3629672679735455 -0.5093150093458657 0.0736457128337714 0 -7.132659993073292E-8 5.850892444726825E-8 0.04997702868323528
-0.36195665189066545 -0.3775113144203722 0.06698450376718919 0 -5.5402953380547635E-8 5.3820108168224445E-8 0.04997704964493528
-0.36626813150114046 -0.41664081435894 0.06892167223823108 0 -6.040333269083944E-8 5.358003601406395E-8 0.04997703890308444
-0.3903068178565833 -0.4466269881485596 0.07141764844659583 0 -6.434805787086907E-8 5.979691037757603E-8 0.049977031808328125
-0.38262787487786487 -0.34149739132768064 0.06638993492953274 0 -5.304468079622988E-8 6.236469560262787E-8 0.04997704868810964
-0.4062559769371703 -0.26147495596378895 0.06471383725610919 0 -3.69397324514194E-8 6.731753075085881E-8 0.04997703448461177
-0.379843340675863 -0.2969419115223147 0.06465963905911938 0 -4.362748828436819E-8 6.604567808075423E-8 0.04997704316502848
-0.735100345459195 -0.11930462056175606 0.08291132970822639 0 -6.752342783838248E-9 1.192030604139872E-7 0.049977038593698155
-0.5519968333853201 -0.6639303440969675 0.09374464706266032 0 -1.0039043857704841E-7 8.354531999631987E-8 0.04997705227588848
-0.6178002971320175 -0.6884386430529175 0.09999999999999999 0 -1.0624209620239291E-7 9.511824998149368E-8 0.04997704213714949
-0.4800125571007386 -0.5637645778356987 0.08255043176744221 0 -7.666541014932295E-8 8.319836025572231E-8 0.049977048356543256
-0.5399346500949583 -0.6040123388311484 0.08868415026698905 0 -9.038991607264037E-8 8.802500956849595E-8 0.04997705735252377
0.1043605879990727 -0.5010308479370807 0.0663275801738497 0 -7.28593786114122E-8 -1.7628472445676393E-8 0.049977059600264495
0.14556246178613041 -0.5017461145955597 0.0669511130546236 0 -6.678854547166984E-8 -2.3847348681947348E-8 0.049977060311916906
0.1399468089855873 -0.4672126633962517 0.06496624972127404 0 -6.191485261683062E-8 -1.689819096095502E-8 0.04997706501847203
0.10408488366078729 -0.44405468685268906 0.06327666735135784 0 -6.43108620490166E-8 -7.4136739555278046E-9 0.0499770595571025
-0.1061373350373039 -0.43371612134398735 0.06278756375601147 0 -5.757076280205263E-8 2.5664022932294114E-8 0.049977053758236085
-0.15386562481962193 -0.515523498759926 0.0678853449092873 0 -7.648546178010799E-8 2.1019704735851608E-8 0.04997705072242178
-0.1533021139497205 -0.45854960024362473 0.06473399748772987 0 -6.85015162418378E-8 2.9059787930607867E-8 0.04997705708906371
-0.09527352708204248 -0.48999184724793526 0.06560563290386158 0 -6.437798087746151E-8 1.4691899571240816E-8 0.04997705707832583
-0.09590125636856876 -0.5619999312235504 0.06990127823248256 0 -7.817666260250022E-8 1.2549124817879466E-8 0.04997704100163726
-0.15663037176370528 -0.5733099421965812 0.07149707499548641 0 -8.272975100723203E-8 2.3499854022236982E-8 0.04997703883046345
-0.2643961373711981 -0.69702971973395 0.0829765309474388 0 -9.935009646457726E-8 5.1278495217831456E-8 0.04997705559489887
-0.19926692702634366 -0.6350324834465847 0.07658242747619838 0 -8.999996439340881E-8 3.687886856354605E-8 0.049977038376049436
-0.2937621218403118 -0.8161557505482272 0.0941366022415018 0 -1.211646257610597E-7 4.270960092683032E-8 0.04997705885916692
-0.2445064351501806 -0.7666415232960113 0.08818261063739219 0 -1.0793855349566252E-7 3.988830228776924E-8 0.04997706442337169
-0.28738877712844163 -0.8792227618026947 0.09999999999999998 0 -1.2916032988918102E-7 4.11858934710184E-8 0.04997705134388096
0.24692814396934878 -0.6974874410583481 0.08250617855893734 0 -1.0284506802514534E-7 -2.7062156101921414E-8 0.04997706321069469
0.2521627428797361 -0.7694593063835823 0.08864404636431372 0 -1.1376279295024517E-7 -3.627724294295978E-8 0.049977074014804654
0.297447604941039 -0.8106467532563326 0.09375141746476387 0 -1.1514829199476534E-7 -4.7078236326504806E-8 0.04997707003048702
0.28742318143973467 -0.8792115158194408 0.09999999999999996 0 -1.2774751036586734E-7 -4.6431347297384005E-8 0.04997706172975741
0.18957159845420457 -0.6243064952889011 0.07560329744867302 0 -8.950318138286056E-8 -2.3546140823532554E-8 0.04997704361143079
0.12475562378528372 -0.5650913910725972 0.07045918166236258 0 -7.998190942949546E-8 -2.072041860542242E-8 0.04997704517107437
0.16970055881419605 -0.6915759378642314 0.08021607449160519 0 -1.0215486389451994E-7 -1.8347566108913294E-8 0.049977050679840866
-0.02127679909875186 -0.5862434400348021 0.07098260267248739 0 -8.266858036219332E-8 4.379984609526538E-9 0.049977035710060035
0.047679088889249585 -0.6125339534466792 0.07287094188782159 0 -8.796471186573823E-8 -4.5858347793091316E-9 0.0499770369740009
-0.8531067718150073 -0.15803750226362162 0.09415708085227006 0 -2.5844942843673283E-8 1.3340767363816863E-7 0.04997703920029355
-0.7842181949983064 -0.17459658052838975 0.08806681761589173 0 -2.126982483520606E-8 1.2061752511120793E-7 0.04997704551326142
-0.9051158299750597 -0.19076243784282004 0.09999999999999996 0 -3.080706893085939E-8 1.3997321609132632E-7 0.04997703024811883
-0.47800098007166625 -0.2183882854981824 0.06713458210584479 0 -3.0720611859395426E-8 7.231124924659159E-8 0.04997703173885677
-0.4503344724862791 -0.2539143429242661 0.06663047103760426 0 -3.6339707767219967E-8 7.102805293250327E-8 0.04997703003287559
-0.647719142022224 -0.1435812801370505 0.07642272847163623 0 -1.4495328274454306E-8 1.0389470261816385E-7 0.04997702298394865
-0.5329845388239062 -0.1985594752136453 0.0698139205090511 0 -2.9474606616980312E-8 8.157771396956947E-8 0.04997702797773262
-0.5744027965338088 -0.14938461510286838 0.07144252826293569 0 -2.2131319076618346E-8 9.120527716149943E-8 0.049977025325021386
-0.44626651447182913 -0.4769553831048422 0.07565680574632234 0 -6.670666345758206E-8 7.367176021501229E-8 0.04997703014191573
-0.5140310251048448 -0.4921578818310024 0.08018045280724437 0 -6.849486889678323E-8 8.705029676563948E-8 0.04997703524793474
-0.4256087219342948 -0.3924588186076942 0.07047472570296819 0 -5.956338911779683E-8 6.641654130710026E-8 0.04997703303341017
-0.44295395304453694 -0.3153758255937713 0.06823813858748431 0 -4.856286067528317E-8 7.163838757424455E-8 0.049977030771392324
-0.722493271850469 -0.18466121884148878 0.08299584497449673 0 -1.792818632625326E-8 1.1304915471908302E-7 0.049977035573541
-0.6008930547011089 -0.6092572756078648 0.09299302035398636 0 -9.458210409499097E-8 9.523026378544566E-8 0.04997704587139734
-0.684830613311738 -0.6217902179859557 0.09999999999999995 0 -9.627727247222568E-8 1.0641281803379397E-7 0.04997703339340994
-0.5678213237459835 -0.5376676061363831 0.08613904983735729 0 -7.8878252666432E-8 9.451048379792021E-8 0.04997704353372264
-0.10379006268918359 -0.6311723493295895 0.07466578004946203 0 -8.958062377375677E-8 1.9504849665642373E-8 0.049977036266632135
-0.2012336657215405 -0.7196538123444206 0.08312630758513646 0 -9.95300460592992E-8 3.833804981020514E-8 0.04997705287667538
-0.14538614431124028 -0.6947291331504665 0.08002955113164488 0 -9.820993211598546E-8 2.9295257959822757E-8 0.04997704358073911
-0.2244810935107963 -0.8295744817427091 0.09335179876408069 0 -1.188919472854917E-7 3.2432389111031385E-8 0.04997705547464124
-0.1948530319449167 -0.7756068237085788 0.08772926134592988 0 -1.0872303175728649E-7 3.2421832449424025E-8 0.04997705623730039
-0.1961900777341867 -0.9039499420937565 0.09999999999999996 0 -1.3187670067507468E-7 2.767434953154249E-8 0.04997704706785101
0.18083964416846282 -0.7595104378227607 0.08602850609777067 0 -1.1346288385666132E-7 -2.3119910762166148E-8 0.049977060417688436
0.22639239794839497 -0.823169454837357 0.09279966487488275 0 -1.2190440855115936E-7 -3.61790711722708E-8 0.04997706457101931
0.1962292603758944 -0.9039414372048344 0.1 0 -1.3266816777318603E-7 -3.2135938995440615E-8 0.04997705416748359
0.115198487208555 -0.6531897985847656 0.07640980333620502 0 -9.424226780699417E-8 -1.2233797863455739E-8 0.049977041674709025
0.13075868837865867 -0.7179080095003469 0.08165710231721485 0 -1.0443382023690845E-7 -1.2770242483774047E-8 0.04997705081680523
0.11581756539084577 -0.7588114009433137 0.08487399945221091 0 -1.0883463612887671E-7 -1.1721491973868168E-8 0.049977055574399874
0.049373389215154787 -0.6762514634930521 0.07753347573866784 0 -9.66837324310443E-8 3.2517658744713417E-10 0.04997704282536956
-0.018713178495829663 -0.6598847879456909 0.07617577755495697 0 -9.469171595786355E-8 9.880663899561543E-9 0.049977039142799926
-0.6738902730202501 -0.2204985208373878 0.07997070091519397 0 -2.509242613750709E-8 1.0733122362705019E-7 0.04997702697101939
-0.8340398056073672 -0.21902107573341584 0.09363611174877712 0 -3.314385605360396E-8 1.273568520367374E-7 0.049977035449938395
-0.7682837005378527 -0.21778108265977308 0.08762455506029669 0 -2.7552034811324065E-8 1.178454604479464E-7 0.04997703789779011
-0.8809151182252344 -0.2821428693025129 0.09999999999999996 0 -4.389420159101443E-8 1.3557580842482833E-7 0.049977025379679574
-0.5165019276401033 -0.27345997871285094 0.07083650833060155 0 -3.8758303121783223E-8 8.126094753458586E-8 0.049977022380144454
-0.598583551544961 -0.22602979228178174 0.07467942546060534 0 -2.934771422749313E-8 9.511421013985351E-8 0.04997702140721375
-0.5551101229584549 -0.47007014883430126 0.08146563252731462 0 -6.455445768458487E-8 9.162462879375887E-8 0.04997703438716177
-0.5105636494997625 -0.4275668331221898 0.07661161867134536 0 -5.930110967015884E-8 8.390237316951606E-8 0.049977027263489064
-0.504302912589223 -0.3476237550984314 0.07274022680505549 0 -4.953536568034786E-8 8.135991249726322E-8 0.04997702316076194
-0.7177089386751472 -0.2549295522420565 0.0843570467432338 0 -3.196618162537364E-8 1.1416078376620139E-7 0.049977032319941085
-0.6531660790226061 -0.2763311132584134 0.0799841441751332 0 -3.400329899040018E-8 1.0684682010547541E-7 0.04997702799449092
-0.8437556437212325 -0.37907955935377746 0.0999999999999999 0 -6.030706201904113E-8 1.3336005364612264E-7 0.049977028447264364
-0.8010515387579304 -0.4625279007956028 0.09999999999999996 0 -7.216194033569789E-8 1.2350004742468488E-7 0.049977034891775296
-0.7501479603301011 -0.5412050791178039 0.09999999999999992 0 -8.180641171298696E-8 1.1326654004185565E-7 0.049977032312326516
-0.5998767009898777 -0.4788913706345559 0.08487289614566725 0 -6.61005816140107E-8 9.618802896320793E-8 0.04997703824962498
-0.6562422498346266 -0.5241856689594518 0.09146905933596002 0 -7.722200185467769E-8 1.0149952267622406E-7 0.049977038616580566
-0.08839747535315964 -0.7039498716595032 0.08000538942626953 0 -1.0204410976231735E-7 2.1570257558938787E-8 0.04997704452019724
-0.13806578705455586 -0.7497079460326577 0.08441541385599154 0 -1.0758362355685101E-7 2.6886808522452363E-8 0.04997705022295468
-0.14308797449955213 -0.8318118172195702 0.0918642159103333 0 -1.2202524168221882E-7 2.2329387600449022E-8 0.049977052401431
-0.09361073890939048 -0.9202510142029422 0.09999999999999995 0 -1.3814257987024986E-7 1.2386630295050269E-8 0.04997705040962595
0.09365704332523053 -0.9202463037324216 0.1 0 -1.3144528285373469E-7 -1.6187230922039454E-8 0.04997705376176638
2.0711142119751377E-5 -0.9249949331376578 0.09999999999999996 0 -1.3549756746051845E-7 -2.7073100803738565E-9 0.04997705684071287
0.12762107521700664 -0.8265826692803618 0.09113421310198927 0 -1.185272584551568E-7 -1.83556579892868E-8 0.049977057871980764
0.08068135396090603 -0.7141673032968792 0.08075294753127603 0 -1.017405481404946E-7 -3.82886195110297E-9 0.04997704948866836
0.06358506183867194 -0.7827017733005066 0.08643167294964102 0 -1.0922950205860739E-7 -3.6509403272822222E-9 0.049977062424729324
0.02032803985547743 -0.7231235035279147 0.08113718206932351 0 -1.0332780545554643E-7 7.579007885413613E-9 0.049977053493535324
-0.03309170223836219 -0.7328034628470876 0.08197501691133365 0 -1.0771359123657341E-7 1.558731655522667E-8 0.049977054387546
-0.7926496756412598 -0.2913333375023676 0.0919087000057277 0 -4.332482995086104E-8 1.244791142782863E-7 0.04997703250597091
-0.5810426636905172 -0.3157640075984303 0.07626188231201679 0 -4.043469848609321E-8 9.484681965086165E-8 0.049977024032452334
-0.5773213056470615 -0.42632356756478973 0.08066830857907491 0 -5.5754576492351475E-8 9.389632447319118E-8 0.04997703303415583
-0.5604495700519321 -0.38109429561078195 0.0775098294695611 0 -4.966382997173633E-8 9.156299865043344E-8 0.04997702726808751
-0.6449966839705538 -0.44452809810358646 0.08625924084344862 0 -5.905869632096067E-8 1.0037283978062217E-7 0.049977044258841044
-0.6508158876168189 -0.3390076459058359 0.08199721983987755 0 -4.217161507026624E-8 1.086337561074837E-7 0.049977037472151965
-0.7091826270730177 -0.3233083988571452 0.08590988858162861 0 -4.4502167582435426E-8 1.1726213083809331E-7 0.049977039108365644
-0.7619010673352372 -0.3837317836320327 0.09273617861998763 0 -6.028557694645155E-8 1.215098328786625E-7 0.04997704164866765
-0.7143597851634016 -0.46065181317541964 0.09243904770387959 0 -6.85109757275693E-8 1.0804247789099964E-7 0.04997704474827509
-0.07537530152887754 -0.7754914719888757 0.0858872030654022 0 -1.1631322154705963E-7 1.771838261767768E-8 0.049977057310520843
-0.048377865911234746 -0.8513117859798408 0.09269807273978156 0 -1.277812677876249E-7 6.3223180092382045E-9 0.0499770618982531
0.043935839967012356 -0.8511210240129371 0.09265635168129686 0 -1.2058271833284406E-7 -7.917440753942169E-9 0.049977064138641884
-0.004822548609299441 -0.7855262944057825 0.08645491759740057 0 -1.1459453629043571E-7 7.716912364310764E-9 0.04997706968143414
-0.615323196863825 -0.38077552285640776 0.08115372829448383 0 -4.675147752947196E-8 1.0090842328515067E-7 0.049977036716777556
-0.6821995337018092 -0.3893517946424338 0.0864501634511279 0 -5.2301222558858565E-8 1.1063999173322807E-7 0.049977051358276736
