% Model:
% Version:
% Dimension:          3
% Nodes:              691
% Expressions:        4
% Description:        Surface
% X                       Y                        Z                        Color                    DeformX                  DeformY                  DeformZ
0.7501545366059812 -0.5411959634402135 0.09999999999999992 0 -2.8062657478815262E-8 -4.884961799110101E-8 -2.760933558583174E-5
0.8010709981238165 -0.4624941975024229 0.09999999999999998 0 -2.1007523764199298E-8 -4.9351012630007066E-8 -2.760600190006582E-5
0.09365704332523052 -0.9202463037324213 0.1 0 -5.146441812585433E-8 -1.0967056318850637E-8 -2.7606778469170148E-5
0.1962292603758942 -0.9039414372048337 0.09999999999999995 0 -5.43719733706243E-8 -1.7323956155386688E-8 -2.7607544833511557E-5
0.2874231814397345 -0.8792115158194402 0.09999999999999994 0 -5.18642961660683E-8 -2.3090999340306095E-8 -2.7600887954047947E-5
0.6177594039507672 -0.6884753389104772 0.09999999999999995 0 -3.466236288029763E-8 -3.902480884554441E-8 -2.7602161482654584E-5
0.6847899965302143 -0.621834949891059 0.09999999999999994 0 -3.0576213420429807E-8 -4.185598240621433E-8 -2.760942891765545E-5
0.6644823007055147 -0.538951594396605 0.09297818153954257 0 -2.867173579927072E-8 -4.142375948391627E-8 -2.7606719070514463E-5
2.0711142119768948E-5 -0.9249949331376585 0.09999999999999999 0 -5.4896348226023015E-8 -6.23989780112182E-9 -2.7602400555627032E-5
0.04393583996701241 -0.8511210240129379 0.09265635168129693 0 -4.7083897179785155E-8 -7.359249919680807E-9 -2.7596239856429787E-5
0.7176713367395712 -0.4652126067437795 0.09294805270739674 0 -2.4168097462705885E-8 -4.685386844785574E-8 -2.759968626742799E-5
0.8437752388147 -0.3790359438971111 0.09999999999999999 0 -1.5044572936847036E-8 -4.8560761002365E-8 -2.7612291880330865E-5
0.7635253857731481 -0.3782532475337201 0.0926398396720293 0 -1.5644808716094095E-8 -4.290151047883632E-8 -2.7601984710990763E-5
0.5547456546446984 -0.6639301342123076 0.09391738389868395 0 -3.49230087508507E-8 -3.681245482235093E-8 -2.75944359103059E-5
0.5485314847714319 -0.7448023146284535 0.09999999999999996 0 -4.222230324301862E-8 -3.811747784605197E-8 -2.7602992942969384E-5
0.12762107521700677 -0.8265826692803626 0.09113421310198931 0 -4.74874618453011E-8 -9.98239708265528E-9 -2.760368136871378E-5
0.22639239794839497 -0.823169454837357 0.09279966487488275 0 -5.12908910498748E-8 -1.8572441828989485E-8 -2.759792436166041E-5
0.3707854054882235 -0.84742873429503 0.09999999999999998 0 -4.519908299176419E-8 -2.582903871090089E-8 -2.7602121740706374E-5
0.297447604941039 -0.8106467532563327 0.09375141746476388 0 -4.5759007338038374E-8 -2.2827200862412936E-8 -2.7593095119796877E-5
0.6050561438570463 -0.6036830020468074 0.09289418017943475 0 -2.9221897991520005E-8 -3.55087042251178E-8 -2.7600530087705938E-5
0.5365057739834548 -0.6074638984061794 0.08871198704411523 0 -3.290349163556035E-8 -2.992054087385162E-8 -2.7589613836899546E-5
0.640351776746304 -0.4627856253417016 0.08686037768572825 0 -2.973909358582217E-8 -3.956956442178382E-8 -2.7603547175376575E-5
0.6027366073062329 -0.5213223560235656 0.08747588350371878 0 -2.937941994922786E-8 -3.395056817142418E-8 -2.760610728470167E-5
0.11581756539084577 -0.7588114009433137 0.08487399945221091 0 -4.4196324761472486E-8 -4.46888652587802E-9 -2.7606349385773855E-5
-0.09361073890939044 -0.9202510142029422 0.09999999999999994 0 -5.7804108490157314E-8 1.0582902721857698E-10 -2.7607268694425672E-5
-0.19619007773418676 -0.9039499420937565 0.09999999999999996 0 -5.288624131948225E-8 5.8137505713240055E-9 -2.7608625670897613E-5
-0.2873887771284415 -0.8792227618026944 0.09999999999999995 0 -5.2353903216150816E-8 1.0812496483875405E-8 -2.760240769239826E-5
0.06358506183867196 -0.7827017733005069 0.08643167294964106 0 -4.225367713695083E-8 -1.2775083490283702E-9 -2.759871284525156E-5
-0.04837786591123471 -0.8513117859798404 0.09269807273978152 0 -5.40818939747974E-8 -1.7460784042900748E-9 -2.7597060624570875E-5
-0.004822548609299431 -0.7855262944057821 0.08645491759740055 0 -4.722478019190144E-8 3.696247873588742E-9 -2.7590482134404115E-5
0.8809325145611795 -0.2820885484172241 0.09999999999999999 0 -1.0885201129419652E-8 -5.426790401634224E-8 -2.761545357280481E-5
0.677795607943666 -0.39290477214771735 0.0862680402418979 0 -2.5757456813886546E-8 -3.736894938431935E-8 -2.7594030509507627E-5
0.6103906305879976 -0.40135765312469535 0.08172372928462611 0 -2.959514798553315E-8 -3.373166390783023E-8 -2.7609983185571886E-5
0.8014927716328404 -0.2914410587712435 0.09271262928645595 0 -1.288484782682696E-8 -4.7595196020223137E-8 -2.761113747610384E-5
0.7173493567573874 -0.31695962258024274 0.08634023460744475 0 -1.781146231867053E-8 -3.739855820894954E-8 -2.760719215375343E-5
0.8230806401765318 -0.20733638606092913 0.09232209730203018 0 -7.943199878797868E-9 -5.2249892201137436E-8 -2.7605197248247305E-5
0.5055257679581893 -0.637124600070996 0.08897493457515948 0 -3.861610642555815E-8 -3.189926612070449E-8 -2.7589502766577204E-5
0.4897167015298755 -0.6990669986722716 0.09278011319940965 0 -4.152343157703866E-8 -3.400419855959135E-8 -2.7598947797102452E-5
0.46249999999999986 -0.8010734985006049 0.09999999999999984 0 -4.4436828578178854E-8 -3.138651599825246E-8 -2.7607362472259834E-5
0.18083964416846285 -0.7595104378227608 0.08602850609777069 0 -4.88328135863958E-8 -9.784973672033589E-9 -2.7602136934849504E-5
0.2521627428797361 -0.7694593063835823 0.08864404636431371 0 -4.8246232030602E-8 -1.6270695019512264E-8 -2.7589047908226126E-5
0.36329863298781023 -0.7692008953950572 0.09250410835033814 0 -4.028182420067782E-8 -2.3138854949494817E-8 -2.759861726914051E-5
0.29721686832567656 -0.7486484838731736 0.08825580478820183 0 -4.154758242491042E-8 -1.6199212912910862E-8 -2.758857640833868E-5
0.566498136584519 -0.34007595181336675 0.07621962270586992 0 -2.2407638567529186E-8 -3.100906911099977E-8 -2.7624901072634606E-5
0.5490740032503059 -0.5442731464552364 0.08535659345024513 0 -3.062332504578086E-8 -2.6754325394323765E-8 -2.7601986878063246E-5
0.4877536710430043 -0.5826751104622181 0.08420495651136725 0 -3.818547302974176E-8 -2.3349481706600983E-8 -2.7595704372078428E-5
0.5629289159938321 -0.47314451663551055 0.08212579004392509 0 -2.9709987058047577E-8 -3.002713004373729E-8 -2.761294428397573E-5
0.5395049675561714 -0.4037977139333864 0.07721405836956645 0 -2.5768260199979257E-8 -2.9528605696447376E-8 -2.7622623972601995E-5
0.08068135396090602 -0.714167303296879 0.080752947531276 0 -4.127482801546029E-8 1.2551408084899418E-10 -2.7612384352149817E-5
0.1307586883786586 -0.7179080095003467 0.08165710231721483 0 -4.368079175382315E-8 -4.1287677327400755E-9 -2.7611580314322407E-5
-0.3707535969478622 -0.8474426517245004 0.09999999999999994 0 -5.534056409496053E-8 1.789928933197809E-8 -2.7603883041530993E-5
-0.14308797449955207 -0.83181181721957 0.0918642159103333 0 -4.9993347260525574E-8 5.408065170406548E-9 -2.7604896179560183E-5
-0.22448109351079631 -0.8295744817427092 0.09335179876408067 0 -4.6922107321342985E-8 7.910245074893085E-9 -2.760006754952687E-5
-0.2937621218403122 -0.816155750548228 0.09413660224150187 0 -5.034792126388094E-8 1.1718814358714366E-8 -2.7595138996634738E-5
0.02032803985547743 -0.7231235035279147 0.08113718206932351 0 -4.191788327448215E-8 5.8891024779656756E-9 -2.7607518494844954E-5
0.049373389215154835 -0.676251463493053 0.07753347573866787 0 -3.9754901326182765E-8 1.3434513329270825E-9 -2.76189624923187E-5
-0.07537530152887752 -0.7754914719888756 0.0858872030654022 0 -4.9757215164000844E-8 7.105097767848306E-9 -2.7601724499804685E-5
-0.03309170223836219 -0.7328034628470876 0.08197501691133365 0 -4.528773407589331E-8 8.908135385125957E-9 -2.760571913676421E-5
0.9051251563026282 -0.1907181838739738 0.09999999999999992 0 -4.51583981193033E-9 -5.4968683377752656E-8 -2.7611099465078576E-5
0.6346730356926771 -0.3174870091624341 0.08001946855914073 0 -2.2587930022178497E-8 -3.245092958446169E-8 -2.7616533937558593E-5
0.7578046117703346 -0.24801668508133742 0.08751626752734717 0 -1.4418078804665063E-8 -4.575399875562882E-8 -2.7610056304730177E-5
0.6897625743522149 -0.264441860913035 0.0824063475266023 0 -1.7797889066095168E-8 -3.800743352822237E-8 -2.761601538121147E-5
0.7597010793028803 -0.19500257071099417 0.08634694259141452 0 -1.3725144041643126E-8 -4.761991665577209E-8 -2.7604913402768157E-5
0.7883546035916825 -0.1648885681025431 0.08824892692988197 0 -9.216488100094958E-9 -4.8425870746500954E-8 -2.759797521234108E-5
0.8374232558848942 -0.12934172138602965 0.09218338983550128 0 -1.2215452730311448E-9 -4.7198706435289765E-8 -2.760144342649844E-5
0.7880045515761319 -0.1291017367769672 0.0876205822064691 0 -7.597922781223321E-9 -4.368988758951305E-8 -2.7597334601852837E-5
0.45389464101054455 -0.6418290507487612 0.08650541722977734 0 -4.241949907411605E-8 -2.7380708430798877E-8 -2.759815421576386E-5
0.4122622788181451 -0.7140592129571535 0.09001680581831237 0 -4.1039681656571074E-8 -2.542764874162683E-8 -2.7603062753914498E-5
0.1697005588141962 -0.6915759378642319 0.08021607449160523 0 -4.393126480448102E-8 -6.06714716062275E-9 -2.761230349560134E-5
0.24692814396934865 -0.6974874410583478 0.08250617855893733 0 -4.412426479460037E-8 -7.554429362654374E-9 -2.7600354061366942E-5
0.3299132550602819 -0.6955796266909601 0.08507057911176502 0 -3.863517982193207E-8 -1.439699198612577E-8 -2.7600997740457213E-5
0.5796784116794852 -0.2776116098201063 0.07488927562467991 0 -1.7006814078619486E-8 -3.2965059712576605E-8 -2.7628127550904382E-5
0.5306797663003683 -0.29923675531161764 0.07251363051783592 0 -1.6293714319489907E-8 -3.110275075760462E-8 -2.762968831710008E-5
0.5018045759598764 -0.34636458619402455 0.07254833341115845 0 -1.8247645875091117E-8 -2.893316985115381E-8 -2.7628098211703944E-5
0.43691576165411183 -0.5863880363863174 0.08178506492225697 0 -4.027333686800512E-8 -2.188331219673775E-8 -2.7606301580009415E-5
0.5025098789806555 -0.5159632075862093 0.08087711077114174 0 -3.209798285506801E-8 -2.3564834547731502E-8 -2.7610287975032236E-5
0.4531934148271225 -0.5420428192507506 0.07976926362259741 0 -3.595502772074402E-8 -2.1418571327795375E-8 -2.761107972684534E-5
0.5051728219418842 -0.4543425560441293 0.07763963571270259 0 -2.7599648147704258E-8 -2.6580623974734533E-8 -2.7620505046741143E-5
0.4743994852003083 -0.40954268251415876 0.073738234339428 0 -2.2023120115423062E-8 -2.7432422125523443E-8 -2.762483681521441E-5
0.115198487208555 -0.6531897985847656 0.07640980333620502 0 -3.958194164358587E-8 -5.0615487511204056E-9 -2.762109068915662E-5
-0.4625000000000001 -0.8010734985006056 0.09999999999999992 0 -5.0564024148617294E-8 2.306759627494786E-8 -2.760932374737015E-5
-0.3837134371029664 -0.7748603000238192 0.09386619334345218 0 -5.084917386380609E-8 2.0298767113196038E-8 -2.7602792576280462E-5
-0.3293828651109605 -0.7771045511687245 0.09186418681824765 0 -5.119694727633416E-8 1.7097144100061134E-8 -2.7594930802397527E-5
-0.4839056580716607 -0.700569999447879 0.09257832058039935 0 -4.1290104894077986E-8 2.3578835727876868E-8 -2.7601042702341275E-5
0.04767908888924959 -0.6125339534466794 0.07287094188782159 0 -3.7053360846282956E-8 -3.735913710618611E-9 -2.7625339626153976E-5
-0.19485303194491674 -0.7756068237085788 0.08772926134592987 0 -4.1938784304043475E-8 1.0654470423916409E-8 -2.7600349858249145E-5
-0.1380657870545559 -0.7497079460326577 0.08441541385599156 0 -4.336172558759285E-8 1.0415037221663509E-8 -2.760777929224827E-5
-0.24450643515018045 -0.7666415232960108 0.08818261063739213 0 -4.19193072705719E-8 1.3484349943820145E-8 -2.7591088496384056E-5
-0.29287844997281653 -0.7560683801841976 0.08874412837590734 0 -4.726667341053826E-8 1.7671487455182158E-8 -2.7589097106583103E-5
-0.018713178495829663 -0.6598847879456907 0.07617577755495693 0 -3.91993673900148E-8 4.532179784649883E-9 -2.7621787886882715E-5
-0.08839747535315964 -0.7039498716595032 0.08000538942626953 0 -4.225416325862809E-8 9.723110342407142E-9 -2.7614826547225693E-5
0.8548200389796248 -0.0652462727687064 0.09314675085287963 0 1.750811106766674E-9 -4.5886161423460774E-8 -2.761143762743863E-5
0.9192877606928158 -0.10260258091221079 0.10000000000000002 0 1.2440094566461094E-9 -5.06555351265928E-8 -2.7614246479798655E-5
0.6384778628041976 -0.2349189996283244 0.07770845629712514 0 -1.5780959398106605E-8 -3.618640232140534E-8 -2.762472153222457E-5
0.7040732060431756 -0.2032143579310842 0.08191372549943252 0 -1.6099778469540807E-8 -4.1803849871284423E-8 -2.761545314812785E-5
0.5898871014295897 -0.20776639827421509 0.07364495662277284 0 -1.0598513228423484E-8 -3.536244910533374E-8 -2.762836807580533E-5
0.7325342916850157 -0.13408386908087772 0.08291013088256632 0 -1.4138165475684899E-8 -4.1118304967877724E-8 -2.7607649811002304E-5
0.8252770499196602 1.9257059754862352E-16 0.09008727174442388 0 2.939036657318049E-9 -4.714576771471034E-8 -2.761551437941181E-5
0.7859407931602105 -0.07401767626946823 0.08680140328934058 0 -4.5846673686740275E-9 -4.0051560181128485E-8 -2.7607333141180314E-5
-0.499151538632016 -0.6334110077816723 0.08834372866104906 0 -3.563702095202885E-8 2.7979958685444627E-8 -2.7591068761249723E-5
-0.539934650094959 -0.6040123388311489 0.08868415026698911 0 -3.9225948886361666E-8 3.399553867160106E-8 -2.7591424119201758E-5
-0.55199683338532 -0.6639303440969675 0.09374464706266032 0 -4.350654544964954E-8 2.841172988734913E-8 -2.7595782634370667E-5
-0.5485674035956859 -0.7447758606713794 0.09999999999999995 0 -4.600787232445075E-8 2.6576381252356054E-8 -2.7604787620901417E-5
0.36763254236248405 -0.6367582418875392 0.08211785344170683 0 -3.923702960369071E-8 -1.7971177234896572E-8 -2.761093498611715E-5
0.18957159845420457 -0.6243064952889011 0.07560329744867302 0 -3.7646758125995756E-8 -9.42322039394085E-9 -2.7620105527295987E-5
0.28831363121595577 -0.628175946475062 0.0785524110683112 0 -3.728591623242528E-8 -1.1494403420585066E-8 -2.761599224555672E-5
0.526450453306162 -0.23768251001620336 0.07038843476625324 0 -1.0636220363778945E-8 -3.3683957363994014E-8 -2.7627777667743794E-5
0.47890979704271586 -0.2863984098188226 0.06912760288748078 0 -1.2811429163136163E-8 -2.9128021016290463E-8 -2.7627490695178594E-5
0.4494990254251993 -0.3483577682477059 0.06980849106780328 0 -1.4564502122111246E-8 -2.6860764032701698E-8 -2.7623019404577232E-5
0.38634553368626057 -0.5411366135074791 0.07653244947706521 0 -3.454914225680062E-8 -2.0645117699585556E-8 -2.7621035841283018E-5
0.43810869406594616 -0.47330739854493387 0.07505155127124848 0 -2.8007181276650472E-8 -2.464539392949801E-8 -2.7622097647063593E-5
0.4170420346765119 -0.4108303752912244 0.07090170067103962 0 -1.9879064964418465E-8 -2.7481520127836148E-8 -2.762036502261753E-5
0.1909808398518187 -0.5616900805542806 0.07142639087555928 0 -3.061559655774567E-8 -1.4246099145753336E-8 -2.7620675240840408E-5
0.12475562378528363 -0.5650913910725969 0.07045918166236254 0 -3.364612178629558E-8 -1.2674384663077174E-8 -2.7618473052385023E-5
0.05189365664575958 -0.5409828050063739 0.06822031633188272 0 -3.4500917299212915E-8 -7.746743225348226E-9 -2.7620111834064104E-5
-0.41249148408265685 -0.71445620812065 0.0900597252140442 0 -4.3638608180942224E-8 2.3135640121731294E-8 -2.7604619399273193E-5
-0.34485879204612635 -0.7195732958375974 0.08756922173357189 0 -4.6647757364908445E-8 2.296971838311813E-8 -2.7600072247342894E-5
-0.4354763147019103 -0.6351536187841577 0.08509247440255904 0 -3.298588150003164E-8 2.64801590243404E-8 -2.760325320747642E-5
-0.02127679909875187 -0.5862434400348023 0.07098260267248742 0 -3.4136736730032E-8 -1.2185017215542266E-9 -2.7625829951079606E-5
-0.20123366572154053 -0.7196538123444207 0.08312630758513646 0 -3.8051250702018744E-8 1.5965098265518388E-8 -2.7603988723347366E-5
-0.1453861443112404 -0.6947291331504667 0.08002955113164492 0 -3.919473308335043E-8 1.2128602406912497E-8 -2.7614702268361932E-5
-0.26439613737119816 -0.6970297197339501 0.08297653094743883 0 -3.991260381747694E-8 2.3006897719934455E-8 -2.759996612599975E-5
-0.314732642366773 -0.6679534491621226 0.08237892997106575 0 -4.049558043097931E-8 2.4791960300339296E-8 -2.7607689114108345E-5
-0.10379006268918363 -0.6311723493295898 0.07466578004946206 0 -3.666192888327399E-8 6.207913372242196E-9 -2.762339498759408E-5
0.7822439697509947 0.07342341173252223 0.08646750245519458 0 3.828548108806463E-9 -4.938269432559008E-8 -2.761080097934626E-5
0.9249999999999998 2.358937726024754E-16 0.09999999999999994 0 6.569293611081536E-9 -5.282255304702737E-8 -2.7621340272037362E-5
0.851370675269602 0.07427003550197267 0.09288407134507307 0 1.0189887407508447E-8 -5.1740441434869697E-8 -2.7612922767818217E-5
0.8038717607621603 0.12213857484508564 0.0889547066003148 0 9.785925563491256E-9 -4.7873437917557306E-8 -2.7603172413246074E-5
0.5408130551366507 -0.18150058753720788 0.06992281214701015 0 -4.954387761280062E-9 -3.4816585838414185E-8 -2.7622893292313005E-5
0.7247257834183621 0.0852066297502373 0.08165698245211614 0 5.7898604325351064E-11 -4.4660281079143137E-8 -2.761863920981439E-5
0.6510493529215736 -0.15514133280147802 0.07686356365481603 0 -1.1518556723177223E-8 -3.730110213932154E-8 -2.7625206431443476E-5
0.5770279320473081 -0.15184347618041535 0.07165568912865208 0 -4.181053422823941E-9 -3.4173614668695456E-8 -2.7626250639041537E-5
0.6918887433807659 -0.06772116765551027 0.07886795692620667 0 -7.759901124120586E-9 -3.731501863877155E-8 -2.76241222702855E-5
0.7364981201835382 1.7871933341171726E-16 0.08222076644985389 0 -2.783014733359142E-9 -4.208868543016046E-8 -2.7621740373723096E-5
-0.48001255710073826 -0.5637645778356982 0.08255043176744216 0 -2.945394507279343E-8 3.4746481580452717E-8 -2.7602433517265483E-5
-0.5678213237459834 -0.537667606136383 0.08613904983735729 0 -3.394382167848864E-8 3.7858889287934473E-8 -2.7604816936736333E-5
-0.600893054701109 -0.6092572756078649 0.09299302035398636 0 -4.277415694921243E-8 3.551775219219517E-8 -2.760105600833043E-5
-0.6178002971320171 -0.688438643052917 0.09999999999999995 0 -4.6869991957290904E-8 3.386563350418608E-8 -2.760383772382666E-5
0.31808183532075807 -0.5509338997403093 0.07441383187593008 0 -3.272521581287683E-8 -1.77307071412305E-8 -2.7625332056325393E-5
0.2593907519340379 -0.5686281064407216 0.07361593901057979 0 -3.214802764629583E-8 -1.451594255026652E-8 -2.7624458844412005E-5
0.4250914842628162 -0.2904030737883922 0.06650384046370365 0 -1.1616845142858927E-8 -2.386291600918981E-8 -2.762059801356652E-5
0.4860024477406568 -0.1810614961514008 0.06672716200822644 0 -7.0227399417871215E-9 -3.413426155940652E-8 -2.7614358204354338E-5
0.4546475825643904 -0.2329362873436874 0.0662732760967022 0 -1.1186983568110769E-8 -2.9716090242250677E-8 -2.7622717108560417E-5
0.39693548996928896 -0.3460112170117685 0.06719703593166886 0 -1.2803385064433432E-8 -2.3848323826196784E-8 -2.761050993681708E-5
0.3565677611611388 -0.4614203059811383 0.07075125137743832 0 -2.6494593142130083E-8 -2.4832857927357765E-8 -2.7623082470579092E-5
0.36327728761747163 -0.38800374757803646 0.06749345504717459 0 -1.9500552609077126E-8 -2.748725720364292E-8 -2.760855114310904E-5
0.3750627258693446 -0.2936858939923492 0.0643465481455432 0 -1.3827294360875536E-8 -1.7329186759780294E-8 -2.7612661225422404E-5
0.14556246178613044 -0.5017461145955597 0.06695111305462358 0 -2.6449977225018363E-8 -1.3875308374000009E-8 -2.7604121676739368E-5
0.1773504711629968 -0.5251479744589087 0.06889288845838194 0 -2.649402126161568E-8 -1.5445812337022615E-8 -2.761457886846391E-5
0.2111878992556696 -0.5199281931560845 0.06932845783235407 0 -2.5891633135848547E-8 -1.5632417428643466E-8 -2.761963072766508E-5
0.10436058799907272 -0.5010308479370807 0.0663275801738497 0 -3.2541737984679765E-8 -1.1506267938534235E-8 -2.7604433045290597E-5
0.06673635655852131 -0.4767204709635782 0.06461779605353521 0 -3.3402067707057585E-8 -4.946770095766137E-9 -2.761050701056699E-5
-0.006975621790116399 -0.5183972256879046 0.06671599267023115 0 -3.014506940329118E-8 -2.9936412763576156E-9 -2.762083739278912E-5
0.021803385387518696 -0.4822544950869184 0.06469299319690378 0 -3.04739969661836E-8 -2.6257416802498686E-9 -2.7618211209002536E-5
-0.05196883438319561 -0.5240326103663052 0.06719869985797552 0 -2.7957119355232474E-8 -1.4567668605970052E-9 -2.761785489363252E-5
-0.3679909311443217 -0.6373789894665455 0.08217765681431859 0 -3.6208342669993835E-8 2.53992730618481E-8 -2.7611992000817266E-5
-0.40158939943089916 -0.5697012631254147 0.07901179842938963 0 -2.9647319018668163E-8 2.7079138142389403E-8 -2.7616480204967405E-5
-0.09590125636856872 -0.5619999312235502 0.06990127823248253 0 -3.181642841621979E-8 -2.4190370437022462E-11 -2.7619440143111666E-5
-0.19926692702634366 -0.6350324834465847 0.07658242747619838 0 -3.6554523185025515E-8 1.4670789335465625E-8 -2.761922397346155E-5
-0.2841593977557326 -0.6153602706014176 0.07751426427315905 0 -3.6501767757647896E-8 2.1362053604647336E-8 -2.7619425102217812E-5
-0.15663037176370528 -0.5733099421965812 0.07149707499548641 0 -3.519968872226534E-8 5.257614531850294E-9 -2.7620261057433117E-5
0.6892086201904363 0.11760753932384704 0.079182235454291 0 2.0622137640096243E-9 -4.059852823749923E-8 -2.7624724723934746E-5
0.7461230180043805 0.1326560288062978 0.08402816782270867 0 2.520564410029474E-9 -4.3486509819262E-8 -2.7609417341595537E-5
0.6908574756839181 0.1584953945063365 0.07995126254637963 0 4.333216471203364E-9 -3.8942826193741605E-8 -2.762419780244034E-5
0.9192877608705788 0.10260257931928718 0.09999999999999994 0 1.343923401888912E-8 -5.438746155522702E-8 -2.7618390350816407E-5
0.8510855832446352 0.14814580550682163 0.09378949781498243 0 1.5882342424621957E-8 -4.744406866178048E-8 -2.7609317238913212E-5
0.7902639371481001 0.17887268414595758 0.08869278761371624 0 1.1562599081599435E-8 -4.0495972686423224E-8 -2.760703306078127E-5
0.5270134709035552 -0.12362075461980128 0.0680883893303861 0 7.433014888444719E-10 -2.9938746985040164E-8 -2.7615698866690507E-5
0.660910431014522 0.06111123862815046 0.0764443497197492 0 1.7054516215794097E-9 -3.916457375907535E-8 -2.7631918746686483E-5
0.5965173615012839 -0.07939251741876008 0.07200225824383245 0 -1.4061343036545111E-9 -3.264791952955473E-8 -2.7630894310266068E-5
0.6371682462297272 1.7636191275501287E-16 0.07448630903843244 0 1.22991932193263E-10 -3.633486878604001E-8 -2.7634654128360348E-5
-0.5998767009898777 -0.47889137063455584 0.08487289614566726 0 -2.666642554322459E-8 3.653566080771559E-8 -2.760948820305868E-5
-0.4462665144718288 -0.4769553831048419 0.07565680574632232 0 -2.7780826529302243E-8 2.8344552146656598E-8 -2.7622226456253574E-5
-0.514031025104845 -0.49215788183100256 0.08018045280724438 0 -2.7991774233678924E-8 3.540354411003169E-8 -2.761501023196365E-5
-0.5551101229584549 -0.4700701488343014 0.08146563252731463 0 -2.6054445967876354E-8 3.614273305522227E-8 -2.7614774470222786E-5
-0.6562422498346266 -0.5241856689594518 0.09146905933596002 0 -3.336124498774916E-8 3.660671338667488E-8 -2.760712066337693E-5
-0.6848306133117381 -0.6217902179859557 0.09999999999999995 0 -4.306803737162145E-8 3.889504513177547E-8 -2.761091770569558E-5
0.27241004361507065 -0.4718280360333558 0.06830375115676078 0 -2.5727223953531638E-8 -1.9071166246225628E-8 -2.762374488832085E-5
0.4535801009187721 -0.11979187747949692 0.06395953291420167 0 -9.903079827395602E-9 -2.445635378208304E-8 -2.7605156714995433E-5
0.39072217276086296 -0.23584567652234287 0.06329187670784985 0 -1.33634081872457E-8 -2.1465424286751163E-8 -2.7622264869257997E-5
0.41238404925178007 -0.18021837395374024 0.06296662723972753 0 -1.3606659233597512E-8 -2.6166763523531198E-8 -2.7619619555623795E-5
0.33633282409977633 -0.33989669688880314 0.06444423660906805 0 -2.1598678958308622E-8 -1.857700131422869E-8 -2.760027074549664E-5
0.30008338071089913 -0.40108479031261085 0.06570468861303413 0 -2.5765926456598808E-8 -2.244682528384272E-8 -2.7614448465872003E-5
0.32685099627426545 -0.2905697969488598 0.06232853198902638 0 -1.9455989185491234E-8 -1.3041631398934423E-8 -2.7613643123741238E-5
0.34557599933864525 -0.25420475687873284 0.06192004258218349 0 -1.5663784852986508E-8 -1.5495155718541716E-8 -2.762113503748254E-5
0.13994680898558723 -0.4672126633962515 0.06496624972127402 0 -2.482630030415303E-8 -7.465139673858447E-9 -2.7599689897782936E-5
0.19075484218748176 -0.4725311643222945 0.06620021711897697 0 -2.1445766443993466E-8 -1.2243445988468473E-8 -2.7612251620546196E-5
0.04901016908663563 -0.43723836174505165 0.062459634223422635 0 -2.9411498859725158E-8 -1.8048709193655164E-10 -2.7617295387107034E-5
0.10408488366078726 -0.44405468685268895 0.0632766673513578 0 -2.9361979259411988E-8 -1.340665461708976E-9 -2.7605020467928568E-5
-0.03083759909542402 -0.4757419881377713 0.06436680609968096 0 -2.541791020298929E-8 9.974154152666202E-10 -2.7617343178966683E-5
-0.0058033119248053185 -0.4414101175550563 0.06253303354413749 0 -2.5701871433283984E-8 1.951371990676671E-9 -2.7620744566701198E-5
-0.39030681785658333 -0.4466269881485597 0.07141764844659583 0 -2.839343082122565E-8 1.9685303072693295E-8 -2.7622403779328774E-5
-0.09527352708204243 -0.48999184724793493 0.06560563290386152 0 -2.4821644354193125E-8 2.1584936043691738E-9 -2.760406964667396E-5
-0.31827009850817745 -0.5512599811461146 0.07444098367382036 0 -3.2629075027940594E-8 1.9759278312577198E-8 -2.762631574962532E-5
-0.36296726797354567 -0.5093150093458659 0.07364571283377143 0 -2.949724911066323E-8 2.0971677980651588E-8 -2.7625815433681567E-5
-0.1538656248196219 -0.515523498759926 0.0678853449092873 0 -3.442127825587259E-8 3.0208524764098544E-9 -2.760896764618003E-5
-0.23145619169988374 -0.5426436945370011 0.07120349698950754 0 -3.5462942915355E-8 1.1969584462995874E-8 -2.762397921413451E-5
0.02839276411724586 -0.3973392921812578 0.06048540173023527 0 -2.4751124327823612E-8 1.421754455519773E-9 -2.762540336703055E-5
0.6359863797306674 0.13411282944887548 0.07542020319546493 0 7.356537710439337E-9 -3.642742371321151E-8 -2.7632767347954603E-5
0.7226994437477957 0.1997352924878217 0.08334138075756291 0 7.78740570345559E-9 -3.863547789798916E-8 -2.7619857674876664E-5
0.6524176664552398 0.20477109599706128 0.07797707686621592 0 9.69589003222126E-9 -3.668846197036278E-8 -2.7632165181320132E-5
0.9051251569294585 0.19071818089926676 0.09999999999999994 0 1.802596782908021E-8 -4.8261359108823084E-8 -2.761886209934369E-5
0.8318102133114379 0.22322523392999097 0.09353078509252784 0 1.802909647464274E-8 -4.234857349874413E-8 -2.7616920750151888E-5
0.7561533810021175 0.2511688924028691 0.08746370240455802 0 1.525574700647818E-8 -4.077400759226903E-8 -2.762054738069047E-5
0.5078212312272354 -0.05773868566153316 0.06628756501631425 0 1.1914600788869274E-9 -2.4906567890676668E-8 -2.7621854070482328E-5
0.580043566339009 0.07440259297015442 0.07086095755136954 0 8.95651195405538E-9 -3.4643421899959814E-8 -2.763297945220505E-5
0.5449077695259106 1.435041058529122E-16 0.06830916124377966 0 4.646136762743036E-9 -3.096471027825048E-8 -2.763161432342242E-5
-0.6449966839705535 -0.4445280981035864 0.08625924084344859 0 -2.2782029840737985E-8 3.651374043022409E-8 -2.7602304972012773E-5
-0.5773213056470615 -0.42632356756478973 0.08066830857907491 0 -2.1348981004537577E-8 3.633759092464762E-8 -2.7615734491080474E-5
-0.42560872193429483 -0.3924588186076942 0.07047472570296821 0 -2.8661124999157078E-8 2.2993628522642395E-8 -2.7620558145759086E-5
-0.5105636494997626 -0.4275668331221898 0.07661161867134533 0 -2.491726288916253E-8 3.2564696310454896E-8 -2.762353452766423E-5
-0.6821995337018094 -0.3893517946424338 0.08645016345112792 0 -2.1178948512256642E-8 4.332244781114129E-8 -2.7594422578424845E-5
-0.7143597851634019 -0.46065181317541976 0.09243904770387963 0 -3.055290028501529E-8 3.7735283361956304E-8 -2.7599587567412515E-5
-0.7501479603301018 -0.5412050791178046 0.09999999999999998 0 -3.609226755261066E-8 3.965480939514456E-8 -2.761044318047155E-5
0.23193963455587194 -0.401731231339728 0.06368217918749611 0 -2.3550167882891024E-8 -1.3133782484733507E-8 -2.762079241988628E-5
0.4253355502182103 -0.060426816635170834 0.06194940187312641 0 -6.7710337548589994E-9 -2.0298256499849058E-8 -2.762374581960532E-5
0.3783639298171796 -0.12391451309547895 0.06047575124681011 0 -1.1930646052825768E-8 -2.0621664763983004E-8 -2.7626588316880736E-5
0.3404696044317066 -0.192505611563268 0.06016257670047243 0 -1.3016441092365557E-8 -1.8347007443771097E-8 -2.7629713389071408E-5
0.2704412885460664 -0.32134890739138106 0.06148782850104334 0 -2.4317388243379406E-8 -1.2890639752504128E-8 -2.7619583366212065E-5
0.28780126788651955 -0.24610682281377952 0.05962067759661022 0 -1.6678822626092492E-8 -1.3681718375679344E-8 -2.7628667630574994E-5
0.15779399244920164 -0.4060014305216929 0.062242172248634084 0 -2.2132362428395E-8 -3.3457704092541628E-9 -2.761629119057093E-5
0.08201071126761389 -0.3939388987243753 0.060668066988986274 0 -2.521854140299487E-8 4.711538680303605E-10 -2.762162175786266E-5
0.04349199689707277 -0.3606955682361924 0.05897556113419837 0 -2.18361828619546E-8 -3.993151771459783E-10 -2.762973409673838E-5
-0.05772042989369192 -0.4373202270026056 0.06251628812885628 0 -2.185328574752679E-8 6.58491836623604E-9 -2.7615814225634587E-5
-0.03317807935019408 -0.4000499580003112 0.06062434517611841 0 -2.2176657319783132E-8 5.26443011335593E-9 -2.7624734018744412E-5
-0.3619566518906658 -0.37751131442037245 0.06698450376718922 0 -2.6022366079689224E-8 1.6332983546767413E-8 -2.7605914279192083E-5
-0.36626813150114024 -0.4166408143589399 0.06892167223823106 0 -2.73225712995736E-8 1.5703289320342806E-8 -2.7616227046700154E-5
-0.3449125590697449 -0.44322460700183025 0.06935603931497553 0 -2.7371381468900045E-8 1.4987963750231448E-8 -2.7621061357031776E-5
-0.1061373350373039 -0.43371612134398735 0.06278756375601147 0 -2.3305325296951736E-8 1.209193222092815E-8 -2.7607723810479487E-5
-0.1533021139497205 -0.45854960024362473 0.06473399748772989 0 -3.1814524495459274E-8 1.1091988384428807E-8 -2.760315889438408E-5
-0.27258732769368704 -0.47213510106489254 0.06832563375196132 0 -3.021777160426744E-8 1.3124400304360227E-8 -2.76244860224028E-5
-0.2137590545386873 -0.47234636278777903 0.06671710658979699 0 -3.3577561722604145E-8 1.1085755676347274E-8 -2.761778899230496E-5
-0.18675532053812582 -0.4349325178463068 0.06418357757579088 0 -3.0438433134076706E-8 1.3686689492037338E-8 -2.7614240233936622E-5
-0.3826278748778653 -0.34149739132768103 0.06638993492953281 0 -2.7025757233589037E-8 2.2935803294567593E-8 -2.7606549808089864E-5
-0.0010639892128916778 -0.35571530812846325 0.05866683852382106 0 -2.110215712670576E-8 1.2369123107332228E-9 -2.7630713524042546E-5
0.5665181445886517 0.15558354761445173 0.07104008880031383 0 1.48357949704971E-8 -3.0370560951533394E-8 -2.7631005219587715E-5
0.5953591891669738 0.1936606882201294 0.07369160395615945 0 1.3370298273600502E-8 -3.220432150077977E-8 -2.763568822911264E-5
0.5192463818471629 0.12824117265253684 0.06769417632898124 0 1.565300822119749E-8 -2.8875235391042313E-8 -2.7618190791068937E-5
0.5285393108936259 0.16518893231571916 0.06885934434787161 0 1.6541164924477396E-8 -2.595214258925905E-8 -2.7624892002873253E-5
0.6744856330743806 0.25899543825752414 0.08106282636378111 0 1.2927322459777794E-8 -3.9692447181660935E-8 -2.7628825051738477E-5
0.5964895386590124 0.24538252217967127 0.07505456752399722 0 1.445317721790571E-8 -3.331668647601898E-8 -2.763779364430234E-5
0.8809325160784339 0.2820885436790224 0.09999999999999994 0 2.263421466580456E-8 -4.6161071949236775E-8 -2.7627151712133634E-5
0.7133503615870089 0.32015636681811027 0.08613118221459619 0 1.9911080436405563E-8 -4.4310862906386876E-8 -2.7619614409476642E-5
0.7978472984237357 0.3041762806928354 0.09281227257926788 0 2.2892437488086753E-8 -4.4299209248627876E-8 -2.762330654364908E-5
0.4636209692030302 1.4593888372567647E-16 0.06366862151549985 0 5.965953953590771E-10 -2.626976276672887E-8 -2.7627244673975028E-5
0.4938126220450951 0.06489296717588176 0.06554297030555511 0 7.751724342673186E-9 -3.2924738106718496E-8 -2.7620919501893093E-5
-0.6153231968638251 -0.38077552285640803 0.08115372829448388 0 -1.657838521663291E-8 3.980725620516946E-8 -2.761118770697595E-5
-0.560449570051932 -0.3810942956107818 0.0775098294695611 0 -1.957433636210664E-8 3.556821681821184E-8 -2.762232642008321E-5
-0.4429539530445369 -0.3153758255937713 0.06823813858748431 0 -2.49033433847254E-8 2.6572613070504324E-8 -2.7622866488526686E-5
-0.5043029125892239 -0.34762375509843185 0.07274022680505556 0 -2.2720557346509995E-8 3.058657527388357E-8 -2.7628387764170403E-5
-0.6508158876168189 -0.3390076459058359 0.08199721983987755 0 -1.5882589436298428E-8 4.422642285048704E-8 -2.7609635550253602E-5
-0.7091826270730176 -0.32330839885714513 0.08590988858162861 0 -1.9582423780815798E-8 4.74274735995623E-8 -2.7606341058475163E-5
-0.7619010673352372 -0.3837317836320327 0.09273617861998763 0 -2.9525739650336358E-8 4.679019450189908E-8 -2.7601773119916894E-5
-0.8010515387579304 -0.4625279007956028 0.09999999999999996 0 -3.3806552588776945E-8 4.5156637107218885E-8 -2.7606802103395083E-5
0.19236089157799777 -0.33317883760233996 0.059881599761303 0 -2.087701012801253E-8 -8.555631854076679E-9 -2.7630531568481996E-5
0.38492668203237634 1.0023152680894796E-16 0.05989052034096669 0 -2.2604409299690906E-9 -2.16854807185669E-8 -2.763580262957936E-5
0.2997814449763267 -0.1302546190444194 0.057552736756421544 0 -5.9178144037163935E-9 -1.724432719663716E-8 -2.7634354837977916E-5
0.3411851195480258 -0.06215460789797836 0.058312559079427444 0 -4.481080652986622E-9 -1.7872953416029307E-8 -2.763698174611336E-5
0.25568805190108224 -0.19009790761699052 0.05725179690059135 0 -9.521769699558805E-9 -1.611433065439982E-8 -2.763318120426312E-5
0.21970172124605264 -0.25470361780543144 0.057909449658114676 0 -1.5968374478192432E-8 -1.2776676055047465E-8 -2.763455235295621E-5
0.23090062297727731 -0.13379820267190193 0.05553869913937325 0 -1.6192813983981236E-9 -1.6478317860452843E-8 -2.7624021688318315E-5
0.10559774308437374 -0.32641465451667345 0.0581670361159444 0 -1.8520488166361883E-8 -4.3938633582280555E-9 -2.7632927911363333E-5
0.031363797849434556 -0.30517057546423765 0.0568332914109285 0 -1.7083113601634348E-8 -4.532454929231732E-9 -2.763038017783338E-5
-0.08918266806588585 -0.39015326021997465 0.06056960464965617 0 -2.1549952531493774E-8 1.0744065502196397E-8 -2.762197341276851E-5
-0.049756265008924744 -0.359262534671633 0.05895024498757894 0 -2.08095027355242E-8 5.254580462520174E-9 -2.7629760150116425E-5
-0.33370914900421456 -0.3553876317528072 0.06495432896100803 0 -1.947187337495902E-8 1.8028399414093284E-8 -2.760132237986267E-5
-0.31386332305040454 -0.4019336098806021 0.0662221637922308 0 -2.2266264689275573E-8 1.2775886976221749E-8 -2.7613302714649356E-5
-0.15459594130071444 -0.3919265872876224 0.06155021858866086 0 -2.4537436583432532E-8 1.489038323536375E-8 -2.7619993883619567E-5
-0.2322802926341843 -0.4023212684393738 0.06371797650698165 0 -2.4087733196571642E-8 1.4116334089136038E-8 -2.7620847787899128E-5
-0.33230969380311987 -0.31257443393730217 0.06328313435425743 0 -1.660790530825857E-8 2.509044166147726E-8 -2.7606601912915706E-5
-0.37984334067586323 -0.29694191152231486 0.06465963905911942 0 -2.1811885953406E-8 2.6858326869518697E-8 -2.761248696618849E-5
-0.03281109095750644 -0.303248501545522 0.05677241598853609 0 -1.9096768483417195E-8 -8.971907374705647E-10 -2.763022167386803E-5
0.002774404310843052 -0.26370741404826953 0.055444406431408536 0 -1.5284174863232425E-8 -6.7921424715980436E-9 -2.7621217639738797E-5
-0.4503344724862791 -0.2539143429242661 0.06663047103760426 0 -1.8462087658941352E-8 2.5247168494191822E-8 -2.762380897391069E-5
-0.40625597693717014 -0.2614749559637888 0.06471383725610917 0 -1.8422424778510666E-8 2.565016507168179E-8 -2.7620633865393384E-5
0.4615326701397575 0.12346215125476942 0.06442192515091573 0 6.160696977515014E-9 -2.6738979307078258E-8 -2.7608549736730564E-5
0.5387084587482873 0.20560708274998704 0.07032262751622614 0 1.677469119507413E-8 -2.635084742663574E-8 -2.7633375765365812E-5
0.4879508039440348 0.17532903328848173 0.06671893154849401 0 1.443335381713068E-8 -2.1235003485262365E-8 -2.7619964296613233E-5
0.532509259731304 0.25445661626164345 0.07121936353097057 0 1.7826847759637963E-8 -2.736388108802316E-8 -2.7639002962551568E-5
0.6341588941531792 0.31283518999890103 0.07981624453248937 0 1.4948133373443895E-8 -3.9491030885200155E-8 -2.7629870959131194E-5
0.5661686439840169 0.30314954318445153 0.07485251919573685 0 1.7179608576161763E-8 -3.24497075754948E-8 -2.763972477575849E-5
0.8437752416466553 0.3790359375932063 0.09999999999999998 0 2.99381288178714E-8 -4.751799326223118E-8 -2.7627914852190702E-5
0.6719229666176102 0.38840511082381185 0.08561888827579653 0 1.975880971919281E-8 -3.9925207201722165E-8 -2.761113042161696E-5
0.7564175363077813 0.38622567562379634 0.09237249347625182 0 2.9748252446321466E-8 -4.323125116958566E-8 -2.7616157788225765E-5
0.41461516466779025 0.07768102097507298 0.06157475739077051 0 1.6694187919755686E-10 -2.6975037785953077E-8 -2.7625624848041158E-5
0.41609697408913526 0.13788398400008967 0.062378681269293045 0 2.532049712460067E-9 -2.270403023868979E-8 -2.7620956086097374E-5
0.3331467524821928 0.06332732629493788 0.0580143200893398 0 3.6917002575249345E-9 -1.983740893998267E-8 -2.7639860450046745E-5
-0.47800098007166614 -0.21838828549818234 0.06713458210584479 0 -1.614402635941056E-8 2.393294381770375E-8 -2.7621491098829E-5
-0.581042663690517 -0.3157640075984302 0.07626188231201678 0 -1.6483625830248682E-8 3.69191207097936E-8 -2.76253855598668E-5
-0.516501927640104 -0.27345997871285144 0.07083650833060166 0 -1.892340371443718E-8 2.9323702324074322E-8 -2.7629311962406136E-5
-0.6531660790226061 -0.2763311132584134 0.0799841441751332 0 -1.3639705239737244E-8 4.219709932571463E-8 -2.7619495655534246E-5
-0.7177089386751481 -0.25492955224205677 0.08435704674323387 0 -1.3493696718899602E-8 4.349982707574856E-8 -2.7613377787550478E-5
-0.7682837005378522 -0.21778108265977297 0.08762455506029665 0 -1.2474934075512984E-8 4.245775838096981E-8 -2.7606560066836217E-5
-0.7926496756412593 -0.29133333750236745 0.09190870000572768 0 -2.124166632565496E-8 4.687376901574756E-8 -2.761069725523674E-5
-0.8437556437212325 -0.37907955935377746 0.0999999999999999 0 -2.977201950018971E-8 5.1042836590632266E-8 -2.7612575097603416E-5
0.14972579901011426 -0.2593326910893636 0.056582144341893334 0 -1.379051361566745E-8 -1.0677884196337687E-8 -2.7635530046078483E-5
0.30024351839566077 1.0287337474471442E-16 0.0566089984335615 0 3.0262549328818962E-9 -1.676978986677716E-8 -2.76399056388299E-5
0.25485064501553867 -0.06881848120103613 0.0554520694654174 0 2.3163837448751795E-9 -1.3344443950969411E-8 -2.762967694337946E-5
0.2018137422816696 -0.09141964150518621 0.054287541904913736 0 9.52121282413751E-10 -1.071984591356362E-8 -2.7612028865684913E-5
0.1764824224893901 -0.17786432905826247 0.05506179018247805 0 -8.14423941249662E-9 -1.5976199674226133E-8 -2.7625073363759387E-5
0.17846806103523252 -0.12182655323316927 0.054152220507936534 0 -4.580553691571332E-9 -1.4488227554795116E-8 -2.760937832271365E-5
0.06445906182530688 -0.2524774236880236 0.055351148337145016 0 -1.1034982223696203E-8 -8.254621337637368E-9 -2.7625769101071418E-5
0.01713256069613923 -0.2191946756676691 0.054245341320781695 0 -1.0073100412104421E-8 -5.3530018133477195E-9 -2.7608871291873093E-5
-0.015811501710617768 -0.22080470166743846 0.054282927994611936 0 -1.570402521263172E-8 -3.706971348855067E-9 -2.760905487362511E-5
-0.11115524588477288 -0.32319159740630654 0.058116751891295344 0 -1.994981290689772E-8 8.308900339110782E-9 -2.7633553114890825E-5
-0.2724211583800276 -0.34021230275634257 0.06225471036920954 0 -1.4809126303316147E-8 1.781534768099692E-8 -2.7617260094837818E-5
-0.19295762658678686 -0.33421241295621795 0.059933626134453855 0 -1.8600470759905516E-8 1.4304406275956868E-8 -2.7630399580501196E-5
-0.299671918215507 -0.26919022055739933 0.06068803798570996 0 -1.2892789366682967E-8 2.240085644747221E-8 -2.7622938021361487E-5
-0.35401952964801076 -0.2618191533072333 0.0624765930436588 0 -1.558293620181979E-8 2.5868608073086948E-8 -2.7619244980493117E-5
-0.059917909088264505 -0.2537684697083779 0.05535616729591674 0 -1.9082197956146797E-8 -1.056548512877907E-9 -2.762536565633766E-5
-0.4286041911968905 -0.21160410640457614 0.06443452009247358 0 -1.2693666510251081E-8 2.3062473627304852E-8 -2.7620390002571555E-5
-0.3837371950984817 -0.21760730691022395 0.06251779019199943 0 -1.2109538372840063E-8 2.377382568739479E-8 -2.7623516178483135E-5
0.44078820931890417 0.17778853409565737 0.06428879605061415 0 8.980426603576852E-9 -1.9884029749231738E-8 -2.7621378631516835E-5
0.4759951064045458 0.23047538821939026 0.0673334019397155 0 1.6944008607692487E-8 -2.216888992675105E-8 -2.7632301580932142E-5
0.5023235944487765 0.29151864533540206 0.07059623054924213 0 2.0514373946364197E-8 -2.658289293577998E-8 -2.764044568296442E-5
0.5853609901656723 0.37038384021673393 0.07867156144500055 0 1.756509324133477E-8 -3.4956933896386005E-8 -2.763339149899823E-5
0.5293785213896149 0.3388907230126146 0.07386902220939724 0 2.0546648236521846E-8 -2.995219605675647E-8 -2.764141540804029E-5
0.8010710017272104 0.46249419126110125 0.09999999999999991 0 3.407124032866331E-8 -4.1651585407112944E-8 -2.762513739012682E-5
0.626960623589047 0.4522983371432033 0.08535306995964971 0 2.3453058999774753E-8 -3.3324939205560456E-8 -2.7623092795656565E-5
0.7061350528834721 0.4673278645716987 0.09212747065803699 0 3.043297591556424E-8 -3.379266570674522E-8 -2.7618510090780713E-5
0.3592371994727271 0.12552401442410036 0.05970040660633737 0 4.264822722139348E-9 -2.075549403760537E-8 -2.7634936251013044E-5
0.39449037889125516 0.17177804019933995 0.06198157459134765 0 6.5537142429021065E-9 -2.065345536254141E-8 -2.7628617169561364E-5
0.2907007887888551 0.1297941048796961 0.057242741237689944 0 1.0227808440639955E-8 -1.5595462104639482E-8 -2.7638713719214367E-5
0.2538184516803514 0.06940494742292715 0.05542696753822805 0 1.0632317021007731E-8 -1.4858686846846579E-8 -2.7631809278054157E-5
0.20062573683728857 0.09527047772396227 0.054301155270572714 0 1.1932275375451004E-8 -1.0750888998611016E-8 -2.761476327780598E-5
-0.4690213191754545 -0.16282051739106812 0.06545407679976868 0 -1.0762804391191543E-8 2.2867789423078325E-8 -2.7608195125920796E-5
-0.5329845388239064 -0.1985594752136454 0.06981392050905111 0 -1.667359747087912E-8 2.8065717325859835E-8 -2.762369454729839E-5
-0.5985835515449605 -0.2260297922817816 0.07467942546060531 0 -1.3839289600759928E-8 3.5513132850241956E-8 -2.7628089126411987E-5
-0.6738902730202506 -0.22049852083738797 0.07997070091519404 0 -9.96150399703465E-9 4.0722413463882135E-8 -2.7620280986629163E-5
-0.7224932718504692 -0.1846612188414888 0.08299584497449673 0 -6.077433865481623E-9 4.189440674123722E-8 -2.7610462826087176E-5
-0.784218194998307 -0.17459658052838994 0.0880668176158918 0 -1.0228789708576709E-8 4.371386610008536E-8 -2.7598765530510838E-5
-0.8340398056073667 -0.21902107573341573 0.09363611174877708 0 -1.7791227019968623E-8 4.5856893869294813E-8 -2.7607066981499725E-5
-0.8809151182252344 -0.2821428693025129 0.09999999999999996 0 -2.2447443647197174E-8 4.975784639373461E-8 -2.761530159794792E-5
0.11138757858716244 -0.19292894544503636 0.054318208030815426 0 -8.787089278163304E-9 -1.0265459619261715E-8 -2.7624417025616945E-5
0.2238875048948224 7.238912562247948E-17 0.054346295287657886 0 5.356686153956624E-9 -1.2317744555961134E-8 -2.7627708769653423E-5
0.19420772375092543 -0.04676552312468657 0.053768452091938715 0 1.3140253139042092E-9 -7.585701055017235E-9 -2.7617851735104836E-5
0.16765785073129597 -0.0820458117059934 0.0534822586461166 0 -4.584118799864088E-9 -6.929497574577537E-9 -2.7608235461764084E-5
0.1532214795718842 -0.1047515501973591 0.0534601593182905 0 -8.02689241396646E-9 -9.549248729249517E-9 -2.7608210559121385E-5
0.13365633223327952 -0.1314943305448411 0.053500013617672364 0 -9.633522707462351E-9 -1.0812534566222609E-8 -2.761432598166634E-5
0.1909210649037196 0.04684254353730671 0.053697308093126346 0 6.385494256299E-9 -1.3347445096298238E-8 -2.7618999231491324E-5
0.05493858025113072 -0.1872116672800932 0.053664600392910426 0 -6.728008478677999E-9 -3.870594162699625E-9 -2.7615065252053143E-5
0.0015895535343272628 -0.18045943852644164 0.053353802929854664 0 -1.0403903732360943E-8 2.706480616887729E-9 -2.7606618127593933E-5
-0.053441146730527564 -0.18709102439814254 0.05365287398922711 0 -1.5533702297268337E-8 2.6396102143620237E-9 -2.7614783862704824E-5
-0.15050660974349658 -0.260685094950677 0.05663516711153095 0 -1.687171787844884E-8 7.183700413129042E-9 -2.7635681913100895E-5
-0.22974591189928226 -0.256397975299907 0.05821373401797809 0 -1.3773413041607484E-8 1.4391350973076584E-8 -2.76337092086543E-5
-0.2901412929767384 -0.21922908092139923 0.05898973037684318 0 -1.2057058565175248E-8 1.9202469053445753E-8 -2.763149387974157E-5
-0.3302765228915605 -0.22443841547131757 0.06052899064430553 0 -1.1851910257401643E-8 2.2816800156456168E-8 -2.7627404471109622E-5
-0.11217260429255088 -0.1942886498520168 0.05435789315243198 0 -1.4106779490129892E-8 2.933862237942352E-9 -2.762470831537149E-5
-0.4043520178042477 -0.16901983470521795 0.062374130552393804 0 -6.014257060327568E-9 2.2763155785638702E-8 -2.7619895050462624E-5
-0.36201088411519367 -0.17400839360604692 0.060635096430618034 0 -7.431306168435855E-9 2.2317166370519598E-8 -2.762772489030126E-5
-0.42569230627547644 -0.12215318657273527 0.06260425960749791 0 -1.5700859177493407E-9 2.703721837846576E-8 -2.7612723739503856E-5
-0.467604489294916 -0.09647351175034927 0.06440527405535047 0 -5.8771016134687466E-9 3.344177119645765E-8 -2.7607880253428862E-5
0.40159415937487924 0.2222711945652258 0.06342742714419668 0 1.31865759529324E-8 -2.166620613532938E-8 -2.7630744392569024E-5
0.4374027432196876 0.28280425722564984 0.06685837267776952 0 2.1872420406415607E-8 -2.3915358928153E-8 -2.7633513554904082E-5
0.4716692828943538 0.34325991058700284 0.07076541111671204 0 2.5122497532411805E-8 -2.5440626889202197E-8 -2.763941121460336E-5
0.5572755215547438 0.4510872900080022 0.08061070588876619 0 2.4414002938019063E-8 -3.296792971062478E-8 -2.7633596850899136E-5
0.5201731653431543 0.38799390136202994 0.0753439569886662 0 2.2922989347424297E-8 -2.9863296896033415E-8 -2.764057320836641E-5
0.7501545426059838 0.541195955123228 0.09999999999999998 0 3.626791302322616E-8 -3.612546919032519E-8 -2.7631421727202537E-5
0.5828756184496425 0.5332115379316271 0.0868511630159933 0 3.388145277593825E-8 -3.4664678211074605E-8 -2.762586507430853E-5
0.650470548607775 0.5465931881196748 0.09240305490818579 0 3.616596808696433E-8 -3.38291284259388E-8 -2.7628342474504323E-5
0.33827356631260735 0.19741612693850677 0.06018657141513714 0 1.0211883107817669E-8 -1.9832996520558797E-8 -2.7636836361314305E-5
0.2643297840462276 0.19520810401833616 0.057617277126140565 0 1.2684809537234676E-8 -1.3404702674327528E-8 -2.764039943530999E-5
0.23462332403576286 0.13422621113694244 0.055643167928538385 0 1.4189294314492805E-8 -9.461922900211471E-9 -2.7629736282198224E-5
0.1835322570857455 0.12636576122723128 0.05431954168807021 0 1.0934808405965642E-8 -4.551565452729721E-9 -2.7615513386042488E-5
0.15384433041034717 0.09209874155024383 0.0533301823681776 0 3.4161302789238313E-9 -8.859321754059368E-9 -2.761146733423579E-5
-0.5199939829281822 -0.124648956040805 0.06768673130026932 0 -1.535693045106438E-8 3.171386675003614E-8 -2.76128614855122E-5
-0.5744027965338087 -0.14938461510286838 0.07144252826293566 0 -1.3889728418731532E-8 3.3803818996805436E-8 -2.7625367736963958E-5
-0.6477191420222239 -0.14358128013705043 0.07642272847163621 0 -6.6663149134680855E-9 3.966357064780956E-8 -2.762552924250214E-5
-0.735100345459195 -0.11930462056175606 0.08291132970822637 0 -1.0309888671177563E-9 4.6818996941855264E-8 -2.7607459476485883E-5
-0.8023821229894582 -0.12465004703532732 0.08885408731398864 0 -9.69125771211895E-9 5.071060633222988E-8 -2.7597000466921336E-5
-0.8531067718150073 -0.15803750226362165 0.09415708085227005 0 -1.6196482901981837E-8 5.008308270468013E-8 -2.760317247109637E-5
-0.9051158299750595 -0.19076243784282 0.09999999999999995 0 -1.793304603506205E-8 5.1831950115794004E-8 -2.7610403507625538E-5
-0.8393412000271001 -0.10211595922316327 0.09200820531311653 0 -1.1809192543575455E-8 5.395145463791785E-8 -2.7603827599070295E-5
-0.5124187514513647 -0.05184789683178334 0.06651654728017117 0 -7.948734485141424E-9 3.526320695873664E-8 -2.7622868388845564E-5
-0.4662367643365183 -0.05429215722432917 0.06397307879016166 0 -3.5986676104664747E-9 3.352367430609456E-8 -2.7619697878160765E-5
0.07846305682895906 -0.1359020009449211 0.0529048760801971 0 -8.178730477298584E-9 -3.5396875279935545E-9 -2.7619310948510383E-5
0.1581850159804538 4.03666044625459E-17 0.05292729798071231 0 -2.3028223894350536E-10 -8.480957406668796E-9 -2.7621386681561E-5
0.1339429855522494 -0.042721659792281826 0.052630185389843626 0 -5.2324566449174145E-9 -4.548949857030157E-9 -2.7619561765427983E-5
0.12170874450296679 -0.07937873255132208 0.05270638285367756 0 -8.759632966211896E-9 -4.454813501660086E-9 -2.7616522436224305E-5
0.0926329081859553 -0.0934021566431387 0.052491087538806276 0 -8.72016487921602E-9 -3.079412242832006E-9 -2.762089201751439E-5
-0.07925046645516257 -0.1372658344238745 0.05293295280422828 0 -8.023456537790755E-9 5.692247960141909E-9 -2.7619167526967987E-5
0.12737884186502532 0.04457914646124025 0.052542398875778 0 -4.338183083548931E-10 -9.065404196145522E-9 -2.7621970894652345E-5
0.025874926118163208 -0.13266950985365822 0.05254567933671947 0 -7.257333447599669E-9 3.224133421848154E-9 -2.7618946307531043E-5
-0.025243839799718233 -0.13300675455069116 0.052548920040911946 0 -8.46510944749388E-9 6.3079226109916805E-9 -2.7618937033756782E-5
-0.18973296493485722 -0.18461798069110355 0.055474546986767154 0 -1.3520653386595132E-8 6.239103804388905E-9 -2.7627655541337134E-5
-0.2483235922732361 -0.1816505696604007 0.05686432272721824 0 -1.3164373985764901E-8 1.2963488739479362E-8 -2.763214463796553E-5
-0.30831506111577245 -0.17770170158565643 0.058672582596364375 0 -1.035916794293576E-8 1.9303308357419286E-8 -2.763305531660055E-5
-0.13643849435757827 -0.142707733989249 0.05371629461338724 0 -7.656650411266478E-9 4.10675784795084E-9 -2.761590395644283E-5
-0.184039983968445 -0.12735803584373426 0.05434432437859786 0 -1.1024673376923553E-8 6.354439077226348E-9 -2.7611377402912416E-5
-0.10393602836491156 -0.0928684349452979 0.05261104654913399 0 -1.832488596540106E-9 8.17744829795398E-9 -2.7618840573767654E-5
-0.33491839009005275 -0.13913239257244242 0.05894927757126896 0 -6.795116488567581E-9 2.0958158609692547E-8 -2.7632697025136217E-5
-0.379850741799242 -0.12110542276221135 0.060500587943527986 0 -2.351611584816805E-9 2.4307576214119297E-8 -2.7625855735667606E-5
-0.40842759083875496 -0.05875232359605658 0.061140527783328784 0 2.688244854242024E-11 2.8283246652165485E-8 -2.762654756634019E-5
0.36282250283673584 0.2686598783514224 0.06303900336729046 0 1.707622569953248E-8 -2.4397954397990715E-8 -2.7627727928795534E-5
0.4058790843317993 0.3317218591300756 0.06705525860874961 0 2.726970715794941E-8 -2.2472919684688346E-8 -2.762607144827788E-5
0.4678168231247622 0.39722837411780604 0.07282402579327739 0 2.6811061345698753E-8 -2.5172018679850075E-8 -2.7640193093457544E-5
0.43228391685071293 0.3802988180284773 0.07026687195777441 0 2.8600980974776953E-8 -2.1448273438080546E-8 -2.763495783526523E-5
0.5096255127299391 0.5106912413470729 0.08097857821614195 0 2.9242419918949548E-8 -3.3241108112121415E-8 -2.7630715924934446E-5
0.49005227512439575 0.44470401859070535 0.07629562530822705 0 2.6631144420547787E-8 -2.865909554333535E-8 -2.7639598401090372E-5
0.5354804188313992 0.5793968081607486 0.0867593250488703 0 3.6586449533792773E-8 -3.370448338603199E-8 -2.761634419076739E-5
0.6847900044003186 0.621834941224156 0.09999999999999994 0 4.331272071605687E-8 -3.541242138003417E-8 -2.7634425517620468E-5
0.5876935447112426 0.6161088910778022 0.09257893706827944 0 4.339269143519139E-8 -3.142560025937468E-8 -2.762176774329435E-5
0.2968769596322443 0.26583446546620604 0.06049214663587174 0 1.293539657303558E-8 -1.9984143855961834E-8 -2.7633931713913322E-5
0.22703812963746217 0.26409762190385 0.058370438456053005 0 1.4087940610977932E-8 -1.2460816235215422E-8 -2.7642949421119906E-5
0.18890830540911197 0.18932922319802872 0.05555650018582656 0 1.3575762743870342E-8 -4.497381144661681E-9 -2.7635224898677788E-5
0.10177697427875262 0.08834048795367637 0.05253956863179544 0 1.668016161203857E-9 -6.5935068697323755E-9 -2.762279004374656E-5
0.13647605991683223 0.1435082568468913 0.053729825805134857 0 7.811514631411363E-9 -2.4176345231944263E-9 -2.762108979652653E-5
0.14969050843762163 0.2592715660247786 0.05657975437506356 0 1.6924991483390842E-8 -5.092872917371729E-9 -2.764456178013052E-5
-0.5844196053235717 -0.07491703801282973 0.07115392026499065 0 -8.60761655299801E-9 3.732961659746264E-8 -2.7629727655132484E-5
-0.7351410524947968 -0.060926854977285956 0.08231802271497875 0 2.8282301771869307E-10 4.830696126511169E-8 -2.7615709319024523E-5
-0.6752473549062168 -0.060997662019661704 0.07752927755735102 0 -6.148779335082932E-10 4.312341227139766E-8 -2.7626614686339554E-5
-0.7962287177911108 -0.06074957956360477 0.08762354715881242 0 -4.446332326428457E-9 5.2820281275093087E-8 -2.7608744183082786E-5
-0.8627884197170684 -0.055125093298773874 0.09385473111979895 0 -8.745559766859083E-9 5.5012720124477687E-8 -2.761211201018644E-5
-0.9192838471164881 -0.10263764414409532 0.09999999999999994 0 -1.3286960663227807E-8 5.7961622929585796E-8 -2.7613159541295022E-5
-0.5447672634209793 2.858524015158418E-17 0.06830049229574699 0 -4.576581250432923E-9 3.340130385965735E-8 -2.763090151389222E-5
-0.4638591691868275 2.797468827787367E-18 0.06368112390889594 0 -5.877996465958068E-10 2.8475104598583644E-8 -2.762661620596999E-5
0.04273067501608843 0.07401170016957923 0.051925849626185475 0 2.59121013924239E-9 -4.765055260434293E-9 -2.7632158743230026E-5
0.04273873390329096 -0.07402565857166639 0.05192600533605054 0 -6.170905529355117E-9 1.4390876753158107E-9 -2.7629637597769764E-5
0.08580268905133058 2.7616060966210454E-17 0.05192915349305607 0 -3.642857549589266E-9 -4.196247717370245E-9 -2.763077629315894E-5
0.07416648351753428 -0.042820039223696336 0.051927573540639343 0 -5.903684823164053E-9 -1.5558098404395647E-9 -2.7629908355011644E-5
-0.04299754043112494 -0.07447392462720538 0.05193102148339571 0 -2.5714672973023795E-9 6.543278325042229E-9 -2.7629489445285587E-5
0.07415950431437714 0.04281600977887487 0.051927495533993596 0 -8.826797146151977E-10 -5.448129372147451E-9 -2.7631341475284677E-5
1.3904975238826412E-17 -0.08573627431625096 0.051928505242836896 0 -5.018627498624058E-9 4.783895071105772E-9 -2.7629170557970856E-5
-2.9796378738924766E-17 0.08577355466188762 0.05192886660175564 0 5.127622282549146E-9 -3.063060417306387E-9 -2.7632039377638858E-5
-0.22815732549244747 -0.13366956667415786 0.05546555293618704 0 -1.425270398219923E-8 1.0559383107476318E-8 -2.7623307198557895E-5
-0.27837086784154214 -0.12617379267311213 0.056793561369108604 0 -1.1198594665101478E-8 1.6450243742209235E-8 -2.7632667990172598E-5
-0.15093740406319933 -0.09389909648308081 0.05329903073383901 0 -3.2179896181145687E-9 1.0198777833423488E-8 -2.760858069927509E-5
-0.19761019796705667 -0.10158906953187431 0.054303584925033135 0 -1.1903254198789463E-8 1.134333335931767E-8 -2.7610355525406493E-5
-0.12619399745448537 -0.06614911525416545 0.052660410611162535 0 -1.3479711830725334E-10 1.077635905116707E-8 -2.7617310686202205E-5
-0.07423701450489274 -0.042860760308234 0.05192836227840669 0 8.913298333343346E-10 7.174043344873856E-9 -2.7629834845755006E-5
-0.4277423899643161 0.06497482014443749 0.06209784320535729 0 7.281536520715977E-9 2.2299064591172127E-8 -2.7624014329770052E-5
-0.33304413722574777 -0.06930677678439595 0.058055306373968225 0 -3.9060334610763854E-9 2.179981989009876E-8 -2.7636703748447227E-5
-0.3847166606924661 9.345124501562139E-19 0.059881376808148805 0 2.3343109812870382E-9 2.3718628374907353E-8 -2.7635314464041157E-5
0.3329058545937796 0.33325924236807375 0.06406157186555389 0 1.759185122543005E-8 -2.0171458003259693E-8 -2.7613398099707538E-5
0.49825230464030634 0.6040689738251999 0.08623250303750961 0 3.351936733567329E-8 -2.9168582776013837E-8 -2.7614071595242325E-5
0.3818998921620359 0.39282083230988174 0.06849211870683777 0 2.843784615711935E-8 -1.4836607530685381E-8 -2.7627362504881153E-5
0.4314021965681312 0.42876752259718576 0.07244484890584979 0 2.8384390884546842E-8 -2.1608843187713696E-8 -2.7638967898115716E-5
0.4723939921181883 0.5653277489130144 0.08223903081434109 0 2.9350381386077965E-8 -3.0963417354948966E-8 -2.762433137609773E-5
0.44736034083495346 0.4974141441538552 0.07684191432450417 0 2.813091676945296E-8 -2.6786440116529066E-8 -2.763813637473779E-5
0.5230354883414245 0.6422697488364204 0.0903707538749386 0 3.982668245091961E-8 -2.4886218009916852E-8 -2.761460633191705E-5
0.6177594130735138 0.6884753307245898 0.09999999999999995 0 4.717402871886132E-8 -3.029378933866174E-8 -2.762966155358344E-5
0.5518007966248653 0.6760563257947593 0.09465507346897212 0 4.415899614644444E-8 -2.4537753606546587E-8 -2.762215219158022E-5
0.2625418688185837 0.33648330779519714 0.06181290503458571 0 1.5121871403733645E-8 -1.5392608714131372E-8 -2.7632143562744977E-5
0.10763513709501461 0.3224957272318108 0.058047784011843594 0 2.0030481649800246E-8 -5.990578457581859E-9 -2.7644427718855788E-5
0.19231764390950024 0.3331039304431938 0.059877835485628014 0 1.8629259829225943E-8 -1.2191712663288815E-8 -2.76422546413771E-5
0.11136664405289663 0.19289268576805546 0.0543171535525474 0 1.4045915112107613E-8 -9.892966676814228E-10 -2.763098977446763E-5
0.07844894660138711 0.13587756131386042 0.05290437550856248 0 7.919408038357398E-9 -4.021061669799171E-9 -2.7623923403492304E-5
0.03519829734560284 0.13784946141786306 0.05265706254873472 0 9.06893264701332E-9 -4.479889053545981E-9 -2.762281747304758E-5
0.06630901180929025 0.2508565357105051 0.05531869953262273 0 1.8835220820426537E-8 2.3541526695304616E-9 -2.7634371544594438E-5
-0.017053837843317182 0.27836069099312905 0.05590951428308119 0 1.537180389675647E-8 8.164481235373251E-9 -2.763491880321691E-5
0.011677278178983168 0.25977319628253465 0.05533524160416193 0 1.6604889071163953E-8 7.76820367137457E-9 -2.762922865762374E-5
-0.036475279191632355 0.1302798698937502 0.052547520741153056 0 7.324365640758445E-9 -3.1474534086137843E-10 -2.762403933819977E-5
-0.004334214649360648 0.15163914092247652 0.05281372846092682 0 8.766356281790886E-9 -3.1181447859489824E-9 -2.761885139889379E-5
-0.5548238392163805 0.07638757137486699 0.06925704553616709 0 -1.4850200410302008E-9 3.18053810190333E-8 -2.7628441009606502E-5
-0.6361392415232946 1.3179599374821288E-17 0.07441207081886599 0 -3.8557892953005584E-12 3.885991439535657E-8 -2.763374479514212E-5
-0.7353276040989696 1.376885046738379E-19 0.08212306732579755 0 2.9801428497757092E-9 4.485585221604776E-8 -2.7620690167644535E-5
-0.8245744171037558 1.994957568951944E-17 0.09002147282184524 0 -2.7566611491765556E-9 5.025316945330374E-8 -2.7614066816029807E-5
-0.9249999999999996 -3.487031299242896E-17 0.0999999999999999 0 -6.406277613641178E-9 5.643176986808775E-8 -2.7619944120279915E-5
-0.6215823870108426 0.05940809814964494 0.0735747228508592 0 2.451253441021421E-9 3.676207411857125E-8 -2.7633878657620567E-5
-0.5039157942187592 0.07056797810116018 0.06615707446286308 0 -7.964056926789977E-10 2.6228858747255848E-8 -2.7620223123821577E-5
-0.4742240483662385 0.11256694280313873 0.06494853319711702 0 5.289461276075343E-9 2.6648599122221376E-8 -2.760810599726399E-5
-0.4362515368769683 0.13236424219261794 0.06326633817399899 0 1.2739152345967288E-8 2.758970502883584E-8 -2.7613814844894916E-5
-0.3689420167821231 0.1279817916152874 0.06013540062401418 0 1.1602533112581971E-8 2.2431680722446113E-8 -2.763219365380976E-5
-0.40020050920329836 0.18553375498639205 0.06251643484045978 0 1.3692132878011556E-8 2.6593805446652537E-8 -2.7627737763568907E-5
-0.11902524067374867 0.3280525016025783 0.058398241089487615 0 1.8730498595812137E-8 6.696695658965169E-9 -2.7643975988142836E-5
-0.278960464150049 0.23105339123962187 0.058930977919053947 0 1.4979819326643497E-8 1.630035388531089E-8 -2.763901771223649E-5
5.529796886260846E-16 -9.523255661324038E-16 0.05151308386343702 0 1.8303224815138583E-11 8.590599174487957E-10 -2.7639167575858054E-5
-0.043042879691499385 0.0745524545297515 0.0519319033593881 0 6.2598336208334985E-9 2.7042785810081725E-10 -2.763193590780258E-5
-0.24680219676358373 -0.07209570484822997 0.055249906628573604 0 -1.0960919398124033E-8 1.628045732507597E-8 -2.7627322892283083E-5
-0.1740533791739203 -0.0457943921612332 0.05334383022045102 0 -4.116762117670062E-9 1.4370215366151074E-8 -2.76159653845932E-5
-0.12783259126111418 -0.033275347967647695 0.052499203818416273 0 9.7550590857721E-10 1.0450961682735372E-8 -2.7621673647558727E-5
-0.08544796042127181 1.2633032021521531E-17 0.05192572029476935 0 3.64967836187604E-9 5.9189490128110815E-9 -2.7630760145940514E-5
-0.33947513674739144 0.06240362523718613 0.058248486325065116 0 4.382498437314995E-9 1.9784976699719962E-8 -2.7638770968912337E-5
-0.30816555573663146 0.12979030410922676 0.05783416263257108 0 6.696405058603239E-9 1.940852488250292E-8 -2.76385872730673E-5
-0.22695325756190307 0.2565120405768185 0.05814491145404571 0 1.644809556709968E-8 1.4750216296118582E-8 -2.764257406864074E-5
-0.25569422992480956 0.1801064295667739 0.05704280655464759 0 8.38287234294367E-9 1.8371076453106098E-8 -2.763849375542888E-5
-0.07471068043782807 0.26158647648355277 0.05569656348774581 0 1.1990110515983817E-8 1.000235700173972E-8 -2.7637735196597476E-5
-0.15073713287945018 0.26108437273446883 0.05665087411303693 0 1.4000066293710771E-8 1.2513698707174146E-8 -2.764441792313679E-5
-0.0793293077376864 0.13740239153093972 0.052935779499837216 0 8.253726768816918E-9 5.465213001720448E-9 -2.762363755592265E-5
-0.299396714946573 6.0549876586637245E-18 0.05658028588283899 0 -3.09701831891778E-9 1.8663070787724205E-8 -2.7639294774811918E-5
-0.39181543828090004 0.55445735722153 0.07760084140770424 0 3.601234950532832E-8 2.3094852321790816E-8 -2.7638327066079944E-5
-0.42125713605646403 0.6077940464059373 0.08247265847688973 0 4.0976623579705934E-8 2.4992887787174043E-8 -2.7628358904719587E-5
-0.4499036574234317 0.6597655574984553 0.0876254316161508 0 4.241469630206804E-8 3.130481097561899E-8 -2.7622904492589578E-5
-0.4789401191209052 0.7197628636157833 0.09385470752197607 0 4.2127794531438535E-8 3.6406543129010754E-8 -2.762734307325366E-5
0.30693864167133966 0.4042133776050551 0.06608285286906407 0 2.242999050356322E-8 -1.0513658919666497E-8 -2.7629082441701082E-5
0.45341996389119593 0.6343388790419371 0.0859386615701075 0 3.2865465944012525E-8 -2.3844985452911473E-8 -2.7622646506258692E-5
0.36186279370904106 0.47199806236141656 0.0715259330567936 0 2.8697406947944296E-8 -1.6007615524438967E-8 -2.764155973109778E-5
0.400949758946052 0.5652131577221655 0.07869394977656127 0 2.998519319423263E-8 -2.4175580066039085E-8 -2.763759563253877E-5
0.4904238791693691 0.6985151762406319 0.09277567976728547 0 4.153509468692297E-8 -2.0535114670469828E-8 -2.7625950734366018E-5
0.5485314952955888 0.74480230687788 0.1000000000000001 0 4.6272346257629085E-8 -2.3112636135478797E-8 -2.7632207017835033E-5
-0.157502577302292 0.4062797025959702 0.06224976286168574 0 2.1990951845546036E-8 5.384205400594464E-9 -2.7629876927445792E-5
-0.04439277195221168 0.328710102628296 0.0577329050528648 0 1.904785457756018E-8 4.763257097365265E-9 -2.764285255535757E-5
0.025557696189703685 0.3104658173674805 0.05699894508193312 0 1.9165192583816637E-8 2.888238668251891E-9 -2.7641153488514987E-5
0.05891091878969271 0.3561813785904501 0.05888183035860122 0 2.074678855154658E-8 -3.950953131935133E-9 -2.7642021983334116E-5
-0.07539656272461737 0.3826387268002811 0.060112744280339386 0 2.4141426636795993E-8 1.9453530650606845E-9 -2.7637605824517332E-5
-0.19156331121345582 0.4731617410648756 0.06625147072173321 0 2.1507510497079474E-8 1.4657935766561567E-8 -2.7628397485752128E-5
-0.31860245148696237 0.5518356333914171 0.0744889558881298 0 3.2759497540827955E-8 2.031597324580446E-8 -2.7644542717446912E-5
0.23188989210585279 0.40164507488900236 0.06367695651733306 0 2.4188265930383143E-8 -1.1987710206088135E-8 -2.7635034689525994E-5
0.18545604713463834 0.43047399478074116 0.06393784680976809 0 2.995101188403465E-8 -1.1830337942189367E-8 -2.7629530955167968E-5
0.15384627156060351 0.3839117365891883 0.06118533303935759 0 2.377364992969584E-8 -1.264704787293432E-8 -2.763537054458461E-5
0.08567704016096148 0.3934342712802923 0.06068036954612458 0 2.1570372828640166E-8 -8.588647896832047E-9 -2.7634778517253285E-5
-0.04746651353754765 0.1829715324610284 0.053532622158623755 0 6.747559661957399E-9 4.32897270340257E-9 -2.7619593038373018E-5
0.01717373484524668 0.1662656573333219 0.053092157016808576 0 1.1618794490571331E-8 -2.9956437241703537E-9 -2.7616353368239215E-5
7.833096257776418E-4 0.19069362679459012 0.05356840441819727 0 1.1423807573167164E-8 7.71449557204303E-10 -2.761182549870144E-5
-0.014253461472862217 0.23459230484404994 0.05463523466770248 0 1.1760545661527717E-8 8.791299425251197E-9 -2.762061482513817E-5
0.04520143550094837 0.1841851235528076 0.053545944108146816 0 1.5214026993543202E-8 -1.1807327727367848E-9 -2.761912405393346E-5
0.017981432514459814 0.22651294475696923 0.05443142027174295 0 1.6389155576075927E-8 5.963342975389186E-9 -2.7618368271915542E-5
-0.4509389353459413 0.18062953941108667 0.06485872161226297 0 1.1202589849105092E-8 3.337216720062726E-8 -2.761978457345277E-5
-0.43855507291261625 0.22078311851591842 0.06514753629020965 0 1.1804352650575035E-8 3.072607915094955E-8 -2.7628415733044365E-5
-0.5430568755805911 0.1088667628343709 0.0688662273363696 0 -9.77564523803736E-10 3.220812073893117E-8 -2.7623920231427964E-5
-0.5075730010734566 0.12513873893141766 0.06697106660603608 0 2.36785166528665E-10 3.141853800685368E-8 -2.7613475468718486E-5
-0.4876818695036711 0.16005919777938846 0.06641416297022892 0 5.298321030344094E-9 3.559655314512509E-8 -2.7614378204345012E-5
-0.5817364775186938 0.11498204866540508 0.07140762999266016 0 1.9778500742375386E-9 3.520573607765265E-8 -2.763067867000932E-5
-0.6893460495224288 0.06354738512595376 0.07863780818203957 0 7.372333329395059E-9 3.9866878257985467E-8 -2.7626269403596964E-5
-0.7599167871431189 0.060700756349994105 0.08441733903220823 0 6.107545763580445E-9 4.2372339509482816E-8 -2.7613831681123233E-5
-0.8184909839211809 0.07533925376340878 0.08977629762126756 0 1.1335736865504595E-9 4.584439080175773E-8 -2.7608634742530662E-5
-0.8641324069088798 0.06217499425579329 0.09403348687291993 0 -2.090581608941698E-9 5.003586391946855E-8 -2.7613473520809228E-5
-0.919284810212244 0.10262901652303173 0.09999999999999994 0 -1.085079048318324E-9 5.4203122435443027E-8 -2.761655257177768E-5
-0.7200856347104291 0.1275637570102766 0.08178787314202204 0 1.3910433260464348E-8 4.289219213514692E-8 -2.7615233934084786E-5
-0.6366216770914513 0.14805650423757327 0.07568897320024312 0 9.753409663909436E-9 3.907073361358939E-8 -2.7631441164921563E-5
-0.5083123257938114 0.6756675576578803 0.09200745306162258 0 3.9525287823853434E-8 3.8342637734083607E-8 -2.7618774066065378E-5
-0.5084523869045262 0.6310249340793687 0.08870435188239581 0 3.795026304789616E-8 3.435940483442455E-8 -2.7611301153571668E-5
-0.5485031394581954 0.7448231888659755 0.09999999999999998 0 4.2280855214183236E-8 4.172202000160405E-8 -2.7629607826665538E-5
-0.47303326379715877 0.5791284533565413 0.08316905076856485 0 3.900843704168609E-8 2.556441514956941E-8 -2.761973279206967E-5
-0.45509595152323223 0.4866404390645807 0.07663670286639768 0 2.9799256767547604E-8 2.665869714292042E-8 -2.7636805099095174E-5
-0.4180330375357138 0.4186106610386911 0.07131407766744807 0 2.0883825165393437E-8 2.993842112377493E-8 -2.7635488982118043E-5
-0.35805699391726126 0.4725541821277961 0.0714004969823895 0 2.742545636774952E-8 2.6658933874686087E-8 -2.7640352368063357E-5
-0.3304177610769968 0.2075632873895256 0.060121873146272396 0 1.3790131433468077E-8 1.9229976332626165E-8 -2.763610099800758E-5
-0.3986677525588505 0.2551376793832065 0.06418286265211677 0 1.2850884324087532E-8 2.3870618245021108E-8 -2.7629223989053257E-5
-0.19326570388917413 0.3347460184966116 0.05996054906425581 0 2.1034513541900465E-8 1.0579210524598511E-8 -2.764161984594266E-5
-0.2326279902659774 0.402923498403311 0.06375456788963607 0 2.361417186077154E-8 1.5575181524637494E-8 -2.7634524835872902E-5
-0.2730034360466582 0.4728558218736924 0.06837705113188595 0 2.573249414238514E-8 2.1546849734498932E-8 -2.7640270275429034E-5
-0.30165136280488025 0.41841452971898935 0.0665620091821718 0 2.565115195310049E-8 2.5237003313305348E-8 -2.7631623268936987E-5
-0.2982294435153453 0.2720284218761083 0.06072614652584282 0 1.9439908751334637E-8 1.480495037652314E-8 -2.7631522593860893E-5
-0.28071917465641966 0.3771430143239578 0.06401358518053687 0 2.6297169824682866E-8 2.0701287989877652E-8 -2.7627630019401156E-5
-0.25621859628623345 0.3266156402995803 0.061257118437086824 0 2.406513720041685E-8 1.4698338805498456E-8 -2.7633294212379046E-5
-0.07427627943517316 0.042883429926301085 0.05192880169730083 0 5.949933072100533E-9 3.3423510736803443E-9 -2.7631319060612027E-5
-0.10192189467460559 0.10267269443312377 0.05269596908601702 0 9.3054568061342E-9 6.2208828348995456E-9 -2.762182487292031E-5
-0.22270343343645202 -2.7398019802337882E-17 0.054316401779706945 0 -5.255152508473994E-9 1.4135988290021111E-8 -2.762719462615451E-5
-0.1568744501142894 1.9427769320198104E-18 0.05290395974586273 0 3.2600988467620656E-10 1.01957301193242E-8 -2.7621333064537164E-5
-0.1333037269353432 0.03517105967265549 0.05258728793055297 0 4.7060223565122025E-9 6.593543358208515E-9 -2.7621738630723817E-5
-0.2668792736165403 0.06671487334767572 0.055790773586017584 0 -1.4654514353538673E-9 1.6037375502897338E-8 -2.763426668078962E-5
-0.25161809751440434 0.1255049475699697 0.05598231997151887 0 1.6725208351481913E-9 1.7879191964289954E-8 -2.7632255764076058E-5
-0.2204702956430696 0.1429341155499399 0.055415459742855375 0 2.851772450073133E-9 1.883032245053194E-8 -2.7627511172701744E-5
-0.18350196867475072 0.18844743574056294 0.05542383280391714 0 8.907953832772953E-9 1.775616877066574E-8 -2.763423046833101E-5
-0.1122914677939212 0.19449452747555573 0.054363926326504504 0 8.890428140968985E-9 1.219821498580521E-8 -2.7630959007267012E-5
-0.13865734030206042 0.13413724110678021 0.05361667711440056 0 9.37936906077812E-9 1.3467765206252244E-8 -2.761846932409383E-5
-0.3679940573528883 0.637384404218618 0.08217817873449762 0 3.927807035232904E-8 2.0887853800260983E-8 -2.7633320382783228E-5
-0.4124740638930545 0.7144260354671818 0.09005646238462257 0 4.093926805886903E-8 2.8694420931244004E-8 -2.7628482888483367E-5
-0.4625000000000002 0.8010734985006057 0.09999999999999998 0 4.432485058122571E-8 3.5043671144295964E-8 -2.7636262735253913E-5
0.41227210451772545 0.7140762315680472 0.09001864521731297 0 4.378473821942111E-8 -2.0039272465825014E-8 -2.7630364897724017E-5
0.27234892372669683 0.47172217328134014 0.06829621029644013 0 3.030115033402241E-8 -1.0796673929700473E-8 -2.764091259341161E-5
0.36764043700660404 0.6367719158122639 0.08211917016769554 0 3.641893394316857E-8 -2.2519164207366464E-8 -2.7634914097870104E-5
0.31803615984503875 0.5508547874957042 0.07440724687637126 0 3.274535280670779E-8 -1.7268089773593885E-8 -2.764564626342686E-5
0.46250000000000013 0.8010734985006064 0.09999999999999999 0 5.083754370334505E-8 -1.9638588194262582E-8 -2.763832219071891E-5
0.3836506929290541 0.7746515411716932 0.09384509082801112 0 5.10520985066807E-8 -1.7108595951924678E-8 -2.7630576942727345E-5
-0.14030890931253803 0.4679836164169959 0.06501280116403946 0 2.4803059852039715E-8 9.864574934388859E-9 -2.7615504247178577E-5
-0.10294114607188212 0.4464085827438704 0.06338188130081227 0 2.9721250502091537E-8 3.727141659525245E-9 -2.761974377050397E-5
0.013052198219917906 0.38970549808144683 0.06010955939350729 0 2.2699281440328053E-8 -1.480686597482099E-9 -2.76403967187762E-5
-0.04037960269203984 0.44085703180834646 0.06259577733066987 0 2.9390525825914036E-8 2.1916693019403113E-9 -2.763302061335698E-5
0.06533055038853267 0.4354649165439312 0.06247764990259344 0 2.174607373766832E-8 -5.421581256134401E-9 -2.7629609386720758E-5
0.21079455863719812 0.4693257584201238 0.0664848367230654 0 3.357523068809344E-8 -8.900006766640976E-9 -2.763359338488546E-5
-0.2117215867706234 0.5198781223671348 0.06933829044213057 0 2.583434442931535E-8 1.8105253240153766E-8 -2.7637597498256146E-5
-0.1460434120132441 0.503264073058023 0.06704541835555092 0 2.6427443613131384E-8 1.6393313784807333E-8 -2.7621721733406155E-5
-0.17773060720916653 0.5259463281585314 0.0689480477972893 0 2.6512106596764186E-8 1.774261988536935E-8 -2.763272408863036E-5
-0.2900329026458535 0.6297052539110424 0.07871782471366953 0 3.722271858842145E-8 1.450982176860395E-8 -2.763767064037619E-5
-0.2598642375444073 0.5690891545970852 0.07365958600480058 0 3.21535691693796E-8 1.7067536556083035E-8 -2.7644211840520242E-5
0.1498593825176401 0.45279307874260616 0.06437801254812758 0 3.0894947563746285E-8 -9.947701912846962E-9 -2.761888550675943E-5
0.11053788187593885 0.4306223745782792 0.0626902062642271 0 2.379222052188183E-8 -1.0623495878336025E-8 -2.762296026239272E-5
-0.4490633670822637 0.26293361409508886 0.06682964731028329 0 1.1626839062540756E-8 2.9746332863475058E-8 -2.7632765768470826E-5
-0.4300985673768074 0.3012630280350379 0.0671100012724704 0 1.1943355059092051E-8 2.688714668934236E-8 -2.7630941370615524E-5
-0.49761740681994665 0.2259943198914076 0.06840949555720777 0 9.713171638455287E-9 3.5482007194681006E-8 -2.7631787448505033E-5
-0.5518948161465873 0.17422255470543743 0.07046196471921622 0 4.64480050733898E-9 3.713649617604336E-8 -2.7629396655201725E-5
-0.4324706598932548 0.35955969358955997 0.06940707877592157 0 1.4508155245156135E-8 2.8921534632881862E-8 -2.7632160300660467E-5
-0.7940808377677345 0.13178185399490336 0.08820577601429047 0 6.828720634064988E-9 4.7603438281778434E-8 -2.760019282333464E-5
-0.8565041007211139 0.12935729823844902 0.09401883827528355 0 5.334388869355465E-10 5.173423189213466E-8 -2.760812357606403E-5
-0.9051192255768065 0.19074632675980735 0.09999999999999998 0 4.670032357562462E-9 5.8659322094034E-8 -2.7616702342986576E-5
-0.7583678808155521 0.178257805309045 0.085877514601274 0 1.3777002115962345E-8 4.993831221263337E-8 -2.760830281071557E-5
-0.6170663609123308 0.222189336538271 0.07585507468331582 0 1.3737085463457051E-8 3.844099643508494E-8 -2.7634427227317705E-5
-0.6972424057138269 0.20430689657176623 0.08139617396721441 0 1.62474053648862E-8 4.4046077677195315E-8 -2.7623063190008835E-5
-0.5596851197575441 0.6634042603718276 0.09419033697962355 0 3.467438829082661E-8 4.036134762129876E-8 -2.7618569793033027E-5
-0.5445828559277583 0.5931276201062036 0.08823074690283748 0 3.155817115421102E-8 3.204289481167394E-8 -2.7613076525503834E-5
-0.6177328508859395 0.6884991641819085 0.09999999999999992 0 3.4623166450671144E-8 4.266177704514291E-8 -2.7626913506547993E-5
-0.5240933648557363 0.5322322969179639 0.08310069903157469 0 3.19215861235712E-8 2.7450959572165577E-8 -2.762378317290739E-5
-0.482008368592271 0.40269833860051546 0.07383556549613608 0 2.1839170863759217E-8 3.035331920715878E-8 -2.7639056751508736E-5
-0.5228737105474611 0.469403410425903 0.07945982017150148 0 2.9094537691512958E-8 2.9738970867529745E-8 -2.7633390842197146E-5
-0.3178442209190435 0.3574692689417035 0.06445327462614317 0 2.5126880400957027E-8 2.274880729975883E-8 -2.7616085640324572E-5
-0.3668515165065182 0.391453181331997 0.06779342734587494 0 1.9303893101521376E-8 3.009303709771533E-8 -2.7623051016243065E-5
-0.37474174799433474 0.32521524057353407 0.06543736846884436 0 1.3624895301076082E-8 2.1431584417529995E-8 -2.7616584541576436E-5
-0.3445240713159381 0.2767146512083848 0.0625551726814487 0 1.6671551276334137E-8 1.6490465490451777E-8 -2.7625094549019005E-5
-0.31825267387856393 0.31228528282505885 0.06275542647814246 0 2.2257917530437787E-8 1.583027504734043E-8 -2.7619383301692447E-5
-0.13208776332768443 0.07040426877471616 0.05277929135503948 0 7.852971394993948E-9 6.293379113970782E-9 -2.7617690114640774E-5
-0.13558426904309848 0.09984465055515283 0.05311549222562181 0 9.353383444838926E-9 9.224040552472867E-9 -2.7614936733792798E-5
-0.18433654548332082 0.04822270923057056 0.05356505347436668 0 -3.621755607011841E-11 8.44067237263286E-9 -2.7617638673635805E-5
-0.2141365218541703 0.10501643106435352 0.054728299370409676 0 -1.1036202903922881E-9 1.521527191150781E-8 -2.761926471273845E-5
-0.18680865935078547 0.12991541986645883 0.054439563423197654 0 3.916957021272252E-9 1.7662269673825416E-8 -2.7616680724355696E-5
-0.1657690318723488 0.09663028560186346 0.05359396061230915 0 5.833656017116314E-9 1.0873032901004688E-8 -2.7609586488477245E-5
-0.3275435087421515 0.689022237889938 0.08446715933764735 0 3.855751361039554E-8 1.697186337192762E-8 -2.762666358067823E-5
-0.3440235561346144 0.746753392646391 0.089798396197132 0 3.898492404299101E-8 2.2995339162039385E-8 -2.762262010956877E-5
-0.3781299746230488 0.7796968295885027 0.09405159466762453 0 4.101835091170588E-8 2.8008113248158106E-8 -2.7628395186850048E-5
-0.37078556224583165 0.8474286657041803 0.09999999999999998 0 4.503045715028087E-8 2.9328610512128172E-8 -2.763238070250347E-5
0.33139114289377414 0.7785556133621918 0.09206768166444738 0 5.155923613375755E-8 -1.389831583556098E-8 -2.7622950123258635E-5
0.3464548928541494 0.7191482470167311 0.08759713317592265 0 4.689159104986377E-8 -2.0047925196235185E-8 -2.76259742405111E-5
0.31546555307223767 0.6681703741372863 0.08242156072081934 0 4.073994949533911E-8 -2.1890341869320054E-8 -2.7631466050319664E-5
0.22784343961994072 0.5451094489255655 0.0712614275403811 0 3.571279130946239E-8 -9.275738270942046E-9 -2.7642653740051392E-5
0.28413345033548576 0.6165726819630529 0.0775980862421621 0 3.67674535203439E-8 -1.8590038418026752E-8 -2.764096035231675E-5
0.290977677915208 0.7546407636986492 0.08855875058870188 0 4.722115362708111E-8 -1.4704354929480394E-8 -2.7615758218935746E-5
0.37075219693550476 0.8474432642497914 0.09999999999999995 0 5.561911874656263E-8 -1.444225883793974E-8 -2.76341202906966E-5
-0.10596501162257625 0.5041773372256164 0.06652572871029448 0 3.238586143031634E-8 1.4160390913454807E-8 -2.762193840579335E-5
-0.07102778036707863 0.4813038479979327 0.06489977746314218 0 3.380037294067181E-8 7.999801482335141E-9 -2.762583769106585E-5
0.019795838688718658 0.4703114259817324 0.06404440608297313 0 2.605043687121018E-8 1.4259252863735097E-9 -2.7634405804033707E-5
-0.028427878816465992 0.4894039605592073 0.06510500934199118 0 3.151212722765321E-8 5.776352639337194E-9 -2.763430902443452E-5
0.09307018049889713 0.4870154223859189 0.06541754354915294 0 2.415200754417992E-8 -4.182350023360215E-10 -2.762101107888995E-5
0.15223360853370174 0.5114589799667827 0.06762073099832455 0 3.427818677144841E-8 -7.287328284098476E-10 -2.762526911660946E-5
-0.19168892528151515 0.5624523066487594 0.07149027116733256 0 3.060377931707613E-8 1.6672716589476928E-8 -2.764011898346366E-5
-0.12546868182070262 0.5661421054611622 0.07053660282173835 0 3.3528989270959515E-8 1.533235606740152E-8 -2.7637939104032697E-5
-0.25001651455608004 0.6877574831582879 0.0818288600417976 0 4.296432626324028E-8 1.0407717850387613E-8 -2.7626943997283008E-5
-0.19051431605916905 0.626194724144322 0.07575740850014469 0 3.775878943804899E-8 1.1964672854301391E-8 -2.7641567131371286E-5
-0.496968869184538 0.31115828345845903 0.07096354188096898 0 1.5181983672247276E-8 3.19180203443062E-8 -2.7639148956417866E-5
-0.5531916805568735 0.25483900449276115 0.07250231820116239 0 1.3329299263918057E-8 3.5982492792356794E-8 -2.7637754797094682E-5
-0.8285501209973593 0.21135039229984 0.09293041569195869 0 7.973744972095718E-9 5.586116297549947E-8 -2.761281572577818E-5
-0.8809225682293763 0.28211960771987943 0.09999999999999996 0 1.0945465551952638E-8 5.786286476856042E-8 -2.762458211269119E-5
-0.7578216461505274 0.23114048963723496 0.08705889216020636 0 1.4332991274423192E-8 4.986602415273548E-8 -2.761640000091328E-5
-0.5442886348821633 0.36830034160648034 0.07595460109733419 0 2.3253438132422802E-8 3.281269553619683E-8 -2.7637582130177575E-5
-0.6102329054490169 0.29533181001281994 0.07752504764743703 0 2.0102347001850567E-8 3.554890691107703E-8 -2.763317477966551E-5
-0.6672358697757713 0.2726523999513782 0.08092297245691278 0 1.8698585661178087E-8 3.883769646509283E-8 -2.76270497878817E-5
-0.7250638207162802 0.2644091498704253 0.08523826785223539 0 1.6508610299350057E-8 4.435672196103863E-8 -2.7621006718565535E-5
-0.6071515389330133 0.6092519905512257 0.0934219469334025 0 2.9458704640382476E-8 3.9255076009662906E-8 -2.7622361185118144E-5
-0.5735399527378838 0.553508622043815 0.08749015204644302 0 2.943902437552007E-8 3.311944776185655E-8 -2.762096493714547E-5
-0.6847646792234087 0.6218628292777222 0.09999999999999995 0 3.0593338334463847E-8 4.557903945453209E-8 -2.7631573864886675E-5
-0.5770660846669927 0.4836246905463882 0.08360849061752018 0 2.994226981640258E-8 3.435555756117788E-8 -2.762741797167002E-5
-0.5580584193120216 0.42548332869284067 0.07938775238593494 0 2.807254254230621E-8 3.3246420305735484E-8 -2.7632972729237927E-5
-0.28374056147924315 0.7514739211838952 0.0880520415280374 0 4.316109166553853E-8 1.8687641674624757E-8 -2.7613560812247015E-5
-0.3165497745723784 0.8071051679018629 0.09409208829712741 0 4.391330108626386E-8 2.6699145231296226E-8 -2.76228098192559E-5
-0.28739394850298333 0.8792210714939998 0.09999999999999995 0 5.175188368052573E-8 2.658263978271668E-8 -2.763192625089589E-5
0.29491717071644896 0.8166669280321706 0.09422261270086467 0 5.0729588029445876E-8 -8.573273189416718E-9 -2.76240646293412E-5
0.15199695343335898 0.5713443637747507 0.07128864354870555 0 3.507758535943232E-8 -2.20504123832457E-9 -2.7639621117331827E-5
0.2647361318881631 0.6988930987695543 0.08313425830297129 0 4.024181986889495E-8 -2.0160074938174384E-8 -2.76241292046604E-5
0.19363779692619498 0.6392946953673742 0.07676490405819379 0 3.6871396451026165E-8 -1.1654444175099689E-8 -2.7641094793869865E-5
0.23873623781901862 0.7680602578468166 0.08814793343306232 0 4.1945698729547334E-8 -1.0075426828855934E-8 -2.7619012857752807E-5
0.28735785633849587 0.8792328678266585 0.09999999999999996 0 5.272621673375846E-8 -7.473870418002942E-9 -2.7633262075003417E-5
0.045020558010702406 0.5239593119206281 0.06715619876796416 0 2.829077908602494E-8 3.9288647832765544E-9 -2.763660828243124E-5
-0.05203180167969757 0.5443357511275837 0.06842717285738563 0 3.462145531924081E-8 1.0022301907365609E-8 -2.7639037134803364E-5
0.00125333399408392 0.5186888782774369 0.06673044987207258 0 3.068423505926994E-8 5.619950369882212E-9 -2.7638568526879754E-5
0.09263905094403112 0.5551170207203664 0.06943102413110942 0 3.125008595251971E-8 2.6596151329634134E-9 -2.7637631100980482E-5
-0.22520922840433807 0.7458968973346561 0.08588793599516027 0 4.9021666801048905E-8 1.4145617207642357E-8 -2.7620773797249007E-5
-0.056365569894855645 0.6123374883168232 0.07290850863136553 0 3.708604270687157E-8 6.886231433758811E-9 -2.7645955380635034E-5
-0.11459365381122652 0.6489796043007032 0.07609123122821615 0 3.920301614624182E-8 7.991371770422124E-9 -2.764374383508981E-5
-0.17201424223952635 0.7059350940103869 0.08139872432652714 0 4.5095108169313623E-8 9.060878786075536E-9 -2.7634240487268845E-5
-0.5619648707592039 0.31624700130713346 0.07504348009682706 0 1.9797139036876846E-8 3.4050092996903575E-8 -2.7637930416190286E-5
-0.7888004165309431 0.29037609645717466 0.09153149855841576 0 1.3397477846297963E-8 4.973003319746328E-8 -2.762009745113044E-5
-0.8437609348289447 0.37906778281416026 0.09999999999999995 0 1.5117131788812367E-8 5.2190043831027284E-8 -2.762505605333661E-5
-0.6064827120561797 0.3683452405387546 0.08001332460787643 0 2.724759307043533E-8 3.494033217711185E-8 -2.762700476093558E-5
-0.6554904399290363 0.3258387756938692 0.08184700708932659 0 2.2916100772527053E-8 3.577069372754194E-8 -2.7622222234687427E-5
-0.7173789460644423 0.321865662586802 0.08652046298759287 0 1.7863455219649184E-8 4.0396185726236006E-8 -2.7617039576178885E-5
-0.6465139113454262 0.538316822314734 0.09160194260007758 0 2.882837332389516E-8 4.269172173869369E-8 -2.7625217724727252E-5
-0.7501326501074496 0.5412263004122692 0.09999999999999996 0 2.8067047824883453E-8 5.252985833607281E-8 -2.7628430472589578E-5
-0.8010558185062641 0.4625204886241073 0.09999999999999998 0 2.099754827775708E-8 5.298503191009763E-8 -2.762213712367828E-5
-0.6328963674406779 0.44705014677999644 0.08550954643040555 0 3.0278158352517383E-8 4.135229504388031E-8 -2.7619454471437142E-5
-0.2313025414788286 0.8233581280344338 0.09294490463014164 0 5.1050431602853425E-8 2.2219504572473468E-8 -2.7626457543443277E-5
-0.19616860770583666 0.9039546015730862 0.09999999999999994 0 5.416919956425757E-8 2.0761490922179583E-8 -2.763897179800683E-5
0.2216527773738334 0.8287572231622684 0.0932031971273528 0 4.7129936450451445E-8 -4.692171989596662E-9 -2.7629035489693076E-5
0.10414931811684251 0.6209165315731189 0.07394244219969823 0 3.6130645306315665E-8 -2.8094766706672853E-9 -2.7644941391153292E-5
0.1942511971230704 0.716812779625243 0.08273823779707914 0 3.845716927966191E-8 -1.2627620396505108E-8 -2.7630544661829393E-5
0.14442364609626682 0.6895139486023729 0.07960445430492032 0 3.915617861763957E-8 -9.421892133108341E-9 -2.7639357205625868E-5
0.1913914876174544 0.7797285375111098 0.08801717214843206 0 4.2588586633683253E-8 -7.284382177873748E-9 -2.762786289103673E-5
0.196130597538861 0.9039628493277602 0.09999999999999998 0 5.313911545693918E-8 -2.412753837237916E-9 -2.7639919072509532E-5
0.020086990102898373 0.582926818943489 0.07076019404513119 0 3.398121307038085E-8 3.947236935759738E-9 -2.7645590704872522E-5
-0.17894546311077822 0.7718277883825889 0.08706002927260566 0 4.9011800939638786E-8 1.3614119256947564E-8 -2.7628570718198595E-5
0.04599891718688658 0.6542488180254783 0.07585611859697282 0 3.883283541394723E-8 -2.7922646270209105E-9 -2.7644891234799812E-5
-0.007855133722757698 0.6491499078369714 0.07536310530979572 0 3.852663446187911E-8 3.8155058863088155E-10 -2.7645361239109332E-5
-0.13380906082414654 0.7600240739879767 0.08523325950883376 0 4.548859276086111E-8 8.968729970304435E-9 -2.7632383029732845E-5
-0.04850890629174576 0.6781878024575423 0.07767733236817918 0 3.978105409239146E-8 1.102330792171625E-9 -2.7641832152079488E-5
-0.09794458893422112 0.7138796015511557 0.08090449857215169 0 4.1784271111367114E-8 4.257629085106519E-9 -2.7637325352751406E-5
-0.7603438011582597 0.3738096376808479 0.09217483686370775 0 1.5669345479540074E-8 4.569887730697186E-8 -2.7614733314462126E-5
-0.6767294999436547 0.3833870641168077 0.0857669286165472 0 2.5457521863752906E-8 3.924372549193299E-8 -2.7608470776287285E-5
-0.7186415188607147 0.46354605628657686 0.09293928953994947 0 2.3969837369372635E-8 5.030232821403478E-8 -2.761548131081512E-5
-0.14285595486183847 0.8282574032154251 0.09152546819348935 0 4.841052789577822E-8 1.4413441649249013E-8 -2.7632623947509388E-5
-0.09363126894349026 0.9202489260084377 0.09999999999999998 0 5.12907453692061E-8 1.4303655197658964E-8 -2.763824990596902E-5
0.09361324045256657 0.9202507597854978 0.09999999999999996 0 5.792797094066691E-8 3.2403060978507415E-9 -2.7638746458458425E-5
0.14341620299378274 0.8294494640794721 0.09164675622284839 0 4.995590455394685E-8 -2.4820010351940773E-9 -2.7633399482322772E-5
0.08739963386816947 0.6969472503405287 0.07943927986118828 0 4.1790254903942153E-8 -6.794063750255247E-9 -2.763993706171304E-5
0.1332242410665833 0.7460807458646898 0.0840331591986956 0 4.361775377472022E-8 -7.612818365922958E-9 -2.7634039083847002E-5
0.011531729957052445 0.7092408490309093 0.07999382505294728 0 4.2536841435636606E-8 -4.936586484997386E-9 -2.7635345269634957E-5
-0.08028628936017151 0.7814679591465112 0.08645850584417021 0 4.261835045318476E-8 5.693828108890924E-9 -2.7628143285065504E-5
-0.04561230651596534 0.7294921334214546 0.08175631121749642 0 4.122728234888653E-8 -8.941645065128705E-10 -2.7632117547253888E-5
-2.6622719632600497E-6 0.924994933365257 0.09999999999999994 0 5.4901118133101924E-8 9.67656199944613E-9 -2.7634086587832004E-5
-0.057540995049113024 0.8423979795604504 0.0918960227632853 0 4.575399962651313E-8 1.0357599645692435E-8 -2.7626059923832663E-5
0.04284010489062188 0.8515402282381707 0.09269147861274166 0 5.410675071714362E-8 5.338881422488916E-9 -2.7625545946636224E-5
0.06678793864290467 0.7745216917616873 0.0857326633705871 0 4.999931130255211E-8 -4.12547586386426E-9 -2.7627075112950593E-5
-0.010066347156763605 0.7750831353836388 0.08553470969702802 0 4.4800161488412815E-8 -1.4734934459772649E-9 -2.761894555774492E-5
