% Model:
% Version:
% Dimension:          3
% Nodes:              691
% Expressions:        4
% Description:        Surface
% X                       Y                        Z                        Color                    DeformX                  DeformY                  DeformZ
0.7501545366059812 -0.5411959634402135 0.09999999999999992 0 -2.9341389075211936E-8 -4.934584798322547E-8 -2.760236889176186E-5
0.8010709981238165 -0.4624941975024229 0.09999999999999998 0 -2.2311585463791148E-8 -4.9830454136285546E-8 -2.759779185579609E-5
0.09365704332523052 -0.9202463037324213 0.1 0 -5.2637754906564804E-8 -1.1366420734090622E-8 -2.7609916729799903E-5
0.1962292603758942 -0.9039414372048337 0.09999999999999995 0 -5.544745533781148E-8 -1.774151812545824E-8 -2.7609493955716908E-5
0.2874231814397345 -0.8792115158194402 0.09999999999999994 0 -5.293478091694953E-8 -2.3544035670395324E-8 -2.7601822599305115E-5
0.6177594039507672 -0.6884753389104772 0.09999999999999995 0 -3.588311292054427E-8 -3.9549676508615216E-8 -2.7597995733061858E-5
0.6847899965302143 -0.621834949891059 0.09999999999999994 0 -3.182538542879754E-8 -4.236895774085012E-8 -2.7603909871212045E-5
0.6644823007055147 -0.538951594396605 0.09297818153954257 0 -2.985329684841638E-8 -4.189285700405302E-8 -2.76008942435208E-5
2.0711142119768948E-5 -0.9249949331376585 0.09999999999999999 0 -5.623159770103593E-8 -6.648467163887802E-9 -2.7606861462956996E-5
0.04393583996701241 -0.8511210240129379 0.09265635168129693 0 -4.8237921980842E-8 -7.767726403577026E-9 -2.759981080755414E-5
0.7176713367395712 -0.4652126067437795 0.09294805270739674 0 -2.5373641263865508E-8 -4.730799894497435E-8 -2.7592628917218393E-5
0.8437752388147 -0.3790359438971111 0.09999999999999999 0 -1.6373114329189846E-8 -4.902346585198041E-8 -2.7602922689676516E-5
0.7635253857731481 -0.3782532475337201 0.0926398396720293 0 -1.6871722864534985E-8 -4.3336564537235325E-8 -2.7593704122796725E-5
0.5547456546446984 -0.6639301342123076 0.09391738389868395 0 -3.6067389328249285E-8 -3.7306284370744694E-8 -2.7590929781348896E-5
0.5485314847714319 -0.7448023146284535 0.09999999999999996 0 -4.341462458524368E-8 -3.8648098345378685E-8 -2.7600108330233534E-5
0.12762107521700677 -0.8265826692803626 0.09113421310198931 0 -4.851373491904535E-8 -1.0378990024408116E-8 -2.7606114678342614E-5
0.22639239794839497 -0.823169454837357 0.09279966487488275 0 -5.228605012274642E-8 -1.8983600735397487E-8 -2.7599274006367703E-5
0.3707854054882235 -0.84742873429503 0.09999999999999998 0 -4.630769421441984E-8 -2.632310623603843E-8 -2.760201595448561E-5
0.297447604941039 -0.8106467532563327 0.09375141746476388 0 -4.6783412635623114E-8 -2.326410206421793E-8 -2.759363363752397E-5
0.6050561438570463 -0.6036830020468074 0.09289418017943475 0 -3.037770485801693E-8 -3.598942690588291E-8 -2.7595949105622154E-5
0.5365057739834548 -0.6074638984061794 0.08871198704411523 0 -3.399733521937011E-8 -3.038426711483805E-8 -2.758596562206268E-5
0.640351776746304 -0.4627856253417016 0.08686037768572825 0 -3.086021901609402E-8 -3.9999788662847075E-8 -2.7597519873471095E-5
0.6027366073062329 -0.5213223560235656 0.08747588350371878 0 -3.048903330618238E-8 -3.4394544240652236E-8 -2.7600990004779693E-5
0.11581756539084577 -0.7588114009433137 0.08487399945221091 0 -4.517705031635331E-8 -4.854441804544027E-9 -2.760867893301693E-5
-0.09361073890939044 -0.9202510142029422 0.09999999999999994 0 -5.93106201639982E-8 -3.304400522744248E-10 -2.7613387854381703E-5
-0.19619007773418676 -0.9039499420937565 0.09999999999999996 0 -5.45223710443532E-8 5.318686345860728E-9 -2.761686184294321E-5
-0.2873887771284415 -0.8792227618026944 0.09999999999999995 0 -5.4048536241522783E-8 1.0241388043283352E-8 -2.761264367391946E-5
0.06358506183867196 -0.7827017733005069 0.08643167294964106 0 -4.330483364469385E-8 -1.6627350644049625E-9 -2.7601781917030055E-5
-0.04837786591123471 -0.8513117859798404 0.09269807273978152 0 -5.54169618912734E-8 -2.1739647412753146E-9 -2.7602119111322667E-5
-0.004822548609299431 -0.7855262944057821 0.08645491759740055 0 -4.839700163707623E-8 3.3036084542419516E-9 -2.759455810950085E-5
0.8809325145611795 -0.2820885484172241 0.09999999999999999 0 -1.2240151163011526E-8 -5.471476100674646E-8 -2.760491930078616E-5
0.677795607943666 -0.39290477214771735 0.0862680402418979 0 -2.6892148830034923E-8 -3.7782657938594835E-8 -2.7587015219705818E-5
0.6103906305879976 -0.40135765312469535 0.08172372928462611 0 -3.066373600842104E-8 -3.413059991422602E-8 -2.7603939966200446E-5
0.8014927716328404 -0.2914410587712435 0.09271262928645595 0 -1.4136893074747473E-8 -4.8015641818218606E-8 -2.7601750386644337E-5
0.7173493567573874 -0.31695962258024274 0.08634023460744475 0 -1.896890445179338E-8 -3.779849402619993E-8 -2.7599123725888114E-5
0.8230806401765318 -0.20733638606092913 0.09232209730203018 0 -9.211230442768056E-9 -5.265709486029277E-8 -2.7594953838533027E-5
0.5055257679581893 -0.637124600070996 0.08897493457515948 0 -3.970074446456243E-8 -3.2367789976966516E-8 -2.7586460105569994E-5
0.4897167015298755 -0.6990669986722716 0.09278011319940965 0 -4.263288081250342E-8 -3.4493563637232754E-8 -2.759651783968241E-5
0.46249999999999986 -0.8010734985006049 0.09999999999999984 0 -4.5591490564945074E-8 -3.191015263292819E-8 -2.7605915738492753E-5
0.18083964416846285 -0.7595104378227608 0.08602850609777069 0 -4.978343254298835E-8 -1.0183697106082854E-8 -2.7603723495028952E-5
0.2521627428797361 -0.7694593063835823 0.08864404636431371 0 -4.921609710294617E-8 -1.6688757274818003E-8 -2.758990792996298E-5
0.36329863298781023 -0.7692008953950572 0.09250410835033814 0 -4.1335106209103013E-8 -2.3603109858272063E-8 -2.7598188381982196E-5
0.29721686832567656 -0.7486484838731736 0.08825580478820183 0 -4.254029891413725E-8 -1.663637954885013E-8 -2.758883024061812E-5
0.566498136584519 -0.34007595181336675 0.07621962270586992 0 -2.3417658509891932E-8 -3.1377288470084356E-8 -2.761903836046858E-5
0.5490740032503059 -0.5442731464552364 0.08535659345024513 0 -3.1693951175054314E-8 -2.7194409644121023E-8 -2.759774332035159E-5
0.4877536710430043 -0.5826751104622181 0.08420495651136725 0 -3.922403323581078E-8 -2.3791713250471252E-8 -2.759253058903868E-5
0.5629289159938321 -0.47314451663551055 0.08212579004392509 0 -3.0760176796197936E-8 -3.0441929798605006E-8 -2.7608030353420187E-5
0.5395049675561714 -0.4037977139333864 0.07721405836956645 0 -2.6771743420312082E-8 -2.991262089023023E-8 -2.7617553743689523E-5
0.08068135396090602 -0.714167303296879 0.080752947531276 0 -4.2258443341285125E-8 -2.480554354760405E-10 -2.7614997334376113E-5
0.1307586883786586 -0.7179080095003467 0.08165710231721483 0 -4.462754515825654E-8 -4.513361299156112E-9 -2.7613573555407224E-5
-0.3707535969478622 -0.8474426517245004 0.09999999999999994 0 -5.705908730902791E-8 1.7248604327434437E-8 -2.7615927133606574E-5
-0.14308797449955207 -0.83181181721957 0.0918642159103333 0 -5.145536555210101E-8 4.947834507285543E-9 -2.761177342960811E-5
-0.22448109351079631 -0.8295744817427092 0.09335179876408067 0 -4.847827165842672E-8 7.400591248118322E-9 -2.7608717439812376E-5
-0.2937621218403122 -0.816155750548228 0.09413660224150187 0 -5.19460470441313E-8 1.1153937101868388E-8 -2.7605310758165627E-5
0.02032803985547743 -0.7231235035279147 0.08113718206932351 0 -4.298404359945753E-8 5.5182403154794525E-9 -2.7611019686635193E-5
0.049373389215154835 -0.676251463493053 0.07753347573866787 0 -4.074800287895944E-8 9.740686058219355E-10 -2.762187707466051E-5
-0.07537530152887752 -0.7754914719888756 0.0858872030654022 0 -5.104426406765831E-8 6.688090416983868E-9 -2.7607046293113496E-5
-0.03309170223836219 -0.7328034628470876 0.08197501691133365 0 -4.645098034046482E-8 8.522936285340387E-9 -2.761012865650712E-5
0.9051251563026282 -0.1907181838739738 0.09999999999999992 0 -5.893013418496097E-9 -5.540307640196704E-8 -2.7599628575032368E-5
0.6346730356926771 -0.3174870091624341 0.08001946855914073 0 -2.3658107895459515E-8 -3.282794824218287E-8 -2.7609594494216123E-5
0.7578046117703346 -0.24801668508133742 0.08751626752734717 0 -1.561050554959168E-8 -4.614825842349864E-8 -2.7600973740776918E-5
0.6897625743522149 -0.264441860913035 0.0824063475266023 0 -1.8916085074976702E-8 -3.838477043905407E-8 -2.760797063566566E-5
0.7597010793028803 -0.19500257071099417 0.08634694259141452 0 -1.491549511571962E-8 -4.800321575059033E-8 -2.759545240654071E-5
0.7883546035916825 -0.1648885681025431 0.08824892692988197 0 -1.0439694479742217E-8 -4.881281823052059E-8 -2.7587924498079953E-5
0.8374232558848942 -0.12934172138602965 0.09218338983550128 0 -2.5052754632809415E-9 -4.759598454491991E-8 -2.7590492583976438E-5
0.7880045515761319 -0.1291017367769672 0.0876205822064691 0 -8.821065902112285E-9 -4.407073723527348E-8 -2.7587053993501827E-5
0.45389464101054455 -0.6418290507487612 0.08650541722977734 0 -4.346502679725476E-8 -2.783864118256265E-8 -2.759581344394557E-5
0.4122622788181451 -0.7140592129571535 0.09001680581831237 0 -4.20973318550249E-8 -2.589828538226231E-8 -2.760171102463248E-5
0.1697005588141962 -0.6915759378642319 0.08021607449160523 0 -4.485008609115626E-8 -6.4619029039373176E-9 -2.7613719674932866E-5
0.24692814396934865 -0.6974874410583478 0.08250617855893733 0 -4.5055383420420186E-8 -7.978399286945343E-9 -2.7600913332025044E-5
0.3299132550602819 -0.6955796266909601 0.08507057911176502 0 -3.962288758783044E-8 -1.4843205438429857E-8 -2.760055991178204E-5
0.5796784116794852 -0.2776116098201063 0.07488927562467991 0 -1.8017247988583106E-8 -3.33181581494392E-8 -2.762167029510238E-5
0.5306797663003683 -0.29923675531161764 0.07251363051783592 0 -1.726415759424008E-8 -3.145184641670498E-8 -2.762403914773777E-5
0.5018045759598764 -0.34636458619402455 0.07254833341115845 0 -1.9203460280238092E-8 -2.9290941756535208E-8 -2.7623150878451354E-5
0.43691576165411183 -0.5863880363863174 0.08178506492225697 0 -4.127387221992307E-8 -2.2317260281827655E-8 -2.760381678357196E-5
0.5025098789806555 -0.5159632075862093 0.08087711077114174 0 -3.311439531260671E-8 -2.3983581314549884E-8 -2.7606470546048973E-5
0.4531934148271225 -0.5420428192507506 0.07976926362259741 0 -3.694464626754943E-8 -2.18384876914185E-8 -2.760808782789655E-5
0.5051728219418842 -0.4543425560441293 0.07763963571270259 0 -2.8591728638226582E-8 -2.6976404955591028E-8 -2.7616235821202983E-5
0.4743994852003083 -0.40954268251415876 0.073738234339428 0 -2.297453436659251E-8 -2.7806704888845667E-8 -2.762067734902064E-5
0.115198487208555 -0.6531897985847656 0.07640980333620502 0 -4.050722377013423E-8 -5.4394407145732E-9 -2.7623009524909622E-5
-0.4625000000000001 -0.8010734985006056 0.09999999999999992 0 -5.230459690729544E-8 2.233179901849239E-8 -2.7623268828291174E-5
-0.3837134371029664 -0.7748603000238192 0.09386619334345218 0 -5.246159082900298E-8 1.965050916856556E-8 -2.7614832188984875E-5
-0.3293828651109605 -0.7771045511687245 0.09186418681824765 0 -5.2758241544810807E-8 1.6500180518357016E-8 -2.760575984123978E-5
-0.4839056580716607 -0.700569999447879 0.09257832058039935 0 -4.290537912306488E-8 2.2848744941700962E-8 -2.7614975259631608E-5
0.04767908888924959 -0.6125339534466794 0.07287094188782159 0 -3.8008315029614525E-8 -4.1073599655206675E-9 -2.7628034379222095E-5
-0.19485303194491674 -0.7756068237085788 0.08772926134592987 0 -4.3379772849489934E-8 1.016606396024112E-8 -2.7608164016089526E-5
-0.1380657870545559 -0.7497079460326577 0.08441541385599156 0 -4.4698040302733923E-8 9.965335179423088E-9 -2.7614283222589245E-5
-0.24450643515018045 -0.7666415232960108 0.08818261063739213 0 -4.339477289406175E-8 1.2959146373585927E-8 -2.759997756934477E-5
-0.29287844997281653 -0.7560683801841976 0.08874412837590734 0 -4.87621338154179E-8 1.7105300640608093E-8 -2.7599028045243256E-5
-0.018713178495829663 -0.6598847879456907 0.07617577755495693 0 -4.026310673474088E-8 4.151868333637961E-9 -2.762571816718816E-5
-0.08839747535315964 -0.7039498716595032 0.08000538942626953 0 -4.346226412256953E-8 9.309769374030717E-9 -2.7620172487179287E-5
0.8548200389796248 -0.0652462727687064 0.09314675085287963 0 4.415895324273894E-10 -4.6280449299125764E-8 -2.7599837880412358E-5
0.9192877606928158 -0.10260258091221079 0.10000000000000002 0 -1.5164350968169925E-10 -5.1079744448291224E-8 -2.7602012784752983E-5
0.6384778628041976 -0.2349189996283244 0.07770845629712514 0 -1.68429813809419E-8 -3.65428693840056E-8 -2.761718051253657E-5
0.7040732060431756 -0.2032143579310842 0.08191372549943252 0 -1.7228084967077753E-8 -4.217159859936597E-8 -2.760680632393078E-5
0.5898871014295897 -0.20776639827421509 0.07364495662277284 0 -1.1612163262400349E-8 -3.5701727412688984E-8 -2.762131198356192E-5
0.7325342916850157 -0.13408386908087772 0.08291013088256632 0 -1.5297870331191948E-8 -4.1482704951810605E-8 -2.7598158872841673E-5
0.8252770499196602 1.9257059754862352E-16 0.09008727174442388 0 1.6595894548401598E-9 -4.7525633787088006E-8 -2.7603896523240357E-5
0.7859407931602105 -0.07401767626946823 0.08680140328934058 0 -5.808940640941407E-9 -4.042507361597216E-8 -2.7596722562819817E-5
-0.499151538632016 -0.6334110077816723 0.08834372866104906 0 -3.7180524857015794E-8 2.7248452891071195E-8 -2.7604977531277667E-5
-0.539934650094959 -0.6040123388311489 0.08868415026698911 0 -4.078775827165668E-8 3.3231525693633123E-8 -2.7606068800148575E-5
-0.55199683338532 -0.6639303440969675 0.09374464706266032 0 -4.51627529671441E-8 2.762402573067577E-8 -2.761104168270943E-5
-0.5485674035956859 -0.7447758606713794 0.09999999999999995 0 -4.777307079341057E-8 2.5768578679171503E-8 -2.762041032321137E-5
0.36763254236248405 -0.6367582418875392 0.08211785344170683 0 -4.021544105355926E-8 -1.841007104386245E-8 -2.760966496049458E-5
0.18957159845420457 -0.6243064952889011 0.07560329744867302 0 -3.853730497551985E-8 -9.817570230638433E-9 -2.762094892544958E-5
0.28831363121595577 -0.628175946475062 0.0785524110683112 0 -3.820873578811825E-8 -1.1916434220440402E-8 -2.7615655918524867E-5
0.526450453306162 -0.23768251001620336 0.07038843476625324 0 -1.1595758922825478E-8 -3.4016981219314065E-8 -2.7621782054708697E-5
0.47890979704271586 -0.2863984098188226 0.06912760288748078 0 -1.3738292739405542E-8 -2.946479556430891E-8 -2.7622457895236773E-5
0.4494990254251993 -0.3483577682477059 0.06980849106780328 0 -1.5480627011097377E-8 -2.7210895514804782E-8 -2.7618787797942606E-5
0.38634553368626057 -0.5411366135074791 0.07653244947706521 0 -3.548990023697315E-8 -2.1054094188340358E-8 -2.761890866609991E-5
0.43810869406594616 -0.47330739854493387 0.07505155127124848 0 -2.8954382781140946E-8 -2.50368941890958E-8 -2.761884534959869E-5
0.4170420346765119 -0.4108303752912244 0.07090170067103962 0 -2.078916085398922E-8 -2.7847780639722393E-8 -2.7616977022721276E-5
0.1909808398518187 -0.5616900805542806 0.07142639087555928 0 -3.148380346535038E-8 -1.4628714528837993E-8 -2.762116130844741E-5
0.12475562378528363 -0.5650913910725969 0.07045918166236254 0 -3.4528994091636215E-8 -1.3047661742151397E-8 -2.76198507515513E-5
0.05189365664575958 -0.5409828050063739 0.06822031633188272 0 -3.541251464333457E-8 -8.115937037537294E-9 -2.7622425681875594E-5
-0.41249148408265685 -0.71445620812065 0.0900597252140442 0 -4.5187426168707565E-8 2.2467914888339907E-8 -2.7617023553660355E-5
-0.34485879204612635 -0.7195732958375974 0.08756922173357189 0 -4.8132129339201856E-8 2.2358779730793005E-8 -2.7610996068011365E-5
-0.4354763147019103 -0.6351536187841577 0.08509247440255904 0 -3.4453038765235786E-8 2.5804335844147577E-8 -2.7615758316854164E-5
-0.02127679909875187 -0.5862434400348023 0.07098260267248742 0 -3.513862097932178E-8 -1.6024499402460001E-9 -2.7629522215960588E-5
-0.20123366572154053 -0.7196538123444207 0.08312630758513646 0 -3.941473688788166E-8 1.5470193500995743E-8 -2.7611735772903606E-5
-0.1453861443112404 -0.6947291331504667 0.08002955113164492 0 -4.0461379608509845E-8 1.1676799810114113E-8 -2.7621161006629323E-5
-0.26439613737119816 -0.6970297197339501 0.08297653094743883 0 -4.129738023938504E-8 2.2459449453399896E-8 -2.7609007390157848E-5
-0.314732642366773 -0.6679534491621226 0.08237892997106575 0 -4.188097142645689E-8 2.42077546329817E-8 -2.7617699081002058E-5
-0.10379006268918363 -0.6311723493295898 0.07466578004946206 0 -3.779938360942336E-8 5.7859130065348725E-9 -2.7628771679141313E-5
0.7822439697509947 0.07342341173252223 0.08646750245519458 0 2.5833514198204364E-9 -4.975020022735596E-8 -2.759928965690591E-5
0.9249999999999998 2.358937726024754E-16 0.09999999999999994 0 5.1576715354010365E-9 -5.323679501302505E-8 -2.760838666558319E-5
0.851370675269602 0.07427003550197267 0.09288407134507307 0 8.868235572358136E-9 -5.212152323080877E-8 -2.760049218186614E-5
0.8038717607621603 0.12213857484508564 0.0889547066003148 0 8.508568404659361E-9 -4.824102448160362E-8 -2.7591067311174986E-5
0.5408130551366507 -0.18150058753720788 0.06992281214701015 0 -5.923942444972928E-9 -3.514129077483028E-8 -2.761633655188592E-5
0.7247257834183621 0.0852066297502373 0.08165698245211614 0 -1.133064394307927E-9 -4.50145860617811E-8 -2.7607829343130637E-5
0.6510493529215736 -0.15514133280147802 0.07686356365481603 0 -1.259132784948487E-8 -3.764575705298184E-8 -2.761696917186648E-5
0.5770279320473081 -0.15184347618041535 0.07165568912865208 0 -5.1831196632787015E-9 -3.450065221694723E-8 -2.761900621867341E-5
0.6918887433807659 -0.06772116765551027 0.07886795692620667 0 -8.882339926656061E-9 -3.7661056475823114E-8 -2.7614755250296934E-5
0.7364981201835382 1.7871933341171726E-16 0.08222076644985389 0 -3.96415208624231E-9 -4.2444679226113355E-8 -2.761132310434565E-5
-0.48001255710073826 -0.5637645778356982 0.08255043176744216 0 -3.0890843161618977E-8 3.404439382817837E-8 -2.7615516319367834E-5
-0.5678213237459834 -0.537667606136383 0.08613904983735729 0 -3.547041681384864E-8 3.7080386243257105E-8 -2.7619671586245926E-5
-0.600893054701109 -0.6092572756078649 0.09299302035398636 0 -4.4431872286646E-8 3.4693019635237826E-8 -2.7617085345817554E-5
-0.6178002971320171 -0.688438643052917 0.09999999999999995 0 -4.8656311106488756E-8 3.300116040470993E-8 -2.762071373492736E-5
0.31808183532075807 -0.5509338997403093 0.07441383187593008 0 -3.362873974553761E-8 -1.813277519050143E-8 -2.7624143444205453E-5
0.2593907519340379 -0.5686281064407216 0.07361593901057979 0 -3.303204057203765E-8 -1.4913614764837062E-8 -2.7624120280943888E-5
0.4250914842628162 -0.2904030737883922 0.06650384046370365 0 -1.2505909458718736E-8 -2.4193113383751106E-8 -2.7616318095549553E-5
0.4860024477406568 -0.1810614961514008 0.06672716200822644 0 -7.948383165986766E-9 -3.445019137051163E-8 -2.7608547311674738E-5
0.4546475825643904 -0.2329362873436874 0.0662732760967022 0 -1.209097096305265E-8 -3.003695482446485E-8 -2.761766726494025E-5
0.39693548996928896 -0.3460112170117685 0.06719703593166886 0 -1.368379974838117E-8 -2.4190788929899143E-8 -2.7606966558957884E-5
0.3565677611611388 -0.4614203059811383 0.07075125137743832 0 -2.7383867056636226E-8 -2.5208883428114632E-8 -2.7620822123224214E-5
0.36327728761747163 -0.38800374757803646 0.06749345504717459 0 -2.037121793327906E-8 -2.7839335667038548E-8 -2.760572727880495E-5
0.3750627258693446 -0.2936858939923492 0.0643465481455432 0 -1.4686348681706808E-8 -1.7654564123087673E-8 -2.760907736950555E-5
0.14556246178613044 -0.5017461145955597 0.06695111305462358 0 -2.730218515300936E-8 -1.4239769725165506E-8 -2.7604880507214885E-5
0.1773504711629968 -0.5251479744589087 0.06889288845838194 0 -2.7349614911444025E-8 -1.5818284125877078E-8 -2.7615038808038826E-5
0.2111878992556696 -0.5199281931560845 0.06932845783235407 0 -2.6746177079212285E-8 -1.6007919081232145E-8 -2.761961816281992E-5
0.10436058799907272 -0.5010308479370807 0.0663275801738497 0 -3.340762082250068E-8 -1.1869274268419834E-8 -2.7605768832979785E-5
0.06673635655852131 -0.4767204709635782 0.06461779605353521 0 -3.427534427760574E-8 -5.30722721314336E-9 -2.761227852219767E-5
-0.006975621790116399 -0.5183972256879046 0.06671599267023115 0 -3.108621889988481E-8 -3.3718272994365637E-9 -2.762398881488266E-5
0.021803385387518696 -0.4822544950869184 0.06469299319690378 0 -3.137462249629353E-8 -2.993927063905724E-9 -2.762071703709687E-5
-0.05196883438319561 -0.5240326103663052 0.06719869985797552 0 -2.893915355715174E-8 -1.8506164056969232E-9 -2.7621808359504736E-5
-0.3679909311443217 -0.6373789894665455 0.08217765681431859 0 -3.7604997681232965E-8 2.4778124297931777E-8 -2.7623018097634766E-5
-0.40158939943089916 -0.5697012631254147 0.07901179842938963 0 -3.100036743225118E-8 2.6442564334924134E-8 -2.7627874808646965E-5
-0.09590125636856872 -0.5619999312235502 0.06990127823248253 0 -3.2872583960282565E-8 -4.4071459736513397E-10 -2.7624371960012424E-5
-0.19926692702634366 -0.6350324834465847 0.07658242747619838 0 -3.779628506475643E-8 1.418107336184043E-8 -2.762656618495776E-5
-0.2841593977557326 -0.6153602706014176 0.07751426427315905 0 -3.7794453678103624E-8 2.0809063783161642E-8 -2.7628500361121975E-5
-0.15663037176370528 -0.5733099421965812 0.07149707499548641 0 -3.6327786650474046E-8 4.803766696492382E-9 -2.762643457758333E-5
0.6892086201904363 0.11760753932384704 0.079182235454291 0 8.996447995222826E-10 -4.0948690716718396E-8 -2.761418809612291E-5
0.7461230180043805 0.1326560288062978 0.08402816782270867 0 1.2950240949413987E-9 -4.3844296815111836E-8 -2.7598014398953264E-5
0.6908574756839181 0.1584953945063365 0.07995126254637963 0 3.1599139710562453E-9 -3.9299940607869524E-8 -2.761337329932699E-5
0.9192877608705788 0.10260257931928718 0.09999999999999994 0 1.2021312327907197E-8 -5.478981293193458E-8 -2.7604900977912406E-5
0.8510855832446352 0.14814580550682163 0.09378949781498243 0 1.454709169223149E-8 -4.781828572265244E-8 -2.759645026875575E-5
0.7902639371481001 0.17887268414595758 0.08869278761371624 0 1.0284620144350386E-8 -4.0859803983690077E-8 -2.759476951024681E-5
0.5270134709035552 -0.12362075461980128 0.0680883893303861 0 -2.172113915557812E-10 -3.02531249333403E-8 -2.760895736282324E-5
0.660910431014522 0.06111123862815046 0.0764443497197492 0 5.866762710525623E-10 -3.950484113753343E-8 -2.762213744471133E-5
0.5965173615012839 -0.07939251741876008 0.07200225824383245 0 -2.43298054612908E-9 -3.297172358733518E-8 -2.7622913463975217E-5
0.6371682462297272 1.7636191275501287E-16 0.07448630903843244 0 -9.573329103659654E-10 -3.666660385024887E-8 -2.7625598477293904E-5
-0.5998767009898777 -0.47889137063455584 0.08487289614566726 0 -2.8182976425855986E-8 3.573532556014011E-8 -2.762466218924274E-5
-0.4462665144718288 -0.4769553831048419 0.07565680574632232 0 -2.9092141330884234E-8 2.768681445748595E-8 -2.7634043204628463E-5
-0.514031025104845 -0.49215788183100256 0.08018045280724438 0 -2.93997214110125E-8 3.4683147935068044E-8 -2.7628397372598304E-5
-0.5551101229584549 -0.4700701488343014 0.08146563252731463 0 -2.749799325818466E-8 3.5387335033132946E-8 -2.7628913325917466E-5
-0.6562422498346266 -0.5241856689594518 0.09146905933596002 0 -3.501113625627024E-8 3.5741390738595784E-8 -2.76238330642208E-5
-0.6848306133117381 -0.6217902179859557 0.09999999999999995 0 -4.48771192479847E-8 3.7975554315372864E-8 -2.7628895047406044E-5
0.27241004361507065 -0.4718280360333558 0.06830375115676078 0 -2.6580718665863053E-8 -1.9439948673709794E-8 -2.7622648225533273E-5
0.4535801009187721 -0.11979187747949692 0.06395953291420167 0 -1.0808466905588736E-8 -2.476091999237921E-8 -2.7599397289165875E-5
0.39072217276086296 -0.23584567652234287 0.06329187670784985 0 -1.4226234112883715E-8 -2.1779677229713535E-8 -2.7618103064750093E-5
0.41238404925178007 -0.18021837395374024 0.06296662723972753 0 -1.4481614215788975E-8 -2.6473927333810784E-8 -2.7614809972922077E-5
0.33633282409977633 -0.33989669688880314 0.06444423660906805 0 -2.2445225243732032E-8 -1.8911371959800725E-8 -2.759750005403626E-5
0.30008338071089913 -0.40108479031261085 0.06570468861303413 0 -2.6609793342057423E-8 -2.2796270302462936E-8 -2.7612547240717848E-5
0.32685099627426545 -0.2905697969488598 0.06232853198902638 0 -2.0290622658060444E-8 -1.3362447058162134E-8 -2.7610692508156686E-5
0.34557599933864525 -0.25420475687873284 0.06192004258218349 0 -1.6503505524687668E-8 -1.580944020233396E-8 -2.7617703338866515E-5
0.13994680898558723 -0.4672126633962515 0.06496624972127402 0 -2.5667923141888356E-8 -7.820746942284849E-9 -2.760033880483185E-5
0.19075484218748176 -0.4725311643222945 0.06620021711897697 0 -2.2283277540649223E-8 -1.2603445959523416E-8 -2.761223501068577E-5
0.04901016908663563 -0.43723836174505165 0.062459634223422635 0 -3.027631983442878E-8 -5.37503956029633E-10 -2.7619141441697968E-5
0.10408488366078726 -0.44405468685268895 0.0632766673513578 0 -3.020668440976155E-8 -1.6917238022313197E-9 -2.7606061951598236E-5
-0.03083759909542402 -0.4757419881377713 0.06436680609968096 0 -2.6350252890774856E-8 6.157206482023127E-10 -2.762069736433678E-5
-0.0058033119248053185 -0.4414101175550563 0.06253303354413749 0 -2.6598534300456578E-8 1.5812026845305141E-9 -2.7623503096733384E-5
-0.39030681785658333 -0.4466269881485597 0.07141764844659583 0 -2.961842743988072E-8 1.907946548447927E-8 -2.763282373207553E-5
-0.09527352708204243 -0.48999184724793493 0.06560563290386152 0 -2.581550093417784E-8 1.7480345457556554E-9 -2.7608649252516672E-5
-0.31827009850817745 -0.5512599811461146 0.07444098367382036 0 -3.388022033067711E-8 1.9191691338212316E-8 -2.763579104041904E-5
-0.36296726797354567 -0.5093150093458659 0.07364571283377143 0 -3.074962445414804E-8 2.0377098256170202E-8 -2.7636021420129828E-5
-0.1538656248196219 -0.515523498759926 0.0678853449092873 0 -3.5490662957776564E-8 2.574385704437279E-9 -2.7614805129746558E-5
-0.23145619169988374 -0.5426436945370011 0.07120349698950754 0 -3.662772052101862E-8 1.1467971862411292E-8 -2.7631550299069988E-5
0.02839276411724586 -0.3973392921812578 0.06048540173023527 0 -2.5609386185508145E-8 1.065318901294386E-9 -2.7627372507569477E-5
0.6359863797306674 0.13411282944887548 0.07542020319546493 0 6.245785957440471E-9 -3.6778376742114815E-8 -2.7622837226892707E-5
0.7226994437477957 0.1997352924878217 0.08334138075756291 0 6.573156879533648E-9 -3.900389163847473E-8 -2.760834856269669E-5
0.6524176664552398 0.20477109599706128 0.07797707686621592 0 8.555627102401518E-9 -3.706650926767614E-8 -2.762152838979792E-5
0.9051251569294585 0.19071818089926676 0.09999999999999994 0 1.6610576240925247E-8 -4.865797933657616E-8 -2.7605066521174786E-5
0.8318102133114379 0.22322523392999097 0.09353078509252784 0 1.669548299992293E-8 -4.2732085288334514E-8 -2.7603873156590674E-5
0.7561533810021175 0.2511688924028691 0.08746370240455802 0 1.3996217370278158E-8 -4.117038760736112E-8 -2.7608281674584174E-5
0.5078212312272354 -0.05773868566153316 0.06628756501631425 0 2.382388482581498E-10 -2.521521718078517E-8 -2.761495203710533E-5
0.580043566339009 0.07440259297015442 0.07086095755136954 0 7.912490677585812E-9 -3.497597760202254E-8 -2.7624212336690113E-5
0.5449077695259106 1.435041058529122E-16 0.06830916124377966 0 3.650909586002781E-9 -3.1281189942789994E-8 -2.76238259908032E-5
-0.6449966839705535 -0.4445280981035864 0.08625924084344859 0 -2.433904573371859E-8 3.567201117074914E-8 -2.761822618370737E-5
-0.5773213056470615 -0.42632356756478973 0.08066830857907491 0 -2.2787815176886528E-8 3.5566508384006164E-8 -2.763005927606638E-5
-0.42560872193429483 -0.3924588186076942 0.07047472570296821 0 -2.9882966645082034E-8 2.2365524775798493E-8 -2.7631389176542176E-5
-0.5105636494997626 -0.4275668331221898 0.07661161867134533 0 -2.626586820541006E-8 3.185687461791923E-8 -2.7636423749405087E-5
-0.6821995337018094 -0.3893517946424338 0.08645016345112792 0 -2.275443658561063E-8 4.24462763235386E-8 -2.761074994273376E-5
-0.7143597851634019 -0.46065181317541976 0.09243904770387963 0 -3.224150261682341E-8 3.6816290680118855E-8 -2.761713480924057E-5
-0.7501479603301018 -0.5412050791178046 0.09999999999999998 0 -3.7925290390529547E-8 3.867934427849192E-8 -2.762934161165828E-5
0.23193963455587194 -0.401731231339728 0.06368217918749611 0 -2.4373719889017138E-8 -1.3477575139599689E-8 -2.7619807904069105E-5
0.4253355502182103 -0.060426816635170834 0.06194940187312641 0 -7.664310345666583E-9 -2.0600351778622333E-8 -2.761799304873382E-5
0.3783639298171796 -0.12391451309547895 0.06047575124681011 0 -1.2788303070737401E-8 -2.0921638678839505E-8 -2.762188925247945E-5
0.3404696044317066 -0.192505611563268 0.06016257670047243 0 -1.3851379182034049E-8 -1.8651383771917697E-8 -2.7625967322544562E-5
0.2704412885460664 -0.32134890739138106 0.06148782850104334 0 -2.5134968341253136E-8 -1.3216007443519327E-8 -2.7617590405412175E-5
0.28780126788651955 -0.24610682281377952 0.05962067759661022 0 -1.749358395288853E-8 -1.3992516969319595E-8 -2.762597766854912E-5
0.15779399244920164 -0.4060014305216929 0.062242172248634084 0 -2.2953191731079856E-8 -3.6876297130722685E-9 -2.7616353197232652E-5
0.08201071126761389 -0.3939388987243753 0.060668066988986274 0 -2.6053324686580723E-8 1.256459923515855E-10 -2.762272987965256E-5
0.04349199689707277 -0.3606955682361924 0.05897556113419837 0 -2.2674353828171898E-8 -7.484756523274158E-10 -2.7631266018689834E-5
-0.05772042989369192 -0.4373202270026056 0.06251628812885628 0 -2.2782431194694848E-8 6.197757984599981E-9 -2.76194500055572E-5
-0.03317807935019408 -0.4000499580003112 0.06062434517611841 0 -2.3070258338740503E-8 4.889856110406913E-9 -2.762774891327852E-5
-0.3619566518906658 -0.37751131442037245 0.06698450376718922 0 -2.7168723578182613E-8 1.575933513697704E-8 -2.7615296425591493E-5
-0.36626813150114024 -0.4166408143589399 0.06892167223823106 0 -2.850026583099853E-8 1.512141922984598E-8 -2.7625946903287334E-5
-0.3449125590697449 -0.44322460700183025 0.06935603931497553 0 -2.8548868118402786E-8 1.4419134641115709E-8 -2.7630488134838832E-5
-0.1061373350373039 -0.43371612134398735 0.06278756375601147 0 -2.4269669140692247E-8 1.1684224566842474E-8 -2.761222609122201E-5
-0.1533021139497205 -0.45854960024362473 0.06473399748772989 0 -3.283673217282543E-8 1.0655147229004788E-8 -2.7608695117187434E-5
-0.27258732769368704 -0.47213510106489254 0.06832563375196132 0 -3.135325744568569E-8 1.2605257074095891E-8 -2.763254398037823E-5
-0.2137590545386873 -0.47234636278777903 0.06671710658979699 0 -3.466297612314144E-8 1.0607985844640074E-8 -2.7624619806988514E-5
-0.18675532053812582 -0.4349325178463068 0.06418357757579088 0 -3.14716051329423E-8 1.3232711126552136E-8 -2.7620319888303597E-5
-0.3826278748778653 -0.34149739132768103 0.06638993492953281 0 -2.817041861261685E-8 2.2348521876977752E-8 -2.7616132783309072E-5
-0.0010639892128916778 -0.35571530812846325 0.05866683852382106 0 -2.1959313523735002E-8 8.762562641009087E-10 -2.7632947342330313E-5
0.5665181445886517 0.15558354761445173 0.07104008880031383 0 1.3785238841262888E-8 -3.073275586006527E-8 -2.762184035127626E-5
0.5953591891669738 0.1936606882201294 0.07369160395615945 0 1.2287158449265586E-8 -3.258407944950517E-8 -2.7625861428353407E-5
0.5192463818471629 0.12824117265253684 0.06769417632898124 0 1.4647863967538443E-8 -2.922710426072336E-8 -2.7609856116966713E-5
0.5285393108936259 0.16518893231571916 0.06885934434787161 0 1.5519837368799112E-8 -2.6323734254195818E-8 -2.7616147707647072E-5
0.6744856330743806 0.25899543825752414 0.08106282636378111 0 1.1756447052779463E-8 -4.010345626864803E-8 -2.7617517170588544E-5
0.5964895386590124 0.24538252217967127 0.07505456752399722 0 1.3360617074962093E-8 -3.3733759980813704E-8 -2.7627539289658606E-5
0.8809325160784339 0.2820885436790224 0.09999999999999994 0 2.1231466004242225E-8 -4.65907570599766E-8 -2.7613148938987677E-5
0.7133503615870089 0.32015636681811027 0.08613118221459619 0 1.8684152342851398E-8 -4.4779476738937064E-8 -2.7607370393254386E-5
0.7978472984237357 0.3041762806928354 0.09281227257926788 0 2.1575347757688598E-8 -4.474420540426471E-8 -2.761017055247107E-5
0.4636209692030302 1.4593888372567647E-16 0.06366862151549985 0 -3.3359455346889717E-10 -2.6579852065088218E-8 -2.7620568666971287E-5
0.4938126220450951 0.06489296717588176 0.06554297030555511 0 6.783579507981656E-9 -3.325047130925103E-8 -2.761338772657057E-5
-0.6153231968638251 -0.38077552285640803 0.08115372829448388 0 -1.804040395506748E-8 3.9002645887274667E-8 -2.7626008922537164E-5
-0.560449570051932 -0.3810942956107818 0.0775098294695611 0 -2.095619540367462E-8 3.4818420088427774E-8 -2.7635969263460385E-5
-0.4429539530445369 -0.3153758255937713 0.06823813858748431 0 -2.609802672842274E-8 2.5936218402823073E-8 -2.7633540203250663E-5
-0.5043029125892239 -0.34762375509843185 0.07274022680505556 0 -2.4006402680023665E-8 2.989293895853811E-8 -2.764059052149495E-5
-0.6508158876168189 -0.3390076459058359 0.08199721983987755 0 -1.7373526928135196E-8 4.3387481344541406E-8 -2.762490594479548E-5
-0.7091826270730176 -0.32330839885714513 0.08590988858162861 0 -2.1162120424069884E-8 4.652522976325746E-8 -2.762273833706172E-5
-0.7619010673352372 -0.3837317836320327 0.09273617861998763 0 -3.123984795513644E-8 4.5823905880610035E-8 -2.7619778841837345E-5
-0.8010515387579304 -0.4625279007956028 0.09999999999999996 0 -3.5660522515807394E-8 4.4133588046272925E-8 -2.762625729741034E-5
0.19236089157799777 -0.33317883760233996 0.059881599761303 0 -2.168133432022343E-8 -8.882981975699439E-9 -2.7629690441288523E-5
0.38492668203237634 1.0023152680894796E-16 0.05989052034096669 0 -3.1401436704918307E-9 -2.1995363400404266E-8 -2.7630200784505963E-5
0.2997814449763267 -0.1302546190444194 0.057552736756421544 0 -6.737481425511434E-9 -1.7544232228832395E-8 -2.7630782570330093E-5
0.3411851195480258 -0.06215460789797836 0.058312559079427444 0 -5.326768165219822E-9 -1.8174347551541188E-8 -2.7632398439861375E-5
0.25568805190108224 -0.19009790761699052 0.05725179690059135 0 -1.03242849033956E-8 -1.6418985725285634E-8 -2.7630595582341337E-5
0.21970172124605264 -0.25470361780543144 0.057909449658114676 0 -1.6765546365612524E-8 -1.309014473240979E-8 -2.7632863061439643E-5
0.23090062297727731 -0.13379820267190193 0.05553869913937325 0 -2.417232404241436E-9 -1.6782392773347153E-8 -2.7621438023901484E-5
0.10559774308437374 -0.32641465451667345 0.0581670361159444 0 -1.9329488292273944E-8 -4.7274957715146955E-9 -2.7633309340811655E-5
0.031363797849434556 -0.30517057546423765 0.0568332914109285 0 -1.7909665517026944E-8 -4.8803595458373055E-9 -2.763180197601048E-5
-0.08918266806588585 -0.39015326021997465 0.06056960464965617 0 -2.2476636502034853E-8 1.0348325542030914E-8 -2.7625936448906968E-5
-0.049756265008924744 -0.359262534671633 0.05895024498757894 0 -2.1695699398985236E-8 4.8771915331914164E-9 -2.7632849842131274E-5
-0.33370914900421456 -0.3553876317528072 0.06495432896100803 0 -2.0578023688484117E-8 1.747906152705726E-8 -2.7609969207728854E-5
-0.31386332305040454 -0.4019336098806021 0.0662221637922308 0 -2.3384445460869603E-8 1.2236917159272918E-8 -2.7621821878351985E-5
-0.15459594130071444 -0.3919265872876224 0.06155021858866086 0 -2.5515378124205108E-8 1.4461009843886482E-8 -2.7625205205660038E-5
-0.2322802926341843 -0.4023212684393738 0.06371797650698165 0 -2.5135422902215935E-8 1.3636211712858698E-8 -2.7627671944290246E-5
-0.33230969380311987 -0.31257443393730217 0.06328313435425743 0 -1.768923425921304E-8 2.4545031078742822E-8 -2.7614941343723816E-5
-0.37984334067586323 -0.29694191152231486 0.06465963905911942 0 -2.2930732417854365E-8 2.6275883915208226E-8 -2.7621708921375506E-5
-0.03281109095750644 -0.303248501545522 0.05677241598853609 0 -1.99534451314782E-8 -1.265463542815988E-9 -2.7632707261476167E-5
0.002774404310843052 -0.26370741404826953 0.055444406431408536 0 -1.6113112475762342E-8 -7.146729177448722E-9 -2.762287248317123E-5
-0.4503344724862791 -0.2539143429242661 0.06663047103760426 0 -1.9637772423616536E-8 2.4606414073956116E-8 -2.7634190860751486E-5
-0.40625597693717014 -0.2614749559637888 0.06471383725610917 0 -1.955298137066985E-8 2.5047072773406523E-8 -2.7630154176807556E-5
0.4615326701397575 0.12346215125476942 0.06442192515091573 0 5.201824656557534E-9 -2.7091489870887633E-8 -2.7601015307056247E-5
0.5387084587482873 0.20560708274998704 0.07032262751622614 0 1.5736345878817118E-8 -2.674789153071457E-8 -2.7624169146690573E-5
0.4879508039440348 0.17532903328848173 0.06671893154849401 0 1.343984576778168E-8 -2.161794481673791E-8 -2.7611660390769017E-5
0.532509259731304 0.25445661626164345 0.07121936353097057 0 1.6780729128647115E-8 -2.7803245792510687E-8 -2.762943759464743E-5
0.6341588941531792 0.31283518999890103 0.07981624453248937 0 1.3812685905007788E-8 -3.99683583676197E-8 -2.7618590405367525E-5
0.5661686439840169 0.30314954318445153 0.07485251919573685 0 1.609884591607605E-8 -3.293427498645798E-8 -2.7629296755816503E-5
0.8437752416466553 0.3790359375932063 0.09999999999999998 0 2.8563654940764712E-8 -4.805804872427101E-8 -2.7613679177216713E-5
0.6719229666176102 0.38840511082381185 0.08561888827579653 0 1.8570785721416908E-8 -4.0518401456548255E-8 -2.7598710473934515E-5
0.7564175363077813 0.38622567562379634 0.09237249347625182 0 2.845498314930773E-8 -4.380455288619162E-8 -2.7602837104579472E-5
0.41461516466779025 0.07768102097507298 0.06157475739077051 0 -7.484244535249306E-10 -2.7307961056699475E-8 -2.7619063545419748E-5
0.41609697408913526 0.13788398400008967 0.062378681269293045 0 1.5975290485380483E-9 -2.3068286692143874E-8 -2.761389902965978E-5
0.3331467524821928 0.06332732629493788 0.0580143200893398 0 2.8208041019182398E-9 -2.01703849604092E-8 -2.763450666094884E-5
-0.47800098007166614 -0.21838828549818234 0.06713458210584479 0 -1.733993216953542E-8 2.3267245649017507E-8 -2.763217736434411E-5
-0.581042663690517 -0.3157640075984302 0.07626188231201678 0 -1.7855261156709487E-8 3.6153596136146045E-8 -2.763898845198766E-5
-0.516501927640104 -0.27345997871285144 0.07083650833060166 0 -2.0186931610019773E-8 2.8622378219817383E-8 -2.7641227391435788E-5
-0.6531660790226061 -0.2763311132584134 0.0799841441751332 0 -1.51019174247946E-8 4.135776122259625E-8 -2.7634322584866876E-5
-0.7177089386751481 -0.25492955224205677 0.08435704674323387 0 -1.5055680627003993E-8 4.258893360558829E-8 -2.7629397696081734E-5
-0.7682837005378522 -0.21778108265977297 0.08762455506029665 0 -1.4116046583411654E-8 4.148641641533863E-8 -2.762333272471162E-5
-0.7926496756412593 -0.29133333750236745 0.09190870000572768 0 -2.295938913859477E-8 4.587446788040357E-8 -2.7628617968613795E-5
-0.8437556437212325 -0.37907955935377746 0.0999999999999999 0 -3.164643945952576E-8 4.99756052389809E-8 -2.7632314611150678E-5
0.14972579901011426 -0.2593326910893636 0.056582144341893334 0 -1.4582797787401274E-8 -1.099796223213195E-8 -2.7634872661922115E-5
0.30024351839566077 1.0287337474471442E-16 0.0566089984335615 0 2.1854664639872838E-9 -1.708423020847804E-8 -2.7635468479555505E-5
0.25485064501553867 -0.06881848120103613 0.0554520694654174 0 1.5046870113948995E-9 -1.3649901638286417E-8 -2.762634040218235E-5
0.2018137422816696 -0.09141964150518621 0.054287541904913736 0 1.554277750696363E-10 -1.1028837639574953E-8 -2.7609592245822262E-5
0.1764824224893901 -0.17786432905826247 0.05506179018247805 0 -8.932578887664301E-9 -1.6287018958738522E-8 -2.762354097601859E-5
0.17846806103523252 -0.12182655323316927 0.054152220507936534 0 -5.3713326729362765E-9 -1.4798840710951103E-8 -2.7607471585103018E-5
0.06445906182530688 -0.2524774236880236 0.055351148337145016 0 -1.1838956169378125E-8 -8.590362115963637E-9 -2.7626362489789876E-5
0.01713256069613923 -0.2191946756676691 0.054245341320781695 0 -1.0887845501126398E-8 -5.7007145560543194E-9 -2.7610026544892855E-5
-0.015811501710617768 -0.22080470166743846 0.054282927994611936 0 -1.6534081120928353E-8 -4.06611899000054E-9 -2.7610768360062965E-5
-0.11115524588477288 -0.32319159740630654 0.058116751891295344 0 -2.086135856756779E-8 7.906868225549194E-9 -2.763755838068451E-5
-0.2724211583800276 -0.34021230275634257 0.06225471036920954 0 -1.5852453163942827E-8 1.731308228557818E-8 -2.76245393251722E-5
-0.19295762658678686 -0.33421241295621795 0.059933626134453855 0 -1.9576497971978932E-8 1.3856254815179157E-8 -2.76360395866688E-5
-0.299671918215507 -0.26919022055739933 0.06068803798570996 0 -1.3925383673473276E-8 2.1882039380804264E-8 -2.7630317346810913E-5
-0.35401952964801076 -0.2618191533072333 0.0624765930436588 0 -1.6661684910774287E-8 2.5308046060293945E-8 -2.7627687245907686E-5
-0.059917909088264505 -0.2537684697083779 0.05535616729591674 0 -1.994115543315277E-8 -1.4335562018080969E-9 -2.76280402390801E-5
-0.4286041911968905 -0.21160410640457614 0.06443452009247358 0 -1.3831375077302404E-8 2.2440219901486943E-8 -2.7630001518043627E-5
-0.3837371950984817 -0.21760730691022395 0.06251779019199943 0 -1.3202148411484512E-8 2.318928928742705E-8 -2.7632250117674696E-5
0.44078820931890417 0.17778853409565737 0.06428879605061415 0 8.016996858100447E-9 -2.0273010509143205E-8 -2.7613657957792804E-5
0.4759951064045458 0.23047538821939026 0.0673334019397155 0 1.5940017677442348E-8 -2.259526058090655E-8 -2.762365189303991E-5
0.5023235944487765 0.29151864533540206 0.07059623054924213 0 1.9472923031111726E-8 -2.70658476835241E-8 -2.763086889224216E-5
0.5853609901656723 0.37038384021673393 0.07867156144500055 0 1.6453223705669766E-8 -3.553385751113365E-8 -2.7622036473384047E-5
0.5293785213896149 0.3388907230126146 0.07386902220939724 0 1.9472929079598186E-8 -3.049036897135496E-8 -2.7631014678759317E-5
0.8010710017272104 0.46249419126110125 0.09999999999999991 0 3.2728403243545365E-8 -4.2356522462678426E-8 -2.7610539750199676E-5
0.626960623589047 0.4522983371432033 0.08535306995964971 0 2.2273362218030595E-8 -3.40513545281532E-8 -2.7610298180858892E-5
0.7061350528834721 0.4673278645716987 0.09212747065803699 0 2.9177038519105117E-8 -3.454749083264575E-8 -2.76047709360976E-5
0.3592371994727271 0.12552401442410036 0.05970040660633737 0 3.3622065548351873E-9 -2.1117090074373048E-8 -2.762873174286598E-5
0.39449037889125516 0.17177804019933995 0.06198157459134765 0 5.617138148214792E-9 -2.1041495253931758E-8 -2.7621546536833797E-5
0.2907007887888551 0.1297941048796961 0.057242741237689944 0 9.347421702004986E-9 -1.596666375611719E-8 -2.763339329774067E-5
0.2538184516803514 0.06940494742292715 0.05542696753822805 0 9.784860288610277E-9 -1.5202759752007643E-8 -2.7627501194736322E-5
0.20062573683728857 0.09527047772396227 0.054301155270572714 0 1.1085492936862195E-8 -1.1115763557084456E-8 -2.7610993652032035E-5
-0.4690213191754545 -0.16282051739106812 0.06545407679976868 0 -1.1934993903707612E-8 2.2207273512386832E-8 -2.761825302055801E-5
-0.5329845388239064 -0.1985594752136454 0.06981392050905111 0 -1.79327762549888E-8 2.734774061794772E-8 -2.7635364984148253E-5
-0.5985835515449605 -0.2260297922817816 0.07467942546060531 0 -1.519804739696907E-8 3.473080181492625E-8 -2.7641354700740342E-5
-0.6738902730202506 -0.22049852083738797 0.07997070091519404 0 -1.143633371736751E-8 3.9859769362483935E-8 -2.763508411939218E-5
-0.7224932718504692 -0.1846612188414888 0.08299584497449673 0 -7.625786988914203E-9 4.0974822861157345E-8 -2.7625978320110694E-5
-0.784218194998307 -0.17459658052838994 0.0880668176158918 0 -1.18887799059317E-8 4.2719909015640796E-8 -2.761548986482858E-5
-0.8340398056073667 -0.21902107573341573 0.09363611174877708 0 -1.9562430124829758E-8 4.480406515932114E-8 -2.762524364884275E-5
-0.8809151182252344 -0.2821428693025129 0.09999999999999996 0 -2.4343984651716743E-8 4.8646508080661195E-8 -2.7635032545898724E-5
0.11138757858716244 -0.19292894544503636 0.054318208030815426 0 -9.576455957934144E-9 -1.0587453736074433E-8 -2.7623938260801338E-5
0.2238875048948224 7.238912562247948E-17 0.054346295287657886 0 4.537875910778674E-9 -1.2640304687342574E-8 -2.7624342582551938E-5
0.19420772375092543 -0.04676552312468657 0.053768452091938715 0 5.112117552337519E-10 -7.901569396740105E-9 -2.761523235425283E-5
0.16765785073129597 -0.0820458117059934 0.0534822586461166 0 -5.3783858088457735E-9 -7.244580368346024E-9 -2.7606233064819197E-5
0.1532214795718842 -0.1047515501973591 0.0534601593182905 0 -8.817789749191843E-9 -9.864886019291855E-9 -2.760656535884569E-5
0.13365633223327952 -0.1314943305448411 0.053500013617672364 0 -1.042218878003355E-8 -1.113031042726713E-8 -2.7613138716745343E-5
0.1909210649037196 0.04684254353730671 0.053697308093126346 0 5.558521056005344E-9 -1.3690851782042015E-8 -2.761575724543071E-5
0.05493858025113072 -0.1872116672800932 0.053664600392910426 0 -7.527072389305276E-9 -4.20566584807263E-9 -2.761542320303658E-5
0.0015895535343272628 -0.18045943852644164 0.053353802929854664 0 -1.122111999006669E-8 2.3551659357127253E-9 -2.7607797361042446E-5
-0.053441146730527564 -0.18709102439814254 0.05365287398922711 0 -1.637749076003153E-8 2.266358224782732E-9 -2.7616941373929903E-5
-0.15050660974349658 -0.260685094950677 0.05663516711153095 0 -1.7787296372254527E-8 6.763107590047043E-9 -2.764006117192845E-5
-0.22974591189928226 -0.256397975299907 0.05821373401797809 0 -1.4744245382374652E-8 1.392229971069576E-8 -2.7639599359762424E-5
-0.2901412929767384 -0.21922908092139923 0.05898973037684318 0 -1.3064074223924193E-8 1.8690712113038277E-8 -2.7638338932798272E-5
-0.3302765228915605 -0.22443841547131757 0.06052899064430553 0 -1.2895655169263013E-8 2.2274898506285132E-8 -2.763509667935496E-5
-0.11217260429255088 -0.1942886498520168 0.05435789315243198 0 -1.4982792599299348E-8 2.533006406425092E-9 -2.7627961277955278E-5
-0.4043520178042477 -0.16901983470521795 0.062374130552393804 0 -7.1163713134783984E-9 2.2159245314252246E-8 -2.7628679434111265E-5
-0.36201088411519367 -0.17400839360604692 0.060635096430618034 0 -8.491976929818543E-9 2.1748256902742165E-8 -2.7635688273840416E-5
-0.42569230627547644 -0.12215318657273527 0.06260425960749791 0 -2.6884861321305575E-9 2.6410432816858158E-8 -2.7621563416329106E-5
-0.467604489294916 -0.09647351175034927 0.06440527405535047 0 -7.040950737659234E-9 3.2774360483291584E-8 -2.7617351480764425E-5
0.40159415937487924 0.2222711945652258 0.06342742714419668 0 1.2223500679087382E-8 -2.209194805304317E-8 -2.7623105498034726E-5
0.4374027432196876 0.28280425722564984 0.06685837267776952 0 2.086261365411529E-8 -2.4395077301299584E-8 -2.7624802791959962E-5
0.4716692828943538 0.34325991058700284 0.07076541111671204 0 2.4065960590978228E-8 -2.5988945436514916E-8 -2.7629606021229712E-5
0.5572755215547438 0.4510872900080022 0.08061070588876619 0 2.3261576537385046E-8 -3.368230365112252E-8 -2.762147688734681E-5
0.5201731653431543 0.38799390136202994 0.0753439569886662 0 2.1825302755747243E-8 -3.04730484557042E-8 -2.7629680141387417E-5
0.7501545426059838 0.541195955123228 0.09999999999999998 0 3.493981888724425E-8 -3.700050843296853E-8 -2.761625470121657E-5
0.5828756184496425 0.5332115379316271 0.0868511630159933 0 3.2646674620860674E-8 -3.551648771162155E-8 -2.7612270244847865E-5
0.650470548607775 0.5465931881196748 0.09240305490818579 0 3.489803775634358E-8 -3.472068392020646E-8 -2.7613938088747244E-5
0.33827356631260735 0.19741612693850677 0.06018657141513714 0 9.285598667980142E-9 -2.024390914128611E-8 -2.7630256513341744E-5
0.2643297840462276 0.19520810401833616 0.057617277126140565 0 1.1779334767557722E-8 -1.3821975791766933E-8 -2.7634824742005653E-5
0.23462332403576286 0.13422621113694244 0.055643167928538385 0 1.3319836283976529E-8 -9.843729409408045E-9 -2.76251478642549E-5
0.1835322570857455 0.12636576122723128 0.05431954168807021 0 1.0077214856868992E-8 -4.9377209584900425E-9 -2.7611715375276893E-5
0.15384433041034717 0.09209874155024383 0.0533301823681776 0 2.577027343831122E-9 -9.231550444660772E-9 -2.760839363450389E-5
-0.5199939829281822 -0.124648956040805 0.06768673130026932 0 -1.6586183307547203E-8 3.100188568624166E-8 -2.7623644037795638E-5
-0.5744027965338087 -0.14938461510286838 0.07144252826293566 0 -1.5195379835188095E-8 3.3041278635707287E-8 -2.763748411346712E-5
-0.6477191420222239 -0.14358128013705043 0.07642272847163621 0 -8.081362917780563E-9 3.8823828791458026E-8 -2.7639115820894895E-5
-0.735100345459195 -0.11930462056175606 0.08291132970822637 0 -2.5914664436182863E-9 4.5877376186472426E-8 -2.7622645932420704E-5
-0.8023821229894582 -0.12465004703532732 0.08885408731398864 0 -1.1378580521530338E-8 4.96878755089335E-8 -2.7613644521553158E-5
-0.8531067718150073 -0.15803750226362165 0.09415708085227005 0 -1.7991680776678702E-8 4.9000007235940936E-8 -2.7621196151850637E-5
-0.9051158299750595 -0.19076243784282 0.09999999999999995 0 -1.9848875656137848E-8 5.0684441385012305E-8 -2.7629831878072984E-5
-0.8393412000271001 -0.10211595922316327 0.09200820531311653 0 -1.3569187125909015E-8 5.287805364057649E-8 -2.7621031184582882E-5
-0.5124187514513647 -0.05184789683178334 0.06651654728017117 0 -9.167983038334181E-9 3.45469171113841E-8 -2.7632849097112092E-5
-0.4662367643365183 -0.05429215722432917 0.06397307879016166 0 -4.761742392320691E-9 3.285044377340456E-8 -2.7628769194126132E-5
0.07846305682895906 -0.1359020009449211 0.0529048760801971 0 -8.972527371002183E-9 -3.869626512724968E-9 -2.7618988750497288E-5
0.1581850159804538 4.03666044625459E-17 0.05292729798071231 0 -1.0398270227161992E-9 -8.814536222573727E-9 -2.761896541005034E-5
0.1339429855522494 -0.042721659792281826 0.052630185389843626 0 -6.031862807753629E-9 -4.877111604002897E-9 -2.761779540047652E-5
0.12170874450296679 -0.07937873255132208 0.05270638285367756 0 -9.553551797403947E-9 -4.7795136168269655E-9 -2.7615182309461583E-5
0.0926329081859553 -0.0934021566431387 0.052491087538806276 0 -9.514794944494638E-9 -3.4095504025072053E-9 -2.7620082910553538E-5
-0.07925046645516257 -0.1372658344238745 0.05293295280422828 0 -8.875042331902348E-9 5.3041080070738794E-9 -2.762146189539615E-5
0.12737884186502532 0.04457914646124025 0.052542398875778 0 -1.2551875358170412E-9 -9.421699619080491E-9 -2.761966778826014E-5
0.025874926118163208 -0.13266950985365822 0.05254567933671947 0 -8.064023881700847E-9 2.8785868622287035E-9 -2.7619434715163732E-5
-0.025243839799718233 -0.13300675455069116 0.052548920040911946 0 -9.291241376472336E-9 5.943566101702811E-9 -2.762027138787638E-5
-0.18973296493485722 -0.18461798069110355 0.055474546986767154 0 -1.4443092032892753E-8 5.794168613289445E-9 -2.76322960630966E-5
-0.2483235922732361 -0.1816505696604007 0.05686432272721824 0 -1.4128370121119411E-8 1.2479983129521546E-8 -2.76378980567063E-5
-0.30831506111577245 -0.17770170158565643 0.058672582596364375 0 -1.1371406275898682E-8 1.877627914567394E-8 -2.7639966949377397E-5
-0.13643849435757827 -0.142707733989249 0.05371629461338724 0 -8.539866729994813E-9 3.689682302120433E-9 -2.7619264471166637E-5
-0.184039983968445 -0.12735803584373426 0.05434432437859786 0 -1.1935621730741207E-8 5.907923724299613E-9 -2.761551563704857E-5
-0.10393602836491156 -0.0928684349452979 0.05261104654913399 0 -2.6957208512768696E-9 7.771021655336567E-9 -2.7621270736013776E-5
-0.33491839009005275 -0.13913239257244242 0.05894927757126896 0 -7.824659007568437E-9 2.0407618690898832E-8 -2.7639848125338698E-5
-0.379850741799242 -0.12110542276221135 0.060500587943527986 0 -3.422294786169593E-9 2.3719187458509697E-8 -2.7633762517986437E-5
-0.40842759083875496 -0.05875232359605658 0.061140527783328784 0 -1.0719445872082165E-9 2.7661414837257127E-8 -2.7634501053683072E-5
0.36282250283673584 0.2686598783514224 0.06303900336729046 0 1.610109119482527E-8 -2.4866337376117583E-8 -2.7620097218007238E-5
0.4058790843317993 0.3317218591300756 0.06705525860874961 0 2.6238058593509784E-8 -2.3007215721595687E-8 -2.7617181915967255E-5
0.4678168231247622 0.39722837411780604 0.07282402579327739 0 2.571651989483225E-8 -2.579244473489048E-8 -2.762974959749356E-5
0.43228391685071293 0.3802988180284773 0.07026687195777441 0 2.752605909720315E-8 -2.204352942932695E-8 -2.762514355733664E-5
0.5096255127299391 0.5106912413470729 0.08097857821614195 0 2.803259927310159E-8 -3.403573758236096E-8 -2.761818718117955E-5
0.49005227512439575 0.44470401859070535 0.07629562530822705 0 2.5492160163953016E-8 -2.935113994376204E-8 -2.762825817747647E-5
0.5354804188313992 0.5793968081607486 0.0867593250488703 0 3.529478909340223E-8 -3.46006920501889E-8 -2.760246069144948E-5
0.6847900044003186 0.621834941224156 0.09999999999999994 0 4.193944922200171E-8 -3.642317144877717E-8 -2.7618530786098307E-5
0.5876935447112426 0.6161088910778022 0.09257893706827944 0 4.205708828304819E-8 -3.239177190209381E-8 -2.7606799707434317E-5
0.2968769596322443 0.26583446546620604 0.06049214663587174 0 1.1979836213817155E-8 -2.0453519170661324E-8 -2.7627181335142236E-5
0.22703812963746217 0.26409762190385 0.058370438456053005 0 1.3144062259938538E-8 -1.293463781470532E-8 -2.763715229586633E-5
0.18890830540911197 0.18932922319802872 0.05555650018582656 0 1.2684613767780147E-8 -4.921820901615143E-9 -2.7630749648537658E-5
0.10177697427875262 0.08834048795367637 0.05253956863179544 0 8.296237129370686E-10 -6.976556491259154E-9 -2.7620508924955556E-5
0.13647605991683223 0.1435082568468913 0.053729825805134857 0 6.948799366586684E-9 -2.82292607223632E-9 -2.7617807934962405E-5
0.14969050843762163 0.2592715660247786 0.05657975437506356 0 1.5987441095305263E-8 -5.572249312587957E-9 -2.7639900828408207E-5
-0.5844196053235717 -0.07491703801282973 0.07115392026499065 0 -9.92295663516245E-9 3.654689141896324E-8 -2.764138585616449E-5
-0.7351410524947968 -0.060926854977285956 0.08231802271497875 0 -1.2766679734773715E-9 4.735553975222981E-8 -2.7630342264388395E-5
-0.6752473549062168 -0.060997662019661704 0.07752927755735102 0 -2.0710828453192706E-9 4.224109723806891E-8 -2.76400095554937E-5
-0.7962287177911108 -0.06074957956360477 0.08762354715881242 0 -6.120030464348329E-9 5.1794194794284655E-8 -2.7624644643111158E-5
-0.8627884197170684 -0.055125093298773874 0.09385473111979895 0 -1.0554827498193329E-8 5.389976033656546E-8 -2.7629345287191067E-5
-0.9192838471164881 -0.10263764414409532 0.09999999999999994 0 -1.5220200551675233E-8 5.678326105179858E-8 -2.763204797416884E-5
-0.5447672634209793 2.858524015158418E-17 0.06830049229574699 0 -5.845099020052097E-9 3.264290973165425E-8 -2.764104882990049E-5
-0.4638591691868275 2.797468827787367E-18 0.06368112390889594 0 -1.7550839354808944E-9 2.7792577498573264E-8 -2.763514146035707E-5
0.04273067501608843 0.07401170016957923 0.051925849626185475 0 1.7497739954259382E-9 -5.1591294071486065E-9 -2.7630893390389456E-5
0.04273873390329096 -0.07402565857166639 0.05192600533605054 0 -6.976523044046688E-9 1.0912585791987202E-9 -2.7629476880334835E-5
0.08580268905133058 2.7616060966210454E-17 0.05192915349305607 0 -4.454199073408762E-9 -4.54806496203548E-9 -2.7629431562443418E-5
0.07416648351753428 -0.042820039223696336 0.051927573540639343 0 -6.707577025647833E-9 -1.8997737774861438E-9 -2.762904549395885E-5
-0.04299754043112494 -0.07447392462720538 0.05193102148339571 0 -3.40641982923745E-9 6.162572078714489E-9 -2.763073436354337E-5
0.07415950431437714 0.04281600977887487 0.051927495533993596 0 -1.7077289141095114E-9 -5.81876960698334E-9 -2.76298483638366E-5
1.3904975238826412E-17 -0.08573627431625096 0.051928505242836896 0 -5.835945983985921E-9 4.422795480651711E-9 -2.7629776018887583E-5
-2.9796378738924766E-17 0.08577355466188762 0.05192886660175564 0 4.271048188022709E-9 -3.477379583206698E-9 -2.7631343475896803E-5
-0.22815732549244747 -0.13366956667415786 0.05546555293618704 0 -1.5194337996238766E-8 1.0085357585899923E-8 -2.7628327436857383E-5
-0.27837086784154214 -0.12617379267311213 0.056793561369108604 0 -1.217806728752448E-8 1.5940462191607876E-8 -2.7638604111613058E-5
-0.15093740406319933 -0.09389909648308081 0.05329903073383901 0 -4.107395037456953E-9 9.766858870753883E-9 -2.761186583224501E-5
-0.19761019796705667 -0.10158906953187431 0.054303584925033135 0 -1.282165403715492E-8 1.0884616548428041E-8 -2.761456165708314E-5
-0.12619399745448537 -0.06614911525416545 0.052660410611162535 0 -1.0108377451477053E-9 1.035321103622083E-8 -2.761994564159825E-5
-0.07423701450489274 -0.042860760308234 0.05192836227840669 0 3.955019557418472E-11 6.772387699994004E-9 -2.763138698370405E-5
-0.4277423899643161 0.06497482014443749 0.06209784320535729 0 6.1379868999959196E-9 2.1630264226704226E-8 -2.7631204714815863E-5
-0.33304413722574777 -0.06930677678439595 0.058055306373968225 0 -4.930738302150273E-9 2.124079767144382E-8 -2.764325712849978E-5
-0.3847166606924661 9.345124501562139E-19 0.059881376808148805 0 1.2527568508771476E-9 2.3103928245467293E-8 -2.7642276114800075E-5
0.3329058545937796 0.33325924236807375 0.06406157186555389 0 1.6577492603459294E-8 -2.0705105902153576E-8 -2.7605398426006354E-5
0.49825230464030634 0.6040689738251999 0.08623250303750961 0 3.2179171970639616E-8 -3.0070428283915857E-8 -2.76001822260981E-5
0.3818998921620359 0.39282083230988174 0.06849211870683777 0 2.735960635955635E-8 -1.54426574849046E-8 -2.761798543634609E-5
0.4314021965681312 0.42876752259718576 0.07244484890584979 0 2.7264982218830906E-8 -2.226687162213545E-8 -2.762850805036142E-5
0.4723939921181883 0.5653277489130144 0.08223903081434109 0 2.8060797139233933E-8 -3.18113733784498E-8 -2.7611349599537542E-5
0.44736034083495346 0.4974141441538552 0.07684191432450417 0 2.693262363688726E-8 -2.7538043707666E-8 -2.762649287461008E-5
0.5230354883414245 0.6422697488364204 0.0903707538749386 0 3.843745374584245E-8 -2.58403043081013E-8 -2.7599847500004228E-5
0.6177594130735138 0.6884753307245898 0.09999999999999995 0 4.570537520250738E-8 -3.1370147810489325E-8 -2.7613230613109665E-5
0.5518007966248653 0.6760563257947593 0.09465507346897212 0 4.271938502811446E-8 -2.555422272253929E-8 -2.7606562986342396E-5
0.2625418688185837 0.33648330779519714 0.06181290503458571 0 1.4115363567083464E-8 -1.5928486773093196E-8 -2.762501672313801E-5
0.10763513709501461 0.3224957272318108 0.058047784011843594 0 1.9035891742830856E-8 -6.524163701277459E-9 -2.7639648462502988E-5
0.19231764390950024 0.3331039304431938 0.059877835485628014 0 1.7629194730160434E-8 -1.2726126669450225E-8 -2.7636127910574006E-5
0.11136664405289663 0.19289268576805546 0.0543171535525474 0 1.3153369939102787E-8 -1.4298996381251232E-9 -2.7627591251443714E-5
0.07844894660138711 0.13587756131386042 0.05290437550856248 0 7.056544728299665E-9 -4.435371171628251E-9 -2.7621567208394045E-5
0.03519829734560284 0.13784946141786306 0.05265706254873472 0 8.197278796955934E-9 -4.907735418151538E-9 -2.7621100920617067E-5
0.06630901180929025 0.2508565357105051 0.05531869953262273 0 1.7896140728630846E-8 1.8657749863713373E-9 -2.7631030647675753E-5
-0.017053837843317182 0.27836069099312905 0.05590951428308119 0 1.4390035291565299E-8 7.635434517272634E-9 -2.763256764108131E-5
0.011677278178983168 0.25977319628253465 0.05533524160416193 0 1.564684715386946E-8 7.260009350833909E-9 -2.7626630179254587E-5
-0.036475279191632355 0.1302798698937502 0.052547520741153056 0 6.435783624779929E-9 -7.637224469053662E-10 -2.762352716474032E-5
-0.004334214649360648 0.15163914092247652 0.05281372846092682 0 7.87708034397133E-9 -3.566247641600634E-9 -2.7617621997017514E-5
-0.5548238392163805 0.07638757137486699 0.06925704553616709 0 -2.7886057896152258E-9 3.1015680684774696E-8 -2.763803404049463E-5
-0.6361392415232946 1.3179599374821288E-17 0.07441207081886599 0 -1.4048413440966716E-9 3.800751529506421E-8 -2.7645746065241606E-5
-0.7353276040989696 1.376885046738379E-19 0.08212306732579755 0 1.412930922563206E-9 4.389079078717214E-8 -2.7634725502238835E-5
-0.8245744171037558 1.994957568951944E-17 0.09002147282184524 0 -4.493813374955659E-9 4.91771059249124E-8 -2.7629947717065275E-5
-0.9249999999999996 -3.487031299242896E-17 0.0999999999999999 0 -8.358651747380262E-9 5.522355333885381E-8 -2.7637916868681645E-5
-0.6215823870108426 0.05940809814964494 0.0735747228508592 0 1.0571271954322625E-9 3.590897613352763E-8 -2.764498845593257E-5
-0.5039157942187592 0.07056797810116018 0.06615707446286308 0 -2.031156240695092E-9 2.5490065049735564E-8 -2.7628860044636837E-5
-0.4742240483662385 0.11256694280313873 0.06494853319711702 0 4.074288423639031E-9 2.592281143619527E-8 -2.761573107608478E-5
-0.4362515368769683 0.13236424219261794 0.06326633817399899 0 1.155843149489142E-8 2.688984278720659E-8 -2.7620494629454985E-5
-0.3689420167821231 0.1279817916152874 0.06013540062401418 0 1.0494202988575851E-8 2.1788765813231104E-8 -2.763762142874237E-5
-0.40020050920329836 0.18553375498639205 0.06251643484045978 0 1.2520958580023378E-8 2.5901381021786634E-8 -2.7633165966038602E-5
-0.11902524067374867 0.3280525016025783 0.058398241089487615 0 1.76627157460322E-8 6.0966557205442955E-9 -2.7642736945232286E-5
-0.278960464150049 0.23105339123962187 0.058930977919053947 0 1.3889603682565273E-8 1.56740433285226E-8 -2.7641686559848224E-5
5.529796886260846E-16 -9.523255661324038E-16 0.05151308386343702 0 -8.115761463148619E-10 4.778294595311032E-10 -2.763916526403694E-5
-0.043042879691499385 0.0745524545297515 0.0519319033593881 0 5.393306209689292E-9 -1.5582534171908055E-10 -2.7632031782869274E-5
-0.24680219676358373 -0.07209570484822997 0.055249906628573604 0 -1.1914073928485288E-8 1.578443292697034E-8 -2.7632232826680836E-5
-0.1740533791739203 -0.0457943921612332 0.05334383022045102 0 -5.0220082923404345E-9 1.3915205401776306E-8 -2.7619312074849938E-5
-0.12783259126111418 -0.033275347967647695 0.052499203818416273 0 9.568900811309767E-11 1.001960477096696E-8 -2.762409043929113E-5
-0.08544796042127181 1.2633032021521531E-17 0.05192572029476935 0 2.786107497736256E-9 5.500544665767982E-9 -2.7632179036785013E-5
-0.33947513674739144 0.06240362523718613 0.058248486325065116 0 3.328427283304129E-9 1.918820712707932E-8 -2.7644278231155568E-5
-0.30816555573663146 0.12979030410922676 0.05783416263257108 0 5.642753483865529E-9 1.8810227008886475E-8 -2.764284801870317E-5
-0.22695325756190307 0.2565120405768185 0.05814491145404571 0 1.5377785037817174E-8 1.4141761865142278E-8 -2.7644024323880727E-5
-0.25569422992480956 0.1801064295667739 0.05704280655464759 0 7.344289426005171E-9 1.7785844308279422E-8 -2.7641276054383954E-5
-0.07471068043782807 0.26158647648355277 0.05569656348774581 0 1.100085357086857E-8 9.464440740959537E-9 -2.7636506868388764E-5
-0.15073713287945018 0.26108437273446883 0.05665087411303693 0 1.2973921812425087E-8 1.1943123441431496E-8 -2.7644478890685413E-5
-0.0793293077376864 0.13740239153093972 0.052935779499837216 0 7.344319425377717E-9 4.9950708666599904E-9 -2.7623762068305486E-5
-0.299396714946573 6.0549876586637245E-18 0.05658028588283899 0 -4.099820245467824E-9 1.8114161167042988E-8 -2.764460607416804E-5
-0.39181543828090004 0.55445735722153 0.07760084140770424 0 3.447098680047522E-8 2.2148602001917134E-8 -2.7639231073117455E-5
-0.42125713605646403 0.6077940464059373 0.08247265847688973 0 3.9324444107286614E-8 2.3969861987452955E-8 -2.7629134849597627E-5
-0.4499036574234317 0.6597655574984553 0.0876254316161508 0 4.064670244165241E-8 3.020166925125799E-8 -2.7623550240165795E-5
-0.4789401191209052 0.7197628636157833 0.09385470752197607 0 4.022176834791402E-8 3.5208128716929277E-8 -2.762775531682987E-5
0.30693864167133966 0.4042133776050551 0.06608285286906407 0 2.1351102407244474E-8 -1.1122289768962018E-8 -2.7620497638076705E-5
0.45341996389119593 0.6343388790419371 0.0859386615701075 0 3.14672242379477E-8 -2.4752453739389444E-8 -2.7608809997556164E-5
0.36186279370904106 0.47199806236141656 0.0715259330567936 0 2.753381650264669E-8 -1.6701449220780328E-8 -2.7631323506254927E-5
0.400949758946052 0.5652131577221655 0.07869394977656127 0 2.8691428855248435E-8 -2.4986874604411805E-8 -2.7625477480669424E-5
0.4904238791693691 0.6985151762406319 0.09277567976728547 0 4.0040899493235456E-8 -2.1538013646647704E-8 -2.761068192896483E-5
0.5485314952955888 0.74480230687788 0.1000000000000001 0 4.468897679907566E-8 -2.4217792350976346E-8 -2.7615544446984813E-5
-0.157502577302292 0.4062797025959702 0.06224976286168574 0 2.0822037014532767E-8 4.709317728322635E-9 -2.7628364727288458E-5
-0.04439277195221168 0.328710102628296 0.0577329050528648 0 1.8011546939741428E-8 4.190331692023807E-9 -2.764036392789448E-5
0.025557696189703685 0.3104658173674805 0.05699894508193312 0 1.8167123459794338E-8 2.348276582491695E-9 -2.7637763048741478E-5
0.05891091878969271 0.3561813785904501 0.05888183035860122 0 1.971180219779145E-8 -4.518953839041052E-9 -2.7637570213169017E-5
-0.07539656272461737 0.3826387268002811 0.060112744280339386 0 2.303822309377584E-8 1.3217628426196465E-9 -2.7634983278690823E-5
-0.19156331121345582 0.4731617410648756 0.06625147072173321 0 2.0238947839652286E-8 1.3911823897642827E-8 -2.7626652448245648E-5
-0.31860245148696237 0.5518356333914171 0.0744889558881298 0 3.129110022166459E-8 1.9424698513204266E-8 -2.7644105585237715E-5
0.23188989210585279 0.40164507488900236 0.06367695651733306 0 2.3117320231088787E-8 -1.2585689301180151E-8 -2.7627487918983372E-5
0.18545604713463834 0.43047399478074116 0.06393784680976809 0 2.884701042517655E-8 -1.2453471972561736E-8 -2.7622253492966578E-5
0.15384627156060351 0.3839117365891883 0.06118533303935759 0 2.2721159327008746E-8 -1.3227706688197882E-8 -2.762915632277368E-5
0.08567704016096148 0.3934342712802923 0.06068036954612458 0 2.050042489667568E-8 -9.183266622080656E-9 -2.762945497971004E-5
-0.04746651353754765 0.1829715324610284 0.053532622158623755 0 5.825166152672002E-9 3.848154586535793E-9 -2.7618747300731295E-5
0.01717373484524668 0.1662656573333219 0.053092157016808576 0 1.0727096069289763E-8 -3.444660744165495E-9 -2.7614644157903105E-5
7.833096257776418E-4 0.19069362679459012 0.05356840441819727 0 1.0512648350937622E-8 3.032245717106198E-10 -2.7610129630707676E-5
-0.014253461472862217 0.23459230484404994 0.05463523466770248 0 1.0814439898834772E-8 8.291711079663149E-9 -2.7618699271155698E-5
0.04520143550094837 0.1841851235528076 0.053545944108146816 0 1.4317950241780383E-8 -1.6318701070824425E-9 -2.7616804206129537E-5
0.017981432514459814 0.22651294475696923 0.05443142027174295 0 1.5458147241588414E-8 5.478632169776366E-9 -2.7616031394743092E-5
-0.4509389353459413 0.18062953941108667 0.06485872161226297 0 9.979000854658947E-9 3.2639300071463086E-8 -2.7626242895190722E-5
-0.43855507291261625 0.22078311851591842 0.06514753629020965 0 1.0568850895723831E-8 2.998477898662845E-8 -2.7634200176794164E-5
-0.5430568755805911 0.1088667628343709 0.0688662273363696 0 -2.278303594083197E-9 3.141895309213342E-8 -2.763294473918298E-5
-0.5075730010734566 0.12513873893141766 0.06697106660603608 0 -1.025145836183183E-9 3.0657391301218095E-8 -2.762162743613549E-5
-0.4876818695036711 0.16005919777938846 0.06641416297022892 0 4.043150224253943E-9 3.483986383178941E-8 -2.7621772022410517E-5
-0.5817364775186938 0.11498204866540508 0.07140762999266016 0 6.207345967314559E-10 3.4375647459357766E-8 -2.7640411505176532E-5
-0.6893460495224288 0.06354738512595376 0.07863780818203957 0 5.868276256981908E-9 3.8937591920643114E-8 -2.763871337116509E-5
-0.7599167871431189 0.060700756349994105 0.08441733903220823 0 4.479627099428442E-9 4.136024660649243E-8 -2.7627749748911465E-5
-0.8184909839211809 0.07533925376340878 0.08977629762126756 0 -6.12250757787752E-10 4.47535192418281E-8 -2.7623603999823626E-5
-0.8641324069088798 0.06217499425579329 0.09403348687291993 0 -3.925631784899481E-9 4.888931077972383E-8 -2.7629526370305313E-5
-0.919284810212244 0.10262901652303173 0.09999999999999994 0 -3.055155400683805E-9 5.296998899084906E-8 -2.7633313779448142E-5
-0.7200856347104291 0.1275637570102766 0.08178787314202204 0 1.2327109038040344E-8 4.190457176770942E-8 -2.7627626920972904E-5
-0.6366216770914513 0.14805650423757327 0.07568897320024312 0 8.29797451390168E-9 3.816991388598969E-8 -2.76419235435426E-5
-0.5083123257938114 0.6756675576578803 0.09200745306162258 0 3.7659597823818357E-8 3.7169637004748984E-8 -2.7620342280691013E-5
-0.5084523869045262 0.6310249340793687 0.08870435188239581 0 3.615814031365863E-8 3.3235932157276904E-8 -2.7613457603922323E-5
-0.5485031394581954 0.7448231888659755 0.09999999999999998 0 4.0244271560731745E-8 4.0431471188906474E-8 -2.7631044440134712E-5
-0.47303326379715877 0.5791284533565413 0.08316905076856485 0 3.734070182047974E-8 2.452699747068397E-8 -2.7621874724980134E-5
-0.45509595152323223 0.4866404390645807 0.07663670286639768 0 2.8281338136350826E-8 2.572303152329006E-8 -2.76397751437781E-5
-0.4180330375357138 0.4186106610386911 0.07131407766744807 0 1.948984914820596E-8 2.908899297172025E-8 -2.7638589348211904E-5
-0.35805699391726126 0.4725541821277961 0.0714004969823895 0 2.602758377641437E-8 2.581198578793185E-8 -2.7641655374533724E-5
-0.3304177610769968 0.2075632873895256 0.060121873146272396 0 1.2672465582022947E-8 1.8580454475185825E-8 -2.763997419067019E-5
-0.3986677525588505 0.2551376793832065 0.06418286265211677 0 1.163328722702583E-8 2.314424124542128E-8 -2.7633865193351453E-5
-0.19326570388917413 0.3347460184966116 0.05996054906425581 0 1.991864100430419E-8 9.939585083494713E-9 -2.764158715764982E-5
-0.2326279902659774 0.402923498403311 0.06375456788963607 0 2.2401748977368554E-8 1.4864731715965249E-8 -2.763438082653607E-5
-0.2730034360466582 0.4728558218736924 0.06837705113188595 0 2.4407587791398142E-8 2.0756245884111553E-8 -2.7639995105583496E-5
-0.30165136280488025 0.41841452971898935 0.0665620091821718 0 2.4368364409380212E-8 2.4472774739941927E-8 -2.7632545711234416E-5
-0.2982294435153453 0.2720284218761083 0.06072614652584282 0 1.8302660592451662E-8 1.4142828475238626E-8 -2.7634094864997764E-5
-0.28071917465641966 0.3771430143239578 0.06401358518053687 0 2.5076543976737402E-8 1.9981508029187665E-8 -2.762866657799185E-5
-0.25621859628623345 0.3266156402995803 0.061257118437086824 0 2.2913541793074207E-8 1.4028781345447418E-8 -2.7634479590631802E-5
-0.07427627943517316 0.042883429926301085 0.05192880169730083 0 5.081093116245379E-9 2.914950197889135E-9 -2.763220190089477E-5
-0.10192189467460559 0.10267269443312377 0.05269596908601702 0 8.402071650800388E-9 5.756462088267975E-9 -2.762265303351802E-5
-0.22270343343645202 -2.7398019802337882E-17 0.054316401779706945 0 -6.198784835277306E-9 1.36395275386131E-8 -2.7631064165125914E-5
-0.1568744501142894 1.9427769320198104E-18 0.05290395974586273 0 -5.753293635268067E-10 9.7393392198522E-9 -2.762400398462743E-5
-0.1333037269353432 0.03517105967265549 0.05258728793055297 0 3.809974239578978E-9 6.1393773399481615E-9 -2.7623700263503162E-5
-0.2668792736165403 0.06671487334767572 0.055790773586017584 0 -2.459347187804698E-9 1.5491321640661062E-8 -2.7638364381193745E-5
-0.25161809751440434 0.1255049475699697 0.05598231997151887 0 6.663971377852884E-10 1.73210698561187E-8 -2.763551234510738E-5
-0.2204702956430696 0.1429341155499399 0.055415459742855375 0 1.8595376155260585E-9 1.8284163980749776E-8 -2.7630031153414597E-5
-0.18350196867475072 0.18844743574056294 0.05542383280391714 0 7.91405175416537E-9 1.72094165377216E-8 -2.763563413375116E-5
-0.1122914677939212 0.19449452747555573 0.054363926326504504 0 7.932386262793125E-9 1.1684032007191304E-8 -2.763107163105254E-5
-0.13865734030206042 0.13413724110678021 0.05361667711440056 0 8.442279468997678E-9 1.2971184608018065E-8 -2.7619631462522965E-5
-0.3679940573528883 0.637384404218618 0.08217817873449762 0 3.763398959953966E-8 1.9874283902539808E-8 -2.7632696920440895E-5
-0.4124740638930545 0.7144260354671818 0.09005646238462257 0 3.911887632923563E-8 2.7558343518337717E-8 -2.7627684974785495E-5
-0.4625000000000002 0.8010734985006057 0.09999999999999998 0 4.229171966668803E-8 3.375894011939436E-8 -2.763526316440595E-5
0.41227210451772545 0.7140762315680472 0.09001864521731297 0 4.225595858498992E-8 -2.1022413894563454E-8 -2.761582904155019E-5
0.27234892372669683 0.47172217328134014 0.06829621029644013 0 2.9144345579920198E-8 -1.1469687593638974E-8 -2.7631855347484735E-5
0.36764043700660404 0.6367719158122639 0.08211917016769554 0 3.501709830650567E-8 -2.339331609943463E-8 -2.7622142543216218E-5
0.31803615984503875 0.5508547874957042 0.07440724687637126 0 3.147719021996632E-8 -1.8034209569110775E-8 -2.7634827300448667E-5
0.46250000000000013 0.8010734985006064 0.09999999999999999 0 4.9141069947962245E-8 -2.0770754150316676E-8 -2.762178849748851E-5
0.3836506929290541 0.7746515411716932 0.09384509082801112 0 4.941560708015541E-8 -1.8162270589453835E-8 -2.76155001686962E-5
-0.14030890931253803 0.4679836164169959 0.06501280116403946 0 2.3570242290885513E-8 9.146286644386872E-9 -2.7612925693022824E-5
-0.10294114607188212 0.4464085827438704 0.06338188130081227 0 2.8533235726679336E-8 3.0420078545376743E-9 -2.761679534119609E-5
0.013052198219917906 0.38970549808144683 0.06010955939350729 0 2.1618327267563296E-8 -2.0847874788025855E-9 -2.763624797894668E-5
-0.04037960269203984 0.44085703180834646 0.06259577733066987 0 2.8234350808012263E-8 1.531526956794054E-9 -2.7629094055734605E-5
0.06533055038853267 0.4354649165439312 0.06247764990259344 0 2.0624297374654295E-8 -6.055234327139018E-9 -2.762405996129534E-5
0.21079455863719812 0.4693257584201238 0.0664848367230654 0 3.24235136679004E-8 -9.562242541333258E-9 -2.7625427279159906E-5
-0.2117215867706234 0.5198781223671348 0.06933829044213057 0 2.4491743791252005E-8 1.7307223629643777E-8 -2.7635617789333422E-5
-0.1460434120132441 0.503264073058023 0.06704541835555092 0 2.514610232276526E-8 1.564127778908874E-8 -2.7618793208543897E-5
-0.17773060720916653 0.5259463281585314 0.0689480477972893 0 2.518237029991413E-8 1.6955597460817452E-8 -2.7630060675700688E-5
-0.2900329026458535 0.6297052539110424 0.07871782471366953 0 3.566064013838698E-8 1.355738607489242E-8 -2.7635689469412365E-5
-0.2598642375444073 0.5690891545970852 0.07365958600480058 0 3.070770119949516E-8 1.6195989554050598E-8 -2.764246881780886E-5
0.1498593825176401 0.45279307874260616 0.06437801254812758 0 2.976223738863158E-8 -1.0591307590799795E-8 -2.7611827862693342E-5
0.11053788187593885 0.4306223745782792 0.0626902062642271 0 2.268295910024916E-8 -1.1248218067382455E-8 -2.7616782572590735E-5
-0.4490633670822637 0.26293361409508886 0.06682964731028329 0 1.0348316467950921E-8 2.8973774149858627E-8 -2.763828480079082E-5
-0.4300985673768074 0.3012630280350379 0.0671100012724704 0 1.0654262159850852E-8 2.6108384436095758E-8 -2.7635660554159872E-5
-0.49761740681994665 0.2259943198914076 0.06840949555720777 0 8.404294298860438E-9 3.4685653884543916E-8 -2.7638660693498272E-5
-0.5518948161465873 0.17422255470543743 0.07046196471921622 0 3.29850759056406E-9 3.6312630253890334E-8 -2.7637904210449455E-5
-0.4324706598932548 0.35955969358955997 0.06940707877592157 0 1.3161632118243777E-8 2.8103130657685662E-8 -2.763624492904208E-5
-0.7940808377677345 0.13178185399490336 0.08820577601429047 0 5.106731465901705E-9 4.652303536849797E-8 -2.761405200541087E-5
-0.8565041007211139 0.12935729823844902 0.09401883827528355 0 -1.3130552706721445E-9 5.057316967535916E-8 -2.762329310497367E-5
-0.9051192255768065 0.19074632675980735 0.09999999999999998 0 2.685941956131595E-9 5.740850639016498E-8 -2.7632190728324863E-5
-0.7583678808155521 0.178257805309045 0.085877514601274 0 1.2097144668272146E-8 4.8882915234275044E-8 -2.7620920112781288E-5
-0.6170663609123308 0.222189336538271 0.07585507468331582 0 1.2266129924617966E-8 3.7527696714553175E-8 -2.764370282487872E-5
-0.6972424057138269 0.20430689657176623 0.08139617396721441 0 1.4659667177500178E-8 4.3051973994154135E-8 -2.763414950428484E-5
-0.5596851197575441 0.6634042603718276 0.09419033697962355 0 3.276089748705262E-8 3.9153002644746756E-8 -2.762130505324628E-5
-0.5445828559277583 0.5931276201062036 0.08823074690283748 0 2.977778352316223E-8 3.0924759537825906E-8 -2.761643013034323E-5
-0.6177328508859395 0.6884991641819085 0.09999999999999992 0 3.25870162453564E-8 4.136886018137159E-8 -2.763046510892282E-5
-0.5240933648557363 0.5322322969179639 0.08310069903157469 0 3.0257425974538515E-8 2.6412057231092475E-8 -2.7627515263435897E-5
-0.482008368592271 0.40269833860051546 0.07383556549613608 0 2.0389746582302452E-8 2.9461379343294245E-8 -2.764357767950373E-5
-0.5228737105474611 0.469403410425903 0.07945982017150148 0 2.7515071302095483E-8 2.8756702002719894E-8 -2.7637887476702482E-5
-0.3178442209190435 0.3574692689417035 0.06445327462614317 0 2.389552907547909E-8 2.2018652511438972E-8 -2.761803788304521E-5
-0.3668515165065182 0.391453181331997 0.06779342734587494 0 1.7992270269313116E-8 2.930367838751718E-8 -2.7625511952539647E-5
-0.37474174799433474 0.32521524057353407 0.06543736846884436 0 1.2371978640441637E-8 2.0681974655283284E-8 -2.761997606987072E-5
-0.3445240713159381 0.2767146512083848 0.0625551726814487 0 1.548984593489867E-8 1.5793215548307542E-8 -2.7628473133013146E-5
-0.31825267387856393 0.31228528282505885 0.06275542647814246 0 2.1069180328668294E-8 1.5129914825293677E-8 -2.762186913121028E-5
-0.13208776332768443 0.07040426877471616 0.05277929135503948 0 6.9466620167926E-9 5.8271543914569045E-9 -2.7619326132274027E-5
-0.13558426904309848 0.09984465055515283 0.05311549222562181 0 8.433823872753445E-9 8.744154991841579E-9 -2.7616367906889877E-5
-0.18433654548332082 0.04822270923057056 0.05356505347436668 0 -9.659868577356708E-10 7.953345278930774E-9 -2.762039350773301E-5
-0.2141365218541703 0.10501643106435352 0.054728299370409676 0 -2.073621890390111E-9 1.4689020528614571E-8 -2.7622037386178867E-5
-0.18680865935078547 0.12991541986645883 0.054439563423197654 0 2.953574426614918E-9 1.714160171916143E-8 -2.761872648598468E-5
-0.1657690318723488 0.09663028560186346 0.05359396061230915 0 4.898165254685227E-9 1.0378277782249465E-8 -2.7611574867185112E-5
-0.3275435087421515 0.689022237889938 0.08446715933764735 0 3.686502831061863E-8 1.5928342125194238E-8 -2.7624594593503982E-5
-0.3440235561346144 0.746753392646391 0.089798396197132 0 3.717444077143573E-8 2.187028564549078E-8 -2.7620086537173985E-5
-0.3781299746230488 0.7796968295885027 0.09405159466762453 0 3.911330290710543E-8 2.6816290477061344E-8 -2.7626063173200984E-5
-0.37078556224583165 0.8474286657041803 0.09999999999999998 0 4.300416346280985E-8 2.8052145026005455E-8 -2.7628985079222868E-5
0.33139114289377414 0.7785556133621918 0.09206768166444738 0 4.9917839528354935E-8 -1.493692927052421E-8 -2.760854687662877E-5
0.3464548928541494 0.7191482470167311 0.08759713317592265 0 4.535554077288376E-8 -2.1011903417524214E-8 -2.761225178801347E-5
0.31546555307223767 0.6681703741372863 0.08242156072081934 0 3.929087038721829E-8 -2.2782834485128326E-8 -2.7618940625356724E-5
0.22784343961994072 0.5451094489255655 0.0712614275403811 0 3.445761926163222E-8 -1.0015903084637968E-8 -2.7633178816086403E-5
0.28413345033548576 0.6165726819630529 0.0775980862421621 0 3.540260866110883E-8 -1.941647589757257E-8 -2.7629642426334426E-5
0.290977677915208 0.7546407636986492 0.08855875058870188 0 4.562524262397849E-8 -1.5697840693151226E-8 -2.760229833184641E-5
0.37075219693550476 0.8474432642497914 0.09999999999999995 0 5.3839242070048256E-8 -1.5597939614165156E-8 -2.7618109095143047E-5
-0.10596501162257625 0.5041773372256164 0.06652572871029448 0 3.112302429962691E-8 1.3423242751811555E-8 -2.7618304520307512E-5
-0.07102778036707863 0.4813038479979327 0.06489977746314218 0 3.2582411491625713E-8 7.295253698275743E-9 -2.7621904813639366E-5
0.019795838688718658 0.4703114259817324 0.06404440608297313 0 2.487578560097546E-8 7.54088473545734E-10 -2.7629121707918838E-5
-0.028427878816465992 0.4894039605592073 0.06510500934199118 0 3.0299073325582517E-8 5.076643094450172E-9 -2.7629560958235086E-5
0.09307018049889713 0.4870154223859189 0.06541754354915294 0 2.296992634758977E-8 -1.0960122617374699E-9 -2.7614352830946866E-5
0.15223360853370174 0.5114589799667827 0.06762073099832455 0 3.306903324075267E-8 -1.428596805018435E-9 -2.761737851067347E-5
-0.19168892528151515 0.5624523066487594 0.07149027116733256 0 2.921408549323553E-8 1.584398106973306E-8 -2.763723012061694E-5
-0.12546868182070262 0.5661421054611622 0.07053660282173835 0 3.2170459984259776E-8 1.4528623973131834E-8 -2.7633833424008305E-5
-0.25001651455608004 0.6877574831582879 0.0818288600417976 0 4.1337043026195326E-8 9.413575661054566E-9 -2.7623452467983273E-5
-0.19051431605916905 0.626194724144322 0.07575740850014469 0 3.6273093155648554E-8 1.1070674145324755E-8 -2.7637817226431227E-5
-0.496968869184538 0.31115828345845903 0.07096354188096898 0 1.3805694448758786E-8 3.1074619650376275E-8 -2.764504427345315E-5
-0.5531916805568735 0.25483900449276115 0.07250231820116239 0 1.1926460164368632E-8 3.511799007451684E-8 -2.7645395701573197E-5
-0.8285501209973593 0.21135039229984 0.09293041569195869 0 6.1371137736359E-9 5.470024849184549E-8 -2.762649528590907E-5
-0.8809225682293763 0.28211960771987943 0.09999999999999996 0 8.94806115553153E-9 5.659686156050673E-8 -2.763851909655958E-5
-0.7578216461505274 0.23114048963723496 0.08705889216020636 0 1.2619220447573433E-8 4.878556528403273E-8 -2.762841103813402E-5
-0.5442886348821633 0.36830034160648034 0.07595460109733419 0 2.1760771260201932E-8 3.1887102676536444E-8 -2.764372848551367E-5
-0.6102329054490169 0.29533181001281994 0.07752504764743703 0 1.8584578968414494E-8 3.460293384951013E-8 -2.764148067979984E-5
-0.6672358697757713 0.2726523999513782 0.08092297245691278 0 1.7110534166410188E-8 3.784233205478263E-8 -2.763675590824739E-5
-0.7250638207162802 0.2644091498704253 0.08523826785223539 0 1.482883715314386E-8 4.3298398420071375E-8 -2.7631972483381685E-5
-0.6071515389330133 0.6092519905512257 0.0934219469334025 0 2.7564154210362493E-8 3.805660223218699E-8 -2.7626738499161454E-5
-0.5735399527378838 0.553508622043815 0.08749015204644302 0 2.7677108329232533E-8 3.2011683716654166E-8 -2.7625395135118412E-5
-0.6847646792234087 0.6218628292777222 0.09999999999999995 0 2.8559771644740603E-8 4.428554022187557E-8 -2.763733297593956E-5
-0.5770660846669927 0.4836246905463882 0.08360849061752018 0 2.8270602916357404E-8 3.330780426649533E-8 -2.7632799234558197E-5
-0.5580584193120216 0.42548332869284067 0.07938775238593494 0 2.6498595105326748E-8 3.226531928229968E-8 -2.7638698409571558E-5
-0.28374056147924315 0.7514739211838952 0.0880520415280374 0 4.139426493272441E-8 1.7595885291754855E-8 -2.7609833155346373E-5
-0.3165497745723784 0.8071051679018629 0.09409208829712741 0 4.2013017183799005E-8 2.5513605924452158E-8 -2.7618938587825888E-5
-0.28739394850298333 0.8792210714939998 0.09999999999999995 0 4.9735147201401E-8 2.5314935484185514E-8 -2.762651451253985E-5
0.29491717071644896 0.8166669280321706 0.09422261270086467 0 4.901780222787842E-8 -9.654806596307504E-9 -2.7609620835435496E-5
0.15199695343335898 0.5713443637747507 0.07128864354870555 0 3.3783082686128847E-8 -2.9650873651884536E-9 -2.763090022675428E-5
0.2647361318881631 0.6988930987695543 0.08313425830297129 0 3.8744217800150884E-8 -2.1076373475903032E-8 -2.7611879620313562E-5
0.19363779692619498 0.6392946953673742 0.07676490405819379 0 3.547351675219548E-8 -1.249029522405577E-8 -2.7630774659053516E-5
0.23873623781901862 0.7680602578468166 0.08814793343306232 0 4.032707579468998E-8 -1.1075114186879855E-8 -2.760613387346285E-5
0.28735785633849587 0.8792328678266585 0.09999999999999996 0 5.088978057838158E-8 -8.648208929255093E-9 -2.7617991829793314E-5
0.045020558010702406 0.5239593119206281 0.06715619876796416 0 2.7050665408969144E-8 3.210988359861851E-9 -2.763020941378233E-5
-0.05203180167969757 0.5443357511275837 0.06842717285738563 0 3.332550306116656E-8 9.264553636724414E-9 -2.7633960781943094E-5
0.00125333399408392 0.5186888782774369 0.06673044987207258 0 2.9440895822274927E-8 4.899678718298684E-9 -2.7632947819973073E-5
0.09263905094403112 0.5551170207203664 0.06943102413110942 0 2.997389091914839E-8 1.9155237200620357E-9 -2.763005411968018E-5
-0.22520922840433807 0.7458968973346561 0.08588793599516027 0 4.7308841216387526E-8 1.3094064276792394E-8 -2.7616041148982853E-5
-0.056365569894855645 0.6123374883168232 0.07290850863136553 0 3.568746863946012E-8 6.0578625239979435E-9 -2.764004215245806E-5
-0.11459365381122652 0.6489796043007032 0.07609123122821615 0 3.772184131732951E-8 7.104311933308244E-9 -2.763834195931808E-5
-0.17201424223952635 0.7059350940103869 0.08139872432652714 0 4.348765450036575E-8 8.084418044935327E-9 -2.76290861310693E-5
-0.5619648707592039 0.31624700130713346 0.07504348009682706 0 1.8330604263739967E-8 3.314120867151477E-8 -2.764503831394851E-5
-0.7888004165309431 0.29037609645717466 0.09153149855841576 0 1.1578623420681791E-8 4.857730553947206E-8 -2.7632054354834777E-5
-0.8437609348289447 0.37906778281416026 0.09999999999999995 0 1.3106634484990831E-8 5.091179683483025E-8 -2.763707674324165E-5
-0.6064827120561797 0.3683452405387546 0.08001332460787643 0 2.56663576568427E-8 3.395132542455969E-8 -2.763437609835531E-5
-0.6554904399290363 0.3258387756938692 0.08184700708932659 0 2.130060230504116E-8 3.4756559278343517E-8 -2.7631073414947468E-5
-0.7173789460644423 0.321865662586802 0.08652046298759287 0 1.61477248215711E-8 3.9312764921576254E-8 -2.762717987971601E-5
-0.6465139113454262 0.538316822314734 0.09160194260007758 0 2.697822706278421E-8 4.1520697066864315E-8 -2.7631285484011916E-5
-0.7501326501074496 0.5412263004122692 0.09999999999999996 0 2.603940163849634E-8 5.123879251399219E-8 -2.763653839839258E-5
-0.8010558185062641 0.4625204886241073 0.09999999999999998 0 1.8977578796805793E-8 5.169869234572385E-8 -2.7632264280041342E-5
-0.6328963674406779 0.44705014677999644 0.08550954643040555 0 2.8568693006395966E-8 4.027581845778271E-8 -2.762639349861204E-5
-0.2313025414788286 0.8233581280344338 0.09294490463014164 0 4.918541203212048E-8 2.1061887186537408E-8 -2.7620774870054507E-5
-0.19616860770583666 0.9039546015730862 0.09999999999999994 0 5.216645871393047E-8 1.9504859644550085E-8 -2.7631521870582932E-5
0.2216527773738334 0.8287572231622684 0.0932031971273528 0 4.539654725645127E-8 -5.773980553010453E-9 -2.7615524613263156E-5
0.10414931811684251 0.6209165315731189 0.07394244219969823 0 3.4756518107644014E-8 -3.621984855969599E-9 -2.7636268928583915E-5
0.1942511971230704 0.716812779625243 0.08273823779707914 0 3.692987088401258E-8 -1.3554649626049713E-8 -2.761909513089038E-5
0.14442364609626682 0.6895139486023729 0.07960445430492032 0 3.7673663831679984E-8 -1.0312372007369237E-8 -2.762907706297768E-5
0.1913914876174544 0.7797285375111098 0.08801717214843206 0 4.0948108058908056E-8 -8.292758144683646E-9 -2.7615542579078657E-5
0.196130597538861 0.9039628493277602 0.09999999999999998 0 5.1254428283770524E-8 -3.605497144102515E-9 -2.7625699529449425E-5
0.020086990102898373 0.582926818943489 0.07076019404513119 0 3.2650657906659665E-8 3.1666877221939263E-9 -2.7638797773031313E-5
-0.17894546311077822 0.7718277883825889 0.08706002927260566 0 4.728059823526089E-8 1.2551768718815927E-8 -2.762264089706155E-5
0.04599891718688658 0.6542488180254783 0.07585611859697282 0 3.7396186971447846E-8 -3.6462534924386533E-9 -2.763669107853387E-5
-0.007855133722757698 0.6491499078369714 0.07536310530979572 0 3.70853175939836E-8 -4.754371564269013E-10 -2.7638125485913146E-5
-0.13380906082414654 0.7600240739879767 0.08523325950883376 0 4.380461609063228E-8 7.940743968192327E-9 -2.762580459640226E-5
-0.04850890629174576 0.6781878024575423 0.07767733236817918 0 3.827872465023377E-8 2.0264117265181397E-10 -2.7634887103114636E-5
-0.09794458893422112 0.7138796015511557 0.08090449857215169 0 4.02008362495485E-8 3.3005695757917345E-9 -2.7630747497558403E-5
-0.7603438011582597 0.3738096376808479 0.09217483686370775 0 1.3825056195769573E-8 4.4528032198877013E-8 -2.7625121580837585E-5
-0.6767294999436547 0.3833870641168077 0.0857669286165472 0 2.374986813034628E-8 3.816648862675328E-8 -2.761706042764973E-5
-0.7186415188607147 0.46354605628657686 0.09293928953994947 0 2.2098201269303063E-8 4.911365502536152E-8 -2.7623930388375218E-5
-0.14285595486183847 0.8282574032154251 0.09152546819348935 0 4.659044620629808E-8 1.3289873317770054E-8 -2.76252620432411E-5
-0.09363126894349026 0.9202489260084377 0.09999999999999998 0 4.930896542760972E-8 1.3061740180322556E-8 -2.7628712975251274E-5
0.09361324045256657 0.9202507597854978 0.09999999999999996 0 5.600080247202475E-8 2.0285717235439192E-9 -2.7625965847147602E-5
0.14341620299378274 0.8294494640794721 0.09164675622284839 0 4.821790980851287E-8 -3.5561603679179778E-9 -2.7621118433092477E-5
0.08739963386816947 0.6969472503405287 0.07943927986118828 0 4.0289157294752786E-8 -7.694165674819275E-9 -2.763046250740093E-5
0.1332242410665833 0.7460807458646898 0.0840331591986956 0 4.203556874401867E-8 -8.573035612476176E-9 -2.7623126004827062E-5
0.011531729957052445 0.7092408490309093 0.07999382505294728 0 4.099955063602754E-8 -5.860156035257557E-9 -2.7626951041546235E-5
-0.08028628936017151 0.7814679591465112 0.08645850584417021 0 4.09191095172995E-8 4.656306857676906E-9 -2.7620320674482824E-5
-0.04561230651596534 0.7294921334214546 0.08175631121749642 0 3.963698111614201E-8 -1.8549205802732355E-9 -2.7624414278295312E-5
-2.6622719632600497E-6 0.924994933365257 0.09999999999999994 0 5.294339136547459E-8 8.448943751678142E-9 -2.7622833478010795E-5
-0.057540995049113024 0.8423979795604504 0.0918960227632853 0 4.394503382897592E-8 9.242326957224194E-9 -2.7616984612851857E-5
0.04284010489062188 0.8515402282381707 0.09269147861274166 0 5.230956094638662E-8 4.229296394047702E-9 -2.7614611193941974E-5
0.06678793864290467 0.7745216917616873 0.0857326633705871 0 4.835623102695296E-8 -5.1250715692512995E-9 -2.7616838182984114E-5
-0.010066347156763605 0.7750831353836388 0.08553470969702802 0 4.313796628650521E-8 -2.484703220754023E-9 -2.760999538478455E-5
