% Model:
% Version:
% Dimension:          3
% Nodes:              691
% Expressions:        4
% Description:        Surface
% X                       Y                        Z                        Color                    DeformX                  DeformY                  DeformZ
0.09361324045256657 0.9202507597854978 0.09999999999999996 0 1.6807087884418515E-7 6.123950591254615E-9 0.049977012987449373
0.19613059753886136 0.9039628493277616 0.10000000000000006 0 1.6187815867314553E-7 -8.742767429031993E-9 0.04997701280676049
0.2873578563384961 0.8792328678266589 0.09999999999999998 0 1.5933382537451563E-7 -2.2022909689374578E-8 0.049977020418409256
0.6177594130735132 0.6884753307245892 0.0999999999999999 0 1.3713481018629242E-7 -7.467641615235281E-8 0.0499770272153427
0.684790004400319 0.6218349412241562 0.09999999999999998 0 1.2739553678277784E-7 -8.584661154793412E-8 0.04997702302514539
-2.6622719632544978E-6 0.924994933365257 0.09999999999999995 0 1.6545706748438855E-7 2.0950392045550293E-8 0.0499770169069148
0.042840104890621886 0.8515402282381707 0.09269147861274166 0 1.581328748438443E-7 1.2648370678791226E-8 0.049977027085196864
0.37075219693550476 0.8474432642497914 0.09999999999999995 0 1.5947600460702386E-7 -3.6514831966953756E-8 0.049977020432047964
0.14341620299378263 0.8294494640794716 0.09164675622284833 0 1.520486484072039E-7 -4.209592398579283E-9 0.04997702033278962
0.2216527773738334 0.8287572231622684 0.09320319712735281 0 1.4920697541538912E-7 -1.3430399884205546E-8 0.04997702518400137
0.29491717071644885 0.8166669280321706 0.09422261270086468 0 1.5179087020602696E-7 -2.3895758834374784E-8 0.04997703072390327
0.5485314952955888 0.74480230687788 0.1000000000000001 0 1.411784183703872E-7 -6.124075070538338E-8 0.049977024065090817
0.5518007966248653 0.6760563257947593 0.09465507346897212 0 1.3296344783529948E-7 -6.304774638390716E-8 0.04997703505507224
0.5876935447112426 0.6161088910778022 0.09257893706827944 0 1.2689566681728542E-7 -7.321278450958714E-8 0.0499770361310385
0.750154542605984 0.541195955123228 0.09999999999999999 0 1.1319643815551787E-7 -9.245045547643208E-8 0.04997702664382916
0.6504705486077746 0.5465931881196746 0.09240305490818576 0 1.1351898354366594E-7 -8.128718722744072E-8 0.04997703015606487
0.8010710017272109 0.46249419126110153 0.09999999999999994 0 1.0397878245776708E-7 -1.0255306602556054E-7 0.04997703354639271
0.8437752416466553 0.3790359375932063 0.09999999999999998 0 9.238723342600511E-8 -1.1226820635096773E-7 0.049977031488975684
-0.09363126894349026 0.9202489260084377 0.09999999999999998 0 1.61409201139593E-7 3.395466381158601E-8 0.04997701221194015
-0.057540995049113 0.8423979795604501 0.09189602276328529 0 1.4896461122853722E-7 2.6643305060132206E-8 0.049977026058620255
0.06678793864290467 0.7745216917616872 0.08573266337058709 0 1.4718291970536457E-7 9.35992191722467E-10 0.04997702715917558
-0.010066347156763604 0.7750831353836388 0.085534709697028 0 1.420261064703922E-7 1.0475769257829877E-8 0.04997703474088835
0.33139114289377414 0.7785556133621918 0.09206768166444738 0 1.4927221079321862E-7 -3.2545816508444656E-8 0.04997703261618421
0.46249999999999974 0.8010734985006057 0.09999999999999991 0 1.506620350985992E-7 -4.9994793502897624E-8 0.04997701714692662
0.3836506929290542 0.7746515411716933 0.09384509082801115 0 1.4846366076745148E-7 -4.044302458863197E-8 0.04997702518396943
0.1913914876174544 0.7797285375111098 0.08801717214843206 0 1.402933672766618E-7 -1.3384010000365864E-8 0.04997702706993068
0.13322424106658332 0.7460807458646898 0.0840331591986956 0 1.3830265048459236E-7 -8.54546698406168E-9 0.049977021169142544
0.290977677915208 0.7546407636986491 0.08855875058870188 0 1.4277756443174203E-7 -2.976619652805787E-8 0.049977040084043564
0.23873623781901876 0.768060257846817 0.08814793343306236 0 1.3864837180595485E-7 -2.0435566192515166E-8 0.04997703637743693
0.0873996338681695 0.6969472503405288 0.07943927986118829 0 1.3209094202997794E-7 -3.681678865571806E-9 0.049977015917310935
0.5230354883414245 0.6422697488364205 0.0903707538749386 0 1.2560227672755316E-7 -6.086525809690547E-8 0.049977043129534535
0.4904238791693691 0.6985151762406319 0.09277567976728547 0 1.3228062330902255E-7 -5.3528106622313805E-8 0.04997703103531029
0.49825230464030656 0.6040689738252 0.08623250303750964 0 1.1587471732500611E-7 -6.297798952751144E-8 0.049977044255368475
0.5828756184496425 0.5332115379316272 0.08685116301599329 0 1.0999700219275235E-7 -7.610746302047357E-8 0.049977033107981024
0.5354804188313992 0.5793968081607486 0.0867593250488703 0 1.1677950751789518E-7 -7.086962779110579E-8 0.049977042214670524
0.706135052883472 0.46732786457169856 0.09212747065803698 0 1.0073126662346305E-7 -8.627079016644741E-8 0.049977040622793595
0.626960623589047 0.4522983371432033 0.08535306995964971 0 9.237736871856504E-8 -7.876461976560862E-8 0.049977036651040425
0.7564175363077812 0.3862256756237963 0.09237249347625182 0 9.280080414472258E-8 -1.0022192153189852E-7 0.04997704363386476
0.7978472984237353 0.3041762806928352 0.09281227257926786 0 7.861743182039585E-8 -1.0503643435052705E-7 0.04997703718710845
0.5572755215547441 0.4510872900080025 0.08061070588876622 0 9.318982015865384E-8 -7.219324363603185E-8 0.049977026539304685
0.8809325160784339 0.2820885436790224 0.09999999999999994 0 7.641601112139118E-8 -1.1430829529468352E-7 0.04997703310653996
0.8318102133114372 0.22322523392999072 0.09353078509252773 0 6.652275320047628E-8 -1.0619250092758243E-7 0.049977044216541484
-0.19616860770583672 0.9039546015730862 0.09999999999999996 0 1.6277174226155463E-7 4.9561926297455776E-8 0.04997701108548548
-0.14285595486183858 0.8282574032154257 0.09152546819348939 0 1.5032045415674362E-7 3.8319880469198294E-8 0.049977019176523384
-0.08028628936017151 0.7814679591465112 0.08645850584417021 0 1.4039634804052354E-7 2.393373516342074E-8 0.0499770249551298
-0.04561230651596534 0.7294921334214545 0.08175631121749641 0 1.343841453428819E-7 1.4177235289267087E-8 0.04997702220885264
0.011531729957052473 0.70924084903091 0.0799938250529473 0 1.3390512829719064E-7 4.993360205005541E-9 0.04997701976932839
0.3464548928541494 0.7191482470167311 0.08759713317592265 0 1.3934613196190362E-7 -4.012952755182742E-8 0.04997703061540844
0.41227210451772556 0.7140762315680476 0.090018645217313 0 1.358442756745902E-7 -4.601933743340791E-8 0.049977026393386526
0.19425119712307035 0.7168127796252429 0.08273823779707913 0 1.3057879256604079E-7 -1.9072978531171232E-8 0.0499770255478181
0.1444236460962668 0.6895139486023729 0.07960445430492033 0 1.2882438542607418E-7 -1.1434077236383693E-8 0.04997701697586439
0.26473613188816314 0.6988930987695542 0.08313425830297129 0 1.308268316403426E-7 -3.2950695457728797E-8 0.04997703258470977
0.31546555307223756 0.6681703741372859 0.0824215607208193 0 1.2864022578892843E-7 -3.9264823883222464E-8 0.04997702590762769
0.04599891718688658 0.6542488180254783 0.07585611859697282 0 1.2532046718168127E-7 3.977839933766998E-9 0.04997701152811189
0.1041493181168425 0.6209165315731189 0.07394244219969821 0 1.1968286755663257E-7 -1.2941049241775397E-9 0.049977012473904056
0.4534199638911959 0.634338879041937 0.0859386615701075 0 1.1787304197947964E-7 -5.3607652528615396E-8 0.04997703531899851
0.4723939921181885 0.5653277489130147 0.08223903081434113 0 1.0823687321974594E-7 -6.250447868431702E-8 0.049977034602811735
0.5096255127299391 0.5106912413470729 0.08097857821614195 0 1.0329704034154395E-7 -6.816387418838606E-8 0.049977028855280124
0.49005227512439603 0.44470401859070546 0.07629562530822705 0 9.479148987111012E-8 -6.188676890329535E-8 0.049977020947057124
0.6719229666176102 0.3884051108238118 0.08561888827579651 0 8.298848438906678E-8 -8.940323441003753E-8 0.049977049108036915
0.585360990165672 0.3703838402167338 0.07867156144500052 0 7.915009743792481E-8 -7.674027261923604E-8 0.049977027601390445
0.7133503615870089 0.32015636681811027 0.08613118221459616 0 7.704008698928341E-8 -9.751788473170571E-8 0.04997704119009268
0.7561533810021166 0.25116889240286866 0.08746370240455795 0 6.622370825270165E-8 -9.785401776363295E-8 0.04997704076712015
0.4678168231247622 0.39722837411780604 0.07282402579327739 0 9.072259871086129E-8 -5.644887552418166E-8 0.049977021105922816
0.5201731653431543 0.38799390136202994 0.0753439569886662 0 8.604443703833165E-8 -6.582203930949332E-8 0.04997702057742723
0.9051251569294584 0.19071818089926673 0.09999999999999992 0 6.36373066230345E-8 -1.18671065518518E-7 0.04997704213814957
0.7902639371480997 0.1788726841459575 0.08869278761371618 0 5.60733779286099E-8 -1.0069382364218524E-7 0.04997705478426473
0.8510855832446352 0.14814580550682155 0.0937894978149824 0 5.766612933388061E-8 -1.1309739512529006E-7 0.049977052375871425
-0.2873939485029833 0.8792210714939994 0.09999999999999992 0 1.580537943756011E-7 6.35027580961159E-8 0.04997701783695126
-0.23130254147882853 0.8233581280344335 0.09294490463014163 0 1.5244386257202725E-7 5.403557740347691E-8 0.049977024751097915
-0.31654977457237843 0.8071051679018628 0.09409208829712742 0 1.4375111789421848E-7 6.611874298144593E-8 0.04997702789528466
-0.17894546311077822 0.7718277883825889 0.08706002927260566 0 1.458629471346749E-7 4.066797260121479E-8 0.04997702398508118
-0.13380906082414656 0.7600240739879769 0.08523325950883374 0 1.4132289675925865E-7 3.196809701231432E-8 0.049977020735790544
-0.09794458893422107 0.7138796015511553 0.08090449857215165 0 1.3352416474565132E-7 2.3988287011621747E-8 0.04997701692547161
-0.048508906291745806 0.6781878024575432 0.07767733236817927 0 1.283614984303513E-7 1.6365777766180963E-8 0.049977013468180134
-0.0078551337227577 0.6491499078369712 0.07536310530979572 0 1.2453663911383886E-7 1.1969715088367065E-8 0.04997701079667599
-0.22520922840433794 0.7458968973346558 0.08588793599516023 0 1.4351370683194818E-7 4.530071693840564E-8 0.04997703185874391
0.3676404370066046 0.6367719158122648 0.08211917016769558 0 1.215719723892001E-7 -4.4603134113207484E-8 0.049977023038201146
0.1936377969261951 0.6392946953673746 0.07676490405819383 0 1.221109788398213E-7 -1.8144053393146475E-8 0.049977016408234126
0.2841334503354857 0.6165726819630527 0.07759808624216208 0 1.2005727802171833E-7 -3.3218879543443963E-8 0.049977017223616235
0.15199695343335892 0.5713443637747505 0.07128864354870554 0 1.1425128338441467E-7 -5.036958989019362E-9 0.04997701897134526
0.020086990102898376 0.582926818943489 0.07076019404513119 0 1.1410589871999332E-7 1.2953879431494084E-8 0.04997701206180734
0.09263905094403112 0.5551170207203663 0.06943102413110944 0 1.0894310865462824E-7 5.133185997203872E-9 0.049977020996244216
0.40094975894605217 0.5652131577221657 0.07869394977656125 0 1.0880290911413234E-7 -4.9322641375491425E-8 0.04997702146761428
0.44736034083495335 0.4974141441538551 0.07684191432450417 0 1.009540694164529E-7 -5.61536659265609E-8 0.04997702183452787
0.43140219656813134 0.4287675225971859 0.07244484890584983 0 9.508216842844643E-8 -4.960636851587905E-8 0.04997702204623181
0.6341588941531795 0.31283518999890125 0.0798162445324894 0 7.140313935997846E-8 -8.565882351541543E-8 0.049977031514457086
0.5293785213896149 0.3388907230126146 0.07386902220939724 0 7.928778763271336E-8 -6.676740851653263E-8 0.04997702031630087
0.5661686439840169 0.30314954318445153 0.07485251919573685 0 7.274269670107562E-8 -7.257122875454704E-8 0.0499770222197296
0.6744856330743808 0.25899543825752414 0.08106282636378112 0 6.457340431213224E-8 -8.949587006804242E-8 0.04997703292062912
0.7226994437477959 0.19973529248782174 0.08334138075756292 0 5.4142167932399594E-8 -9.279190880983282E-8 0.04997704219818737
0.432283916850713 0.3802988180284773 0.07026687195777442 0 9.097883808004108E-8 -4.9562456284767015E-8 0.04997702674518701
0.471669282894354 0.34325991058700306 0.07076541111671207 0 8.4221243376857E-8 -5.7101831254289614E-8 0.049977022600897626
0.9192877608705788 0.10260257931928718 0.09999999999999994 0 5.117151417458279E-8 -1.2617365883581525E-7 0.049977043217800596
0.8038717607621602 0.12213857484508563 0.08895470660031483 0 4.922662031707934E-8 -1.0935485348745559E-7 0.049977059036676444
0.7461230180043805 0.13265602880629776 0.08402816782270865 0 4.2880448364951294E-8 -9.98085875763854E-8 0.049977053095953405
0.8513706752696019 0.07427003550197267 0.09288407134507307 0 4.536613956983301E-8 -1.1751577152539354E-7 0.04997704930853035
-0.37078556224583165 0.8474286657041801 0.09999999999999998 0 1.4838644983394457E-7 7.366125249186167E-8 0.04997701710608567
-0.2837405614792432 0.7514739211838952 0.08805204152803742 0 1.3807766894254805E-7 5.508841729774356E-8 0.04997703841894113
-0.34402355613461416 0.7467533926463904 0.08979839619713195 0 1.3339835819329296E-7 6.478617685675053E-8 0.04997702878736952
-0.37812997462304876 0.7796968295885027 0.09405159466762453 0 1.3832404170695586E-7 7.289986725724616E-8 0.04997702209074555
-0.1720142422395265 0.7059350940103875 0.08139872432652721 0 1.360720662277094E-7 3.540335213123763E-8 0.0499770195720132
-0.11459365381122653 0.6489796043007033 0.07609123122821615 0 1.251375522490689E-7 2.9127483863911242E-8 0.04997701160955739
-0.05636556989485568 0.6123374883168238 0.07290850863136557 0 1.1978726389184537E-7 2.2771268295940446E-8 0.04997701056895993
-0.25001651455608 0.6877574831582878 0.0818288600417976 0 1.32235965564029E-7 4.370067418357531E-8 0.049977026470359724
-0.052031801679697585 0.5443357511275841 0.06842717285738567 0 1.1125648394403352E-7 2.5443307668614457E-8 0.049977018853051336
0.3180361598450387 0.5508547874957042 0.07440724687637126 0 1.1022115457420743E-7 -3.5004402068168685E-8 0.04997701368347748
0.22784343961994075 0.5451094489255655 0.0712614275403811 0 1.1260774116786999E-7 -1.8934662131426948E-8 0.04997701666475054
0.15223360853370177 0.5114589799667827 0.06762073099832457 0 1.08125925116491E-7 -3.6429125156598845E-9 0.04997703445577865
0.001253333994083932 0.5186888782774371 0.06673044987207258 0 1.0507010816719955E-7 1.6244949844138835E-8 0.049977020227147076
0.04502055801070238 0.5239593119206278 0.06715619876796415 0 1.0317760070985031E-7 1.063862473253369E-8 0.04997702236604786
0.09307018049889716 0.48701542238591894 0.06541754354915293 0 9.578151922082723E-8 1.9482111283177174E-9 0.04997703894654404
-0.028427878816465992 0.4894039605592073 0.06510500934199118 0 1.03262791738308E-7 1.9028908272907605E-8 0.049977024848967704
0.3618627937090411 0.47199806236141684 0.07152593305679358 0 9.919308293033549E-8 -3.774486135537368E-8 0.04997701900751292
0.3818998921620359 0.39282083230988174 0.06849211870683777 0 9.189706707890834E-8 -3.8434912369817025E-8 0.04997703436529226
0.5964895386590119 0.24538252217967105 0.07505456752399718 0 6.485859876747815E-8 -7.61879448387422E-8 0.04997702462695155
0.5023235944487768 0.2915186453354023 0.07059623054924216 0 7.500867932516829E-8 -6.102045809266684E-8 0.04997702205495277
0.5325092597313041 0.25445661626164345 0.07121936353097057 0 6.90211005670441E-8 -6.452470621054875E-8 0.049977023751164334
0.6524176664552401 0.20477109599706136 0.07797707686621597 0 5.6482257964098375E-8 -8.45805356525522E-8 0.04997703031035893
0.6908574756839181 0.1584953945063365 0.07995126254637963 0 4.6988004771740286E-8 -9.03091249344389E-8 0.04997703846537129
0.5953591891669738 0.1936606882201294 0.07369160395615945 0 5.9146658910093244E-8 -7.502319830761228E-8 0.0499770273020002
0.6892086201904363 0.11760753932384704 0.079182235454291 0 4.105834128896106E-8 -9.186449810085637E-8 0.04997703830514071
0.405879084331799 0.3317218591300754 0.06705525860874957 0 8.529777872097601E-8 -4.826413671331344E-8 0.04997703644589512
0.4374027432196878 0.28280425722565 0.06685837267776955 0 7.55543746135667E-8 -5.256316282455255E-8 0.04997702949962501
0.9249999999999994 2.4083227273235917E-16 0.09999999999999988 0 3.512658763460474E-8 -1.2525214952139327E-7 0.04997704081808015
0.7822439697509949 0.07342341173252223 0.08646750245519459 0 3.890419083807695E-8 -1.0899804209152805E-7 0.0499770519061924
0.7247257834183622 0.08520662975023731 0.08165698245211614 0 3.616661787777363E-8 -9.91318604645893E-8 0.04997704438879219
0.8252770499196596 2.2719212644267835E-16 0.09008727174442381 0 3.146354282667365E-8 -1.1068707169139031E-7 0.04997704731058651
0.8548200389796248 -0.0652462727687064 0.09314675085287963 0 2.4450369969953038E-8 -1.1214251390425092E-7 0.04997705144017705
-0.4625 0.8010734985006055 0.09999999999999995 0 1.4340885053980422E-7 8.752319515078548E-8 0.049977012872841974
-0.4789401191209053 0.7197628636157833 0.09385470752197606 0 1.339325998537015E-7 9.024953952178635E-8 0.04997702275953232
-0.5083123257938114 0.6756675576578802 0.09200745306162256 0 1.2734847792075106E-7 9.476388084453298E-8 0.04997703152435659
-0.32754350874215143 0.6890222378899378 0.08446715933764734 0 1.2784073577624673E-7 5.720728928567493E-8 0.04997702587732683
-0.41247406389305447 0.7144260354671815 0.09005646238462256 0 1.323706332591035E-7 7.657323194358016E-8 0.04997702259966543
-0.19051431605916905 0.626194724144322 0.07575740850014469 0 1.2159440839916422E-7 3.986156790866995E-8 0.04997701352947423
-0.12546868182070262 0.5661421054611622 0.07053660282173835 0 1.1205541997926683E-7 3.73451897830448E-8 0.04997701889356949
-0.19168892528151546 0.5624523066487603 0.07149027116733264 0 1.0874057074479724E-7 4.460450641058137E-8 0.04997701612465993
-0.29003290264585363 0.6297052539110426 0.07871782471366957 0 1.2125888663614657E-7 5.131355329461254E-8 0.0499770162938671
-0.10596501162257628 0.5041773372256166 0.0665257287102945 0 1.053915638500565E-7 3.4365291116105864E-8 0.04997703626352635
-0.0710277803670786 0.4813038479979327 0.0648997774631422 0 1.0479336494616708E-7 2.50569227554021E-8 0.0499770331288684
0.27234892372669683 0.47172217328134014 0.06829621029644013 0 1.0070437575064206E-7 -2.451407245626345E-8 0.049977019745943985
0.21079455863719812 0.4693257584201238 0.06648483672306539 0 1.0371848576627349E-7 -1.7102793844926027E-8 0.049977027061502206
0.14985938251764008 0.45279307874260605 0.06437801254812757 0 9.952068478157092E-8 -1.2705442818834159E-8 0.049977041945798335
0.18545604713463826 0.4304739947807409 0.06393784680976806 0 9.661751202745799E-8 -1.779906903344353E-8 0.04997703179331188
0.11053788187593885 0.4306223745782792 0.0626902062642271 0 9.041054984771427E-8 -9.879344941253437E-9 0.04997703816343097
0.019795838688718648 0.4703114259817322 0.0640444060829731 0 9.61350666718456E-8 1.0341267432472928E-8 0.04997702547184749
0.06533055038853271 0.4354649165439313 0.06247764990259347 0 8.875869474119152E-8 -6.203516911345517E-10 0.04997703121831493
-0.04037960269203985 0.4408570318083466 0.0625957773306699 0 9.679812038313025E-8 1.6465853208197068E-8 0.049977026996306365
0.3329058545937796 0.33325924236807375 0.06406157186555389 0 7.570820633094255E-8 -3.943293613238105E-8 0.04997704940820064
0.30693864167133966 0.4042133776050551 0.06608285286906407 0 8.685005957786933E-8 -2.7389857121262398E-8 0.04997703267567634
0.5387084587482874 0.20560708274998704 0.07032262751622614 0 6.360194822691625E-8 -6.410754156001778E-8 0.04997702989309789
0.47599510640454495 0.23047538821938993 0.06733340193971542 0 6.596993328308344E-8 -5.430717317491314E-8 0.049977031122007944
0.5285393108936259 0.16518893231571916 0.06885934434787161 0 5.974895576840458E-8 -6.283925938847803E-8 0.04997703887936772
0.6359863797306671 0.1341128294488754 0.07542020319546491 0 4.781534817702189E-8 -8.292939610086125E-8 0.04997703050385049
0.5665181445886517 0.15558354761445173 0.07104008880031383 0 5.719666682763112E-8 -7.065486864270262E-8 0.04997703257893147
0.660910431014522 0.06111123862815046 0.0764443497197492 0 3.5640688623479487E-8 -8.796964719624606E-8 0.04997703174306933
0.3628225028367361 0.2686598783514226 0.06303900336729049 0 6.94508629240549E-8 -4.639139830212095E-8 0.04997703588952155
0.40159415937487913 0.22227119456522582 0.06342742714419668 0 6.144218486785191E-8 -4.716467548205239E-8 0.049977033265136736
0.8374232558848936 -0.1293417213860296 0.09218338983550127 0 1.574094014391723E-8 -1.1197845330946205E-7 0.04997706171285414
0.9192877606928149 -0.10260258091221071 0.09999999999999994 0 2.0625928456343043E-8 -1.2270377743765925E-7 0.049977048294429074
0.736498120183538 1.9461726324828643E-16 0.0822207664498539 0 2.570966790704789E-8 -9.770772556908996E-8 0.049977041721684635
0.7859407931602105 -0.07401767626946824 0.08680140328934059 0 1.7305841930850486E-8 -1.0016783837441126E-7 0.049977056066482214
0.7880045515761323 -0.12910173677696724 0.08762058220646912 0 9.36725977827294E-9 -1.0405496864131771E-7 0.049977066182812536
0.7883546035916829 -0.16488856810254315 0.08824892692988198 0 4.549135983006524E-9 -1.0886312934792926E-7 0.04997706558383463
0.7597010793028802 -0.19500257071099414 0.08634694259141451 0 -2.663093141960096E-9 -1.0552783094403696E-7 0.04997705887155934
-0.5485031394581955 0.7448231888659758 0.09999999999999998 0 1.3620655640408842E-7 1.01837376765849E-7 0.049977019139366044
-0.5596851197575441 0.6634042603718276 0.09419033697962353 0 1.2131701087982356E-7 1.0137652197890596E-7 0.04997703108980856
-0.4499036574234318 0.6597655574984556 0.08762543161615084 0 1.2891301612339337E-7 8.246907057476132E-8 0.04997702848517691
-0.5084523869045262 0.6310249340793687 0.08870435188239581 0 1.2179029124423163E-7 9.073898452153518E-8 0.049977039612768705
-0.3679940573528886 0.6373844042186184 0.08217817873449768 0 1.2389733763628018E-7 6.46828998785013E-8 0.04997701954192763
-0.42125713605646403 0.6077940464059373 0.08247265847688973 0 1.2287947216910596E-7 7.352626289787441E-8 0.049977024213541645
-0.5445828559277581 0.5931276201062035 0.08823074690283744 0 1.1195676853056343E-7 9.162090343440755E-8 0.049977037752936
-0.2598642375444073 0.5690891545970852 0.07365958600480058 0 1.1080935195861843E-7 5.110531407289589E-8 0.04997701114140259
-0.146043412013244 0.5032640730580226 0.06704541835555089 0 9.931618511794252E-8 4.018251854426279E-8 0.04997703609940482
-0.17773060720916645 0.5259463281585312 0.06894804779728927 0 1.0139881435403255E-7 4.4388644937610515E-8 0.049977024337910674
-0.21172158677062325 0.5198781223671345 0.06933829044213057 0 1.0014322002447695E-7 4.778641674581137E-8 0.04997701919203932
-0.31860245148696237 0.5518356333914171 0.07448895588812982 0 1.0980134169906227E-7 5.9593074231655306E-8 0.049977010347657745
-0.14030890931253803 0.4679836164169959 0.06501280116403946 0 9.454204465060912E-8 3.310612159836269E-8 0.04997704304542496
-0.1029411460718821 0.44640858274387013 0.06338188130081228 0 9.756855429536158E-8 2.3603614732676164E-8 0.04997703960195397
0.2318898921058528 0.4016450748890024 0.06367695651733307 0 8.832281645751066E-8 -2.2142787261509915E-8 0.0499770268404187
0.15384627156060382 0.38391173658918915 0.06118533303935767 0 8.626638596994119E-8 -1.582717461699882E-8 0.0499770267502577
0.08567704016096146 0.39343427128029224 0.06068036954612458 0 8.485264921894765E-8 -5.651367072239404E-9 0.049977026953207035
0.05891091878969271 0.3561813785904501 0.05888183035860122 0 8.068270063119955E-8 1.3504724032980391E-9 0.049977020289839115
0.013052198219917915 0.38970549808144694 0.060109559393507296 0 8.558594800510797E-8 7.959951396287494E-9 0.04997702101039599
-0.07539656272461731 0.38263872680028077 0.06011274428033935 0 8.631443149941039E-8 1.9295575185422556E-8 0.04997702321779098
0.29687695963224414 0.26583446546620587 0.06049214663587172 0 6.501225619827363E-8 -3.607956818649723E-8 0.04997703001738196
0.2625418688185837 0.33648330779519714 0.06181290503458571 0 7.347263922133367E-8 -2.8351658753531768E-8 0.049977030804583863
0.4879508039440347 0.1753290332884817 0.06671893154849401 0 5.8533483395988284E-8 -5.44901178094892E-8 0.04997704400098241
0.44078820931890456 0.1777885340956575 0.06428879605061416 0 5.3280499681763765E-8 -4.892397461575257E-8 0.04997704289921513
0.5192463818471629 0.12824117265253684 0.06769417632898124 0 5.555242397796652E-8 -6.496782865662804E-8 0.04997704601283769
0.5800435663390094 0.07440259297015445 0.07086095755136958 0 4.405955966782408E-8 -7.621665355925821E-8 0.049977031206801935
0.637168246229727 1.7636191275501274E-16 0.07448630903843242 0 2.8585683857958875E-8 -8.308650440758501E-8 0.04997702956205035
0.394490378891255 0.17177804019933987 0.06198157459134764 0 5.029330241990502E-8 -4.556114199541023E-8 0.04997703604470984
0.33827356631260735 0.19741612693850674 0.060186571415137134 0 5.620969151173137E-8 -3.969130513414681E-8 0.049977027857594954
0.823080640176532 -0.2073363860609292 0.09232209730203018 0 2.0411211529546147E-9 -1.1583434003247937E-7 0.049977058122818906
0.9051251563026288 -0.19071818387397393 0.09999999999999996 0 6.986994114819118E-9 -1.2585414708780162E-7 0.04997705164716897
0.6918887433807663 -0.06772116765551028 0.07886795692620671 0 1.4659529995659465E-8 -8.902541496818006E-8 0.049977039960879856
0.7325342916850162 -0.13408386908087777 0.08291013088256638 0 2.3582273988982856E-9 -9.653296192204654E-8 0.049977056290118296
0.7578046117703348 -0.24801668508133748 0.08751626752734717 0 -8.094126207430851E-9 -1.0353806032684495E-7 0.04997705372197186
0.7040732060431756 -0.2032143579310842 0.08191372549943252 0 -5.7905798970578315E-9 -9.474323298857218E-8 0.04997704875327988
-0.6177328508859397 0.6884991641819087 0.09999999999999995 0 1.2340582051444522E-7 1.0892347055266802E-7 0.04997702147759902
-0.6071515389330133 0.6092519905512257 0.0934219469334025 0 1.1119096061846379E-7 1.044712390967837E-7 0.049977027189634086
-0.5735399527378838 0.553508622043815 0.08749015204644302 0 1.0625613668902328E-7 9.525665589676707E-8 0.04997702986586838
-0.47303326379715877 0.5791284533565412 0.08316905076856485 0 1.1827418830293024E-7 7.870636035171409E-8 0.049977032462122095
-0.39181543828090004 0.55445735722153 0.07760084140770421 0 1.1319235228039463E-7 6.89311371999305E-8 0.04997701547828206
-0.5240933648557364 0.532232296917964 0.0831006990315747 0 1.0691953481013264E-7 8.512590489333457E-8 0.0499770281880121
-0.2730034360466586 0.47285582187369307 0.06837705113188602 0 9.576593438143124E-8 5.666648417565424E-8 0.04997701655355658
-0.19156331121345604 0.4731617410648762 0.06625147072173328 0 9.165792298520526E-8 4.249066849292484E-8 0.04997702947426714
-0.3580569939172612 0.4725541821277962 0.07140049698238948 0 9.732827262700178E-8 6.939205353085442E-8 0.049977015217010645
-0.30165136280488036 0.4184145297189895 0.06656200918217181 0 9.078076312108497E-8 6.287150717797395E-8 0.049977025676711744
-0.157502577302292 0.4062797025959702 0.06224976286168573 0 8.619320939500452E-8 3.0103011644629443E-8 0.04997702962113608
0.1923176439095004 0.3331039304431941 0.059877835485628056 0 7.662480588239687E-8 -1.886306604546285E-8 0.04997702080935675
0.10763513709501452 0.32249572723181036 0.058047784011843524 0 7.700670711720659E-8 -5.0842443837503805E-9 0.04997701869716617
0.02555769618970364 0.3104658173674803 0.05699894508193309 0 7.498780803285486E-8 1.1135982511527408E-8 0.049977021821878485
-0.04439277195221167 0.328710102628296 0.0577329050528648 0 7.642970621048763E-8 1.9290226692278723E-8 0.049977019261011064
-0.11902524067374878 0.32805250160257865 0.05839824108948766 0 7.597524035070621E-8 2.7900778188231104E-8 0.049977017380833676
-0.017053837843317182 0.27836069099312905 0.05590951428308119 0 6.827977184912691E-8 2.0197924921737636E-8 0.04997702833380303
0.011677278178983168 0.25977319628253465 0.05533524160416193 0 6.788340972920914E-8 1.7212118823110097E-8 0.0499770345614518
0.26432978404622737 0.19520810401833602 0.05761727712614054 0 5.8435289851753663E-8 -2.6647835986473207E-8 0.04997702467108324
0.22703812963746223 0.26409762190385005 0.058370438456053005 0 6.595736556291692E-8 -2.230304635910788E-8 0.0499770212213921
0.4615326701397575 0.12346215125476942 0.06442192515091573 0 4.561267991666996E-8 -5.768232355145618E-8 0.04997705613985925
0.41609697408913515 0.13788398400008958 0.06237868126929303 0 4.325263325555546E-8 -4.957405377382803E-8 0.04997704392781183
0.493812622045095 0.06489296717588176 0.06554297030555511 0 4.1978271471460706E-8 -6.680741227351584E-8 0.04997704402855942
0.5965173615012843 -0.07939251741876009 0.07200225824383245 0 1.994376837097887E-8 -7.584931463669309E-8 0.04997703398595697
0.5449077695259101 1.790659953385319E-16 0.06830916124377963 0 3.308488447733295E-8 -6.947536643474495E-8 0.049977033347186374
0.35923719947272786 0.12552401442410066 0.05970040660633742 0 4.385089153874405E-8 -4.255372718737836E-8 0.04997703046701437
0.23462332403576253 0.13422621113694225 0.05564316792853833 0 5.4469443026999984E-8 -2.0102033230867142E-8 0.04997703622802502
0.29070078878885497 0.12979410487969603 0.05724274123768994 0 5.0154169338439285E-8 -3.125863387695805E-8 0.049977027049617866
0.8014927716328408 -0.29144105877124366 0.09271262928645599 0 -1.0425181079000553E-8 -1.093182034117563E-7 0.049977052274691826
0.8809325145611795 -0.2820885484172241 0.09999999999999999 0 -7.552619980106903E-9 -1.2308054511773012E-7 0.049977047415648936
0.6510493529215736 -0.15514133280147802 0.07686356365481603 0 3.0716559508225175E-9 -8.545186706997654E-8 0.04997703939132208
0.5770279320473077 -0.1518434761804153 0.07165568912865206 0 1.0684171950915955E-8 -7.5698578502191E-8 0.04997703895237489
0.7173493567573875 -0.3169596225802428 0.08634023460744476 0 -1.7660203685974925E-8 -9.160569510939911E-8 0.049977056802293515
0.6897625743522149 -0.264441860913035 0.0824063475266023 0 -1.2961925021954736E-8 -8.971341244112265E-8 0.049977048267461015
0.6384778628041973 -0.23491899962832427 0.0777084562971251 0 -8.321944064642923E-9 -8.327876615875106E-8 0.04997703999833378
-0.6847646792234083 0.6218628292777221 0.09999999999999995 0 1.1331810718167363E-7 1.1779584467610593E-7 0.04997701645655767
-0.6465139113454264 0.538316822314734 0.09160194260007758 0 1.0417499009507248E-7 1.1137728707171708E-7 0.04997702447261857
-0.5770660846669927 0.4836246905463882 0.08360849061752018 0 1.0052099250884071E-7 9.674775038499391E-8 0.0499770242077117
-0.45509595152323246 0.486640439064581 0.0766367028663977 0 1.0083018751167356E-7 7.810116992187476E-8 0.049977016966906804
-0.41803303753571375 0.41861066103869105 0.07131407766744806 0 8.588602926518766E-8 7.79996205957195E-8 0.049977019877036226
-0.5228737105474611 0.469403410425903 0.0794598201715015 0 9.848620573950752E-8 8.72502334615625E-8 0.04997701941152068
-0.2326279902659774 0.402923498403311 0.06375456788963607 0 8.743656832601341E-8 4.70159832931344E-8 0.049977024051632804
-0.2807191746564195 0.3771430143239577 0.06401358518053686 0 8.775969874905563E-8 5.6424358515194666E-8 0.04997703065929697
-0.366851516506518 0.3914531813319968 0.06779342734587492 0 8.194287914856432E-8 7.354335362153461E-8 0.049977033598035014
-0.31784422091904324 0.3574692689417032 0.06445327462614314 0 8.478612637881768E-8 6.177892834082684E-8 0.04997704191028026
-0.19326570388917427 0.3347460184966118 0.05996054906425582 0 7.879898149789715E-8 3.843352996935815E-8 0.04997701866661722
0.14969050843762158 0.2592715660247785 0.05657975437506353 0 6.829877026590528E-8 -8.010541245707525E-9 0.04997701973185612
-0.15073713287945018 0.26108437273446894 0.05665087411303694 0 6.521516633079253E-8 3.6495062974103186E-8 0.049977017670001664
0.06630901180929023 0.250856535710505 0.0553186995326227 0 6.937727772926813E-8 6.896712183700122E-9 0.04997702986506706
0.017981432514459814 0.22651294475696923 0.05443142027174295 0 6.470268990914355E-8 1.480807400580107E-8 0.04997704602631097
-0.07471068043782808 0.2615864764835527 0.0556965634877458 0 6.333313837504528E-8 2.718022874849527E-8 0.04997702526900684
-0.014253461472862217 0.23459230484404994 0.05463523466770248 0 6.075625440310499E-8 2.0530850957669954E-8 0.049977043413106104
0.20062573683728832 0.09527047772396216 0.05430115527057267 0 4.869650419199949E-8 -1.838854490238462E-8 0.049977051753325355
0.18890830540911194 0.1893292231980287 0.05555650018582656 0 5.873904880520228E-8 -1.0991944129786639E-8 0.04997703013101097
0.18353225708574536 0.1263657612272312 0.05431954168807018 0 5.046317429594384E-8 -1.0627830415835314E-8 0.049977050685442594
0.4146151646677903 0.077681020975073 0.06157475739077052 0 3.550396908675199E-8 -5.3769066440832075E-8 0.04997703984167294
0.4636209692030302 1.4593888372567647E-16 0.06366862151549985 0 2.9007651985126676E-8 -5.751536593622063E-8 0.04997703839344965
0.5270134709035552 -0.12362075461980128 0.0680883893303861 0 1.8117384247355848E-8 -6.696500049550173E-8 0.049977049883270404
0.5078212312272355 -0.05773868566153319 0.06628756501631428 0 2.4453449417137837E-8 -6.015701347355563E-8 0.04997704369657805
0.3331467524821928 0.0633273262949379 0.05801432008933982 0 3.770300181737249E-8 -3.9359680303582366E-8 0.04997702631149949
0.2538184516803514 0.06940494742292715 0.05542696753822805 0 4.5133370457470593E-8 -2.7279873912132428E-8 0.049977034764732815
0.7635253857731481 -0.3782532475337201 0.0926398396720293 0 -2.095641659269594E-8 -1.0126256018196677E-7 0.049977061556632396
0.8437752388147 -0.3790359438971111 0.09999999999999999 0 -2.0381444738946853E-8 -1.1410787311745592E-7 0.049977050677182604
0.5898871014295897 -0.20776639827421509 0.07364495662277286 0 -7.278379586230785E-10 -7.808326694492377E-8 0.049977036762952155
0.5408130551366508 -0.18150058753720788 0.06992281214701015 0 7.248348132540772E-9 -7.31238964073182E-8 0.04997704264700253
0.6777956079436661 -0.39290477214771746 0.08626804024189792 0 -3.239702183218383E-8 -8.80503884571437E-8 0.04997707013072559
0.6346730356926773 -0.3174870091624343 0.08001946855914076 0 -2.2504219175046467E-8 -7.925066251876491E-8 0.04997704812482098
0.5796784116794852 -0.2776116098201063 0.07488927562467991 0 -1.3380409240482806E-8 -7.48169300992114E-8 0.049977037050528694
-0.7501326501074496 0.5412263004122693 0.09999999999999999 0 1.0350206113943735E-7 1.3056411275525016E-7 0.04997701929798438
-0.7186415188607144 0.4635460562865767 0.09293928953994947 0 9.25529980429677E-8 1.2542860893172495E-7 0.0499770336915155
-0.5580584193120213 0.42548332869284045 0.0793877523859349 0 9.349325646478615E-8 9.388705338470567E-8 0.04997701972390308
-0.6328963674406778 0.4470501467799965 0.08550954643040555 0 9.751254958507006E-8 1.0873958584599516E-7 0.04997703154541419
-0.6767294999436545 0.3833870641168075 0.08576692861654717 0 8.69620266912577E-8 1.1054640216478303E-7 0.04997704240263472
-0.4324706598932547 0.3595596935895599 0.06940707877592157 0 7.421334355308414E-8 7.82307487651009E-8 0.04997702376143934
-0.48200836859227103 0.4026983386005155 0.07383556549613608 0 8.53338991627189E-8 8.414318979635401E-8 0.04997701536575556
-0.5442886348821633 0.36830034160648034 0.07595460109733419 0 8.359182423679139E-8 9.217507799911474E-8 0.04997701608581523
-0.3182526738785638 0.31228528282505874 0.06275542647814243 0 7.78735531728186E-8 5.485550231623039E-8 0.04997703928040022
-0.25621859628623345 0.32661564029958035 0.06125711843708684 0 8.103394375280655E-8 4.818094276393807E-8 0.04997702618568154
-0.37474174799433474 0.325215240573534 0.06543736846884436 0 7.032958792725669E-8 6.553321029409928E-8 0.049977040879285436
-0.4300985673768074 0.3012630280350379 0.06711000127247038 0 6.643984392127617E-8 7.59365365155585E-8 0.04997702579858835
-0.22695325756190313 0.2565120405768185 0.058144911454045704 0 6.717159220541582E-8 4.5548967708047195E-8 0.04997701845023625
-0.18350196867475074 0.18844743574056294 0.05542383280391715 0 5.358237451198747E-8 4.4601455179726E-8 0.04997702846116961
0.11136664405289663 0.19289268576805546 0.0543171535525474 0 5.945425754342558E-8 -5.393810765147992E-10 0.049977034301538895
-0.1122914677939212 0.19449452747555573 0.054363926326504504 0 5.4185331993606203E-8 3.2672591991136693E-8 0.049977032660929364
7.833096257776418E-4 0.19069362679459012 0.05356840441819727 0 5.651125470532052E-8 1.1111099093757931E-8 0.04997705301510347
0.04520143550094839 0.18418512355280772 0.05354594410814683 0 5.977560537414352E-8 5.1773889562156805E-9 0.04997704607990572
0.017173734845246678 0.1662656573333219 0.05309215701680856 0 5.454200289857783E-8 5.846763354533144E-9 0.04997704894708271
-0.04746651353754764 0.1829715324610284 0.053532622158623755 0 5.1082810737834426E-8 1.8981780137895545E-8 0.04997704493730749
0.1909210649037195 0.04684254353730668 0.05369730809312632 0 3.8806556765955055E-8 -2.016592658628862E-8 0.049977048007848246
0.15384433041034729 0.09209874155024392 0.053330182368177645 0 3.9845859146783256E-8 -1.2315692898167453E-8 0.04997705515583856
0.13647605991683223 0.1435082568468913 0.053729825805134857 0 4.8825430058580005E-8 -4.2654598554443496E-9 0.049977044920539934
0.38492668203237634 1.0023152680894796E-16 0.05989052034096669 0 2.6114352463685566E-8 -4.589525200755618E-8 0.04997703046663376
0.4253355502182104 -0.06042681663517086 0.061949401873126426 0 1.621579130357802E-8 -4.817369963845079E-8 0.049977042512980234
0.48600244774065643 -0.18106149615140063 0.0667271620082264 0 5.199578799568245E-9 -6.75355982420514E-8 0.04997705165554329
0.4535801009187721 -0.11979187747949692 0.06395953291420167 0 7.785018692237316E-9 -5.4909122978136156E-8 0.049977061053598316
0.30024351839566077 1.0287337474471442E-16 0.0566089984335615 0 3.135122388573759E-8 -3.3406716448482166E-8 0.04997702695918637
0.2238875048948223 7.961310541061857E-17 0.054346295287657866 0 3.3618755404431686E-8 -2.2124816389977412E-8 0.049977039550203134
0.7176713367395706 -0.46521260674377907 0.09294805270739667 0 -3.725685574664838E-8 -1.011073935363303E-7 0.049977064060882294
0.8010709981238167 -0.46249419750242293 0.09999999999999998 0 -3.3808801288744944E-8 -1.1108599378576659E-7 0.04997705712228031
0.526450453306162 -0.2376825100162034 0.07038843476625323 0 -3.4610760710436185E-9 -7.074481418136883E-8 0.049977037889796225
0.4546475825643904 -0.23293628734368743 0.06627327609670221 0 -3.61958658213549E-9 -6.03463066254225E-8 0.0499770435685511
0.5306797663003683 -0.29923675531161764 0.07251363051783592 0 -1.4620931331483198E-8 -6.85769315875751E-8 0.049977035882673666
0.6103906305879975 -0.40135765312469507 0.08172372928462608 0 -3.701477285894635E-8 -7.837639017648679E-8 0.04997705473227816
0.6403517767463041 -0.46278562534170165 0.08686037768572827 0 -4.264228439083431E-8 -8.690134840063091E-8 0.049977060816745675
0.5664981365845182 -0.34007595181336636 0.07621962270586985 0 -2.4369942849718383E-8 -7.170788005207565E-8 0.049977040299168066
-0.8010558185062641 0.4625204886241073 0.09999999999999998 0 8.935621628165063E-8 1.3556389918128515E-7 0.04997702548864838
-0.7603438011582597 0.3738096376808479 0.09217483686370775 0 7.621086766142041E-8 1.245398983371E-7 0.04997703464250839
-0.6064827120561795 0.3683452405387546 0.0800133246078764 0 8.750399228294729E-8 9.990165174917397E-8 0.04997702543654239
-0.6554904399290363 0.3258387756938692 0.08184700708932659 0 7.932149633881747E-8 1.0512095352449538E-7 0.0499770297392936
-0.7173789460644423 0.3218656625868021 0.0865204629875929 0 7.383643596737018E-8 1.1532427697933378E-7 0.049977033745801196
-0.4490633670822638 0.262933614095089 0.06682964731028332 0 6.267405166687706E-8 8.046675806844652E-8 0.049977024082549365
-0.561964870759204 0.31624700130713357 0.07504348009682706 0 7.546793588186202E-8 9.49648257454399E-8 0.04997701601647399
-0.4969688691845382 0.31115828345845914 0.070963541880969 0 7.048087986542671E-8 8.69824396198263E-8 0.049977016155055426
-0.3445240713159381 0.2767146512083848 0.0625551726814487 0 6.907241555450745E-8 5.783973818431085E-8 0.04997703359727307
-0.29822944351534514 0.2720284218761082 0.06072614652584281 0 7.147457145532281E-8 5.2000357148037345E-8 0.049977028071692846
-0.278960464150049 0.23105339123962187 0.058930977919053947 0 6.336650060883062E-8 5.173308960463191E-8 0.04997702148699122
-0.39866775255885006 0.2551376793832062 0.06418286265211672 0 6.325910034496068E-8 7.005949280037259E-8 0.04997702871771497
-0.43855507291261625 0.22078311851591842 0.06514753629020965 0 5.909463046041473E-8 8.046657872544118E-8 0.04997702914463344
-0.25569422992480945 0.18010642956677383 0.05704280655464758 0 5.223120990992091E-8 5.16724675643428E-8 0.04997702309228278
-0.22047029564306936 0.14293411554993973 0.05541545974285534 0 4.340745860026118E-8 4.894094179271875E-8 0.04997703514907342
-0.18680865935078536 0.12991541986645877 0.05443956342319764 0 4.3345321953087906E-8 4.4744432228096906E-8 0.049977046701283896
-0.13865734030206037 0.13413724110678016 0.05361667711440055 0 4.924432312028821E-8 3.6240464950185726E-8 0.049977045599597404
-0.13558426904309848 0.09984465055515283 0.05311549222562181 0 4.6153314590990674E-8 3.16821283219019E-8 0.049977049563302366
-0.25161809751440434 0.1255049475699697 0.05598231997151887 0 4.063303077474821E-8 5.076287590400543E-8 0.04997703004149048
0.19420772375092543 -0.04676552312468657 0.05376845209193871 0 2.53557334928545E-8 -1.4775389348897156E-8 0.049977049774450125
0.07844894660138703 0.13587756131386025 0.05290437550856243 0 4.819022993700447E-8 -6.893996433644988E-10 0.04997704207087718
0.1581850159804538 4.03666044625459E-17 0.05292729798071231 0 2.795764620142452E-8 -1.2411150614224154E-8 0.049977046027208046
-0.0793293077376864 0.13740239153093967 0.05293577949983721 0 4.8477469728541434E-8 2.2922559293676065E-8 0.04997704115603266
-0.10192189467460562 0.10267269443312377 0.05269596908601703 0 4.639713133667263E-8 2.5665287231867088E-8 0.049977043096015306
-0.004334214649360648 0.15163914092247652 0.05281372846092682 0 5.035231585608384E-8 7.632126299601015E-9 0.049977046491152324
0.035198297345602834 0.13784946141786308 0.05265706254873472 0 4.946874082688311E-8 2.7190820302881598E-9 0.04997704296104899
-0.03647527919163236 0.1302798698937503 0.05254752074115307 0 4.6959845311641055E-8 1.329253079029193E-8 0.04997704129232315
0.12737884186502524 0.04457914646124021 0.05254239887577797 0 3.171007752537061E-8 -1.0202920693224385E-8 0.04997704509935806
0.10177697427875258 0.08834048795367636 0.05253956863179542 0 3.770310226691838E-8 -5.397884435539621E-9 0.04997704382063805
0.34118511954802583 -0.062154607897978366 0.058312559079427444 0 1.8306026144709968E-8 -3.822504746571941E-8 0.049977029936735404
0.37836392981717903 -0.12391451309547875 0.06047575124681005 0 5.349014429458032E-9 -4.4349306457464225E-8 0.049977040245694784
0.41238404925178007 -0.18021837395374024 0.06296662723972753 0 -1.345341380992525E-9 -5.298040035710265E-8 0.04997704701769597
0.1676578507312959 -0.08204581170599337 0.05348225864611659 0 1.6261708977377123E-8 -1.1774548820520858E-8 0.04997705958663153
0.20181374228166962 -0.09141964150518621 0.05428754190491373 0 2.1000209889242723E-8 -1.8629425354653695E-8 0.0499770557495397
0.25485064501553883 -0.06881848120103617 0.05545206946541742 0 2.444407054917973E-8 -2.5980113736173435E-8 0.0499770378057578
0.6644823007055147 -0.5389515943966049 0.09297818153954257 0 -4.838117196061717E-8 -9.09312474501236E-8 0.049977057341150544
0.7501545366059805 -0.541195963440213 0.09999999999999984 0 -4.791519896465107E-8 -1.0602878023791377E-7 0.049977054063314645
0.6027366073062329 -0.5213223560235656 0.08747588350371878 0 -4.755029148508035E-8 -7.793356044478253E-8 0.04997705845550887
0.3907221727608636 -0.23584567652234328 0.06329187670784996 0 -6.094532207796905E-9 -4.637492703576632E-8 0.04997704454055642
0.47890979704271586 -0.2863984098188226 0.06912760288748078 0 -1.0015835471936246E-8 -6.196063323861699E-8 0.04997703853879944
0.4250914842628162 -0.2904030737883922 0.06650384046370365 0 -9.210502943682857E-9 -5.18803031634996E-8 0.04997704586979588
0.5018045759598764 -0.3463645861940246 0.07254833341115846 0 -2.080743719848417E-8 -6.384238420834293E-8 0.049977037637237695
0.5395049675561714 -0.4037977139333864 0.07721405836956645 0 -3.3447746780171205E-8 -6.783048060409815E-8 0.04997704268016121
0.5629289159938321 -0.47314451663551055 0.08212579004392509 0 -4.35882809554614E-8 -7.044000027632428E-8 0.049977052023418046
-0.8437609348289447 0.37906778281416026 0.09999999999999995 0 7.598569978950601E-8 1.3857017157243743E-7 0.04997702267825557
-0.7888004165309437 0.2903760964571749 0.0915314985584158 0 6.645793577639923E-8 1.3107019770344924E-7 0.04997702964128915
-0.6102329054490165 0.2953318100128198 0.07752504764743698 0 7.384598575778124E-8 1.0079488312815684E-7 0.04997702004328003
-0.6672358697757713 0.2726523999513782 0.08092297245691278 0 7.034811085130217E-8 1.0920181636564142E-7 0.049977025273508446
-0.7578216461505273 0.23114048963723496 0.08705889216020636 0 6.215351588184231E-8 1.283536990193539E-7 0.049977034550614835
-0.7250638207162802 0.2644091498704253 0.08523826785223539 0 6.734605735292865E-8 1.1992581806558686E-7 0.04997703025325601
-0.49761740681994665 0.2259943198914076 0.06840949555720777 0 5.740248508036748E-8 9.053329505718332E-8 0.04997702450530506
-0.5531916805568725 0.2548390044927608 0.07250231820116229 0 6.353020093159607E-8 9.605707103635888E-8 0.04997701707738909
-0.3304177610769968 0.2075632873895256 0.060121873146272396 0 6.001743965882926E-8 5.925405655192037E-8 0.0499770237570696
-0.40020050920329836 0.18553375498639196 0.06251643484045977 0 5.787235962763786E-8 7.285948448992315E-8 0.04997703100107359
-0.4509389353459413 0.1806295394110867 0.06485872161226297 0 5.488787550973532E-8 8.418855476714557E-8 0.0499770379656802
-0.3081655557366316 0.12979030410922685 0.057834162632571066 0 4.5982422043545226E-8 5.736553677850201E-8 0.04997702258928078
-0.21413652185417031 0.10501643106435352 0.05472829937040968 0 3.606160049524834E-8 4.471891312076178E-8 0.0499770439248059
-0.1657690318723487 0.09663028560186343 0.05359396061230914 0 4.230791498557901E-8 3.60320970926615E-8 0.04997705449742423
-0.13208776332768432 0.07040426877471608 0.05277929135503944 0 4.2019968269991095E-8 2.8405769674115683E-8 0.049977047147056364
-0.2668792736165402 0.06671487334767569 0.05579077358601759 0 3.221128931615419E-8 5.023166675591445E-8 0.049977028305668365
0.13394298555224937 -0.04272165979228181 0.052630185389843605 0 1.909606187083642E-8 -6.344718012228235E-9 0.049977048101590926
0.04273067501608838 0.07401170016957918 0.05192584962618541 0 3.727870236509335E-8 1.6960965688362871E-9 0.049977034369301974
-0.07427627943517315 0.042883429926301064 0.051928801697300825 0 3.771802112077337E-8 2.024955863847881E-8 0.049977034495477225
0.08580268905133058 2.7924535741052085E-17 0.05192915349305607 0 2.4459073923842793E-8 -1.6530309875551514E-9 0.04997703654264537
-0.04304287969149937 0.07455245452975151 0.0519319033593881 0 4.0899962394574996E-8 1.4409790363876626E-8 0.04997703393294439
-2.9796378738924766E-17 0.08577355466188762 0.05192886660175564 0 4.0821363816464916E-8 7.232357686450703E-9 0.04997703409482385
0.0741595043143772 0.04281600977887492 0.05192749553399362 0 3.1043290985143603E-8 -1.826882699452461E-9 0.04997703561444167
0.12170874450296679 -0.07937873255132208 0.05270638285367756 0 1.2266342835357103E-8 -5.187646545211616E-9 0.04997705127900657
0.1532214795718842 -0.1047515501973591 0.0534601593182905 0 1.0764805631501001E-8 -1.3123393526446232E-8 0.049977059682980295
0.2997814449763266 -0.13025461904441932 0.057552736756421516 0 1.0741442450170262E-8 -3.3947335409693125E-8 0.04997703304592407
0.34046960443170665 -0.192505611563268 0.060162576700472446 0 -1.902192307102908E-9 -3.873185245424838E-8 0.0499770374775185
0.34557599933864525 -0.25420475687873284 0.06192004258218349 0 -1.0071013193697577E-8 -3.63734065181649E-8 0.04997704598560532
0.17846806103523252 -0.12182655323316931 0.05415222050793654 0 1.2713543926758819E-8 -2.0334391741276454E-8 0.04997705852172471
0.23090062297727748 -0.133798202671902 0.055538699139373295 0 1.4661254322433116E-8 -2.7022796848323042E-8 0.049977043742632746
0.6050561438570468 -0.6036830020468081 0.09289418017943481 0 -5.477905627455071E-8 -7.972654410257534E-8 0.049977063849893165
0.6847899965302142 -0.6218349498910589 0.09999999999999994 0 -5.769689011361402E-8 -9.320719968564714E-8 0.04997705435150486
0.5365057739834544 -0.6074638984061791 0.08871198704411519 0 -5.8859856065335026E-8 -6.801982761629289E-8 0.04997707521406919
0.5490740032503056 -0.5442731464552362 0.08535659345024513 0 -5.089338218516392E-8 -6.595012155503313E-8 0.049977062923503866
0.3750627258693447 -0.2936858939923493 0.06434654814554322 0 -1.1748864362267691E-8 -4.0869461657942184E-8 0.049977054186842534
0.3969354899692888 -0.3460112170117684 0.06719703593166886 0 -1.5399190806289692E-8 -4.937316016029282E-8 0.04997705605643532
0.4494990254251991 -0.34835776824770576 0.06980849106780326 0 -1.7334584215667303E-8 -5.709017027245242E-8 0.049977043138189056
0.4743994852003083 -0.40954268251415876 0.073738234339428 0 -3.026027367035633E-8 -5.991273334931823E-8 0.049977040974346326
0.5051728219418842 -0.4543425560441293 0.07763963571270259 0 -3.9832728405215615E-8 -6.182639879794128E-8 0.04997704495343529
0.5025098789806551 -0.515963207586209 0.08087711077114171 0 -4.986416613440096E-8 -5.8592206286875765E-8 0.0499770550238472
-0.8809225682293763 0.28211960771987943 0.09999999999999996 0 6.311441947479839E-8 1.4750253008522886E-7 0.04997702346419255
-0.828550120997359 0.21135039229983998 0.09293041569195869 0 5.391485855915836E-8 1.4069943446322167E-7 0.04997703692476579
-0.4876818695036711 0.16005919777938843 0.06641416297022892 0 4.710349630706147E-8 8.969356722980586E-8 0.049977042811241615
-0.7583678808155521 0.178257805309045 0.085877514601274 0 5.687270259811749E-8 1.284153701726898E-7 0.049977043133796535
-0.6170663609123308 0.222189336538271 0.07585507468331582 0 6.094626390033775E-8 1.0423692424542844E-7 0.04997701944758093
-0.6972424057138273 0.20430689657176634 0.08139617396721441 0 6.175823239316758E-8 1.1704637955094897E-7 0.0499770293602464
-0.5518948161465875 0.17422255470543752 0.07046196471921623 0 4.764523385365009E-8 9.702036450582583E-8 0.04997702630636547
-0.36894201678212313 0.12798179161528736 0.06013540062401418 0 5.0664685099572574E-8 6.583855134704688E-8 0.049977027785113426
-0.4362515368769687 0.13236424219261816 0.06326633817399903 0 5.212175447002754E-8 7.704206222580659E-8 0.04997704472611021
-0.33947513674739144 0.06240362523718613 0.058248486325065116 0 3.759935383379059E-8 6.04863297399425E-8 0.04997702239055098
-0.18433654548332082 0.048222709230570565 0.05356505347436668 0 3.2076177700555827E-8 3.5213585178983564E-8 0.04997704657981263
-0.13330372693534312 0.03517105967265548 0.052587287930552964 0 3.571344512865342E-8 2.878102148064704E-8 0.04997704337290192
-0.08544796042127181 1.2633032021521531E-17 0.05192572029476935 0 3.156130172920394E-8 2.3788975041333898E-8 0.049977035227501986
-0.2993967149465731 5.4908359945213266E-18 0.05658028588283902 0 2.4566562444746034E-8 5.5712538591000387E-8 0.049977023107133284
-0.22270343343645202 -2.7398019802337882E-17 0.054316401779706945 0 2.2490345935962217E-8 4.430718383290003E-8 0.049977036684103096
-0.27837086784154214 -0.12617379267311218 0.05679356136910862 0 5.172664474957971E-9 5.1513330481433965E-8 0.04997703059364456
0.07416648351753428 -0.04282003922369633 0.05192757354063934 0 1.8346265865356708E-8 1.9931532128855843E-9 0.04997703761117395
-0.07423701450489274 -0.04286076030823398 0.051928362278406685 0 2.4973417034902617E-8 2.4004443699185715E-8 0.04997703651229461
5.433302611002987E-16 -9.25534990736191E-16 0.051513083863437 0 2.8025446763294378E-8 1.1077860635596606E-8 0.049977027674242905
-0.10393602836491157 -0.0928684349452979 0.05261104654913398 0 1.773120297608764E-8 2.7628552566606552E-8 0.04997704730269694
0.09263290818595533 -0.09340215664313874 0.05249108753880629 0 1.1015046901527303E-8 -1.2233262930695E-9 0.049977046881009075
0.13365633223327938 -0.131494330544841 0.053500013617672336 0 6.736798287030172E-9 -1.2658227417481686E-8 0.04997705360385793
0.32685099627426545 -0.2905697969488598 0.06232853198902639 0 -1.713677401834431E-8 -3.226331785714407E-8 0.04997705354294784
0.25568805190108224 -0.19009790761699052 0.05725179690059135 0 1.7358511082690445E-9 -2.891145041209859E-8 0.04997703451055518
0.2878012678865199 -0.2461068228137798 0.059620677596610265 0 -1.0410517609034863E-8 -2.9383343005648108E-8 0.049977038823082215
0.17648242248939017 -0.17786432905826252 0.055061790182478074 0 4.123810997936102E-9 -2.168209024352414E-8 0.0499770428640122
-0.2483235922732361 -0.18165056966040063 0.05686432272721823 0 -1.739185621031103E-9 4.529739958620158E-8 0.049977031719429396
0.5547456546446986 -0.6639301342123074 0.09391738389868397 0 -6.593755429247709E-8 -7.656408690593652E-8 0.04997707011367329
0.617759403950767 -0.688475338910477 0.09999999999999995 0 -6.782598702886962E-8 -8.44123534357958E-8 0.049977061944513734
0.5055257679581893 -0.637124600070996 0.08897493457515948 0 -6.726882680278053E-8 -6.724806481391753E-8 0.049977075413982566
0.4877536710430043 -0.5826751104622181 0.08420495651136725 0 -6.196006139555053E-8 -5.708569976014889E-8 0.04997706949912349
0.33633282409977666 -0.3398966968888034 0.06444423660906808 0 -2.3690893370073935E-8 -3.867488737900141E-8 0.049977066729677756
0.3632772876174715 -0.38800374757803635 0.06749345504717459 0 -2.5885436224964708E-8 -5.001948545758893E-8 0.049977058123211106
0.41704203467651185 -0.4108303752912243 0.07090170067103964 0 -2.8272140710766302E-8 -5.483335772245015E-8 0.049977045867836405
0.4381086940659461 -0.4733073985449338 0.07505155127124846 0 -4.199287643377209E-8 -5.390566619526355E-8 0.04997704378517189
0.4531934148271225 -0.5420428192507506 0.07976926362259741 0 -5.610597459824038E-8 -5.205342411204218E-8 0.049977054467914034
-0.8565041007211142 0.12935729823844902 0.09401883827528355 0 3.909585998950594E-8 1.3898695869469635E-7 0.04997704173663518
-0.9051192255768068 0.1907463267598074 0.09999999999999999 0 4.8640691212204255E-8 1.503704410254047E-7 0.04997703171868469
-0.7940808377677345 0.13178185399490336 0.08820577601429047 0 4.571021034732772E-8 1.2923760550820588E-7 0.04997705090763216
-0.33304413722574716 -0.0693067767843958 0.05805530637396814 0 1.750927023528976E-8 6.180968503949315E-8 0.04997702532101035
-0.4742240483662385 0.11256694280313873 0.06494853319711702 0 4.2858454574039626E-8 7.94931458585481E-8 0.04997704980567197
-0.5075730010734563 0.12513873893141758 0.06697106660603604 0 3.8896320862538166E-8 8.727081180823965E-8 0.04997704361602394
-0.5430568755805907 0.10886676283437083 0.06886622733636953 0 3.618568791309372E-8 9.123420683035221E-8 0.04997703255355499
-0.7200856347104287 0.12756375701027653 0.08178787314202199 0 5.2529685797827126E-8 1.178605912125742E-7 0.049977037398829194
-0.6366216770914513 0.1480565042375733 0.07568897320024313 0 5.0314863740403904E-8 1.0655159157019754E-7 0.049977022736194504
-0.5817364775186938 0.11498204866540508 0.07140762999266016 0 3.9644850708158256E-8 9.771520263923791E-8 0.049977024924553054
-0.42774238996431574 0.06497482014443741 0.06209784320535726 0 4.063822459777241E-8 7.092317724345113E-8 0.04997703527605562
-0.3847166606924661 5.007387460326135E-18 0.05988137680814879 0 2.991173857473987E-8 6.842319802965026E-8 0.049977025316222654
-0.3349183900900527 -0.1391323925724424 0.05894927757126893 0 8.353207264438593E-9 6.10842910266263E-8 0.049977029441427664
-0.29014129297673835 -0.2192290809213992 0.05898973037684319 0 -4.053771555566292E-9 5.526654709137033E-8 0.049977031547995224
-0.30831506111577245 -0.17770170158565646 0.05867258259636438 0 1.3539542808699726E-9 5.7019659231567423E-8 0.049977029647041246
-0.8184909839211807 0.07533925376340875 0.08977629762126751 0 3.49213175285572E-8 1.2960455713441816E-7 0.04997704235375256
-0.15687445011428935 1.9896548115933566E-17 0.05290395974586269 0 2.815132870782041E-8 3.4465652413089585E-8 0.0499770436625567
-0.12783259126111396 -0.033275347967647646 0.05249920381841622 0 2.5854571771276677E-8 3.209148862185733E-8 0.04997704393445259
-0.12619399745448542 -0.06614911525416546 0.05266041061116255 0 2.1799723208452483E-8 3.2243505294980056E-8 0.04997704845360262
-0.24680219676358395 -0.07209570484823002 0.05524990662857362 0 1.0294387521299288E-8 4.85524902362985E-8 0.04997703643035129
-0.22815732549244763 -0.13366956667415794 0.05546555293618707 0 1.5012709389914695E-9 4.111367927118329E-8 0.049977040916371916
-0.15093740406319942 -0.09389909648308085 0.053299030733839035 0 1.6198146181174833E-8 3.386051501575577E-8 0.04997705689568159
-0.17405337917392047 -0.045794392161233266 0.053343830220451034 0 1.9582817069320527E-8 4.0143761543115235E-8 0.04997704898972936
-0.18973296493485722 -0.18461798069110347 0.055474546986767154 0 -2.2957572638533106E-9 3.331744463356374E-8 0.04997703724736756
-0.1364384943575783 -0.14270773398924902 0.05371629461338726 0 7.394662103152958E-9 2.6432512777366412E-8 0.049977049849656105
0.04273873390329096 -0.07402565857166638 0.05192600533605053 0 1.524617124752264E-8 7.774481485362675E-9 0.04997703785402611
-0.04299754043112493 -0.07447392462720538 0.051931021483395706 0 1.871027656782216E-8 2.055122576632118E-8 0.049977037317616387
1.3904975238826412E-17 -0.08573627431625096 0.051928505242836896 0 1.5300805797565184E-8 1.493506839235509E-8 0.04997703806165197
-0.07925046645516252 -0.13726583442387433 0.052932952804228266 0 7.582714973715449E-9 2.2900809908778595E-8 0.0499770473506753
0.078463056828959 -0.135902000944921 0.052904876080197075 0 7.730805000607633E-9 -4.4762711574919563E-10 0.04997704848593046
0.11138757858716244 -0.19292894544503636 0.054318208030815426 0 2.0492352491568E-9 -1.0154443529736162E-8 0.04997704348233483
0.2704412885460667 -0.32134890739138133 0.06148782850104338 0 -2.4808992050525037E-8 -2.7078042192783603E-8 0.0499770478378456
0.21970172124605267 -0.2547036178054315 0.05790944965811469 0 -1.0540011226084753E-8 -2.2387477800079506E-8 0.04997703321436777
0.06445906182530692 -0.2524774236880237 0.05535114833714504 0 -5.6025901832771615E-9 -3.967542408775546E-9 0.04997704186820292
0.14972579901011426 -0.2593326910893636 0.056582144341893334 0 -8.861915497401375E-9 -1.4026901665223379E-8 0.049977032320271245
0.031363797849434556 -0.30517057546423765 0.0568332914109285 0 -1.6425666900289585E-8 2.6968335716175857E-9 0.04997703691674467
-0.03281109095750645 -0.303248501545522 0.0567724159885361 0 -1.8344904853935424E-8 1.207582448904822E-8 0.049977036539301724
-0.22974591189928226 -0.25639797529990704 0.058213734017978094 0 -9.041624703691482E-9 4.5021782873402394E-8 0.04997703040201695
-0.15050660974349658 -0.260685094950677 0.05663516711153095 0 -1.2433903783296004E-8 3.071042880648357E-8 0.0499770297230889
-0.0010639892128916778 -0.35571530812846325 0.05866683852382106 0 -2.5029183892790634E-8 1.1345324144028325E-8 0.04997703614482405
0.4897167015298755 -0.6990669986722716 0.09278011319940965 0 -7.576094248931995E-8 -6.796704398059075E-8 0.049977065819907816
0.5485314847714318 -0.7448023146284537 0.09999999999999996 0 -8.051752770058193E-8 -7.734846124329087E-8 0.04997706134043822
0.4538946410105444 -0.6418290507487608 0.08650541722977732 0 -7.154469307791825E-8 -5.8123855644706067E-8 0.049977067005656656
0.43691576165411183 -0.5863880363863174 0.08178506492225697 0 -6.442675021013378E-8 -5.108553393419813E-8 0.049977059167418146
0.30008338071089913 -0.40108479031261085 0.06570468861303413 0 -3.3375683098172616E-8 -3.933365458030307E-8 0.04997705254785966
0.35656776116113886 -0.46142030598113837 0.07075125137743835 0 -3.947385774848548E-8 -4.6803252037437486E-8 0.049977043351060894
0.38634553368626 -0.5411366135074784 0.07653244947706513 0 -5.467151134709337E-8 -4.5313776198971096E-8 0.04997704488481627
-0.8641324069088798 0.062174994255793294 0.09403348687291993 0 3.044290168103341E-8 1.3788894090480059E-7 0.04997703666856722
-0.9192848102122441 0.10262901652303172 0.09999999999999998 0 3.497847942029044E-8 1.470763913591567E-7 0.049977032245548704
-0.7599167871431189 0.06070075634999409 0.08441733903220823 0 3.867733527990686E-8 1.2084386787922395E-7 0.049977038442669146
-0.3798507417992421 -0.12110542276221137 0.06050058794352799 0 1.4367067445308438E-8 6.847699874758036E-8 0.04997703531513889
-0.40842759083875524 -0.05875232359605665 0.06114052778332879 0 2.2311513824339246E-8 7.506646519251023E-8 0.04997703384455607
-0.5039157942187592 0.07056797810116018 0.06615707446286306 0 3.297860327776312E-8 8.170032011248683E-8 0.049977037386842636
-0.5548238392163808 0.07638757137486703 0.0692570455361671 0 3.275619310712459E-8 9.185678119683349E-8 0.049977028031168644
-0.6893460495224285 0.06354738512595373 0.07863780818203954 0 4.0299781115901957E-8 1.119962275493373E-7 0.04997702744657718
-0.6215823870108426 0.05940809814964494 0.0735747228508592 0 3.509384297746677E-8 1.0279593847758971E-7 0.04997702128669926
-0.4662367643365183 -0.05429215722432917 0.06397307879016166 0 1.9022287810602105E-8 8.54992458651711E-8 0.04997703942176705
-0.46385916918682774 -3.671115297680029E-17 0.06368112390889598 0 2.6905461912327448E-8 8.028360538122984E-8 0.049977032308769896
-0.3620108841151937 -0.17400839360604695 0.060635096430618034 0 4.554412029553025E-9 6.485099906811512E-8 0.04997703387561383
-0.299671918215507 -0.26919022055739933 0.06068803798570996 0 -9.390246593916802E-9 5.929623558915242E-8 0.04997703984687353
-0.33027652289156045 -0.22443841547131757 0.060528990644305516 0 -4.362502102411105E-9 6.24772305759135E-8 0.049977034834825
-0.8245744171037561 3.2427437940114445E-20 0.09002147282184526 0 2.42672522971127E-8 1.344716079742486E-7 0.049977037191072125
-0.19761019796705673 -0.10158906953187434 0.054303584925033156 0 6.764155147737494E-9 3.918199662127569E-8 0.04997705437058583
-0.18403998396844498 -0.12735803584373423 0.05434432437859784 0 5.34761600633753E-9 3.2957158240012714E-8 0.0499770536161738
0.002774404310843052 -0.26370741404826953 0.055444406431408536 0 -1.0936525200624784E-8 3.0134066337255916E-9 0.04997704598365438
-0.11217260429255088 -0.1942886498520168 0.05435789315243198 0 -3.659322653218011E-9 2.30569223628442E-8 0.04997704136901718
-0.059917909088264505 -0.2537684697083779 0.05535616729591674 0 -1.3915392810092542E-8 1.4361988618422055E-8 0.049977041251963075
0.025874926118163173 -0.1326695098536581 0.05254567933671944 0 8.88156323725424E-9 1.1026813765024676E-8 0.04997704856524743
-0.02524383979971824 -0.13300675455069116 0.05254892004091195 0 7.584533761994712E-9 1.86858066789844E-8 0.049977048160176105
0.05493858025113073 -0.18721166728009325 0.05366460039291042 0 4.551280182510076E-9 1.2967090088305022E-9 0.04997705262516145
-0.053441146730527585 -0.1870910243981426 0.053652873989227134 0 -4.371135951849015E-9 1.7507890112690506E-8 0.04997705202238668
-0.015811501710617765 -0.22080470166743846 0.05428292799461194 0 -7.523313043768754E-9 7.779764449515065E-9 0.049977058076796865
0.001589553534327251 -0.18045943852644147 0.053353802929854637 0 1.4178472318695823E-9 1.2652340944656417E-8 0.049977060716646204
0.01713256069613923 -0.2191946756676691 0.054245341320781695 0 -1.7118381622903626E-9 3.185347229807633E-9 0.04997705853460529
0.23193963455587202 -0.4017312313397281 0.06368217918749612 0 -3.128521542033809E-8 -2.3917778015763576E-8 0.049977046480704106
0.1923608915779979 -0.3331788376023402 0.059881599761303035 0 -2.2515711130928604E-8 -1.5753805946676038E-8 0.04997703709665067
0.10559774308437371 -0.32641465451667345 0.058167036115944384 0 -1.9671078413210395E-8 -3.817214634260133E-9 0.049977034665345574
0.02839276411724587 -0.3973392921812579 0.060485401730235276 0 -3.238386252271987E-8 8.872733277716941E-9 0.04997704150155907
0.04349199689707277 -0.3606955682361924 0.05897556113419837 0 -2.6153605301351245E-8 5.720240692321524E-9 0.04997703743863628
-0.2724211583800272 -0.34021230275634196 0.06225471036920945 0 -1.7661237840306385E-8 5.2236801611022615E-8 0.0499770458616537
-0.04975626500892476 -0.3592625346716331 0.05895024498757896 0 -2.5114524708024187E-8 1.9719480101521832E-8 0.04997703661108596
-0.11115524588477288 -0.32319159740630654 0.058116751891295344 0 -2.108434536149177E-8 2.8286383294933026E-8 0.049977032219555566
-0.1929576265867868 -0.33421241295621784 0.05993362613445384 0 -2.082204500257918E-8 4.16049232240123E-8 0.049977034118782696
-0.00580331192480529 -0.44141011755505605 0.06253303354413747 0 -3.734099890307883E-8 1.2437543464206648E-8 0.04997704565167334
-0.03317807935019408 -0.4000499580003111 0.06062434517611842 0 -3.0129950231552884E-8 1.8225041703915007E-8 0.049977041621899906
-0.4124914840826571 -0.7144562081206507 0.09005972521404425 0 -8.038747831387406E-8 7.002751379104125E-8 0.0499770546928963
-0.4625000000000001 -0.8010734985006056 0.09999999999999992 0 -9.522013941761144E-8 7.443214674444615E-8 0.04997704889601249
-0.38371343710296635 -0.7748603000238191 0.09386619334345217 0 -9.301470023233426E-8 6.459926042103014E-8 0.04997705679994587
0.41226227881814503 -0.7140592129571534 0.09001680581831234 0 -7.669770739954072E-8 -5.247803884500079E-8 0.049977061941491915
0.4625000000000003 -0.8010734985006056 0.09999999999999992 0 -8.787587749042661E-8 -6.295504285708357E-8 0.0499770571084722
0.36763254236248355 -0.6367582418875386 0.08211785344170675 0 -6.797806461230342E-8 -4.101071061319854E-8 0.04997705459713547
0.2724100436150707 -0.4718280360333562 0.06830375115676082 0 -3.971178340145425E-8 -3.3524398322228265E-8 0.04997704304092514
0.31808183532075857 -0.5509338997403103 0.07441383187593022 0 -5.378312379367807E-8 -3.6308890237753244E-8 0.04997704084330588
0.2111878992556696 -0.5199281931560845 0.06932845783235407 0 -4.426241990933294E-8 -2.464032286326672E-8 0.049977047035928805
0.021803385387518696 -0.48225449508691837 0.06469299319690376 0 -4.574810698283278E-8 5.3624151500362895E-9 0.049977048169343355
-0.8627884197170683 -0.05512509329877387 0.09385473111979895 0 1.3267625203709177E-8 1.4260465576129433E-7 0.04997703857102657
-0.9249999999999996 -3.487031299242896E-17 0.0999999999999999 0 2.0448304762775003E-8 1.4968982752231285E-7 0.049977029286170614
-0.7353276040989696 -1.3378311327871067E-18 0.08212306732579755 0 3.014391384313227E-8 1.210496819426536E-7 0.049977032411912606
-0.4256923062754768 -0.12215318657273537 0.06260425960749795 0 1.5005333164983544E-8 7.531880688947098E-8 0.049977047465802366
-0.4043520178042478 -0.16901983470521803 0.062374130552393804 0 6.3729500538513935E-9 6.90974103135918E-8 0.04997704080668156
-0.46760448929491655 -0.09647351175034935 0.06440527405535054 0 1.2956834226948449E-8 8.550493479406222E-8 0.04997705134193289
-0.5447672634209793 2.858524015158418E-17 0.06830049229574699 0 2.2827848494426057E-8 9.247457055978907E-8 0.04997702625974077
-0.6361392415232948 1.0428654588114258E-18 0.074412070818866 0 2.7294245004663867E-8 1.0614029145935708E-7 0.049977021447393764
-0.5124187514513647 -0.051847896831783355 0.06651654728017117 0 1.4839637348796591E-8 9.138511709419856E-8 0.049977035229270765
-0.36799093114432163 -0.6373789894665451 0.08217765681431857 0 -6.59360628898155E-8 6.83100175652797E-8 0.04997704833740608
-0.31827009850817745 -0.5512599811461146 0.07444098367382036 0 -5.453130994488056E-8 5.8227840189957083E-8 0.0499770351960006
-0.31386332305040454 -0.40193360988060217 0.06622216379223078 0 -3.072124217865608E-8 5.0892878738979924E-8 0.04997704884789319
-0.344912559069745 -0.4432246070018303 0.06935603931497553 0 -3.958018869889399E-8 5.5879838201300526E-8 0.04997704036779171
-0.3337091490042147 -0.3553876317528073 0.06495432896100803 0 -2.376122274912466E-8 5.79415756659093E-8 0.049977060593073136
-0.383737195098482 -0.21760730691022415 0.06251779019199952 0 -4.066990134412146E-9 6.823183984044205E-8 0.049977037622810715
-0.33230969380311975 -0.3125744339373021 0.06328313435425742 0 -1.7044217382087186E-8 6.4894404155771E-8 0.04997705545215019
-0.3540195296480104 -0.26181915330723304 0.06247659304365877 0 -1.1481260053005448E-8 6.764060025027318E-8 0.049977042467629205
-0.7962287177911112 -0.06074957956360479 0.08762354715881245 0 1.7170576293375628E-8 1.3442335600918743E-7 0.04997704332387502
-0.7351410524947966 -0.06092685497728594 0.08231802271497875 0 2.1978815237098523E-8 1.2442063398002818E-7 0.04997703763200233
-0.4839056580716607 -0.700569999447879 0.09257832058039935 0 -7.689914563343635E-8 7.688845121059604E-8 0.049977057060636355
-0.548567403595686 -0.7447758606713796 0.09999999999999995 0 -8.572213664721934E-8 8.56848949413721E-8 0.0499770520364046
-0.43547631470191006 -0.6351536187841573 0.08509247440255902 0 -6.260890112836042E-8 7.545400547712846E-8 0.04997705590255094
-0.4991515386320159 -0.6334110077816721 0.08834372866104905 0 -6.520681336700629E-8 8.267665638198376E-8 0.049977066916188674
0.19075484218748148 -0.47253116432229375 0.06620021711897693 0 -3.557912146154254E-8 -1.9388537196960734E-8 0.049977054747104836
0.04901016908663563 -0.43723836174505165 0.062459634223422635 0 -4.06050355053893E-8 5.400572910535573E-9 0.049977049545682405
0.06673635655852123 -0.4767204709635778 0.06461779605353515 0 -4.8118092190784143E-8 -9.83484159636628E-10 0.049977056208687795
0.08201071126761385 -0.3939388987243752 0.06066806698898625 0 -3.247065583575998E-8 3.1282401680166575E-9 0.04997704561945634
0.15779399244920161 -0.40600143052169285 0.06224217224863409 0 -3.0346240783295395E-8 -7.481787494879172E-9 0.04997705107784995
-0.23228029263418432 -0.4023212684393739 0.06371797650698163 0 -3.24816717927817E-8 4.4914906816005414E-8 0.049977042758934366
-0.272587327693687 -0.4721351010648927 0.06832563375196132 0 -4.494098245372399E-8 4.7514847713264276E-8 0.04997703813995924
-0.08918266806588586 -0.39015326021997454 0.06056960464965617 0 -2.8680126354288848E-8 2.8725752686790396E-8 0.04997704380310439
-0.15459594130071433 -0.39192658728762203 0.061550218588660825 0 -3.1905641552349645E-8 3.873179597214843E-8 0.04997704488915546
-0.18675532053812563 -0.43493251784630643 0.06418357757579085 0 -4.1714109249932474E-8 4.0392239189489227E-8 0.04997704996007926
-0.21375905453868752 -0.4723463627877797 0.06671710658979704 0 -4.82507928092382E-8 4.019831647722024E-8 0.04997704580942713
-0.030837599095424044 -0.4757419881377715 0.06436680609968097 0 -4.0174611187853934E-8 1.3708841672651518E-8 0.0499770486191102
-0.05772042989369192 -0.4373202270026056 0.06251628812885628 0 -3.318800051404528E-8 2.172475459148333E-8 0.04997705008948333
-0.34485879204612635 -0.7195732958375974 0.08756922173357189 0 -8.376183622430516E-8 6.378860209248909E-8 0.04997706033042734
-0.3147326423667731 -0.6679534491621227 0.08237892997106575 0 -7.291230208867376E-8 6.291369307409277E-8 0.04997705339817926
-0.23145619169988374 -0.5426436945370012 0.07120349698950756 0 -5.6483597802130836E-8 4.264903918247198E-8 0.04997703899902039
-0.28415939775573246 -0.6153602706014173 0.07751426427315904 0 -6.413824928164002E-8 5.6751417980599495E-8 0.04997704237878236
-0.32938286511096027 -0.7771045511687235 0.09186418681824757 0 -9.348929205293232E-8 5.6524841549394256E-8 0.04997706550194744
-0.29287844997281653 -0.7560683801841978 0.08874412837590734 0 -8.761178322502301E-8 5.382533126022989E-8 0.049977071962314094
-0.3707535969478622 -0.8474426517245004 0.09999999999999994 0 -1.0405252285848528E-7 6.102555711716345E-8 0.049977055686294035
0.3299132550602819 -0.6955796266909601 0.08507057911176502 0 -7.269976401217728E-8 -3.40844327848526E-8 0.0499770643229493
0.29721686832567656 -0.7486484838731736 0.08825580478820183 0 -8.040912557716661E-8 -3.296489563560889E-8 0.04997707650522305
0.36329863298780996 -0.7692008953950569 0.09250410835033807 0 -8.094016311327679E-8 -4.582158042852361E-8 0.04997706625371853
0.37078540548822353 -0.84742873429503 0.09999999999999996 0 -9.288388194586308E-8 -4.920210333627315E-8 0.0499770623767403
0.28831363121595577 -0.628175946475062 0.07855241106831119 0 -6.531814068549141E-8 -2.744571048852711E-8 0.04997704981952967
0.2593907519340379 -0.5686281064407216 0.07361593901057979 0 -5.4849302195129234E-8 -2.785849380582537E-8 0.049977041794158954
0.1909808398518187 -0.5616900805542804 0.07142639087555927 0 -5.2767707369907006E-8 -2.1466949725861668E-8 0.04997704572615602
0.17735047116299676 -0.5251479744589087 0.06889288845838194 0 -4.537755624414749E-8 -2.1429927502934684E-8 0.04997705208455371
-0.006975621790116347 -0.518397225687904 0.06671599267023105 0 -4.8703421760682195E-8 7.55790768418058E-9 0.04997704507816616
-0.05196883438319561 -0.5240326103663052 0.06719869985797552 0 -4.708170723783713E-8 1.3129974233300385E-8 0.04997704759825227
0.051893656645759574 -0.5409828050063739 0.06822031633188269 0 -5.500309258317771E-8 -2.4886580159753385E-9 0.04997704607963657
-0.8393412000270999 -0.10211595922316324 0.09200820531311653 0 6.0207796051125914E-9 1.3938326820968826E-7 0.04997704745746585
-0.8023821229894582 -0.12465004703532731 0.08885408731398863 0 6.1735001250236246E-9 1.3279834116167248E-7 0.04997705509164673
-0.919283847116488 -0.10263764414409532 0.09999999999999995 0 4.358782259389845E-9 1.505842351784166E-7 0.04997703650232031
-0.4286041911968902 -0.211604106404576 0.06443452009247352 0 -4.163035961569409E-9 7.154716930791269E-8 0.04997703979586009
-0.6752473549062171 -0.06099766201966174 0.07752927755735106 0 2.1158736871395404E-8 1.1385581283708754E-7 0.04997702798983569
-0.4690213191754545 -0.16282051739106812 0.06545407679976868 0 2.108036285471963E-9 7.500704053318951E-8 0.04997705110108899
-0.5199939829281818 -0.12464895604080488 0.06768673130026925 0 8.858494071078588E-10 8.845382128699557E-8 0.049977045267295184
-0.5844196053235723 -0.07491703801282976 0.07115392026499068 0 1.20284566102277E-8 9.989299753482417E-8 0.04997702687240226
-0.40158939943089916 -0.5697012631254147 0.07901179842938963 0 -5.3319477086738476E-8 7.30270156437948E-8 0.04997704348691255
-0.3629672679735455 -0.5093150093458657 0.0736457128337714 0 -4.7678853062380584E-8 6.346626132748703E-8 0.04997703505574537
-0.36195665189066545 -0.3775113144203722 0.06698450376718919 0 -3.2336928741811554E-8 5.87737129425986E-8 0.04997705538459179
-0.36626813150114046 -0.41664081435894 0.06892167223823108 0 -3.716481597250619E-8 5.8519965641410123E-8 0.04997704487584429
-0.3903068178565833 -0.4466269881485596 0.07141764844659583 0 -4.096610203176967E-8 6.46520582832295E-8 0.049977038144354696
-0.38262787487786487 -0.34149739132768064 0.06638993492953274 0 -3.012505083011283E-8 6.724209577265009E-8 0.04997705442572196
-0.4062559769371703 -0.26147495596378895 0.06471383725610919 0 -1.4351356799776943E-8 7.210636365922955E-8 0.04997703999211168
-0.379843340675863 -0.2969419115223147 0.06465963905911938 0 -2.089978596764377E-8 7.093116004817931E-8 0.049977048637886594
-0.735100345459195 -0.11930462056175606 0.08291132970822639 0 1.5421011243706122E-8 1.228696489406549E-7 0.04997704602751917
-0.5519968333853201 -0.6639303440969675 0.09374464706266032 0 -7.592478882709564E-8 8.785034587829847E-8 0.04997706112629431
-0.6178002971320175 -0.6884386430529175 0.09999999999999999 0 -8.161959343405051E-8 9.920782412682239E-8 0.049977051747512706
-0.4800125571007386 -0.5637645778356987 0.08255043176744221 0 -5.270815840249847E-8 8.77443355828957E-8 0.049977056074727494
-0.5399346500949583 -0.6040123388311484 0.08868415026698905 0 -6.621257042754697E-8 9.23657429501411E-8 0.049977065829111884
0.1043605879990727 -0.5010308479370807 0.0663275801738497 0 -4.937823781321335E-8 -1.0936816729637254E-8 0.04997706229528629
0.14556246178613041 -0.5017461145955597 0.0669511130546236 0 -4.327806639082559E-8 -1.6998811267096797E-8 0.049977062697302
0.1399468089855873 -0.4672126633962517 0.06496624972127404 0 -3.856138366627911E-8 -1.0052290344156198E-8 0.049977067353221015
0.10408488366078729 -0.44405468685268906 0.06327666735135784 0 -4.108434990545667E-8 -6.922622029092723E-10 0.049977062067078956
-0.1061373350373039 -0.43371612134398735 0.06278756375601147 0 -3.4374052443130756E-8 3.157320385104581E-8 0.04997705762458694
-0.15386562481962193 -0.515523498759926 0.0678853449092873 0 -5.290761167710457E-8 2.6749293162259872E-8 0.04997705529654426
-0.1533021139497205 -0.45854960024362473 0.06473399748772987 0 -4.5174987851865705E-8 3.478962332688038E-8 0.04997706142144404
-0.09527352708204248 -0.48999184724793526 0.06560563290386158 0 -4.09400900884978E-8 2.0641301175720667E-8 0.049977061100998
-0.09590125636856876 -0.5619999312235504 0.06990127823248256 0 -5.441286981380781E-8 1.8492968406372833E-8 0.049977045297479934
-0.15663037176370528 -0.5733099421965812 0.07149707499548641 0 -5.889106541055818E-8 2.921863618237008E-8 0.04997704364713708
-0.2643961373711981 -0.69702971973395 0.0829765309474388 0 -7.489284463079503E-8 5.6607188747274183E-8 0.049977061771913626
-0.19926692702634366 -0.6350324834465847 0.07658242747619838 0 -6.586091170125776E-8 4.244142303836658E-8 0.04997704376658754
-0.2937621218403118 -0.8161557505482272 0.0941366022415018 0 -9.612723517278362E-8 4.7951270311091085E-8 0.04997706568897646
-0.2445064351501806 -0.7666415232960113 0.08818261063739219 0 -8.316274797516366E-8 4.530044744655189E-8 0.049977070635964904
-0.28738877712844163 -0.8792227618026947 0.09999999999999998 0 -1.0382953716048196E-7 4.646411511066713E-8 0.04997705829980702
0.24692814396934878 -0.6974874410583481 0.08250617855893734 0 -7.84225794811444E-8 -1.981829825767107E-8 0.049977065091996856
0.2521627428797361 -0.7694593063835823 0.08864404636431372 0 -8.900772405146154E-8 -2.899839741547735E-8 0.049977075972545026
0.297447604941039 -0.8106467532563326 0.09375141746476387 0 -9.019055269564376E-8 -3.961287512629533E-8 0.049977071679018346
0.28742318143973467 -0.8792115158194408 0.09999999999999996 0 -1.0246846566623323E-7 -3.899328491841238E-8 0.04997706358587561
0.18957159845420457 -0.6243064952889011 0.07560329744867302 0 -6.542851730779227E-8 -1.6536618674525693E-8 0.0499770458580876
0.12475562378528372 -0.5650913910725972 0.07045918166236258 0 -5.6198819386096376E-8 -1.3963640862808315E-8 0.049977047845058936
0.16970055881419605 -0.6915759378642314 0.08021607449160519 0 -7.777939696641546E-8 -1.1406806213559223E-8 0.049977053201989356
-0.02127679909875186 -0.5862434400348021 0.07098260267248739 0 -5.8809453329515917E-8 1.0596353666211093E-8 0.049977039520843515
0.047679088889249585 -0.6125339534466792 0.07287094188782159 0 -6.398229308296013E-8 1.8835084287456957E-9 0.04997704033154795
-0.8531067718150073 -0.15803750226362162 0.09415708085227006 0 -3.418591679001884E-9 1.3669292841135543E-7 0.04997704791462864
-0.7842181949983064 -0.17459658052838975 0.08806681761589173 0 1.1724052032214714E-9 1.2412057828805437E-7 0.04997705375936177
-0.9051158299750597 -0.19076243784282004 0.09999999999999996 0 -8.19412322704971E-9 1.4309038555020445E-7 0.049977039647890756
-0.47800098007166625 -0.2183882854981824 0.06713458210584479 0 -8.282008715491656E-9 7.684426661067969E-8 0.04997703762265471
-0.4503344724862791 -0.2539143429242661 0.06663047103760426 0 -1.3763571566697775E-8 7.565958538724293E-8 0.04997703588433555
-0.647719142022224 -0.1435812801370505 0.07642272847163623 0 7.721622712665358E-9 1.0784786113516171E-7 0.04997702984713631
-0.5329845388239062 -0.1985594752136453 0.0698139205090511 0 -7.0923850498343995E-9 8.591933793778093E-8 0.04997703421700831
-0.5744027965338088 -0.14938461510286838 0.07144252826293569 0 6.620374579723135E-11 9.540567112611567E-8 0.04997703160391663
-0.44626651447182913 -0.4769553831048422 0.07565680574632234 0 -4.31613487431642E-8 7.832969222764655E-8 0.04997703714006298
-0.5140310251048448 -0.4921578818310024 0.08018045280724437 0 -4.484416498595863E-8 9.147166971674581E-8 0.04997704295529036
-0.4256087219342948 -0.3924588186076942 0.07047472570296819 0 -3.640245555061961E-8 7.114234330090598E-8 0.04997703942290067
-0.44295395304453694 -0.3153758255937713 0.06823813858748431 0 -2.572763828351593E-8 7.629863553731661E-8 0.04997703690588116
-0.722493271850469 -0.18466121884148878 0.08299584497449673 0 4.512239774159623E-9 1.167524825644435E-7 0.04997704335853663
-0.6008930547011089 -0.6092572756078648 0.09299302035398636 0 -7.034110879289017E-8 9.936307040717405E-8 0.049977054964961666
-0.684830613311738 -0.6217902179859557 0.09999999999999995 0 -7.191906749314291E-8 1.1026900446713087E-7 0.04997704336834928
-0.5678213237459835 -0.5376676061363831 0.08613904983735729 0 -5.498914149460279E-8 9.87494952901193E-8 0.049977051972471355
-0.10379006268918359 -0.6311723493295895 0.07466578004946203 0 -6.549464132753225E-8 2.5418799821716462E-8 0.049977040846838745
-0.2012336657215405 -0.7196538123444206 0.08312630758513646 0 -7.499592709150708E-8 4.390104082096585E-8 0.04997705855390812
-0.14538614431124028 -0.6947291331504665 0.08002955113164488 0 -7.381369900482507E-8 3.5060502236882715E-8 0.04997704869604272
-0.2244810935107963 -0.8295744817427091 0.09335179876408069 0 -9.38240949676966E-8 3.792864630877497E-8 0.049977061688846046
-0.1948530319449167 -0.7756068237085788 0.08772926134592988 0 -8.392603126796122E-8 3.801688714408346E-8 0.049977062023431496
-0.1961900777341867 -0.9039499420937565 0.09999999999999996 0 -1.0646630778817073E-7 3.328872885685976E-8 0.04997705322352972
0.18083964416846282 -0.7595104378227607 0.08602850609777067 0 -8.876995751039501E-8 -1.6122228781115917E-8 0.049977062962281396
0.22639239794839497 -0.823169454837357 0.09279966487488275 0 -9.690378891799467E-8 -2.8990099821018043E-8 0.049977066843875685
0.1962292603758944 -0.9039414372048344 0.1 0 -1.0729063850555205E-7 -2.504853419670654E-8 0.049977056847513
0.115198487208555 -0.6531897985847656 0.07640980333620502 0 -7.005756465928301E-8 -5.508273768909211E-9 0.0499770445799796
0.13075868837865867 -0.7179080095003469 0.08165710231721485 0 -7.994531431325999E-8 -5.974603949433468E-9 0.0499770537077347
0.11581756539084577 -0.7588114009433137 0.08487399945221091 0 -8.415716847682419E-8 -4.974586935417475E-9 0.04997705866378048
0.049373389215154787 -0.6762514634930521 0.07753347573866784 0 -7.240243338918534E-8 6.805885545764294E-9 0.04997704630138129
-0.018713178495829663 -0.6598847879456909 0.07617577755495697 0 -7.048727892964283E-8 1.6108008943860682E-8 0.0499770431235234
-0.6738902730202501 -0.2204985208373878 0.07997070091519397 0 -2.532849305597939E-9 1.1119446227359818E-7 0.04997703457468424
-0.8340398056073672 -0.21902107573341584 0.09363611174877712 0 -1.0472158358184745E-8 1.3069848050647125E-7 0.04997704443698558
-0.7682837005378527 -0.21778108265977308 0.08762455506029669 0 -4.937435581566017E-9 1.2139793829665735E-7 0.04997704630538792
-0.8809151182252344 -0.2821428693025129 0.09999999999999996 0 -2.090691504463467E-8 1.3876660146414557E-7 0.04997703521487124
-0.5165019276401033 -0.27345997871285094 0.07083650833060155 0 -1.606601279966607E-8 8.566090463344488E-8 0.04997702892990486
-0.598583551544961 -0.22602979228178174 0.07467942546060534 0 -6.812052684338258E-9 9.923109754867775E-8 0.04997702838934725
-0.5551101229584549 -0.47007014883430126 0.08146563252731462 0 -4.097892408263811E-8 9.590161805728256E-8 0.04997704237058234
-0.5105636494997625 -0.4275668331221898 0.07661161867134536 0 -3.594091193403724E-8 8.833087223111762E-8 0.0499770346134775
-0.504302912589223 -0.3476237550984314 0.07274022680505549 0 -2.6529550365890412E-8 8.58054969307297E-8 0.04997703002514446
-0.7177089386751472 -0.2549295522420565 0.0843570467432338 0 -9.229026412126218E-9 1.178783429969889E-7 0.049977040532643846
-0.6531660790226061 -0.2763311132584134 0.0799841441751332 0 -1.1217959943734323E-8 1.1077956421350437E-7 0.04997703577364388
-0.8437556437212325 -0.37907955935377746 0.0999999999999999 0 -3.6925451963656165E-8 1.366719691484251E-7 0.04997703858510537
-0.8010515387579304 -0.4625279007956028 0.09999999999999996 0 -4.844270707561154E-8 1.269554797655556E-7 0.04997704514031041
-0.7501479603301011 -0.5412050791178039 0.09999999999999992 0 -5.777047902803974E-8 1.1689618513131876E-7 0.04997704251550743
-0.5998767009898777 -0.4788913706345559 0.08487289614566725 0 -4.2457396766600765E-8 1.0031182301482288E-7 0.04997704669893807
-0.6562422498346266 -0.5241856689594518 0.09146905933596002 0 -5.33348752755204E-8 1.054362876669564E-7 0.04997704783248526
-0.08839747535315964 -0.7039498716595032 0.08000538942626953 0 -7.762017398676721E-8 2.754566085978657E-8 0.04997704917991613
-0.13806578705455586 -0.7497079460326577 0.08441541385599154 0 -8.292949029028423E-8 3.268594680756026E-8 0.04997705543150954
-0.14308797449955213 -0.8318118172195702 0.0918642159103333 0 -9.697598251980616E-8 2.812413371503076E-8 0.04997705787697776
-0.09361073890939048 -0.9202510142029422 0.09999999999999995 0 -1.126830967833123E-7 1.8382056734634494E-8 0.04997705566210903
0.09365704332523053 -0.9202463037324216 0.1 0 -1.0600199236926626E-7 -9.489737205133372E-9 0.04997705735818511
2.0711142119751377E-5 -0.9249949331376578 0.09999999999999996 0 -1.100296188602018E-7 3.637871857151444E-9 0.049977061266172094
0.12762107521700664 -0.8265826692803618 0.09113421310198927 0 -9.352778942571694E-8 -1.1548475358729759E-8 0.049977060990479646
0.08068135396090603 -0.7141673032968792 0.08075294753127603 0 -7.727781625064984E-8 2.7754058108388283E-9 0.049977052785211536
0.06358506183867194 -0.7827017733005066 0.08643167294964102 0 -8.444458958751795E-8 2.9026011166283087E-9 0.049977065996886234
0.02032803985547743 -0.7231235035279147 0.08113718206932351 0 -7.882619146021825E-8 1.395834417021109E-8 0.04997705730174636
-0.03309170223836219 -0.7328034628470876 0.08197501691133365 0 -8.316227759082417E-8 2.1770025181313246E-8 0.04997705865853891
-0.7926496756412598 -0.2913333375023676 0.0919087000057277 0 -2.0373522820386264E-8 1.2795237147166943E-7 0.049977041619063696
-0.5810426636905172 -0.3157640075984303 0.07626188231201679 0 -1.7523839572758524E-8 9.902536116782702E-8 0.0499770314070892
-0.5773213056470615 -0.42632356756478973 0.08066830857907491 0 -3.23607229200644E-8 9.80934771651461E-8 0.049977040996189485
-0.5604495700519321 -0.38109429561078195 0.0775098294695611 0 -2.6480022641407656E-8 9.581541773924465E-8 0.04997703482859367
-0.6449966839705538 -0.44452809810358646 0.08625924084344862 0 -3.55397246046271E-8 1.0434053431990166E-7 0.04997705294864524
-0.6508158876168189 -0.3390076459058359 0.08199721983987755 0 -1.911565130340842E-8 1.1257623917234964E-7 0.0499770456133
-0.7091826270730177 -0.3233083988571452 0.08590988858162861 0 -2.1474696315715498E-8 1.2100914989524776E-7 0.049977047679931545
-0.7619010673352372 -0.3837317836320327 0.09273617861998763 0 -3.695223366864528E-8 1.250859201688124E-7 0.04997705106765533
-0.7143597851634016 -0.46065181317541964 0.09243904770387959 0 -4.4869750324472346E-8 1.1177954146592927E-7 0.049977054174545635
-0.07537530152887754 -0.7754914719888757 0.0858872030654022 0 -9.155125935090335E-8 2.375234831098894E-8 0.049977062043606975
-0.048377865911234746 -0.8513117859798408 0.09269807273978156 0 -1.0265970977785906E-7 1.2471493861053622E-8 0.04997706658084153
0.043935839967012356 -0.8511210240129371 0.09265635168129686 0 -9.547076843851801E-8 -1.4226368840027286E-9 0.04997706802001642
-0.004822548609299441 -0.7855262944057825 0.08645491759740057 0 -8.979463643463573E-8 1.4014323710419817E-8 0.049977073834897544
-0.615323196863825 -0.38077552285640776 0.08115372829448383 0 -2.3535233228470554E-8 1.0497288522937684E-7 0.049977044777991295
-0.6821995337018092 -0.3893517946424338 0.0864501634511279 0 -2.9002297114439732E-8 1.1447948822396071E-7 0.04997706008183015
