% Model:
% Version:
% Dimension:          3
% Nodes:              691
% Expressions:        4
% Description:        Surface
% X                       Y                        Z                        Color                    DeformX                  DeformY                  DeformZ
0.09361324045256657 0.9202507597854978 0.09999999999999996 0 1.384730294836407E-7 2.953440602890626E-9 0.04997701659122655
0.19613059753886136 0.9039628493277616 0.10000000000000006 0 1.3238900141851476E-7 -1.1168713469984867E-8 0.04997701673675215
0.2873578563384961 0.8792328678266589 0.09999999999999998 0 1.300218809590113E-7 -2.3787521775362727E-8 0.04997702459466802
0.6177594130735132 0.6884753307245892 0.0999999999999999 0 1.0925146520051423E-7 -7.406047134079824E-8 0.049977031565630554
0.684790004400319 0.6218349412241562 0.09999999999999998 0 1.0001796582559272E-7 -8.475161280885026E-8 0.04997702715285975
-2.6622719632544978E-6 0.924994933365257 0.09999999999999995 0 1.3583850787220096E-7 1.7098761567297907E-8 0.04997702018438198
0.042840104890621886 0.8515402282381707 0.09269147861274166 0 1.290800681084018E-7 9.141468201251181E-9 0.04997703015340367
0.37075219693550476 0.8474432642497914 0.09999999999999995 0 1.3039698027375775E-7 -3.7676268588763495E-8 0.049977024780978783
0.14341620299378263 0.8294494640794716 0.09164675622284833 0 1.231514418632163E-7 -6.978763927218591E-9 0.04997702365759993
0.2216527773738334 0.8287572231622684 0.09320319712735281 0 1.2030034735486975E-7 -1.5637628044216643E-8 0.049977028810541
0.29491717071644885 0.8166669280321706 0.09422261270086468 0 1.229654735191936E-7 -2.5575868190804827E-8 0.049977034579177654
0.5485314952955888 0.74480230687788 0.1000000000000001 0 1.1286841480239176E-7 -6.112097010109262E-8 0.04997702852046777
0.5518007966248653 0.6760563257947593 0.09465507346897212 0 1.0519066967486495E-7 -6.287497943029637E-8 0.04997703906835787
0.5876935447112426 0.6161088910778022 0.09257893706827944 0 9.95853765935263E-8 -7.27727288660508E-8 0.049977039865870924
0.750154542605984 0.541195955123228 0.09999999999999999 0 8.64317484649707E-8 -9.088970481376245E-8 0.04997703039410599
0.6504705486077746 0.5465931881196746 0.09240305490818576 0 8.673735420186326E-8 -8.03972893314342E-8 0.049977033608098964
0.8010710017272109 0.46249419126110153 0.09999999999999994 0 7.781290984319819E-8 -1.0063178006781463E-7 0.049977036837762646
0.8437752416466553 0.3790359375932063 0.09999999999999998 0 6.685715630003667E-8 -1.1004755512203255E-7 0.049977034212404986
-0.09363126894349026 0.9202489260084377 0.09999999999999998 0 1.3184381831856512E-7 2.9421080644098052E-8 0.049977015148500344
-0.057540995049113 0.8423979795604501 0.09189602276328529 0 1.2000110393024625E-7 2.2407490440166184E-8 0.04997702874594087
0.06678793864290467 0.7745216917616872 0.08573266337058709 0 1.1873096104033133E-7 -2.3645898155993264E-9 0.04997702991844012
-0.010066347156763604 0.7750831353836388 0.085534709697028 0 1.1358290851548891E-7 6.615185474985173E-9 0.04997703725068511
0.33139114289377414 0.7785556133621918 0.09206768166444738 0 1.2073945818416902E-7 -3.395100554526632E-8 0.04997703639927323
0.46249999999999974 0.8010734985006057 0.09999999999999991 0 1.2192884260132586E-7 -5.0494070415382705E-8 0.049977021604944674
0.3836506929290542 0.7746515411716933 0.09384509082801115 0 1.1995114318820998E-7 -4.147850795621581E-8 0.0499770291558291
0.1913914876174544 0.7797285375111098 0.08801717214843206 0 1.1177804286944626E-7 -1.578708476507826E-8 0.04997703030854017
0.13322424106658332 0.7460807458646898 0.0840331591986956 0 1.100620944705572E-7 -1.135381093959245E-8 0.049977024009826676
0.290977677915208 0.7546407636986491 0.08855875058870188 0 1.1444057941043682E-7 -3.1447844079554395E-8 0.04997704356661913
0.23873623781901876 0.768060257846817 0.08814793343306236 0 1.102158248388461E-7 -2.249483620725138E-8 0.04997703973289133
0.0873996338681695 0.6969472503405288 0.07943927986118829 0 1.0424296497730903E-7 -6.803108584097902E-9 0.049977018337600994
0.5230354883414245 0.6422697488364205 0.0903707538749386 0 9.810061731846192E-8 -6.087793216814414E-8 0.04997704680719975
0.4904238791693691 0.6985151762406319 0.09277567976728547 0 1.0434431827235943E-7 -5.378706509625865E-8 0.04997703495942727
0.49825230464030656 0.6040689738252 0.08623250303750964 0 8.867683420916614E-8 -6.314953282899548E-8 0.0499770475833721
0.5828756184496425 0.5332115379316272 0.08685116301599329 0 8.33354283331446E-8 -7.567457440555057E-8 0.04997703623148673
0.5354804188313992 0.5793968081607486 0.0867593250488703 0 8.976745653834913E-8 -7.077636701829478E-8 0.04997704550543094
0.706135052883472 0.46732786457169856 0.09212747065803698 0 7.455342464550259E-8 -8.498327019288722E-8 0.04997704365026476
0.626960623589047 0.4522983371432033 0.08535306995964971 0 6.633533509869893E-8 -7.800935144068887E-8 0.04997703930976452
0.7564175363077812 0.3862256756237963 0.09237249347625182 0 6.723979818915532E-8 -9.858067822178345E-8 0.04997704615736285
0.7978472984237353 0.3041762806928352 0.09281227257926786 0 5.36805674050427E-8 -1.0310842800608068E-7 0.049977039126116875
0.5572755215547441 0.4510872900080025 0.08061070588876622 0 6.7172087472744E-8 -7.191469393631306E-8 0.04997702896904956
0.8809325160784339 0.2820885436790224 0.09999999999999994 0 5.1625690008709354E-8 -1.1183185152650796E-7 0.04997703507956664
0.8318102133114372 0.22322523392999072 0.09353078509252773 0 4.220194015812183E-8 -1.0403548757305819E-7 0.04997704551713844
-0.19616860770583672 0.9039546015730862 0.09999999999999996 0 1.3334903399607535E-7 4.4279998438941357E-8 0.049977013642380635
-0.14285595486183858 0.8282574032154257 0.09152546819348939 0 1.2148064139799992E-7 3.3462488127255744E-8 0.0499770215468184
-0.08028628936017151 0.7814679591465112 0.08645850584417021 0 1.1191432991509785E-7 1.9555918410312256E-8 0.04997702728545577
-0.04561230651596534 0.7294921334214545 0.08175631121749641 0 1.063034915581569E-7 1.0073969774054858E-8 0.04997702438907511
0.011531729957052473 0.70924084903091 0.0799938250529473 0 1.0597366768382771E-7 1.3155635677859882E-9 0.04997702201599588
0.3464548928541494 0.7191482470167311 0.08759713317592265 0 1.1127704741805734E-7 -4.1404120447638056E-8 0.04997703410459086
0.41227210451772556 0.7140762315680476 0.090018645217313 0 1.0780183689045501E-7 -4.682893377657736E-8 0.0499770301094025
0.19425119712307035 0.7168127796252429 0.08273823779707913 0 1.0255652198558494E-7 -2.1430720614637787E-8 0.04997702844648142
0.1444236460962668 0.6895139486023729 0.07960445430492033 0 1.0102458561160834E-7 -1.4140365740965669E-8 0.04997701954602137
0.26473613188816314 0.6988930987695542 0.08313425830297129 0 1.0293184828598932E-7 -3.479753634080905E-8 0.04997703564067572
0.31546555307223756 0.6681703741372859 0.0824215607208193 0 1.0097626218130196E-7 -4.073971559226613E-8 0.049977028969387445
0.04599891718688658 0.6542488180254783 0.07585611859697282 0 9.781270839657867E-8 5.706384579822547E-10 0.0499770135932761
0.1041493181168425 0.6209165315731189 0.07394244219969821 0 9.24252145909991E-8 -4.26792604949251E-9 0.0499770145339009
0.4534199638911959 0.634338879041937 0.0859386615701075 0 9.044687278594734E-8 -5.410042946559733E-8 0.049977038683755144
0.4723939921181885 0.5653277489130147 0.08223903081434113 0 8.134633695797492E-8 -6.284370692163254E-8 0.049977037573103684
0.5096255127299391 0.5106912413470729 0.08097857821614195 0 7.682548570984293E-8 -6.822929957581487E-8 0.04997703156927313
0.49005227512439603 0.44470401859070546 0.07629562530822705 0 6.883624387937701E-8 -6.207103151242873E-8 0.04997702311824802
0.6719229666176102 0.3884051108238118 0.08561888827579651 0 5.743165840445187E-8 -8.832978776072538E-8 0.04997705139792217
0.585360990165672 0.3703838402167338 0.07867156144500052 0 5.375184743843588E-8 -7.625269258444294E-8 0.04997702949115958
0.7133503615870089 0.32015636681811027 0.08613118221459616 0 5.2001497391104685E-8 -9.615502314992898E-8 0.049977043031178954
0.7561533810021166 0.25116889240286866 0.08746370240455795 0 4.17070805657593E-8 -9.619859217010858E-8 0.04997704212229433
0.4678168231247622 0.39722837411780604 0.07282402579327739 0 6.51393296625385E-8 -5.67773980456707E-8 0.04997702285811025
0.5201731653431543 0.38799390136202994 0.0753439569886662 0 6.052294937961561E-8 -6.578593169724175E-8 0.04997702241403694
0.9051251569294584 0.19071818089926673 0.09999999999999992 0 3.954566777287471E-8 -1.1603410226607005E-7 0.049977043324430336
0.7902639371480997 0.1788726841459575 0.08869278761371618 0 3.2105285081823426E-8 -9.881066956985413E-8 0.049977055566301144
0.8510855832446352 0.14814580550682155 0.0937894978149824 0 3.391885610012528E-8 -1.1081565038388816E-7 0.04997705301671743
-0.2873939485029833 0.8792210714939994 0.09999999999999992 0 1.288369132713144E-7 5.7554433951058535E-8 0.049977020057309605
-0.23130254147882853 0.8233581280344335 0.09294490463014163 0 1.236545186519528E-7 4.8525398338971065E-8 0.049977026872369906
-0.31654977457237843 0.8071051679018628 0.09409208829712742 0 1.1509981682275306E-7 5.998011116038134E-8 0.04997702976405449
-0.17894546311077822 0.7718277883825889 0.08706002927260566 0 1.1746984395244176E-7 3.556607980311625E-8 0.0499770260102485
-0.13380906082414656 0.7600240739879769 0.08523325950883374 0 1.1301622611578498E-7 2.7204375461587217E-8 0.049977022821152656
-0.09794458893422107 0.7138796015511553 0.08090449857215165 0 1.0557310231465798E-7 1.9506126966136447E-8 0.049977018889721836
-0.048508906291745806 0.6781878024575432 0.07767733236817927 0 1.0068175965191753E-7 1.2259663155779312E-8 0.049977015390210926
-0.0078551337227577 0.6491499078369712 0.07536310530979572 0 9.707710156428191E-8 8.171348474412595E-9 0.04997701268300589
-0.22520922840433794 0.7458968973346558 0.08588793599516023 0 1.1532889549313385E-7 3.9865482140375344E-8 0.049977033665742035
0.3676404370066046 0.6367719158122648 0.08211917016769558 0 9.414354189606057E-8 -4.569813858815161E-8 0.049977026099115494
0.1936377969261951 0.6392946953673746 0.07676490405819383 0 9.46945815790939E-8 -2.0478412909615946E-8 0.0499770188619106
0.2841334503354857 0.6165726819630527 0.07759808624216208 0 9.280182325873298E-8 -3.489851647711592E-8 0.04997701985643215
0.15199695343335892 0.5713443637747505 0.07128864354870554 0 8.737102658605283E-8 -7.649176895934736E-9 0.049977020896875515
0.020086990102898376 0.582926818943489 0.07076019404513119 0 8.715747109008177E-8 9.381231909736618E-9 0.04997701368049932
0.09263905094403112 0.5551170207203663 0.06943102413110944 0 8.219929200890088E-8 2.096753146100508E-9 0.049977022657311056
0.40094975894605217 0.5652131577221657 0.07869394977656125 0 8.192649931882882E-8 -5.016053788414753E-8 0.0499770241854372
0.44736034083495335 0.4974141441538551 0.07684191432450417 0 7.459715961340254E-8 -5.66479051039757E-8 0.04997702424748444
0.43140219656813134 0.4287675225971859 0.07244484890584983 0 6.926096888951556E-8 -5.019523914001763E-8 0.04997702392043043
0.6341588941531795 0.31283518999890125 0.0798162445324894 0 4.643927279933439E-8 -8.483009398567527E-8 0.049977033073377586
0.5293785213896149 0.3388907230126146 0.07386902220939724 0 5.414425369256722E-8 -6.665958933459378E-8 0.049977021796813854
0.5661686439840169 0.30314954318445153 0.07485251919573685 0 4.786788050225157E-8 -7.220565441603371E-8 0.0499770235132765
0.6744856330743808 0.25899543825752414 0.08106282636378112 0 4.001586914969985E-8 -8.838885694387182E-8 0.049977034129019576
0.7226994437477959 0.19973529248782174 0.08334138075756292 0 3.002968995958393E-8 -9.135833210515131E-8 0.049977043002920024
0.432283916850713 0.3802988180284773 0.07026687195777442 0 6.553291861087545E-8 -5.0135335752240997E-8 0.04997702826850288
0.471669282894354 0.34325991058700306 0.07076541111671207 0 5.9054756059531385E-8 -5.739415958172411E-8 0.0499770239556834
0.9192877608705788 0.10260257931928718 0.09999999999999994 0 2.775486834230848E-8 -1.2344996776575063E-7 0.049977043578518086
0.8038717607621602 0.12213857484508563 0.08895470660031483 0 2.5691649418278515E-8 -1.0738509476679369E-7 0.04997705931213506
0.7461230180043805 0.13265602880629776 0.08402816782270865 0 1.927813646900647E-8 -9.822069352711329E-8 0.04997705333447033
0.8513706752696019 0.07427003550197267 0.09288407134507307 0 2.2186787913149014E-8 -1.1523893981309961E-7 0.049977049224611506
-0.37078556224583165 0.8474286657041801 0.09999999999999998 0 1.1942801599983158E-7 6.710290566953177E-8 0.049977019025905976
-0.2837405614792432 0.7514739211838952 0.08805204152803742 0 1.0985649293587234E-7 4.921537463649898E-8 0.049977040129333024
-0.34402355613461416 0.7467533926463904 0.08979839619713195 0 1.0522073714029716E-7 5.8464128015254985E-8 0.04997703037139711
-0.37812997462304876 0.7796968295885027 0.09405159466762453 0 1.0989337414353698E-7 6.63105119785794E-8 0.04997702374288411
-0.1720142422395265 0.7059350940103875 0.08139872432652721 0 1.0819265776719921E-7 3.037708586180711E-8 0.049977021322737375
-0.11459365381122653 0.6489796043007033 0.07609123122821615 0 9.769465178214773E-8 2.4545137638930253E-8 0.049977013230285916
-0.05636556989485568 0.6123374883168238 0.07290850863136557 0 9.262136513722703E-8 1.8629469367376356E-8 0.04997701214856369
-0.25001651455608 0.6877574831582878 0.0818288600417976 0 1.0450721527641076E-7 3.810158561498863E-8 0.04997702798505643
-0.052031801679697585 0.5443357511275841 0.06842717285738567 0 8.46179161756551E-8 2.1354530092458984E-8 0.04997702010700233
0.3180361598450387 0.5508547874957042 0.07440724687637126 0 8.347134433740371E-8 -3.642259374669243E-8 0.04997701602192195
0.22784343961994075 0.5451094489255655 0.0712614275403811 0 8.591811532599569E-8 -2.0993617082454842E-8 0.04997701867086498
0.15223360853370177 0.5114589799667827 0.06762073099832457 0 8.171046692355854E-8 -6.235487671744625E-9 0.049977036032016316
0.001253333994083932 0.5186888782774371 0.06673044987207258 0 7.862310930612198E-8 1.2554420877293356E-8 0.049977021465525205
0.04502055801070238 0.5239593119206278 0.06715619876796415 0 7.668344512240513E-8 7.265778193427828E-9 0.04997702373315722
0.09307018049889716 0.48701542238591894 0.06541754354915293 0 6.956643832133758E-8 -1.0648084710025036E-9 0.049977040225893346
-0.028427878816465992 0.4894039605592073 0.06510500934199118 0 7.704669657258952E-8 1.5129699398229894E-8 0.04997702587590315
0.3618627937090411 0.47199806236141684 0.07152593305679358 0 7.304850463879194E-8 -3.883169783205375E-8 0.04997702096880679
0.3818998921620359 0.39282083230988174 0.06849211870683777 0 6.636280193370114E-8 -3.936303235385647E-8 0.04997703583542076
0.5964895386590119 0.24538252217967105 0.07505456752399718 0 4.0422924036195656E-8 -7.560981162815938E-8 0.04997702551623388
0.5023235944487768 0.2915186453354023 0.07059623054924216 0 5.023604263645344E-8 -6.109354983488464E-8 0.049977023085437014
0.5325092597313041 0.25445661626164345 0.07121936353097057 0 4.4528405772542236E-8 -6.438609675118205E-8 0.04997702455599744
0.6524176664552401 0.20477109599706136 0.07797707686621597 0 3.234711196720643E-8 -8.362046674999055E-8 0.04997703098497081
0.6908574756839181 0.1584953945063365 0.07995126254637963 0 2.319993543782015E-8 -8.908991655852867E-8 0.04997703881365643
0.5953591891669738 0.1936606882201294 0.07369160395615945 0 3.510930509143515E-8 -7.445100946608733E-8 0.049977027739813974
0.6892086201904363 0.11760753932384704 0.079182235454291 0 1.758468780429093E-8 -9.065848875248164E-8 0.049977038267703146
0.405879084331799 0.3317218591300754 0.06705525860874957 0 6.023205305287753E-8 -4.901371866805217E-8 0.04997703753581821
0.4374027432196878 0.28280425722565 0.06685837267776955 0 5.086074480579201E-8 -5.308646318534959E-8 0.049977030296281956
0.9249999999999994 2.4083227273235917E-16 0.09999999999999988 0 1.2496860337750898E-8 -1.2250504292734026E-7 0.04997704014560855
0.7822439697509949 0.07342341173252223 0.08646750245519459 0 1.5748475708758725E-8 -1.0717579058664485E-7 0.049977051655054054
0.7247257834183622 0.08520662975023731 0.08165698245211614 0 1.2933615207764824E-8 -9.769058701829382E-8 0.04997704412235339
0.8252770499196596 2.2719212644267835E-16 0.09008727174442381 0 8.860446950075266E-9 -1.0859150306916529E-7 0.04997704641647372
0.8548200389796248 -0.0652462727687064 0.09314675085287963 0 2.3396973231527002E-9 -1.0986673879410933E-7 0.04997704993159996
-0.4625 0.8010734985006055 0.09999999999999995 0 1.148202954529618E-7 8.029227255325933E-8 0.04997701447255091
-0.4789401191209053 0.7197628636157833 0.09385470752197606 0 1.0597662970667374E-7 8.29207343404459E-8 0.049977024059255554
-0.5083123257938114 0.6756675576578802 0.09200745306162256 0 9.973642927906409E-8 8.722594360776206E-8 0.049977032647818366
-0.32754350874215143 0.6890222378899378 0.08446715933764734 0 1.0011020920982526E-7 5.102857740031613E-8 0.04997702726658712
-0.41247406389305447 0.7144260354671815 0.09005646238462256 0 1.0445051344884922E-7 6.974781176976901E-8 0.04997702396209654
-0.19051431605916905 0.626194724144322 0.07575740850014469 0 9.433799814007956E-8 3.472497230720998E-8 0.04997701489297432
-0.12546868182070262 0.5661421054611622 0.07053660282173835 0 8.525759710606289E-8 3.270861413905555E-8 0.04997702010736998
-0.19168892528151546 0.5624523066487603 0.07149027116733264 0 8.197919534551219E-8 3.947875325770105E-8 0.0499770172101378
-0.29003290264585363 0.6297052539110426 0.07871782471366957 0 9.398520574267226E-8 4.5434651210099284E-8 0.04997701750890505
-0.10596501162257628 0.5041773372256166 0.0665257287102945 0 7.907124551118826E-8 2.989111789791346E-8 0.04997703722229868
-0.0710277803670786 0.4813038479979327 0.0648997774631422 0 7.864533946690375E-8 2.084712803170479E-8 0.04997703403781685
0.27234892372669683 0.47172217328134014 0.06829621029644013 0 7.457691874082818E-8 -2.6234758518057297E-8 0.04997702142953796
0.21079455863719812 0.4693257584201238 0.06648483672306539 0 7.761966331519603E-8 -1.926235035670222E-8 0.04997702854988678
0.14985938251764008 0.45279307874260605 0.06437801254812757 0 7.35604636804541E-8 -1.529822656047078E-8 0.04997704316890358
0.18545604713463826 0.4304739947807409 0.06393784680976806 0 7.082413676262919E-8 -2.0130365791110012E-8 0.049977032973378285
0.11053788187593885 0.4306223745782792 0.0626902062642271 0 6.462912661698728E-8 -1.2750312441917408E-8 0.04997703916273804
0.019795838688718648 0.4703114259817322 0.0640444060829731 0 7.006051147788136E-8 6.800145770833145E-9 0.049977026496121665
0.06533055038853271 0.4354649165439313 0.06247764990259347 0 6.294728968725698E-8 -3.820511137343199E-9 0.04997703214761605
-0.04037960269203985 0.4408570318083466 0.0625957773306699 0 7.09593660842322E-8 1.2492424937331195E-8 0.0499770277588606
0.3329058545937796 0.33325924236807375 0.06406157186555389 0 5.064282486442308E-8 -4.069584486523261E-8 0.04997705032090899
0.30693864167133966 0.4042133776050551 0.06608285286906407 0 6.124010166933296E-8 -2.8849194493450797E-8 0.04997703401322847
0.5387084587482874 0.20560708274998704 0.07032262751622614 0 3.9484184710976835E-8 -6.39239280172067E-8 0.049977030301162254
0.47599510640454495 0.23047538821938993 0.06733340193971542 0 4.167264734123504E-8 -5.4557961092492916E-8 0.04997703159225401
0.5285393108936259 0.16518893231571916 0.06885934434787161 0 3.5944029056002464E-8 -6.272556293692689E-8 0.049977038915020824
0.6359863797306671 0.1341128294488754 0.07542020319546491 0 2.4226860527301903E-8 -8.208187311417706E-8 0.04997703049909141
0.5665181445886517 0.15558354761445173 0.07104008880031383 0 3.34579794685546E-8 -7.02803687572353E-8 0.04997703261328873
0.660910431014522 0.06111123862815046 0.0764443497197492 0 1.2606691682566372E-8 -8.695944952320007E-8 0.04997703110383367
0.3628225028367361 0.2686598783514226 0.06303900336729049 0 4.487924696592721E-8 -4.743587875120539E-8 0.04997703639977011
0.40159415937487913 0.22227119456522582 0.06342742714419668 0 3.7221397813183556E-8 -4.793391718041357E-8 0.049977033501813234
0.8374232558848936 -0.1293417213860296 0.09218338983550127 0 -5.874869823159878E-9 -1.0983274808922766E-7 0.04997705948882962
0.9192877606928149 -0.10260258091221071 0.09999999999999994 0 -1.2149683512217339E-9 -1.2001611495121374E-7 0.04997704652398187
0.736498120183538 1.9461726324828643E-16 0.0822207664498539 0 3.1271672639188698E-9 -9.61989085752351E-8 0.04997704063818383
0.7859407931602105 -0.07401767626946824 0.08680140328934059 0 -4.721393988097836E-9 -9.83455979337764E-8 0.04997705432465963
0.7880045515761323 -0.12910173677696724 0.08762058220646912 0 -1.223930321283655E-8 -1.0223328155335355E-7 0.04997706386517218
0.7883546035916829 -0.16488856810254315 0.08824892692988198 0 -1.678400159235396E-8 -1.0704983497544223E-7 0.04997706288485197
0.7597010793028802 -0.19500257071099414 0.08634694259141451 0 -2.3760159068394913E-8 -1.039131437282249E-7 0.04997705579668144
-0.5485031394581955 0.7448231888659758 0.09999999999999998 0 1.080616778548401E-7 9.397390402847406E-8 0.049977020447754046
-0.5596851197575441 0.6634042603718276 0.09419033697962353 0 9.380378134510736E-8 9.345205189673857E-8 0.049977032132646135
-0.4499036574234318 0.6597655574984556 0.08762543161615084 0 1.0141931431458584E-7 7.537815864857394E-8 0.04997702961221488
-0.5084523869045262 0.6310249340793687 0.08870435188239581 0 9.452330663048552E-8 8.32127749892579E-8 0.049977040591626415
-0.3679940573528886 0.6373844042186184 0.08217817873449768 0 9.657052378343422E-8 5.821675704806205E-8 0.049977020682070154
-0.42125713605646403 0.6077940464059373 0.08247265847688973 0 9.578537013777784E-8 6.666716059238125E-8 0.04997702519075296
-0.5445828559277581 0.5931276201062035 0.08823074690283744 0 8.49848042070585E-8 8.383002013055938E-8 0.04997703858898635
-0.2598642375444073 0.5690891545970852 0.07365958600480058 0 8.40028517935168E-8 4.547009750949546E-8 0.049977012157532905
-0.146043412013244 0.5032640730580226 0.06704541835555089 0 7.300840039296305E-8 3.54123424846584E-8 0.04997703699184212
-0.17773060720916645 0.5259463281585312 0.06894804779728927 0 7.491901004478963E-8 3.937713789314526E-8 0.04997702528566004
-0.21172158677062325 0.5198781223671345 0.06933829044213057 0 7.371374644358184E-8 4.252416538971082E-8 0.04997702006850282
-0.31860245148696237 0.5518356333914171 0.07448895588812982 0 8.313262340369352E-8 5.3522993241394494E-8 0.04997701122733782
-0.14030890931253803 0.4679836164169959 0.06501280116403946 0 6.850651504933696E-8 2.838886772849814E-8 0.04997704378732533
-0.1029411460718821 0.44640858274387013 0.06338188130081228 0 7.169470144029904E-8 1.9168761036351694E-8 0.04997704029623397
0.2318898921058528 0.4016450748890024 0.06367695651733307 0 6.274519340573013E-8 -2.4135299022592897E-8 0.04997702795924038
0.15384627156060382 0.38391173658918915 0.06118533303935767 0 6.083903034768399E-8 -1.837535128384253E-8 0.049977027570803405
0.08567704016096146 0.39343427128029224 0.06068036954612458 0 5.9363010009447306E-8 -8.694011470731343E-9 0.04997702768812823
0.05891091878969271 0.3561813785904501 0.05888183035860122 0 5.5485147868978625E-8 -1.8792710683486773E-9 0.049977020767946
0.013052198219917915 0.38970549808144694 0.060109559393507296 0 6.013601382859055E-8 4.389510252499455E-9 0.04997702159737743
-0.07539656272461731 0.38263872680028077 0.06011274428033935 0 6.093039218511542E-8 1.507868688896207E-8 0.04997702364950054
0.29687695963224414 0.26583446546620587 0.06049214663587172 0 4.0473821265924215E-8 -3.7589204887740086E-8 0.04997703036298277
0.2625418688185837 0.33648330779519714 0.06181290503458571 0 4.839424580878079E-8 -3.011373312340724E-8 0.04997703156862807
0.4879508039440347 0.1753290332884817 0.06671893154849401 0 3.465827839681299E-8 -5.465674691692206E-8 0.04997704403640847
0.44078820931890456 0.1777885340956575 0.06428879605061416 0 2.9394977307577465E-8 -4.941842989623355E-8 0.049977042856216194
0.5192463818471629 0.12824117265253684 0.06769417632898124 0 3.203315342828933E-8 -6.491961947299254E-8 0.04997704570314619
0.5800435663390094 0.07440259297015445 0.07086095755136958 0 2.0940972650409664E-8 -7.575490200491641E-8 0.04997703052714799
0.637168246229727 1.7636191275501274E-16 0.07448630903843242 0 6.024688748514592E-9 -8.224537252063112E-8 0.049977028277902284
0.394490378891255 0.17177804019933987 0.06198157459134764 0 2.6462498016907137E-8 -4.637931244748269E-8 0.04997703586013557
0.33827356631260735 0.19741612693850674 0.060186571415137134 0 3.21916716937624E-8 -4.090473225298604E-8 0.049977027771799284
0.823080640176532 -0.2073363860609292 0.09232209730203018 0 -1.8975191712418273E-8 -1.1380730722467791E-7 0.049977055029376695
0.9051251563026288 -0.19071818387397393 0.09999999999999996 0 -1.4174900646792402E-8 -1.2328470622990902E-7 0.04997704889097528
0.6918887433807663 -0.06772116765551028 0.07886795692620671 0 -7.395434786197442E-9 -8.782781008530254E-8 0.04997703809959831
0.7325342916850162 -0.13408386908087777 0.08291013088256638 0 -1.919856185913486E-8 -9.508004647126153E-8 0.049977053814753834
0.7578046117703348 -0.24801668508133748 0.08751626752734717 0 -2.8785704895899987E-8 -1.0195406125545997E-7 0.04997705007116703
0.7040732060431756 -0.2032143579310842 0.08191372549943252 0 -2.6813696366098823E-8 -9.350091412010169E-8 0.0499770454935325
-0.6177328508859397 0.6884991641819087 0.09999999999999995 0 9.570198490578805E-8 1.005494892747668E-7 0.04997702255649934
-0.6071515389330133 0.6092519905512257 0.0934219469334025 0 8.409906517764457E-8 9.619919648344674E-8 0.04997702804185245
-0.5735399527378838 0.553508622043815 0.08749015204644302 0 7.959110573187887E-8 8.725428463247016E-8 0.04997703056885414
-0.47303326379715877 0.5791284533565412 0.08316905076856485 0 9.140490300023664E-8 7.146303484134396E-8 0.04997703329991206
-0.39181543828090004 0.55445735722153 0.07760084140770421 0 8.650805565742557E-8 6.230905390975413E-8 0.04997701629732691
-0.5240933648557364 0.532232296917964 0.0831006990315747 0 8.041476826568632E-8 7.750550870137954E-8 0.04997702884801517
-0.2730034360466586 0.47285582187369307 0.06837705113188602 0 6.97040847715447E-8 5.095926967326304E-8 0.04997701717686982
-0.19156331121345604 0.4731617410648762 0.06625147072173328 0 6.558809073972168E-8 3.739148995839184E-8 0.049977030177923626
-0.3580569939172612 0.4725541821277962 0.07140049698238948 0 7.127301006045364E-8 6.304507806378789E-8 0.049977015774902475
-0.30165136280488036 0.4184145297189895 0.06656200918217181 0 6.513946954972677E-8 5.6961681457473216E-8 0.04997702607507079
-0.157502577302292 0.4062797025959702 0.06224976286168573 0 6.06359425092405E-8 2.5274277592227574E-8 0.04997703007487798
0.1923176439095004 0.3331039304431941 0.059877835485628056 0 5.158408612329895E-8 -2.1125972141188052E-8 0.049977021395883114
0.10763513709501452 0.32249572723181036 0.058047784011843524 0 5.206169541500236E-8 -7.955149938016259E-9 0.04997701906061379
0.02555769618970364 0.3104658173674803 0.05699894508193309 0 5.014841363251613E-8 7.670831307981028E-9 0.04997702200229768
-0.04439277195221167 0.328710102628296 0.0577329050528648 0 5.1458730872266056E-8 1.5311018681881566E-8 0.049977019463755636
-0.11902524067374878 0.32805250160257865 0.05839824108948766 0 5.101721541487893E-8 2.337211395189857E-8 0.04997701752246973
-0.017053837843317182 0.27836069099312905 0.05590951428308119 0 4.369440806509862E-8 1.642606000752164E-8 0.04997702830356668
0.011677278178983168 0.25977319628253465 0.05533524160416193 0 4.3437442952668314E-8 1.3652196043615844E-8 0.04997703445298896
0.26432978404622737 0.19520810401833602 0.05761727712614054 0 3.444747392538395E-8 -2.8384502280105602E-8 0.049977024442887555
0.22703812963746223 0.26409762190385005 0.058370438456053005 0 4.144415853434554E-8 -2.4309036159418838E-8 0.04997702141907174
0.4615326701397575 0.12346215125476942 0.06442192515091573 0 2.214078339750374E-8 -5.803424865878593E-8 0.04997705567461144
0.41609697408913515 0.13788398400008958 0.06237868126929303 0 1.967841285212526E-8 -5.0241951092700214E-8 0.049977043501718506
0.493812622045095 0.06489296717588176 0.06554297030555511 0 1.89496770738447E-8 -6.694067469057606E-8 0.049977043097713905
0.5965173615012843 -0.07939251741876009 0.07200225824383245 0 -2.0022632909527657E-9 -7.530025599383939E-8 0.04997703183422046
0.5449077695259101 1.790659953385319E-16 0.06830916124377963 0 1.0542886520289294E-8 -6.926462395266431E-8 0.049977031893630196
0.35923719947272786 0.12552401442410066 0.05970040660633742 0 2.0382593416216073E-8 -4.3620951667101303E-8 0.049977029841095866
0.23462332403576253 0.13422621113694225 0.05564316792853833 0 3.095756383302495E-8 -2.205037490987282E-8 0.049977035509850214
0.29070078878885497 0.12979410487969603 0.05724274123768994 0 2.666601294662881E-8 -3.280919848132696E-8 0.04997702636118249
0.8014927716328408 -0.29144105877124366 0.09271262928645599 0 -3.079367615145496E-8 -1.0746366292894254E-7 0.04997704822349309
0.8809325145611795 -0.2820885484172241 0.09999999999999999 0 -2.80089929431485E-8 -1.207019301169164E-7 0.0499770436052149
0.6510493529215736 -0.15514133280147802 0.07686356365481603 0 -1.8307707848763836E-8 -8.455154926380034E-8 0.049977036550460784
0.5770279320473077 -0.1518434761804153 0.07165568912865206 0 -1.0705592886759873E-8 -7.530132052710425E-8 0.049977036028165035
0.7173493567573875 -0.3169596225802428 0.08634023460744476 0 -3.78169257281637E-8 -9.031604868495579E-8 0.04997705233934384
0.6897625743522149 -0.264441860913035 0.0824063475266023 0 -3.351483554999212E-8 -8.858762683273876E-8 0.04997704432873846
0.6384778628041973 -0.23491899962832427 0.0777084562971251 0 -2.909056065474443E-8 -8.248798409953737E-8 0.049977036295918716
-0.6847646792234083 0.6218628292777221 0.09999999999999995 0 8.613306239844833E-8 1.089257813101772E-7 0.04997701731358965
-0.6465139113454264 0.538316822314734 0.09160194260007758 0 7.763168239164277E-8 1.0281979535091784E-7 0.049977025110200794
-0.5770660846669927 0.4836246905463882 0.08360849061752018 0 7.439294802861336E-8 8.873273263987665E-8 0.04997702470525378
-0.45509595152323246 0.486640439064581 0.0766367028663977 0 7.467157431310701E-8 7.101583176884643E-8 0.049977017516339914
-0.41803303753571375 0.41861066103869105 0.07131407766744806 0 6.024766104760897E-8 7.12094168031096E-8 0.0499770202213503
-0.5228737105474611 0.469403410425903 0.0794598201715015 0 7.24638564492213E-8 7.965207998607622E-8 0.04997701988082082
-0.2326279902659774 0.402923498403311 0.06375456788963607 0 6.191092274914726E-8 4.162739432189208E-8 0.04997702443330445
-0.2807191746564195 0.3771430143239577 0.06401358518053686 0 6.243464611781356E-8 5.067993070915756E-8 0.049977030915821556
-0.366851516506518 0.3914531813319968 0.06779342734587492 0 5.651067088162769E-8 6.714626604084731E-8 0.04997703387052856
-0.31784422091904324 0.3574692689417032 0.06445327462614314 0 5.961321795717283E-8 5.575791982523447E-8 0.049977042081126924
-0.19326570388917427 0.3347460184966118 0.05996054906425582 0 5.379500454266875E-8 3.3351957523440245E-8 0.04997701879687586
0.14969050843762158 0.2592715660247785 0.05657975437506353 0 4.383544071711999E-8 -1.0570206740331513E-8 0.049977019772071044
-0.15073713287945018 0.26108437273446894 0.05665087411303694 0 4.07747988070235E-8 3.1740382254225757E-8 0.04997701750419703
0.06630901180929023 0.250856535710505 0.0553186995326227 0 4.4991716030553066E-8 3.735393646884556E-9 0.049977029753236736
0.017981432514459814 0.22651294475696923 0.05443142027174295 0 4.051240316704583E-8 1.1297763146739806E-8 0.049977045739139116
-0.07471068043782808 0.2615864764835527 0.0556965634877458 0 3.888378725208073E-8 2.2987737663028598E-8 0.04997702512457124
-0.014253461472862217 0.23459230484404994 0.05463523466770248 0 3.650866872728142E-8 1.6784435507039133E-8 0.04997704315477838
0.20062573683728832 0.09527047772396216 0.05430115527057267 0 2.549199428163439E-8 -2.058114638114699E-8 0.04997705071890247
0.18890830540911194 0.1893292231980287 0.05555650018582656 0 3.480976422513368E-8 -1.3265960061402245E-8 0.04997702975934333
0.18353225708574536 0.1263657612272312 0.05431954168807018 0 2.702150686309076E-8 -1.2940786864771617E-8 0.04997704986749813
0.4146151646677903 0.077681020975073 0.06157475739077052 0 1.239254736613001E-8 -5.445206692949931E-8 0.04997703889347423
0.4636209692030302 1.4593888372567647E-16 0.06366862151549985 0 6.481847698547167E-9 -5.786733859516873E-8 0.04997703680992218
0.5270134709035552 -0.12362075461980128 0.0680883893303861 0 -3.4774096390199266E-9 -6.690442892320762E-8 0.049977047176319095
0.5078212312272355 -0.05773868566153319 0.06628756501631428 0 2.3599824272907554E-9 -6.021315010517537E-8 0.049977041621201534
0.3331467524821928 0.0633273262949379 0.05801432008933982 0 1.4718440950693777E-8 -4.0616347260236996E-8 0.049977025129594996
0.2538184516803514 0.06940494742292715 0.05542696753822805 0 2.2118263265678982E-8 -2.909687596608011E-8 0.049977033562555145
0.7635253857731481 -0.3782532475337201 0.0926398396720293 0 -4.065253895505727E-8 -9.969477324963296E-8 0.04997705649386997
0.8437752388147 -0.3790359438971111 0.09999999999999999 0 -4.0086091014099523E-8 -1.1201308446607457E-7 0.049977045725937815
0.5898871014295897 -0.20776639827421509 0.07364495662277286 0 -2.1694202579679148E-8 -7.761439219634057E-8 0.04997703327506571
0.5408130551366508 -0.18150058753720788 0.06992281214701015 0 -1.390856396935296E-8 -7.298428273486608E-8 0.04997703936460006
0.6777956079436661 -0.39290477214771746 0.08626804024189792 0 -5.1965371267832584E-8 -8.70567890163726E-8 0.04997706479336284
0.6346730356926773 -0.3174870091624343 0.08001946855914076 0 -4.264216875966289E-8 -7.851497849274265E-8 0.04997704353814185
0.5796784116794852 -0.2776116098201063 0.07488927562467991 0 -3.3812902677863985E-8 -7.44406385069422E-8 0.049977032813528714
-0.7501326501074496 0.5412263004122693 0.09999999999999999 0 7.694222765318093E-8 1.2120821083251883E-7 0.049977019930944416
-0.7186415188607144 0.4635460562865767 0.09293928953994947 0 6.658906481544895E-8 1.1633059209285944E-7 0.049977034125366776
-0.5580584193120213 0.42548332869284045 0.0793877523859349 0 6.780976494704328E-8 8.602758739073908E-8 0.04997702005583738
-0.6328963674406778 0.4470501467799965 0.08550954643040555 0 7.166877612374843E-8 1.0030309576472827E-7 0.04997703193299582
-0.6767294999436545 0.3833870641168075 0.08576692861654717 0 6.160941478936713E-8 1.0178206744115605E-7 0.04997704262283132
-0.4324706598932547 0.3595596935895599 0.06940707877592157 0 4.902799963424977E-8 7.134017492537861E-8 0.04997702391025749
-0.48200836859227103 0.4026983386005155 0.07383556549613608 0 5.982058724847173E-8 7.686856468593548E-8 0.04997701564134561
-0.5442886348821633 0.36830034160648034 0.07595460109733419 0 5.834536965774787E-8 8.442937753437139E-8 0.04997701625171951
-0.3182526738785638 0.31228528282505874 0.06275542647814243 0 5.3046658393327507E-8 4.8837425070661284E-8 0.049977039289003766
-0.25621859628623345 0.32661564029958035 0.06125711843708684 0 5.609544645229004E-8 4.262881059495712E-8 0.04997702626076179
-0.37474174799433474 0.325215240573534 0.06543736846884436 0 4.540500255879832E-8 5.908585474442615E-8 0.04997704092405627
-0.4300985673768074 0.3012630280350379 0.06711000127247038 0 4.1700521645781016E-8 6.907109485312335E-8 0.049977025759792834
-0.22695325756190313 0.2565120405768185 0.058144911454045704 0 4.276908424885746E-8 4.022515137087586E-8 0.049977018257925235
-0.18350196867475074 0.18844743574056294 0.05542383280391715 0 2.9700208144082896E-8 3.960797984373312E-8 0.04997702798607876
0.11136664405289663 0.19289268576805546 0.0543171535525474 0 3.550984026069282E-8 -3.3700895438919744E-9 0.04997703387915006
-0.1122914677939212 0.19449452747555573 0.054363926326504504 0 3.0255280730183844E-8 2.8208681068944034E-8 0.049977032197220404
7.833096257776418E-4 0.19069362679459012 0.05356840441819727 0 3.260032034700903E-8 7.479045681415986E-9 0.049977052525799315
0.04520143550094839 0.18418512355280772 0.05354594410814683 0 3.590805703334999E-8 1.8689866315851563E-9 0.049977045566565466
0.017173734845246678 0.1662656573333219 0.05309215701680856 0 3.0817197198063306E-8 2.335609337106876E-9 0.049977048325736455
-0.04746651353754764 0.1829715324610284 0.053532622158623755 0 2.7237411573128965E-8 1.4996697647967358E-8 0.049977044407356876
0.1909210649037195 0.04684254353730668 0.05369730809312632 0 1.5978525190885735E-8 -2.243321315957105E-8 0.0499770466061838
0.15384433041034729 0.09209874155024392 0.053330182368177645 0 1.6674829137212102E-8 -1.4842717038931846E-8 0.049977054082120206
0.13647605991683223 0.1435082568468913 0.053729825805134857 0 2.52593360187227E-8 -6.914853143441599E-9 0.049977044194279285
0.38492668203237634 1.0023152680894796E-16 0.05989052034096669 0 3.604952433552384E-9 -4.679763720056232E-8 0.04997702878182137
0.4253355502182104 -0.06042681663517086 0.061949401873126426 0 -5.840189125585467E-9 -4.880528698118145E-8 0.04997704030433037
0.48600244774065643 -0.18106149615140063 0.0667271620082264 0 -1.595008236037465E-8 -6.77759925230085E-8 0.04997704830977855
0.4535801009187721 -0.11979187747949692 0.06395953291420167 0 -1.3824458356235213E-8 -5.5358198382051884E-8 0.04997705829319085
0.30024351839566077 1.0287337474471442E-16 0.0566089984335615 0 8.860950661976549E-9 -3.490633482034693E-8 0.0499770252042547
0.2238875048948223 7.961310541061857E-17 0.054346295287657866 0 1.1145825868951733E-8 -2.416618302498969E-8 0.049977037776390024
0.7176713367395706 -0.46521260674377907 0.09294805270739667 0 -5.62768108618139E-8 -9.988497350403601E-8 0.04997705799130436
0.8010709981238167 -0.46249419750242293 0.09999999999999998 0 -5.28635667570127E-8 -1.093124000606875E-7 0.04997705118407969
0.526450453306162 -0.2376825100162034 0.07038843476625323 0 -2.4187902346681493E-8 -7.072159451782381E-8 0.049977034004767586
0.4546475825643904 -0.23293628734368743 0.06627327609670221 0 -2.436860968192971E-8 -6.082152356969957E-8 0.0499770396559337
0.5306797663003683 -0.29923675531161764 0.07251363051783592 0 -3.4880005562191646E-8 -6.854470670735245E-8 0.049977031359213844
0.6103906305879975 -0.40135765312469507 0.08172372928462608 0 -5.6507032665637276E-8 -7.783903438748468E-8 0.049977049225001645
0.6403517767463041 -0.46278562534170165 0.08686037768572827 0 -6.166761917594734E-8 -8.619118837221224E-8 0.04997705469111566
0.5664981365845182 -0.34007595181336636 0.07621962270586985 0 -4.432366631824331E-8 -7.144410728534316E-8 0.04997703538811186
-0.8010558185062641 0.4625204886241073 0.09999999999999998 0 6.340500143299145E-8 1.258282788352419E-7 0.04997702593184649
-0.7603438011582597 0.3738096376808479 0.09217483686370775 0 5.093852368143602E-8 1.1513250715147281E-7 0.04997703485971928
-0.6064827120561795 0.3683452405387546 0.0800133246078764 0 6.226131031885825E-8 9.167908303766315E-8 0.04997702560573414
-0.6554904399290363 0.3258387756938692 0.08184700708932659 0 5.4407823888433595E-8 9.652624819194003E-8 0.04997702980172215
-0.7173789460644423 0.3218656625868021 0.0865204629875929 0 4.8958441676325334E-8 1.0625336350092074E-7 0.04997703381784025
-0.4490633670822638 0.262933614095089 0.06682964731028332 0 3.822862804372074E-8 7.34602333797939E-8 0.049977023921886826
-0.561964870759204 0.31624700130713357 0.07504348009682706 0 5.062081467564739E-8 8.708970920652468E-8 0.04997701603248417
-0.4969688691845382 0.31115828345845914 0.070963541880969 0 4.566890827505392E-8 7.960567151901846E-8 0.049977016149191505
-0.3445240713159381 0.2767146512083848 0.0625551726814487 0 4.451818460480537E-8 5.162676339551135E-8 0.04997703347704479
-0.29822944351534514 0.2720284218761082 0.06072614652584281 0 4.6955167677886373E-8 4.613807988017247E-8 0.04997702793583278
-0.278960464150049 0.23105339123962187 0.058930977919053947 0 3.915989690508103E-8 4.60196799982417E-8 0.04997702119764695
-0.39866775255885006 0.2551376793832062 0.06418286265211672 0 3.8871441867862165E-8 6.343737316122993E-8 0.04997702852565783
-0.43855507291261625 0.22078311851591842 0.06514753629020965 0 3.4971125419377506E-8 7.354283911805018E-8 0.049977028845909974
-0.25569422992480945 0.18010642956677383 0.05704280655464758 0 2.8413456325562233E-8 4.6136613860267285E-8 0.04997702260130503
-0.22047029564306936 0.14293411554993973 0.05541545974285534 0 1.98732686623581E-8 4.3670212299613687E-8 0.04997703449408838
-0.18680865935078536 0.12991541986645877 0.05443956342319764 0 1.9911008505198823E-8 3.972590019156456E-8 0.04997704597502025
-0.13865734030206037 0.13413724110678016 0.05361667711440055 0 2.5778607234598013E-8 3.158158401346994E-8 0.04997704486657903
-0.13558426904309848 0.09984465055515283 0.05311549222562181 0 2.2950551121850435E-8 2.7043654285829937E-8 0.04997704866568044
-0.25161809751440434 0.1255049475699697 0.05598231997151887 0 1.7232286186957728E-8 4.5256753633288845E-8 0.049977029327157654
0.19420772375092543 -0.04676552312468657 0.05376845209193871 0 3.250799737743483E-9 -1.7040141411636295E-8 0.0499770476212735
0.07844894660138703 0.13587756131386025 0.05290437550856243 0 2.4691987838753815E-8 -3.756359408662273E-9 0.04997704127720752
0.1581850159804538 4.03666044625459E-17 0.05292729798071231 0 5.498526415523553E-9 -1.4920929520043183E-8 0.04997704427395275
-0.0793293077376864 0.13740239153093967 0.05293577949983721 0 2.498484240362006E-8 1.8703382574183652E-8 0.04997704040676241
-0.10192189467460562 0.10267269443312377 0.05269596908601703 0 2.3172231044637304E-8 2.127717717425844E-8 0.04997704218689747
-0.004334214649360648 0.15163914092247652 0.05281372846092682 0 2.674340987323298E-8 3.964461317472634E-9 0.04997704579009687
0.035198297345602834 0.13784946141786308 0.05265706254873472 0 2.596114109133508E-8 -6.608458165462471E-10 0.049977042177882056
-0.03647527919163236 0.1302798698937503 0.05254752074115307 0 2.3518937741240918E-8 9.388986265054082E-9 0.049977040486155484
0.12737884186502524 0.04457914646124021 0.05254239887577797 0 8.911362369707492E-9 -1.2924944684308067E-8 0.04997704369189213
0.10177697427875258 0.08834048795367636 0.05253956863179542 0 1.4569631023688721E-8 -8.29900154559938E-9 0.04997704272135592
0.34118511954802583 -0.062154607897978366 0.058312559079427444 0 -3.717204945723974E-9 -3.94497131376601E-8 0.04997702764049319
0.37836392981717903 -0.12391451309547875 0.06047575124681005 0 -1.6211757416655677E-8 -4.532838281199143E-8 0.04997703737724129
0.41238404925178007 -0.18021837395374024 0.06296662723972753 0 -2.2485804925805497E-8 -5.373640952811205E-8 0.04997704360949662
0.1676578507312959 -0.08204581170599337 0.05348225864611659 0 -5.564414054168935E-9 -1.4240457758066301E-8 0.049977057157691254
0.20181374228166962 -0.09141964150518621 0.05428754190491373 0 -7.620102247127346E-10 -2.0854488333931572E-8 0.049977053203707995
0.25485064501553883 -0.06881848120103617 0.05545206946541742 0 2.493960619537049E-9 -2.781943484028026E-8 0.049977035432886334
0.6644823007055147 -0.5389515943966049 0.09297818153954257 0 -6.682294558130775E-8 -9.010106627903218E-8 0.04997705043110694
0.7501545366059805 -0.541195963440213 0.09999999999999984 0 -6.63533255011204E-8 -1.046331637867009E-7 0.04997704720427929
0.6027366073062329 -0.5213223560235656 0.08747588350371878 0 -6.611778109408953E-8 -7.750525235843098E-8 0.049977051685267934
0.3907221727608636 -0.23584567652234328 0.06329187670784996 0 -2.6807380047115683E-8 -4.7301412828066126E-8 0.04997704055089205
0.47890979704271586 -0.2863984098188226 0.06912760288748078 0 -3.036325035604435E-8 -6.228325829774174E-8 0.04997703409536155
0.4250914842628162 -0.2904030737883922 0.06650384046370365 0 -2.9517037803934787E-8 -5.258143587848463E-8 0.04997704134055405
0.5018045759598764 -0.3463645861940246 0.07254833341115846 0 -4.070220808389854E-8 -6.402612773215576E-8 0.04997703259334513
0.5395049675561714 -0.4037977139333864 0.07721405836956645 0 -5.29097420674998E-8 -6.777622762901719E-8 0.049977037076091205
0.5629289159938321 -0.47314451663551055 0.08212579004392509 0 -6.252114136634005E-8 -7.025611408015878E-8 0.04997704572250152
-0.8437609348289447 0.37906778281416026 0.09999999999999995 0 5.0679194645750386E-8 1.2851469641135482E-7 0.04997702293933266
-0.7888004165309437 0.2903760964571749 0.0915314985584158 0 4.1828590597839803E-8 1.2145129222259125E-7 0.04997702966794083
-0.6102329054490165 0.2953318100128198 0.07752504764743698 0 4.916219430507247E-8 9.255112093242557E-8 0.049977020010096226
-0.6672358697757713 0.2726523999513782 0.08092297245691278 0 4.58424686467478E-8 1.0052128519008021E-7 0.0499770251977413
-0.7578216461505273 0.23114048963723496 0.08705889216020636 0 3.797533871404475E-8 1.1897776911361413E-7 0.049977034414606936
-0.7250638207162802 0.2644091498704253 0.08523826785223539 0 4.2909086636330826E-8 1.1080032166929653E-7 0.04997703018225589
-0.49761740681994665 0.2259943198914076 0.06840949555720777 0 3.32417303422616E-8 8.315820760870898E-8 0.04997702423871469
-0.5531916805568725 0.2548390044927608 0.07250231820116229 0 3.915212764675511E-8 8.825447144112408E-8 0.04997701691311976
-0.3304177610769968 0.2075632873895256 0.060121873146272396 0 3.599152013367695E-8 5.315264947496847E-8 0.0499770233883643
-0.40020050920329836 0.18553375498639196 0.06251643484045977 0 3.4017066995370916E-8 6.622884093790744E-8 0.04997703057316318
-0.4509389353459413 0.1806295394110867 0.06485872161226297 0 3.1072028723463596E-8 7.717155452906257E-8 0.04997703753941925
-0.3081655557366316 0.12979030410922685 0.057834162632571066 0 2.2550200744285244E-8 5.1432529010882666E-8 0.04997702191922408
-0.21413652185417031 0.10501643106435352 0.05472829937040968 0 1.281723068369799E-8 3.949341415969645E-8 0.04997704310288014
-0.1657690318723487 0.09663028560186343 0.05359396061230914 0 1.9129043450960823E-8 3.116808486721813E-8 0.049977053606852645
-0.13208776332768432 0.07040426877471608 0.05277929135503944 0 1.904261930084421E-8 2.379019292680763E-8 0.04997704610078424
-0.2668792736165402 0.06671487334767569 0.05579077358601759 0 9.26043921046196E-9 4.460577877353577E-8 0.04997702734894105
0.13394298555224937 -0.04272165979228181 0.052630185389843605 0 -3.0275489702297566E-9 -9.038947641338891E-9 0.04997704603502059
0.04273067501608838 0.07401170016957918 0.05192584962618541 0 1.4263769415464612E-8 -1.6328961802349865E-9 0.04997703320022991
-0.07427627943517315 0.042883429926301064 0.051928801697300825 0 1.4950852928301006E-8 1.6059756748120924E-8 0.049977033246061224
0.08580268905133058 2.7924535741052085E-17 0.05192915349305607 0 2.011863043537834E-9 -4.682112686185566E-9 0.04997703484815057
-0.04304287969149937 0.07455245452975151 0.0519319033593881 0 1.7888228172424006E-8 1.045428515777446E-8 0.04997703282885745
-2.9796378738924766E-17 0.08577355466188762 0.05192886660175564 0 1.7719977307667167E-8 3.593434583352087E-9 0.049977033022334236
0.0741595043143772 0.04281600977887492 0.05192749553399362 0 8.265985165051316E-9 -4.932247742228285E-9 0.049977034224488404
0.12170874450296679 -0.07937873255132208 0.05270638285367756 0 -9.570484387158947E-9 -7.981394900285712E-9 0.049977048934493166
0.1532214795718842 -0.1047515501973591 0.0534601593182905 0 -1.088214019207469E-8 -1.570099324408516E-8 0.04997705707685901
0.2997814449763266 -0.13025461904441932 0.057552736756421516 0 -1.0750172195710245E-8 -3.54864088332118E-8 0.049977030091343314
0.34046960443170665 -0.192505611563268 0.060162576700472446 0 -2.2931279633810506E-8 -4.000153389580284E-8 0.04997703390997793
0.34557599933864525 -0.25420475687873284 0.06192004258218349 0 -3.063362067483852E-8 -3.762738808703509E-8 0.049977041791700615
0.17846806103523252 -0.12182655323316931 0.05415222050793654 0 -8.808120772419632E-9 -2.273794990573727E-8 0.04997705572884682
0.23090062297727748 -0.133798202671902 0.055538699139373295 0 -6.7833827692996364E-9 -2.9055463547668518E-8 0.04997704078308016
0.6050561438570468 -0.6036830020468081 0.09289418017943481 0 -7.270811260270828E-8 -7.93298774188654E-8 0.049977056233107935
0.6847899965302142 -0.6218349498910589 0.09999999999999994 0 -7.549803617879415E-8 -9.229220990853914E-8 0.04997704657983013
0.5365057739834544 -0.6074638984061791 0.08871198704411519 0 -7.67469450390094E-8 -6.80848083843025E-8 0.04997706754592243
0.5490740032503056 -0.5442731464552362 0.08535659345024513 0 -6.927413332034531E-8 -6.589507441456623E-8 0.0499770558894708
0.3750627258693447 -0.2936858939923493 0.06434654814554322 0 -3.201964011172073E-8 -4.192580442928959E-8 0.049977049596846575
0.3969354899692888 -0.3460112170117684 0.06719703593166886 0 -3.527763163898638E-8 -5.0290783659034213E-8 0.049977050941154795
0.4494990254251991 -0.34835776824770576 0.06980849106780326 0 -3.720513135008394E-8 -5.763872862897034E-8 0.04997703803034579
0.4743994852003083 -0.40954268251415876 0.073738234339428 0 -4.9667789428800815E-8 -6.030918019700437E-8 0.04997703525955268
0.5051728219418842 -0.4543425560441293 0.07763963571270259 0 -5.890122196519387E-8 -6.202809865732265E-8 0.049977038804658216
0.5025098789806551 -0.515963207586209 0.08087711077114171 0 -6.845661098600804E-8 -5.883918932782768E-8 0.04997704825512784
-0.8809225682293763 0.28211960771987943 0.09999999999999996 0 3.855705537063063E-8 1.3716858519274892E-7 0.04997702352773808
-0.828550120997359 0.21135039229983998 0.09293041569195869 0 2.9897833537627466E-8 1.307791326250541E-7 0.04997703679152174
-0.4876818695036711 0.16005919777938843 0.06641416297022892 0 2.3446584555321346E-8 8.239601117814553E-8 0.049977042333566465
-0.7583678808155521 0.178257805309045 0.085877514601274 0 3.310064399817176E-8 1.1903817455108724E-7 0.049977042866945875
-0.6170663609123308 0.222189336538271 0.07585507468331582 0 3.6822601430448075E-8 9.594570359221545E-8 0.049977019213006686
-0.6972424057138273 0.20430689657176634 0.08139617396721441 0 3.7778954933032714E-8 1.0813898235941636E-7 0.049977029118946754
-0.5518948161465875 0.17422255470543752 0.07046196471921623 0 2.388381514085676E-8 8.923112440834286E-8 0.04997702590280385
-0.36894201678212313 0.12798179161528736 0.06013540062401418 0 2.7248410246963936E-8 5.94447557337545E-8 0.0499770271382937
-0.4362515368769687 0.13236424219261816 0.06326633817399903 0 2.8674772333898585E-8 7.013637031699716E-8 0.04997704413060137
-0.33947513674739144 0.06240362523718613 0.058248486325065116 0 1.46836709344767E-8 5.431141835461655E-8 0.04997702146946645
-0.18433654548332082 0.048222709230570565 0.05356505347436668 0 9.267179888363834E-9 3.0205106663069645E-8 0.04997704547068975
-0.13330372693534312 0.03517105967265548 0.052587287930552964 0 1.3005637177038102E-8 2.4151817560919397E-8 0.04997704214622322
-0.08544796042127181 1.2633032021521531E-17 0.05192572029476935 0 9.123280493445792E-9 1.9509470726375454E-8 0.04997703374921834
-0.2993967149465731 5.4908359945213266E-18 0.05658028588283902 0 2.127625453586554E-9 4.98323718597358E-8 0.04997702187879586
-0.22270343343645202 -2.7398019802337882E-17 0.054316401779706945 0 5.024754426116933E-11 3.900404253017422E-8 0.04997703537423659
-0.27837086784154214 -0.12617379267311218 0.05679356136910862 0 -1.62949239004762E-8 4.576201126079201E-8 0.049977028690460355
0.07416648351753428 -0.04282003922369633 0.05192757354063934 0 -3.76763575051022E-9 -1.1301525587274392E-9 0.04997703562237364
-0.07423701450489274 -0.04286076030823398 0.051928362278406685 0 2.8643902156836434E-9 1.9798462115126274E-8 0.04997703476175166
5.433302611002987E-16 -9.25534990736191E-16 0.051513083863437 0 5.585635203081509E-9 7.427049532517578E-9 0.04997702608210958
-0.10393602836491157 -0.0928684349452979 0.05261104654913398 0 -3.994381840910576E-9 2.318777765078383E-8 0.04997704528744875
0.09263290818595533 -0.09340215664313874 0.05249108753880629 0 -1.0707983046038686E-8 -4.230443719852954E-9 0.04997704447279603
0.13365633223327938 -0.131494330544841 0.053500013617672336 0 -1.469815864926693E-8 -1.5386873316559853E-8 0.049977050796592065
0.32685099627426545 -0.2905697969488598 0.06232853198902639 0 -3.741923303183076E-8 -3.366344393195655E-8 0.049977048975149554
0.25568805190108224 -0.19009790761699052 0.05725179690059135 0 -1.928648235284673E-8 -3.078777795164437E-8 0.04997703098639662
0.2878012678865199 -0.2461068228137798 0.059620677596610265 0 -3.1017842448379E-8 -3.104952246260062E-8 0.04997703471714728
0.17648242248939017 -0.17786432905826252 0.055061790182478074 0 -1.6965969804153997E-8 -2.4124056209319625E-8 0.04997703955243484
-0.2483235922732361 -0.18165056966040063 0.05686432272721823 0 -2.2776866643368275E-8 3.975275407891056E-8 0.049977029422821756
0.5547456546446986 -0.6639301342123074 0.09391738389868397 0 -8.338685131125026E-8 -7.654207545576453E-8 0.04997706188625198
0.617759403950767 -0.688475338910477 0.09999999999999995 0 -8.509467730723423E-8 -8.398630812107686E-8 0.04997705346574938
0.5055257679581893 -0.637124600070996 0.08897493457515948 0 -8.491835506348604E-8 -6.753988638363135E-8 0.04997706745838601
0.4877536710430043 -0.5826751104622181 0.08420495651136725 0 -8.003172345373744E-8 -5.746655391265295E-8 0.0499770620728155
0.33633282409977666 -0.3398966968888034 0.06444423660906808 0 -4.3602651809410465E-8 -4.0022167652690684E-8 0.04997706165937623
0.3632772876174715 -0.38800374757803635 0.06749345504717459 0 -4.543785633080965E-8 -5.118832284804436E-8 0.04997705257301293
0.41704203467651185 -0.4108303752912243 0.07090170067103964 0 -4.7660240763184165E-8 -5.562987872961442E-8 0.04997704010793462
0.4381086940659461 -0.4733073985449338 0.07505155127124846 0 -6.090442014749204E-8 -5.4577366658258325E-8 0.04997703741505846
0.4531934148271225 -0.5420428192507506 0.07976926362259741 0 -7.448791813241423E-8 -5.264985694731677E-8 0.049977047433249676
-0.8565041007211142 0.12935729823844902 0.09401883827528355 0 1.5714788018638713E-8 1.288552173858182E-7 0.04997704144415681
-0.9051192255768068 0.1907463267598074 0.09999999999999999 0 2.479100234519744E-8 1.398554021363573E-7 0.04997703160520146
-0.7940808377677345 0.13178185399490336 0.08820577601429047 0 2.2301150837045457E-8 1.1958747364948469E-7 0.049977050558313106
-0.33304413722574716 -0.0693067767843958 0.05805530637396814 0 -4.395099938170747E-9 5.5662353590953184E-8 0.04997702380468536
-0.4742240483662385 0.11256694280313873 0.06494853319711702 0 1.9564647374718555E-8 7.229701507316251E-8 0.049977049164046675
-0.5075730010734563 0.12513873893141758 0.06697106660603604 0 1.550798549449239E-8 7.982049564572165E-8 0.04997704303589245
-0.5430568755805907 0.10886676283437083 0.06886622733636953 0 1.2924661847233025E-8 8.351202525382539E-8 0.04997703194374025
-0.7200856347104287 0.12756375701027653 0.08178787314202199 0 2.9142424579201857E-8 1.087801139604068E-7 0.049977036974512716
-0.6366216770914513 0.1480565042375733 0.07568897320024313 0 2.6761065155486686E-8 9.8112438190915E-8 0.049977022305093564
-0.5817364775186938 0.11498204866540508 0.07140762999266016 0 1.6340013966887507E-8 8.969699844928702E-8 0.04997702436021732
-0.42774238996431574 0.06497482014443741 0.06209784320535726 0 1.7706996122012313E-8 6.407820413580267E-8 0.049977034432957756
-0.3847166606924661 5.007387460326135E-18 0.05988137680814879 0 7.476849938154399E-9 6.1897748906025E-8 0.04997702417711247
-0.3349183900900527 -0.1391323925724424 0.05894927757126893 0 -1.301086649344287E-8 5.490559705813364E-8 0.04997702757144545
-0.29014129297673835 -0.2192290809213992 0.05898973037684319 0 -2.4796478731260235E-8 4.939905691636746E-8 0.0499770291174669
-0.30831506111577245 -0.17770170158565646 0.05867258259636438 0 -1.9711873975431953E-8 5.10294260600519E-8 0.049977027508576174
-0.8184909839211807 0.07533925376340875 0.08977629762126751 0 1.195136275060309E-8 1.1976660451103058E-7 0.0499770418985011
-0.15687445011428935 1.9896548115933566E-17 0.05290395974586269 0 5.712430248934034E-9 2.9655041254187665E-8 0.04997704227624438
-0.12783259126111396 -0.033275347967647646 0.05249920381841622 0 3.6713938295930246E-9 2.7490322891420968E-8 0.04997704232361037
-0.12619399745448542 -0.06614911525416546 0.05266041061116255 0 -1.311372342203217E-10 2.7645889515188132E-8 0.049977046645287265
-0.24680219676358395 -0.07209570484823002 0.05524990662857362 0 -1.159212427441697E-8 4.305269019571387E-8 0.049977034775742224
-0.22815732549244763 -0.13366956667415794 0.05546555293618707 0 -1.991008224103466E-8 3.5734557873877145E-8 0.04997703887604893
-0.15093740406319942 -0.09389909648308085 0.053299030733839035 0 -5.5197374525200444E-9 2.9070052666709117E-8 0.049977054959652926
-0.17405337917392047 -0.045794392161233266 0.053343830220451034 0 -2.505232865184286E-9 3.519537907118393E-8 0.049977047375367734
-0.18973296493485722 -0.18461798069110347 0.055474546986767154 0 -2.331204613511204E-8 2.820574961221336E-8 0.04997703479474093
-0.1364384943575783 -0.14270773398924902 0.05371629461338726 0 -1.3947494457202558E-8 2.1731625475057577E-8 0.04997704756628981
0.04273873390329096 -0.07402565857166638 0.05192600533605053 0 -6.622801140929143E-9 4.41532991631254E-9 0.04997703568881095
-0.04299754043112493 -0.07447392462720538 0.051931021483395706 0 -3.155329933260813E-9 1.656709304408289E-8 0.0499770353107639
1.3904975238826412E-17 -0.08573627431625096 0.051928505242836896 0 -6.476832913938099E-9 1.1262390601191864E-8 0.04997703589531168
-0.07925046645516252 -0.13726583442387433 0.052932952804228266 0 -1.3801512900231551E-8 1.862608641904762E-8 0.04997704498462873
0.078463056828959 -0.135902000944921 0.052904876080197075 0 -1.3659315852197998E-8 -3.5739709756057718E-9 0.049977045759419136
0.11138757858716244 -0.19292894544503636 0.054318208030815426 0 -1.8905111149726608E-8 -1.3073253958310478E-8 0.04997704016559863
0.2704412885460667 -0.32134890739138133 0.06148782850104338 0 -4.484229310378554E-8 -2.8895623240878196E-8 0.049977042970347524
0.21970172124605267 -0.2547036178054315 0.05790944965811469 0 -3.1059118947357996E-8 -2.4550132211046832E-8 0.04997702907521436
0.06445906182530692 -0.2524774236880237 0.05535114833714504 0 -2.6087130702923294E-8 -7.259910157250379E-9 0.04997703811728145
0.14972579901011426 -0.2593326910893636 0.056582144341893334 0 -2.9319302636787346E-8 -1.670103037176183E-8 0.0499770282573497
0.031363797849434556 -0.30517057546423765 0.0568332914109285 0 -3.649835692196049E-8 -8.582364606546829E-10 0.049977032759320514
-0.03281109095750645 -0.303248501545522 0.0567724159885361 0 -3.842998584600588E-8 8.058703268725756E-9 0.049977032645976
-0.22974591189928226 -0.25639797529990704 0.058213734017978094 0 -2.9495427630562366E-8 3.958938937151532E-8 0.049977027559205606
-0.15050660974349658 -0.260685094950677 0.05663516711153095 0 -3.2855885888898013E-8 2.5858051871904057E-8 0.04997702660455461
-0.0010639892128916778 -0.35571530812846325 0.05866683852382106 0 -4.470227610723514E-8 7.542732156848329E-9 0.04997703162725091
0.4897167015298755 -0.6990669986722716 0.09278011319940965 0 -9.292103868877528E-8 -6.840590829807127E-8 0.04997705727808858
0.5485314847714318 -0.7448023146284537 0.09999999999999996 0 -9.733024256721482E-8 -7.742515811324503E-8 0.04997705232169463
0.4538946410105444 -0.6418290507487608 0.08650541722977732 0 -8.914707849022252E-8 -5.876841459353254E-8 0.049977059024466926
0.43691576165411183 -0.5863880363863174 0.08178506492225697 0 -8.246012230284648E-8 -5.1815109148362045E-8 0.049977051712849135
0.30008338071089913 -0.40108479031261085 0.06570468861303413 0 -5.281450493873636E-8 -4.0957198511463293E-8 0.04997704686828961
0.35656776116113886 -0.46142030598113837 0.07075125137743835 0 -5.846301614946442E-8 -4.8040142732230374E-8 0.04997703708353756
0.38634553368626 -0.5411366135074784 0.07653244947706513 0 -7.304856496894305E-8 -4.637041150986184E-8 0.04997703786557733
-0.8641324069088798 0.062174994255793294 0.09403348687291993 0 7.581604969369506E-9 1.2769816467616009E-7 0.04997703623707759
-0.9192848102122441 0.10262901652303172 0.09999999999999998 0 1.1811986299718936E-8 1.3645439327934663E-7 0.049977031964634745
-0.7599167871431189 0.06070075634999409 0.08441733903220823 0 1.581125952196324E-8 1.1145639674582185E-7 0.04997703788714251
-0.3798507417992421 -0.12110542276221137 0.06050058794352799 0 -7.133952282801319E-9 6.196486597609663E-8 0.049977033618738155
-0.40842759083875524 -0.05875232359605665 0.06114052778332879 0 3.305552136799421E-10 6.835166110967711E-8 0.04997703248198048
-0.5039157942187592 0.07056797810116018 0.06615707446286306 0 1.0008778021896613E-8 7.427534788595886E-8 0.049977036623056074
-0.5548238392163808 0.07638757137486703 0.0692570455361671 0 9.745614243621898E-9 8.404315357512385E-8 0.0499770273270147
-0.6893460495224285 0.06354738512595373 0.07863780818203954 0 1.7401947785131596E-8 1.0315108034208206E-7 0.04997702682504871
-0.6215823870108426 0.05940809814964494 0.0735747228508592 0 1.2220099129213893E-8 9.447032498363294E-8 0.049977020588126614
-0.4662367643365183 -0.05429215722432917 0.06397307879016166 0 -2.9888929080189586E-9 7.83469347321464E-8 0.04997703815634397
-0.46385916918682774 -3.671115297680029E-17 0.06368112390889598 0 4.475565543252306E-9 7.315712949820309E-8 0.04997703125383701
-0.3620108841151937 -0.17400839360604695 0.060635096430618034 0 -1.6537136454568624E-8 5.845955384311585E-8 0.04997703187334182
-0.299671918215507 -0.26919022055739933 0.06068803798570996 0 -2.974152603559407E-8 5.334172498202189E-8 0.049977037128226424
-0.33027652289156045 -0.22443841547131757 0.060528990644305516 0 -2.5062712116253097E-8 5.630885618445855E-8 0.04997703247532839
-0.8245744171037561 3.2427437940114445E-20 0.09002147282184526 0 1.8805637659243583E-9 1.2458236739154953E-7 0.04997703656582567
-0.19761019796705673 -0.10158906953187434 0.054303584925033156 0 -1.4895448814897114E-8 3.404113967286246E-8 0.0499770524700855
-0.18403998396844498 -0.12735803584373423 0.05434432437859784 0 -1.6112844690053314E-8 2.790835676765015E-8 0.04997705153095934
0.002774404310843052 -0.26370741404826953 0.055444406431408536 0 -3.1330963860659354E-8 -7.336923199454339E-10 0.049977042337039194
-0.11217260429255088 -0.1942886498520168 0.05435789315243198 0 -2.460243760229064E-8 1.851291633578059E-8 0.04997703865691842
-0.059917909088264505 -0.2537684697083779 0.05535616729591674 0 -3.439242240272006E-8 1.0168719021251623E-8 0.049977037905037665
0.025874926118163173 -0.1326695098536581 0.05254567933671944 0 -1.2530950130724676E-8 7.524487403596719E-9 0.049977045994076534
-0.02524383979971824 -0.13300675455069116 0.05254892004091195 0 -1.3829632426737105E-8 1.4811578612334575E-8 0.049977045707544784
0.05493858025113073 -0.18721166728009325 0.05366460039291042 0 -1.6435890917907275E-8 -2.0259198695362776E-9 0.049977049520962706
-0.053441146730527585 -0.1870910243981426 0.053652873989227134 0 -2.537093900451902E-8 1.3398403970990874E-8 0.04997704922286269
-0.015811501710617765 -0.22080470166743846 0.05428292799461194 0 -2.8256146426956263E-8 3.9218833896079475E-9 0.04997705489349137
0.001589553534327251 -0.18045943852644147 0.053353802929854637 0 -1.962514752875116E-8 8.94977169962848E-9 0.04997705783122464
0.01713256069613923 -0.2191946756676691 0.054245341320781695 0 -2.2450700341153297E-8 -4.32580790076369E-10 0.049977055263672944
0.23193963455587202 -0.4017312313397281 0.06368217918749612 0 -5.069889849878127E-8 -2.6035180989163457E-8 0.0499770408336844
0.1923608915779979 -0.3331788376023402 0.059881599761303035 0 -4.243042381638989E-8 -1.8145155828110176E-8 0.049977032190883175
0.10559774308437371 -0.32641465451667345 0.058167036115944384 0 -3.9598765417520106E-8 -6.840985766623529E-9 0.049977030034388234
0.02839276411724587 -0.3973392921812579 0.060485401730235276 0 -5.173473861897024E-8 5.275232829090116E-9 0.049977036461804854
0.04349199689707277 -0.3606955682361924 0.05897556113419837 0 -4.579536495775059E-8 2.237512833963631E-9 0.04997703268615421
-0.2724211583800272 -0.34021230275634196 0.06225471036920945 0 -3.7455564750342225E-8 4.646046026351313E-8 0.049977042579646816
-0.04975626500892476 -0.3592625346716331 0.05895024498757896 0 -4.4756947083193996E-8 1.5565385316539916E-8 0.04997703227348811
-0.11115524588477288 -0.32319159740630654 0.058116751891295344 0 -4.1012694760722586E-8 2.369861994184253E-8 0.049977028453466986
-0.1929576265867868 -0.33421241295621784 0.05993362613445384 0 -4.0664459131657114E-8 3.6417164109011E-8 0.04997703058236877
-0.00580331192480529 -0.44141011755505605 0.06253303354413747 0 -5.6340318290432545E-8 8.588738102731239E-9 0.04997704037727228
-0.03317807935019408 -0.4000499580003111 0.06062434517611842 0 -4.945120605165007E-8 1.4182850650418131E-8 0.049977036843688184
-0.4124914840826571 -0.7144562081206507 0.09005972521404425 0 -9.721710599156529E-8 6.303585710653487E-8 0.0499770495276962
-0.4625000000000001 -0.8010734985006056 0.09999999999999992 0 -1.1135038340655858E-7 6.700795484574243E-8 0.04997704342185397
-0.38371343710296635 -0.7748603000238191 0.09386619334345217 0 -1.093660108995735E-7 5.778871566045407E-8 0.04997705107852183
0.41226227881814503 -0.7140592129571534 0.09001680581831234 0 -9.372169912809919E-8 -5.3452587909389415E-8 0.04997705333287677
0.4625000000000003 -0.8010734985006056 0.09999999999999992 0 -1.0422440269262638E-7 -6.365398003937559E-8 0.04997704764044625
0.36763254236248355 -0.6367582418875386 0.08211785344170675 0 -8.560130803519548E-8 -4.224242287469348E-8 0.049977046727010296
0.2724100436150707 -0.4718280360333562 0.06830375115676082 0 -5.86025976827194E-8 -3.53595338875207E-8 0.04997703670216199
0.31808183532075857 -0.5509338997403103 0.07441383187593022 0 -7.20693387428963E-8 -3.784346927230303E-8 0.0499770337700241
0.2111878992556696 -0.5199281931560845 0.06932845783235407 0 -6.276054198696044E-8 -2.6916327097505515E-8 0.04997704034132139
0.021803385387518696 -0.48225449508691837 0.06469299319690376 0 -6.443459031659764E-8 1.713188759404315E-9 0.049977042412484546
-0.8627884197170683 -0.05512509329877387 0.09385473111979895 0 -8.68525744860924E-9 1.324144952745481E-7 0.049977037868305554
-0.9249999999999996 -3.487031299242896E-17 0.0999999999999999 0 -1.921780458748668E-9 1.3901885265517316E-7 0.04997702879987901
-0.7353276040989696 -1.3378311327871067E-18 0.08212306732579755 0 7.743238109981746E-9 1.1184692502871613E-7 0.049977031669629204
-0.4256923062754768 -0.12215318657273537 0.06260425960749795 0 -6.484159447024133E-9 6.846021988550617E-8 0.04997704584406818
-0.4043520178042478 -0.16901983470521803 0.062374130552393804 0 -1.475452235142917E-8 6.238861411964836E-8 0.049977038918378576
-0.46760448929491655 -0.09647351175034935 0.06440527405535054 0 -8.728128823630486E-9 7.833440986167913E-8 0.04997704990379433
-0.5447672634209793 2.858524015158418E-17 0.06830049229574699 0 4.043029304399363E-10 8.473158485102986E-8 0.04997702529281043
-0.6361392415232948 1.0428654588114258E-18 0.074412070818866 0 4.880246672340458E-9 9.769850464373999E-8 0.04997702058427021
-0.5124187514513647 -0.051847896831783355 0.06651654728017117 0 -7.186794713402688E-9 8.388200983907734E-8 0.04997703403523613
-0.36799093114432163 -0.6373789894665451 0.08217765681431857 0 -8.338393199353149E-8 6.169794371482753E-8 0.049977043458034824
-0.31827009850817745 -0.5512599811461146 0.07444098367382036 0 -7.266397768691994E-8 5.203076072579133E-8 0.04997703065340578
-0.31386332305040454 -0.40193360988060217 0.06622216379223078 0 -5.002972074039785E-8 4.478592577833206E-8 0.0499770453036474
-0.344912559069745 -0.4432246070018303 0.06935603931497553 0 -5.856291628174766E-8 4.952538624814777E-8 0.049977036673717744
-0.3337091490042147 -0.3553876317528073 0.06495432896100803 0 -4.343491557923345E-8 5.170329425161369E-8 0.049977057432869815
-0.383737195098482 -0.21760730691022415 0.06251779019199952 0 -2.4817609393473646E-8 6.166482937356013E-8 0.049977035434350114
-0.33230969380311975 -0.3125744339373021 0.06328313435425742 0 -3.705408112001015E-8 5.8682200099471625E-8 0.04997705256085925
-0.3540195296480104 -0.26181915330723304 0.06247659304365877 0 -3.188819723273613E-8 6.128309521625124E-8 0.049977039951459336
-0.7962287177911112 -0.06074957956360479 0.08762354715881245 0 -4.749995513321956E-9 1.2474572938028195E-7 0.049977042504753294
-0.7351410524947966 -0.06092685497728594 0.08231802271497875 0 4.9849552595748177E-11 1.1521241091157951E-7 0.04997703672016187
-0.4839056580716607 -0.700569999447879 0.09257832058039935 0 -9.382881684921417E-8 6.936199784900494E-8 0.04997705234670049
-0.548567403595686 -0.7447758606713796 0.09999999999999995 0 -1.0228782075409805E-7 7.764028856501072E-8 0.04997704736579596
-0.43547631470191006 -0.6351536187841573 0.08509247440255902 0 -8.006669610501625E-8 6.833179274936859E-8 0.04997705136965148
-0.4991515386320159 -0.6334110077816721 0.08834372866104905 0 -8.266984207339324E-8 7.50714135672119E-8 0.04997706269640291
0.19075484218748148 -0.47253116432229375 0.06620021711897693 0 -5.4438713217956824E-8 -2.1809113739066405E-8 0.04997704848272219
0.04901016908663563 -0.43723836174505165 0.062459634223422635 0 -5.964805619357343E-8 1.949044934644542E-9 0.04997704404458851
0.06673635655852123 -0.4767204709635778 0.06461779605353515 0 -6.685958993021254E-8 -4.3034134570485665E-9 0.049977050280893276
0.08201071126761385 -0.3939388987243752 0.06066806698898625 0 -5.186583369562421E-8 -8.374418589969524E-11 0.04997704038830706
0.15779399244920161 -0.40600143052169285 0.06224217224863409 0 -4.9692890273139E-8 -1.0145359075753271E-8 0.049977045497134706
-0.23228029263418432 -0.4023212684393739 0.06371797650698163 0 -5.1788447357167E-8 3.941528145509853E-8 0.04997703887523988
-0.272587327693687 -0.4721351010648927 0.06832563375196132 0 -6.369855177060381E-8 4.1690979240480756E-8 0.049977033932630276
-0.08918266806588586 -0.39015326021997454 0.06056960464965617 0 -4.8078718141032666E-8 2.428001206601643E-8 0.04997703937580767
-0.15459594130071433 -0.39192658728762203 0.061550218588660825 0 -5.129270735551034E-8 3.380840017022069E-8 0.0499770407461382
-0.18675532053812563 -0.43493251784630643 0.06418357757579085 0 -6.076419266229328E-8 3.5219261112405315E-8 0.04997704563091681
-0.21375905453868752 -0.4723463627877797 0.06671710658979704 0 -6.700732911679197E-8 3.481251329303289E-8 0.04997704132680734
-0.030837599095424044 -0.4757419881377715 0.06436680609968097 0 -5.8903421858862576E-8 9.673123827240326E-9 0.049977043184044515
-0.05772042989369192 -0.4373202270026056 0.06251628812885628 0 -5.221505920838038E-8 1.749839043903277E-8 0.049977045111054545
-0.34485879204612635 -0.7195732958375974 0.08756922173357189 0 -1.0055975583922077E-7 5.730634431036233E-8 0.049977054777007236
-0.3147326423667731 -0.6679534491621227 0.08237892997106575 0 -9.012310036001408E-8 5.668816128685566E-8 0.04997704803893435
-0.23145619169988374 -0.5426436945370012 0.07120349698950756 0 -7.468756399651224E-8 3.710583383622349E-8 0.04997703408984533
-0.28415939775573246 -0.6153602706014173 0.07751426427315904 0 -8.17670552999594E-8 5.078236333717874E-8 0.04997703722384638
-0.32938286511096027 -0.7771045511687235 0.09186418681824757 0 -1.0983061232075337E-7 5.012369183780383E-8 0.049977059469957535
-0.29287844997281653 -0.7560683801841978 0.08874412837590734 0 -1.0412549153112324E-7 4.771319849602827E-8 0.04997706587673986
-0.3707535969478622 -0.8474426517245004 0.09999999999999994 0 -1.198264163228255E-7 5.426546412791095E-8 0.049977049397990414
0.3299132550602819 -0.6955796266909601 0.08507057911176502 0 -8.984852342401957E-8 -3.5611484687666374E-8 0.04997705599478778
0.29721686832567656 -0.7486484838731736 0.08825580478820183 0 -9.712752890752467E-8 -3.475526037560848E-8 0.04997706779724288
0.36329863298780996 -0.7692008953950569 0.09250410835033807 0 -9.751456232104313E-8 -4.71711756330902E-8 0.04997705723313029
0.37078540548822353 -0.84742873429503 0.09999999999999996 0 -1.0884001963211585E-7 -5.0563999338047876E-8 0.04997705265867652
0.28831363121595577 -0.628175946475062 0.07855241106831119 0 -8.298847707336441E-8 -2.9221036287889574E-8 0.04997704212366189
0.2593907519340379 -0.5686281064407216 0.07361593901057979 0 -7.298084931558972E-8 -2.980884485279377E-8 0.04997703463173694
0.1909808398518187 -0.5616900805542804 0.07142639087555927 0 -7.092758198854392E-8 -2.38949737223876E-8 0.049977038736741766
0.17735047116299676 -0.5251479744589087 0.06889288845838194 0 -6.381873199354614E-8 -2.3945372906452676E-8 0.04997704540690219
-0.006975621790116347 -0.518397225687904 0.06671599267023105 0 -6.710553339451186E-8 3.692229821176681E-9 0.04997703917879184
-0.05196883438319561 -0.5240326103663052 0.06719869985797552 0 -6.543449140614946E-8 8.928977592073867E-9 0.049977041891029826
0.051893656645759574 -0.5409828050063739 0.06822031633188269 0 -7.324744525672136E-8 -5.9205729526440415E-9 0.0499770397175586
-0.8393412000270999 -0.10211595922316324 0.09200820531311653 0 -1.5571056001411986E-8 1.2936750903912844E-7 0.04997704659942032
-0.8023821229894582 -0.12465004703532731 0.08885408731398863 0 -1.5249482070352943E-8 1.2306330397695545E-7 0.049977054109175474
-0.919283847116488 -0.10263764414409532 0.09999999999999995 0 -1.7213697022184885E-8 1.3994561443555022E-7 0.04997703577868281
-0.4286041911968902 -0.211604106404576 0.06443452009247352 0 -2.495730451788694E-8 6.464387134470189E-8 0.04997703774487025
-0.6752473549062171 -0.06099766201966174 0.07752927755735106 0 -7.784793974146507E-10 1.0510707362508536E-7 0.04997702698982645
-0.4690213191754545 -0.16282051739106812 0.06545407679976868 0 -1.9062371425468737E-8 6.781083962049622E-8 0.049977049372288675
-0.5199939829281818 -0.12464895604080488 0.06768673130026925 0 -2.0576447602319258E-8 8.087942747617114E-8 0.04997704379785243
-0.5844196053235723 -0.07491703801282976 0.07115392026499068 0 -9.812367116730161E-9 9.183696780455148E-8 0.04997702569422531
-0.40158939943089916 -0.5697012631254147 0.07901179842938963 0 -7.130009169346772E-8 6.619360774086979E-8 0.04997703921535655
-0.3629672679735455 -0.5093150093458657 0.0736457128337714 0 -6.613971570686705E-8 5.6950403205469067E-8 0.04997703100256461
-0.36195665189066545 -0.3775113144203722 0.06698450376718919 0 -5.183613970771413E-8 5.2315804945473436E-8 0.04997705218457718
-0.36626813150114046 -0.41664081435894 0.06892167223823108 0 -5.6355956995071964E-8 5.201525275348829E-8 0.04997704144144492
-0.3903068178565833 -0.4466269881485596 0.07141764844659583 0 -5.991966835986989E-8 5.795537374695387E-8 0.049977034613507804
-0.38262787487786487 -0.34149739132768064 0.06638993492953274 0 -4.9906618921426854E-8 6.06426537284743E-8 0.04997705152157683
-0.4062559769371703 -0.26147495596378895 0.06471383725610919 0 -3.4758148217064276E-8 6.53567686744634E-8 0.04997703762108733
-0.379843340675863 -0.2969419115223147 0.06465963905911938 0 -4.103076304457614E-8 6.436864200591843E-8 0.04997704599045032
-0.735100345459195 -0.11930462056175606 0.08291132970822639 0 -6.054778234633043E-9 1.136524989530577E-7 0.04997704494351902
-0.5519968333853201 -0.6639303440969675 0.09374464706266032 0 -9.313604366933472E-8 7.982575393300108E-8 0.049977056966207675
-0.6178002971320175 -0.6884386430529175 0.09999999999999999 0 -9.862304268674284E-8 9.06673057619329E-8 0.04997704774651716
-0.4800125571007386 -0.5637645778356987 0.08255043176744221 0 -7.072723034937745E-8 8.031969169814795E-8 0.04997705219513441
-0.5399346500949583 -0.6040123388311484 0.08868415026698905 0 -8.39036825952035E-8 8.446530506377894E-8 0.0499770619721516
0.1043605879990727 -0.5010308479370807 0.0663275801738497 0 -6.795462114821633E-8 -1.3976598372597514E-8 0.04997705600913707
0.14556246178613041 -0.5017461145955597 0.0669511130546236 0 -6.188197067105416E-8 -1.9739727043138864E-8 0.04997705627348004
0.1399468089855873 -0.4672126633962517 0.06496624972127404 0 -5.7428577631131705E-8 -1.2841998932040435E-8 0.04997706122993233
0.10408488366078729 -0.44405468685268906 0.06327666735135784 0 -6.010034231328274E-8 -3.747674269994092E-9 0.049977056268854014
-0.1061373350373039 -0.43371612134398735 0.06278756375601147 0 -5.342985230852918E-8 2.6994043824007988E-8 0.049977052919128274
-0.15386562481962193 -0.515523498759926 0.0678853449092873 0 -7.13246678085738E-8 2.179345278121666E-8 0.04997705019329184
-0.1533021139497205 -0.45854960024362473 0.06473399748772987 0 -6.403856813170659E-8 2.9856521925632744E-8 0.04997705675253663
-0.09527352708204248 -0.48999184724793526 0.06560563290386158 0 -5.955499032142447E-8 1.6127466779587984E-8 0.0499770558903095
-0.09590125636856876 -0.5619999312235504 0.06990127823248256 0 -7.246831884822624E-8 1.395397476933931E-8 0.04997703953592973
-0.15663037176370528 -0.5733099421965812 0.07149707499548641 0 -7.685607537571237E-8 2.422245807825557E-8 0.04997703812592256
-0.2643961373711981 -0.69702971973395 0.0829765309474388 0 -9.187792799909177E-8 5.074531706242771E-8 0.0499770559434417
-0.19926692702634366 -0.6350324834465847 0.07658242747619838 0 -8.334025765456126E-8 3.7100473243538215E-8 0.04997703802500275
-0.2937621218403118 -0.8161557505482272 0.0941366022415018 0 -1.121614783578774E-7 4.179269175900262E-8 0.04997705918675143
-0.2445064351501806 -0.7666415232960113 0.08818261063739219 0 -9.959809411296499E-8 3.954575158778058E-8 0.049977064208512716
-0.28738877712844163 -0.8792227618026947 0.09999999999999998 0 -1.1936262754662996E-7 4.030970158901178E-8 0.04997705131573006
0.24692814396934878 -0.6974874410583481 0.08250617855893734 0 -9.553098602663715E-8 -2.1923245291756067E-8 0.04997705691818758
0.2521627428797361 -0.7694593063835823 0.08864404636431372 0 -1.0554688021244767E-7 -3.111850850318026E-8 0.04997706720898249
0.297447604941039 -0.8106467532563326 0.09375141746476387 0 -1.064163876697463E-7 -4.144978329765139E-8 0.04997706245439476
0.28742318143973467 -0.8792115158194408 0.09999999999999996 0 -1.1814700857189368E-7 -4.095827342004983E-8 0.049977053816947226
0.18957159845420457 -0.6243064952889011 0.07560329744867302 0 -8.309406764797767E-8 -1.900163032440648E-8 0.049977038395682676
0.12475562378528372 -0.5650913910725972 0.07045918166236258 0 -7.429515449508715E-8 -1.6865738893140302E-8 0.049977041010983735
0.16970055881419605 -0.6915759378642314 0.08021607449160519 0 -9.490636368279331E-8 -1.4053144377776023E-8 0.04997704529185017
-0.02127679909875186 -0.5862434400348021 0.07098260267248739 0 -7.668691099296561E-8 6.606749578322638E-9 0.04997703318353442
0.047679088889249585 -0.6125339534466792 0.07287094188782159 0 -8.16766334082463E-8 -1.6037886527664082E-9 0.049977033466630634
-0.8531067718150073 -0.15803750226362162 0.09415708085227006 0 -2.45722138151744E-8 1.265605358490928E-7 0.04997704693253527
-0.7842181949983064 -0.17459658052838975 0.08806681761589173 0 -1.986458228967304E-8 1.1451513556509024E-7 0.04997705259778919
-0.9051158299750597 -0.19076243784282004 0.09999999999999996 0 -2.908055951294478E-8 1.3254388499944827E-7 0.04997703867895129
-0.47800098007166625 -0.2183882854981824 0.06713458210584479 0 -2.90191619316818E-8 6.95655643242295E-8 0.04997703565204671
-0.4503344724862791 -0.2539143429242661 0.06663047103760426 0 -3.422603692640023E-8 6.857980290312549E-8 0.04997703366933037
-0.647719142022224 -0.1435812801370505 0.07642272847163623 0 -1.357834856810687E-8 9.929541729801005E-8 0.04997702853005622
-0.5329845388239062 -0.1985594752136453 0.0698139205090511 0 -2.7978523017185162E-8 7.822879909365584E-8 0.04997703245927979
-0.5744027965338088 -0.14938461510286838 0.07144252826293569 0 -2.1198113709221824E-8 8.741174925158217E-8 0.049977030131841
-0.44626651447182913 -0.4769553831048422 0.07565680574632234 0 -6.187108569746839E-8 7.11989701190865E-8 0.049977033646257545
-0.5140310251048448 -0.4921578818310024 0.08018045280724437 0 -6.342618830769898E-8 8.382119180766848E-8 0.049977039641953824
-0.4256087219342948 -0.3924588186076942 0.07047472570296819 0 -5.5780475050990784E-8 6.420082097363596E-8 0.04997703635961983
-0.44295395304453694 -0.3153758255937713 0.06823813858748431 0 -4.570996834974487E-8 6.925452332528463E-8 0.04997703434224075
-0.722493271850469 -0.18466121884148878 0.08299584497449673 0 -1.6456579575778327E-8 1.0761865683000559E-7 0.04997704204335017
-0.6008930547011089 -0.6092572756078648 0.09299302035398636 0 -8.798022562096773E-8 9.099461987399305E-8 0.0499770513428529
-0.684830613311738 -0.6217902179859557 0.09999999999999995 0 -8.944129629497766E-8 1.0125139652155849E-7 0.04997704003225565
-0.5678213237459835 -0.5376676061363831 0.08613904983735729 0 -7.320316882755518E-8 9.066907266812152E-8 0.04997704861589339
-0.10379006268918359 -0.6311723493295895 0.07466578004946203 0 -8.301218825008278E-8 2.0794500077137366E-8 0.04997703461765323
-0.2012336657215405 -0.7196538123444206 0.08312630758513646 0 -9.180871058497728E-8 3.850074572468605E-8 0.04997705221997887
-0.14538614431124028 -0.6947291331504665 0.08002955113164488 0 -9.082966534945414E-8 3.009306153971684E-8 0.0499770422336324
-0.2244810935107963 -0.8295744817427091 0.09335179876408069 0 -1.0976174162157951E-7 3.228175623304592E-8 0.04997705470008782
-0.1948530319449167 -0.7756068237085788 0.08772926134592988 0 -1.0029720498802898E-7 3.262933275209296E-8 0.04997705525477174
-0.1961900777341867 -0.9039499420937565 0.09999999999999996 0 -1.218177717983081E-7 2.779879980123119E-8 0.04997704553662114
0.18083964416846282 -0.7595104378227607 0.08602850609777067 0 -1.053639231834506E-7 -1.873765814923808E-8 0.049977054498404325
0.22639239794839497 -0.823169454837357 0.09279966487488275 0 -1.1300742842579878E-7 -3.13338320229752E-8 0.04997705772680439
0.1962292603758944 -0.9039414372048344 0.1 0 -1.2274309981642358E-7 -2.7675020219033692E-8 0.04997704719052687
0.115198487208555 -0.6531897985847656 0.07640980333620502 0 -8.746378621782432E-8 -8.52208931701104E-9 0.04997703714244063
0.13075868837865867 -0.7179080095003469 0.08165710231721485 0 -9.684987072654685E-8 -8.917690494382438E-9 0.04997704573788137
0.11581756539084577 -0.7588114009433137 0.08487399945221091 0 -1.0073399556924656E-7 -8.054772499943646E-9 0.04997705044825466
0.049373389215154787 -0.6762514634930521 0.07753347573866784 0 -8.960373530894928E-8 3.298134764962368E-9 0.049977038972247395
-0.018713178495829663 -0.6598847879456909 0.07617577755495697 0 -8.779661692300724E-8 1.2105335778953924E-8 0.049977036239411736
-0.6738902730202501 -0.2204985208373878 0.07997070091519397 0 -2.322946725637904E-8 1.024241191434842E-7 0.049977033032466034
-0.8340398056073672 -0.21902107573341584 0.09363611174877712 0 -3.115291282340905E-8 1.2069905831006156E-7 0.04997704324249898
-0.7682837005378527 -0.21778108265977308 0.08762455506029669 0 -2.5640013466232233E-8 1.1190472936032554E-7 0.049977044975539134
-0.8809151182252344 -0.2821428693025129 0.09999999999999996 0 -4.10812386915425E-8 1.2838397355382614E-7 0.04997703393400959
-0.5165019276401033 -0.27345997871285094 0.07083650833060155 0 -3.636905252111244E-8 7.807418171453548E-8 0.049977026788432834
-0.598583551544961 -0.22602979228178174 0.07467942546060534 0 -2.747600685726875E-8 9.103421661319505E-8 0.04997702665884629
-0.5551101229584549 -0.47007014883430126 0.08146563252731462 0 -5.973005424558641E-8 8.794837565504946E-8 0.049977039338300375
-0.5105636494997625 -0.4275668331221898 0.07661161867134536 0 -5.503361414651473E-8 8.07337522261926E-8 0.049977031651732624
-0.504302912589223 -0.3476237550984314 0.07274022680505549 0 -4.6252447377407464E-8 7.828625098887069E-8 0.0499770274746599
-0.7177089386751472 -0.2549295522420565 0.0843570467432338 0 -2.9649537627343606E-8 1.0876327035055593E-7 0.04997703896277928
-0.6531660790226061 -0.2763311132584134 0.0799841441751332 0 -3.148069872452481E-8 1.021519877698794E-7 0.049977033967117335
-0.8437556437212325 -0.37907955935377746 0.0999999999999999 0 -5.634358458981314E-8 1.265439067614319E-7 0.049977036888131966
-0.8010515387579304 -0.4625279007956028 0.09999999999999996 0 -6.720870681276278E-8 1.171221024559009E-7 0.04997704299258005
-0.7501479603301011 -0.5412050791178039 0.09999999999999992 0 -7.592136190993865E-8 1.074175599836637E-7 0.049977039841812024
-0.5998767009898777 -0.4788913706345559 0.08487289614566725 0 -6.11320936841968E-8 9.201352253932392E-8 0.04997704378515324
-0.6562422498346266 -0.5241856689594518 0.09146905933596002 0 -7.16409978158692E-8 9.66865129308028E-8 0.04997704489353747
-0.08839747535315964 -0.7039498716595032 0.08000538942626953 0 -9.457265044919846E-8 2.2999415634464106E-8 0.04997704234273443
-0.13806578705455586 -0.7497079460326577 0.08441541385599154 0 -9.95143881713197E-8 2.7740567075695818E-8 0.049977048534194
-0.14308797449955213 -0.8318118172195702 0.0918642159103333 0 -1.1291011384043168E-7 2.3084795701516537E-8 0.049977050414164136
-0.09361073890939048 -0.9202510142029422 0.09999999999999995 0 -1.2792599849859466E-7 1.3641559955934184E-8 0.04997704727548523
0.09365704332523053 -0.9202463037324216 0.1 0 -1.2129277683077614E-7 -1.2862791665775436E-8 0.0499770480093451
2.0711142119751377E-5 -0.9249949331376578 0.09999999999999996 0 -1.2525685637146964E-7 -4.186608466515906E-10 0.04997705234166301
0.12762107521700664 -0.8265826692803618 0.09113421310198927 0 -1.0957191698175343E-7 -1.4596928232431006E-8 0.049977052214033604
0.08068135396090603 -0.7141673032968792 0.08075294753127603 0 -9.419365903049257E-8 -5.274067963101972E-10 0.04997704504462716
0.06358506183867194 -0.7827017733005066 0.08643167294964102 0 -1.0081579708857093E-7 -5.739600044570272E-10 0.04997705782938677
0.02032803985547743 -0.7231235035279147 0.08113718206932351 0 -9.565318652481017E-8 1.020759894811534E-8 0.04997704977122496
-0.03309170223836219 -0.7328034628470876 0.08197501691133365 0 -9.990017286127361E-8 1.761807599290396E-8 0.049977051323778755
-0.7926496756412598 -0.2913333375023676 0.0919087000057277 0 -4.0495448785552315E-8 1.182513704475486E-7 0.04997704009813841
-0.5810426636905172 -0.3157640075984303 0.07626188231201679 0 -3.748726837141199E-8 9.093474490581489E-8 0.049977029239753654
-0.5773213056470615 -0.42632356756478973 0.08066830857907491 0 -5.1454203653555905E-8 8.998957208628577E-8 0.04997703827557865
-0.5604495700519321 -0.38109429561078195 0.0775098294695611 0 -4.593248193212638E-8 8.785779339206165E-8 0.04997703228278329
-0.6449966839705538 -0.44452809810358646 0.08625924084344862 0 -5.447896265503332E-8 9.571251710538404E-8 0.04997705036876674
-0.6508158876168189 -0.3390076459058359 0.08199721983987755 0 -3.888645849292519E-8 1.0394609213906316E-7 0.04997704353796616
-0.7091826270730177 -0.3233083988571452 0.08590988858162861 0 -4.136016135987399E-8 1.1193831988100384E-7 0.04997704582956483
-0.7619010673352372 -0.3837317836320327 0.09273617861998763 0 -5.635252525509948E-8 1.1558850868066986E-7 0.04997704912269092
-0.7143597851634016 -0.46065181317541964 0.09243904770387959 0 -6.366975038369103E-8 1.026137056457132E-7 0.04997705175204175
-0.07537530152887754 -0.7754914719888757 0.0858872030654022 0 -1.0794485786858009E-7 1.925754124430733E-8 0.049977054621001306
-0.048377865911234746 -0.8513117859798408 0.09269807273978156 0 -1.1845929070248214E-7 8.120251006690149E-9 0.04997705846045222
0.043935839967012356 -0.8511210240129371 0.09265635168129686 0 -1.1129478868842953E-7 -5.096732308913625E-9 0.049977059433806835
-0.004822548609299441 -0.7855262944057825 0.08645491759740057 0 -1.0612506365662317E-7 1.0034645976989147E-8 0.04997706597500179
-0.615323196863825 -0.38077552285640776 0.08115372829448383 0 -4.298226747931673E-8 9.659776435411007E-8 0.049977042407548175
-0.6821995337018092 -0.3893517946424338 0.0864501634511279 0 -4.8371654267000263E-8 1.0559044388681654E-7 0.049977057878852996
