% Model:
% Version:
% Dimension:          3
% Nodes:              691
% Expressions:        4
% Description:        Surface
% X                       Y                        Z                        Color                    DeformX                  DeformY                  DeformZ
0.09361324045256657 0.9202507597854978 0.09999999999999996 0 1.2913216516731488E-7 -2.9600926808595757E-9 0.04997703049960152
0.19613059753886136 0.9039628493277616 0.10000000000000006 0 1.2320151094079191E-7 -1.632187654633892E-8 0.0499770302097544
0.2873578563384961 0.8792328678266589 0.09999999999999998 0 1.2104084513511764E-7 -2.8260499613427735E-8 0.049977037478977845
0.6177594130735132 0.6884753307245892 0.0999999999999999 0 1.0172791405209201E-7 -7.604026086275527E-8 0.04997704066592871
0.684790004400319 0.6218349412241562 0.09999999999999998 0 9.298963689081218E-8 -8.621869443976488E-8 0.04997703510911668
-2.6622719632544978E-6 0.924994933365257 0.09999999999999995 0 1.264270592486057E-7 1.0494678875843134E-8 0.04997703427387537
0.042840104890621886 0.8515402282381707 0.09269147861274166 0 1.2021704649386116E-7 2.966521545612187E-9 0.04997704313412673
0.37075219693550476 0.8474432642497914 0.09999999999999995 0 1.2166950952361832E-7 -4.152462498593314E-8 0.04997703696140541
0.14341620299378263 0.8294494640794716 0.09164675622284833 0 1.1448379667375012E-7 -1.2395199092299296E-8 0.04997703616576705
0.2216527773738334 0.8287572231622684 0.09320319712735281 0 1.1166354810016567E-7 -2.0497465884635527E-8 0.04997704113982053
0.29491717071644885 0.8166669280321706 0.09422261270086468 0 1.144380807826087E-7 -2.990545721201439E-8 0.04997704654491763
0.5485314952955888 0.74480230687788 0.1000000000000001 0 1.0492437182808787E-7 -6.36279621186688E-8 0.049977038647355476
0.5518007966248653 0.6760563257947593 0.09465507346897212 0 9.773908908409205E-8 -6.527830014621566E-8 0.04997704823192248
0.5876935447112426 0.6161088910778022 0.09257893706827944 0 9.25701323008499E-8 -7.487035478267893E-8 0.049977048087794705
0.750154542605984 0.541195955123228 0.09999999999999999 0 8.000102184021849E-8 -9.185479750951854E-8 0.04997703704782913
0.6504705486077746 0.5465931881196746 0.09240305490818576 0 8.02368544049782E-8 -8.201247482460966E-8 0.04997704068457513
0.8010710017272109 0.46249419126110153 0.09999999999999994 0 7.196480706475287E-8 -1.0120334903649057E-7 0.04997704229166376
0.8437752416466553 0.3790359375932063 0.09999999999999998 0 6.162610046119692E-8 -1.1028507942510655E-7 0.049977038461250234
-0.09363126894349026 0.9202489260084377 0.09999999999999998 0 1.2242929997237528E-7 2.2129598805580215E-8 0.04997702920520452
-0.057540995049113 0.8423979795604501 0.09189602276328529 0 1.1116378921698645E-7 1.5506818356116387E-8 0.049977041662303094
0.06678793864290467 0.7745216917616872 0.08573266337058709 0 1.1043162973484413E-7 -8.257287341682794E-9 0.049977041763214866
-0.010066347156763604 0.7750831353836388 0.085534709697028 0 1.052505636725223E-7 1.5932249192069948E-10 0.049977049177100205
0.33139114289377414 0.7785556133621918 0.09206768166444738 0 1.1249543225441306E-7 -3.797522248971482E-8 0.04997704771830987
0.46249999999999974 0.8010734985006057 0.09999999999999991 0 1.1355898939963618E-7 -5.365204960023667E-8 0.04997703282390502
0.3836506929290542 0.7746515411716933 0.09384509082801115 0 1.117504259493219E-7 -4.513840060419693E-8 0.04997704026027631
0.1913914876174544 0.7797285375111098 0.08801717214843206 0 1.0348279244456457E-7 -2.0792286064997633E-8 0.049977042007156025
0.13322424106658332 0.7460807458646898 0.0840331591986956 0 1.0198952666356667E-7 -1.6729398842817815E-8 0.04997703534645721
0.290977677915208 0.7546407636986491 0.08855875058870188 0 1.0635530655814734E-7 -3.5720245563851285E-8 0.0499770546618911
0.23873623781901876 0.768060257846817 0.08814793343306236 0 1.020188349535352E-7 -2.7150182936953085E-8 0.04997705115477745
0.0873996338681695 0.6969472503405288 0.07943927986118829 0 9.650853010634795E-8 -1.2447678255439498E-8 0.049977029051607225
0.5230354883414245 0.6422697488364205 0.0903707538749386 0 9.088151965480305E-8 -6.343361683191111E-8 0.04997705560596224
0.4904238791693691 0.6985151762406319 0.09277567976728547 0 9.671619391473767E-8 -5.662698060604012E-8 0.049977044645032456
0.49825230464030656 0.6040689738252 0.08623250303750964 0 8.172358644713954E-8 -6.582846556637221E-8 0.049977055944447166
0.5828756184496425 0.5332115379316272 0.08685116301599329 0 7.6910254406209E-8 -7.771929731460548E-8 0.0499770433611961
0.5354804188313992 0.5793968081607486 0.0867593250488703 0 8.299954547170356E-8 -7.318057851683099E-8 0.049977053409359574
0.706135052883472 0.46732786457169856 0.09212747065803698 0 6.863827405125207E-8 -8.616639634392068E-8 0.04997704950053236
0.626960623589047 0.4522983371432033 0.08535306995964971 0 6.05025727383625E-8 -7.969323350575981E-8 0.049977045234781484
0.7564175363077812 0.3862256756237963 0.09237249347625182 0 6.19250058463431E-8 -9.937793698364068E-8 0.04997705080317528
0.7978472984237353 0.3041762806928352 0.09281227257926786 0 4.897307385181666E-8 -1.0358687782230893E-7 0.04997704261500374
0.5572755215547441 0.4510872900080025 0.08061070588876622 0 6.132831802469717E-8 -7.405640034863034E-8 0.049977035106254064
0.8809325160784339 0.2820885436790224 0.09999999999999994 0 4.7110256970418515E-8 -1.1177281175343944E-7 0.049977038010278224
0.8318102133114372 0.22322523392999072 0.09353078509252773 0 3.809406249602657E-8 -1.0425277143924756E-7 0.049977047919257486
-0.19616860770583672 0.9039546015730862 0.09999999999999996 0 1.2401306602162109E-7 3.624036664996216E-8 0.049977027413764065
-0.14285595486183858 0.8282574032154257 0.09152546819348939 0 1.1271341679034578E-7 2.594329742420545E-8 0.04997703424451972
-0.08028628936017151 0.7814679591465112 0.08645850584417021 0 1.0350946715157671E-7 1.2571422231585722E-8 0.04997703932234616
-0.04561230651596534 0.7294921334214545 0.08175631121749641 0 9.828770430018356E-8 3.4146144238638482E-9 0.04997703567533553
0.011531729957052473 0.70924084903091 0.0799938250529473 0 9.812469214943847E-8 -4.897293289501821E-9 0.04997703298547749
0.3464548928541494 0.7191482470167311 0.08759713317592265 0 1.0346156884863828E-7 -4.524728012076319E-8 0.04997704454110402
0.41227210451772556 0.7140762315680476 0.090018645217313 0 1.0004117033093639E-7 -5.0215592892263E-8 0.0499770402709532
0.19425119712307035 0.7168127796252429 0.08273823779707913 0 9.471321817583789E-8 -2.633394702154514E-8 0.04997703924764676
0.1444236460962668 0.6895139486023729 0.07960445430492033 0 9.336196970884572E-8 -1.9365325988804034E-8 0.04997703006332591
0.26473613188816314 0.6988930987695542 0.08313425830297129 0 9.523790218921616E-8 -3.9182519124024294E-8 0.049977046021124606
0.31546555307223756 0.6681703741372859 0.0824215607208193 0 9.351662097733649E-8 -4.4735340566975286E-8 0.049977038783356374
0.04599891718688658 0.6542488180254783 0.07585611859697282 0 9.037208208480641E-8 -5.32475053794969E-9 0.0499770237551203
0.1041493181168425 0.6209165315731189 0.07394244219969821 0 8.524355366243399E-8 -9.704299771809703E-9 0.049977024158729504
0.4534199638911959 0.634338879041937 0.0859386615701075 0 8.32662916745058E-8 -5.7114319604488904E-8 0.049977047606334264
0.4723939921181885 0.5653277489130147 0.08223903081434113 0 7.466324293980591E-8 -6.565614581848457E-8 0.04997704549508982
0.5096255127299391 0.5106912413470729 0.08097857821614195 0 7.054217689236025E-8 -7.07395965071636E-8 0.049977038641365774
0.49005227512439603 0.44470401859070546 0.07629562530822705 0 6.302134679132073E-8 -6.465660492414828E-8 0.049977029384753506
0.6719229666176102 0.3884051108238118 0.08561888827579651 0 5.207219158535484E-8 -8.967164999809632E-8 0.049977056358088585
0.585360990165672 0.3703838402167338 0.07867156144500052 0 4.8496241346534493E-8 -7.814776100915729E-8 0.049977034504916036
0.7133503615870089 0.32015636681811027 0.08613118221459616 0 4.7148089448787085E-8 -9.718274236535387E-8 0.04997704700256307
0.7561533810021166 0.25116889240286866 0.08746370240455795 0 3.736795840841403E-8 -9.691068715161575E-8 0.0499770451136221
0.4678168231247622 0.39722837411780604 0.07282402579327739 0 5.966057480992717E-8 -5.9476633308777724E-8 0.04997702857677521
0.5201731653431543 0.38799390136202994 0.0753439569886662 0 5.5123298218967585E-8 -6.812648443519935E-8 0.04997702785522179
0.9051251569294584 0.19071818089926673 0.09999999999999992 0 3.5703816548901365E-8 -1.157743812913091E-7 0.04997704509025024
0.7902639371480997 0.1788726841459575 0.08869278761371618 0 2.830386054754729E-8 -9.926848812483547E-8 0.0499770575919081
0.8510855832446352 0.14814580550682155 0.0937894978149824 0 3.036489564857085E-8 -1.108753460980282E-7 0.049977054481741404
-0.2873939485029833 0.8792210714939994 0.09999999999999992 0 1.196446864067685E-7 4.885401974452419E-8 0.04997703334879905
-0.23130254147882853 0.8233581280344335 0.09294490463014163 0 1.1488916264090168E-7 4.0340999968726045E-8 0.04997703942124125
-0.31654977457237843 0.8071051679018628 0.09409208829712742 0 1.0641784653488416E-7 5.116168017101609E-8 0.0499770419387363
-0.17894546311077822 0.7718277883825889 0.08706002927260566 0 1.0909986306178721E-7 2.78525982010973E-8 0.049977037863022225
-0.13380906082414656 0.7600240739879769 0.08523325950883374 0 1.0474806215240376E-7 1.9847515721958528E-8 0.04997703453375561
-0.09794458893422107 0.7138796015511553 0.08090449857215165 0 9.765231758746172E-8 1.2476889019907212E-8 0.049977029951655816
-0.048508906291745806 0.6781878024575432 0.07767733236817927 0 9.303643452782829E-8 5.641401761306648E-9 0.049977025944806214
-0.0078551337227577 0.6491499078369712 0.07536310530979572 0 8.965543473908768E-8 1.886953137521362E-9 0.04997702281313866
-0.22520922840433794 0.7458968973346558 0.08588793599516023 0 1.0713115097487475E-7 3.183379781976554E-8 0.04997704509359166
0.3676404370066046 0.6367719158122648 0.08211917016769558 0 8.692273903700344E-8 -4.929852172331459E-8 0.04997703532553852
0.1936377969261951 0.6392946953673746 0.07676490405819383 0 8.740787323239433E-8 -2.5294844427250247E-8 0.049977028579686965
0.2841334503354857 0.6165726819630527 0.07759808624216208 0 8.570382112577366E-8 -3.9054313538647426E-8 0.04997702904145347
0.15199695343335892 0.5713443637747505 0.07128864354870554 0 8.056161028737987E-8 -1.2690596875383308E-8 0.04997702975926772
0.020086990102898376 0.582926818943489 0.07076019404513119 0 8.022318794791398E-8 3.3730498401515616E-9 0.04997702286752617
0.09263905094403112 0.5551170207203663 0.06943102413110944 0 7.54883658706852E-8 -3.3555938573703786E-9 0.04997703138950272
0.40094975894605217 0.5652131577221657 0.07869394977656125 0 7.522656736295802E-8 -5.345777272093412E-8 0.04997703233126927
0.44736034083495335 0.4974141441538551 0.07684191432450417 0 6.839399063685872E-8 -5.956593784382155E-8 0.04997703134006261
0.43140219656813134 0.4287675225971859 0.07244484890584983 0 6.354703812896771E-8 -5.3165203691902604E-8 0.049977030156734235
0.6341588941531795 0.31283518999890125 0.0798162445324894 0 4.161327310050754E-8 -8.636666962056379E-8 0.04997703721333713
0.5293785213896149 0.3388907230126146 0.07386902220939724 0 4.9101037814976713E-8 -6.890499459825232E-8 0.049977026587674576
0.5661686439840169 0.30314954318445153 0.07485251919573685 0 4.3092551741463194E-8 -7.418385439361852E-8 0.04997702774667831
0.6744856330743808 0.25899543825752414 0.08106282636378112 0 3.55922162842365E-8 -8.963092595794319E-8 0.049977037483120844
0.7226994437477959 0.19973529248782174 0.08334138075756292 0 2.6052338054492282E-8 -9.225789635613803E-8 0.049977045496259205
0.432283916850713 0.3802988180284773 0.07026687195777442 0 6.016806900434661E-8 -5.306341251552037E-8 0.04997703387377304
0.471669282894354 0.34325991058700306 0.07076541111671207 0 5.396603027868399E-8 -6.002991944013513E-8 0.04997702897391974
0.9192877608705788 0.10260257931928718 0.09999999999999994 0 2.4562081083437792E-8 -1.230640382681475E-7 0.04997704429096338
0.8038717607621602 0.12213857484508563 0.08895470660031483 0 2.2308963593857932E-8 -1.0773180449988848E-7 0.04997706064324485
0.7461230180043805 0.13265602880629776 0.08402816782270865 0 1.5797647491857385E-8 -9.893973003603066E-8 0.04997705497724353
0.8513706752696019 0.07427003550197267 0.09288407134507307 0 1.9172752976163553E-8 -1.1526801113787769E-7 0.04997704985985224
-0.37078556224583165 0.8474286657041801 0.09999999999999998 0 1.1043261368546568E-7 5.7803033318671767E-8 0.049977031680190485
-0.2837405614792432 0.7514739211838952 0.08805204152803742 0 1.0159529336625007E-7 4.072721853601017E-8 0.04997705155114115
-0.34402355613461416 0.7467533926463904 0.08979839619713195 0 9.696952537017461E-8 4.951558431873165E-8 0.04997704160505991
-0.37812997462304876 0.7796968295885027 0.09405159466762453 0 1.0138542677114368E-7 5.705090404475622E-8 0.0499770353789436
-0.1720142422395265 0.7059350940103875 0.08139872432652721 0 1.0030462444873861E-7 2.2800154435643714E-8 0.04997703222900493
-0.11459365381122653 0.6489796043007033 0.07609123122821615 0 9.02391506952026E-8 1.7467803516467644E-8 0.049977023359636726
-0.05636556989485568 0.6123374883168238 0.07290850863136557 0 8.545023340126149E-8 1.2026817648206818E-8 0.049977021772831046
-0.25001651455608 0.6877574831582878 0.0818288600417976 0 9.672489150108624E-8 2.9951952373935956E-8 0.049977038536150785
-0.052031801679697585 0.5443357511275841 0.06842717285738567 0 7.794086209206122E-8 1.4852505094275249E-8 0.049977028781852825
0.3180361598450387 0.5508547874957042 0.07440724687637126 0 7.685426473798796E-8 -4.027644899494827E-8 0.049977024215134086
0.22784343961994075 0.5451094489255655 0.0712614275403811 0 7.931961655262095E-8 -2.5472103234634695E-8 0.04997702701693325
0.15223360853370177 0.5114589799667827 0.06762073099832457 0 7.533373923420311E-8 -1.1219499161955626E-8 0.0499770440782627
0.001253333994083932 0.5186888782774371 0.06673044987207258 0 7.214760919512492E-8 6.469132227923632E-9 0.049977029775690615
0.04502055801070238 0.5239593119206278 0.06715619876796415 0 7.018270872747218E-8 1.4962648498471272E-9 0.04997703208852166
0.09307018049889716 0.48701542238591894 0.06541754354915293 0 6.334711957006929E-8 -6.4536271500096215E-9 0.049977048030283876
-0.028427878816465992 0.4894039605592073 0.06510500934199118 0 7.077490427931566E-8 8.85136418398042E-9 0.049977033792639035
0.3618627937090411 0.47199806236141684 0.07152593305679358 0 6.700845936601383E-8 -4.231257880506494E-8 0.04997702797777126
0.3818998921620359 0.39282083230988174 0.06849211870683777 0 6.089695396637523E-8 -4.2644811478090997E-8 0.049977041745925585
0.5964895386590119 0.24538252217967105 0.07505456752399718 0 3.607442069785728E-8 -7.735458613328936E-8 0.04997702895218787
0.5023235944487768 0.2915186453354023 0.07059623054924216 0 4.552868433517398E-8 -6.349072280134686E-8 0.049977027366924796
0.5325092597313041 0.25445661626164345 0.07121936353097057 0 4.00970105902726E-8 -6.656025398040984E-8 0.049977028294608414
0.6524176664552401 0.20477109599706136 0.07797707686621597 0 2.831016844601379E-8 -8.497765773768121E-8 0.04997703376346077
0.6908574756839181 0.1584953945063365 0.07995126254637963 0 1.9512160806095108E-8 -9.017588367886244E-8 0.04997704093132547
0.5953591891669738 0.1936606882201294 0.07369160395615945 0 3.113619062951329E-8 -7.617715122029081E-8 0.0499770305641991
0.6892086201904363 0.11760753932384704 0.079182235454291 0 1.4194744793399193E-8 -9.173838316479506E-8 0.04997703992504654
0.405879084331799 0.3317218591300754 0.06705525860874957 0 5.521213851493264E-8 -5.208897389420274E-8 0.04997704259578456
0.4374027432196878 0.28280425722565 0.06685837267776955 0 4.620176673708568E-8 -5.5916998041327065E-8 0.04997703465630941
0.9249999999999994 2.4083227273235917E-16 0.09999999999999988 0 1.0058958284841287E-8 -1.220511219808152E-7 0.049977039717415926
0.7822439697509949 0.07342341173252223 0.08646750245519459 0 1.2713949519320308E-8 -1.0764198105477265E-7 0.04997705251565404
0.7247257834183622 0.08520662975023731 0.08165698245211614 0 9.79247088836897E-9 -9.852920032352072E-8 0.04997704530305645
0.8252770499196596 2.2719212644267835E-16 0.09008727174442381 0 6.3809874496567725E-9 -1.0876319153518628E-7 0.049977046336563004
0.8548200389796248 -0.0652462727687064 0.09314675085287963 0 3.5252055021924475E-10 -1.0983809029507546E-7 0.049977049066154466
-0.4625 0.8010734985006055 0.09999999999999995 0 1.0612213548404799E-7 7.034026986954281E-8 0.04997702618966388
-0.4789401191209053 0.7197628636157833 0.09385470752197606 0 9.785874683439593E-8 7.295092170100217E-8 0.04997703453060659
-0.5083123257938114 0.6756675576578802 0.09200745306162256 0 9.192619657118895E-8 7.708214199409895E-8 0.049977042382940325
-0.32754350874215143 0.6890222378899378 0.08446715933764734 0 9.229048261925233E-8 4.228051809488401E-8 0.04997703769613728
-0.41247406389305447 0.7144260354671815 0.09005646238462256 0 9.64077243662553E-8 6.030790537830565E-8 0.04997703455608262
-0.19051431605916905 0.626194724144322 0.07575740850014469 0 8.70237255643147E-8 2.7099657585587815E-8 0.04997702463755037
-0.12546868182070262 0.5661421054611622 0.07053660282173835 0 7.83995721501309E-8 2.5637606942443904E-8 0.049977029060827655
-0.19168892528151546 0.5624523066487603 0.07149027116733264 0 7.51278450239977E-8 3.1911114801799214E-8 0.04997702604881394
-0.29003290264585363 0.6297052539110426 0.07871782471366957 0 8.661386480740548E-8 3.704409785239579E-8 0.049977027155445004
-0.10596501162257628 0.5041773372256166 0.0665257287102945 0 7.266931654861782E-8 2.3024530219700817E-8 0.04997704532651042
-0.0710277803670786 0.4813038479979327 0.0648997774631422 0 7.242023733814811E-8 1.4260217236448744E-8 0.04997704184121416
0.27234892372669683 0.47172217328134014 0.06829621029644013 0 6.851875408880173E-8 -3.033678534244819E-8 0.04997702867613365
0.21079455863719812 0.4693257584201238 0.06648483672306539 0 7.156397078399193E-8 -2.379549853314742E-8 0.049977035909891616
0.14985938251764008 0.45279307874260605 0.06437801254812757 0 6.760718921863143E-8 -2.025225071561266E-8 0.04997705042791289
0.18545604713463826 0.4304739947807409 0.06393784680976806 0 6.504237206826773E-8 -2.481334511847462E-8 0.04997703986639292
0.11053788187593885 0.4306223745782792 0.0626902062642271 0 5.8823902500794254E-8 -1.7969807693317437E-8 0.049977046183906394
0.019795838688718648 0.4703114259817322 0.0640444060829731 0 6.394065230265334E-8 8.919916607012099E-10 0.04997703413652291
0.06533055038853271 0.4354649165439313 0.06247764990259347 0 5.7093145028846644E-8 -9.369915745144345E-9 0.04997703928431474
-0.04037960269203985 0.4408570318083466 0.0625957773306699 0 6.503652143557444E-8 6.165279731056141E-9 0.049977035014599436
0.3329058545937796 0.33325924236807375 0.06406157186555389 0 4.559751525301313E-8 -4.427447489885852E-8 0.04997705559645477
0.30693864167133966 0.4042133776050551 0.06608285286906407 0 5.567681426108432E-8 -3.2657705774430037E-8 0.04997704027552929
0.5387084587482874 0.20560708274998704 0.07032262751622614 0 3.540899987331331E-8 -6.603166237232908E-8 0.04997703343549144
0.47599510640454495 0.23047538821938993 0.06733340193971542 0 3.740190710600136E-8 -5.709883925312566E-8 0.04997703520463185
0.5285393108936259 0.16518893231571916 0.06885934434787161 0 3.216036757165252E-8 -6.488253791311666E-8 0.04997704160460099
0.6359863797306671 0.1341128294488754 0.07542020319546491 0 2.0699600893418806E-8 -8.351489609825184E-8 0.04997703251068051
0.5665181445886517 0.15558354761445173 0.07104008880031383 0 2.9754121748700848E-8 -7.218018726650133E-8 0.04997703508089561
0.660910431014522 0.06111123862815046 0.0764443497197492 0 9.621088561491524E-9 -8.820368333864986E-8 0.04997703222346307
0.3628225028367361 0.2686598783514226 0.06303900336729049 0 4.0307554468310146E-8 -5.076854039526689E-8 0.04997704078705726
0.40159415937487913 0.22227119456522582 0.06342742714419668 0 3.2994508397382285E-8 -5.0975999258166546E-8 0.04997703722074401
0.8374232558848936 -0.1293417213860296 0.09218338983550127 0 -7.395343859722004E-9 -1.0990502260599015E-7 0.04997705803413331
0.9192877606928149 -0.10260258091221071 0.09999999999999994 0 -2.8989077766328504E-9 -1.1957787505567048E-7 0.049977045047850444
0.736498120183538 1.9461726324828643E-16 0.0822207664498539 0 6.151325136943823E-10 -9.693699170618991E-8 0.04997704085650221
0.7859407931602105 -0.07401767626946824 0.08680140328934059 0 -6.670419972496307E-9 -9.875241389272623E-8 0.04997705360645412
0.7880045515761323 -0.12910173677696724 0.08762058220646912 0 -1.378031071545987E-8 -1.0261986813635265E-7 0.04997706258449109
0.7883546035916829 -0.16488856810254315 0.08824892692988198 0 -1.8059680954534175E-8 -1.0743137570520173E-7 0.049977061251007385
0.7597010793028802 -0.19500257071099414 0.08634694259141451 0 -2.4822628562325415E-8 -1.0447743961913133E-7 0.04997705397198999
-0.5485031394581955 0.7448231888659758 0.09999999999999998 0 9.972601251701793E-8 8.342011624279137E-8 0.049977031031244686
-0.5596851197575441 0.6634042603718276 0.09419033697962353 0 8.604996490218093E-8 8.291485835699256E-8 0.04997704148996639
-0.4499036574234318 0.6597655574984556 0.08762543161615084 0 9.376362174187392E-8 6.571294815534224E-8 0.049977039311426795
-0.5084523869045262 0.6310249340793687 0.08870435188239581 0 8.704493426290057E-8 7.311986081410697E-8 0.04997704969256644
-0.3679940573528886 0.6373844042186184 0.08217817873449768 0 8.911635875370926E-8 4.9214995659582944E-8 0.04997703027559091
-0.42125713605646403 0.6077940464059373 0.08247265847688973 0 8.852920177351239E-8 5.728266433645622E-8 0.04997703422542336
-0.5445828559277581 0.5931276201062035 0.08823074690283744 0 7.776549231338988E-8 7.349399541613461E-8 0.049977047012464575
-0.2598642375444073 0.5690891545970852 0.07365958600480058 0 7.708369595502743E-8 3.737536978904874E-8 0.04997702099034621
-0.146043412013244 0.5032640730580226 0.06704541835555089 0 6.660046783793348E-8 2.8246004246117865E-8 0.04997704505345664
-0.17773060720916645 0.5259463281585312 0.06894804779728927 0 6.833688071217977E-8 3.19507575238338E-8 0.04997703362876239
-0.21172158677062325 0.5198781223671345 0.06933829044213057 0 6.716627682237463E-8 3.484543984397281E-8 0.04997702828228563
-0.31860245148696237 0.5518356333914171 0.07448895588812982 0 7.632311085557013E-8 4.4994183424609E-8 0.04997701970455543
-0.14030890931253803 0.4679836164169959 0.06501280116403946 0 6.235694456381429E-8 2.1295620618739306E-8 0.04997705136802054
-0.1029411460718821 0.44640858274387013 0.06338188130081228 0 6.57137512083403E-8 1.2372472063647793E-8 0.04997704760925487
0.2318898921058528 0.4016450748890024 0.06367695651733307 0 5.718333840140717E-8 -2.8467862434998683E-8 0.04997703437082734
0.15384627156060382 0.38391173658918915 0.06118533303935767 0 5.538524338011358E-8 -2.3249859187306564E-8 0.049977033903446266
0.08567704016096146 0.39343427128029224 0.06068036954612458 0 5.3820281897164984E-8 -1.4065080643577123E-8 0.04997703424218021
0.05891091878969271 0.3561813785904501 0.05888183035860122 0 5.020570968381838E-8 -7.4174505016992E-9 0.04997702685577562
0.013052198219917915 0.38970549808144694 0.060109559393507296 0 5.4599625343760204E-8 -1.5061259573660988E-9 0.04997702815604951
-0.07539656272461731 0.38263872680028077 0.06011274428033935 0 5.542132040887466E-8 8.537149247681847E-9 0.04997703011504059
0.29687695963224414 0.26583446546620587 0.06049214663587172 0 3.5909446886644606E-8 -4.137781185573512E-8 0.049977034881319306
0.2625418688185837 0.33648330779519714 0.06181290503458571 0 4.331083919016251E-8 -3.418558078558522E-8 0.049977037060815147
0.4879508039440347 0.1753290332884817 0.06671893154849401 0 3.0791293899438345E-8 -5.7090705067148696E-8 0.04997704695984225
0.44078820931890456 0.1777885340956575 0.06428879605061416 0 2.5500104751284022E-8 -5.217241522278773E-8 0.04997704593972727
0.5192463818471629 0.12824117265253684 0.06769417632898124 0 2.8516615835396362E-8 -6.712321984365039E-8 0.04997704799484865
0.5800435663390094 0.07440259297015445 0.07086095755136958 0 1.7834054193814585E-8 -7.753442055243677E-8 0.049977032040227076
0.637168246229727 1.7636191275501274E-16 0.07448630903843242 0 3.480473042327399E-9 -8.362827563822546E-8 0.04997702881525337
0.394490378891255 0.17177804019933987 0.06198157459134764 0 2.2601844593948148E-8 -4.9446224529177385E-8 0.049977038997978465
0.33827356631260735 0.19741612693850674 0.060186571415137134 0 2.8132729270473632E-8 -4.437046174801036E-8 0.04997703135687768
0.823080640176532 -0.2073363860609292 0.09232209730203018 0 -1.9922518065287673E-8 -1.1396617904451796E-7 0.049977052863959946
0.9051251563026288 -0.19071818387397393 0.09999999999999996 0 -1.521211512808106E-8 -1.2292749278275647E-7 0.04997704659055384
0.6918887433807663 -0.06772116765551028 0.07886795692620671 0 -9.423422206266262E-9 -8.884096089607652E-8 0.04997703775982589
0.7325342916850162 -0.13408386908087777 0.08291013088256638 0 -2.0722210618584812E-8 -9.582234626239193E-8 0.04997705267448773
0.7578046117703348 -0.24801668508133748 0.08751626752734717 0 -2.9454662311884813E-8 -1.025318168094905E-7 0.04997704775325438
0.7040732060431756 -0.2032143579310842 0.08191372549943252 0 -2.7834272721607472E-8 -9.442496498297758E-8 0.049977043782518424
-0.6177328508859397 0.6884991641819087 0.09999999999999995 0 8.773657886507045E-8 8.952283260926294E-8 0.049977032016577605
-0.6071515389330133 0.6092519905512257 0.0934219469334025 0 7.67252413279951E-8 8.535516091028258E-8 0.04997703642327519
-0.5735399527378838 0.553508622043815 0.08749015204644302 0 7.265870708669751E-8 7.674171533516055E-8 0.049977038320231
-0.47303326379715877 0.5791284533565412 0.08316905076856485 0 8.43361478164679E-8 6.170258900410055E-8 0.04997704177706373
-0.39181543828090004 0.55445735722153 0.07760084140770421 0 7.965644345656975E-8 5.321049468931445E-8 0.04997702464595961
-0.5240933648557364 0.532232296917964 0.0831006990315747 0 7.366854443383481E-8 6.740195687628834E-8 0.049977036492156804
-0.2730034360466586 0.47285582187369307 0.06837705113188602 0 6.348542317628771E-8 4.2857527201407485E-8 0.04997702463567512
-0.19156331121345604 0.4731617410648762 0.06625147072173328 0 5.938617971874004E-8 2.99078485912E-8 0.04997703777079791
-0.3580569939172612 0.4725541821277962 0.07140049698238948 0 6.503695571277057E-8 5.429305458906149E-8 0.04997702305904996
-0.30165136280488036 0.4184145297189895 0.06656200918217181 0 5.931589030390829E-8 4.869234127349607E-8 0.049977032740355705
-0.157502577302292 0.4062797025959702 0.06224976286168573 0 5.493208169848721E-8 1.8102526093115028E-8 0.049977036796687226
0.1923176439095004 0.3331039304431941 0.059877835485628056 0 4.650861349842793E-8 -2.5691748081672576E-8 0.04997702699517272
0.10763513709501452 0.32249572723181036 0.058047784011843524 0 4.704119583804452E-8 -1.3119308098599834E-8 0.049977024659203416
0.02555769618970364 0.3104658173674803 0.05699894508193309 0 4.5192968195090835E-8 1.921105203430988E-9 0.0499770275198523
-0.04439277195221167 0.328710102628296 0.0577329050528648 0 4.63511481336066E-8 9.037078190978979E-9 0.049977025229310815
-0.11902524067374878 0.32805250160257865 0.05839824108948766 0 4.589632251450922E-8 1.6546910490337613E-8 0.049977023246882926
-0.017053837843317182 0.27836069099312905 0.05590951428308119 0 3.896192156313403E-8 1.038556129678193E-8 0.049977033427379074
0.011677278178983168 0.25977319628253465 0.05533524160416193 0 3.8848784145882456E-8 7.832496548735301E-9 0.049977039337122754
0.26432978404622737 0.19520810401833602 0.05761727712614054 0 3.038945717344456E-8 -3.2364692037928805E-8 0.04997702817543179
0.22703812963746223 0.26409762190385005 0.058370438456053005 0 3.687746763246289E-8 -2.858725600696452E-8 0.04997702607291205
0.4615326701397575 0.12346215125476942 0.06442192515091573 0 1.8646542963716197E-8 -6.062437277670624E-8 0.04997705807349988
0.41609697408913515 0.13788398400008958 0.06237868126929303 0 1.606954285609498E-8 -5.3146713338453114E-8 0.04997704618920759
0.493812622045095 0.06489296717588176 0.06554297030555511 0 1.5890686873239633E-8 -6.929215473261551E-8 0.049977044756016074
0.5965173615012843 -0.07939251741876009 0.07200225824383245 0 -3.973239949294557E-9 -7.693633609801445E-8 0.04997703168066893
0.5449077695259101 1.790659953385319E-16 0.06830916124377963 0 7.972772728140987E-9 -7.125701721298934E-8 0.04997703271102321
0.35923719947272786 0.12552401442410066 0.05970040660633742 0 1.6851993657048525E-8 -4.6910884927676875E-8 0.04997703253567929
0.23462332403576253 0.13422621113694225 0.05564316792853833 0 2.7337891738228185E-8 -2.621295647691856E-8 0.04997703858909469
0.29070078878885497 0.12979410487969603 0.05724274123768994 0 2.309014528926972E-8 -3.657654916736504E-8 0.04997702926906105
0.8014927716328408 -0.29144105877124366 0.09271262928645599 0 -3.112277913814133E-8 -1.0776436793217983E-7 0.049977045348558714
0.8809325145611795 -0.2820885484172241 0.09999999999999999 0 -2.8376425615328546E-8 -1.20498906511125E-7 0.049977040525823906
0.6510493529215736 -0.15514133280147802 0.07686356365481603 0 -1.9701990513762147E-8 -8.58224335914401E-8 0.04997703547678458
0.5770279320473077 -0.1518434761804153 0.07165568912865206 0 -1.214605878682555E-8 -7.706038481298894E-8 0.04997703522466721
0.7173493567573875 -0.3169596225802428 0.08634023460744476 0 -3.7985901158096163E-8 -9.116253884723871E-8 0.04997704953495784
0.6897625743522149 -0.264441860913035 0.0824063475266023 0 -3.40847284272904E-8 -8.960777754838429E-8 0.049977042096988444
0.6384778628041973 -0.23491899962832427 0.0777084562971251 0 -2.989636286351476E-8 -8.38419792902646E-8 0.049977034510589734
-0.6847646792234083 0.6218628292777221 0.09999999999999995 0 7.863753870422057E-8 9.7470843084932E-8 0.04997702551251306
-0.6465139113454264 0.538316822314734 0.09160194260007758 0 7.079614109759008E-8 9.176989354671968E-8 0.0499770323661879
-0.5770660846669927 0.4836246905463882 0.08360849061752018 0 6.799865008011595E-8 7.828910520052242E-8 0.049977031514922325
-0.45509595152323246 0.486640439064581 0.0766367028663977 0 6.830007543495101E-8 6.150269221263866E-8 0.04997702475268831
-0.41803303753571375 0.41861066103869105 0.07131407766744806 0 5.44006531027019E-8 6.205731560784253E-8 0.04997702665454262
-0.5228737105474611 0.469403410425903 0.0794598201715015 0 6.619676114169413E-8 6.964107716883337E-8 0.049977026687629884
-0.2326279902659774 0.402923498403311 0.06375456788963607 0 5.621490465793939E-8 3.389478445700927E-8 0.04997703101001253
-0.2807191746564195 0.3771430143239577 0.06401358518053686 0 5.692028305268875E-8 4.2607122634185656E-8 0.049977037074234
-0.366851516506518 0.3914531813319968 0.06779342734587492 0 5.0878874734117786E-8 5.840924079054373E-8 0.04997704005926558
-0.31784422091904324 0.3574692689417032 0.06445327462614314 0 5.42409394013162E-8 4.742366736161871E-8 0.04997704792433809
-0.19326570388917427 0.3347460184966118 0.05996054906425582 0 4.860976063606117E-8 2.596972957361129E-8 0.04997702453554555
0.14969050843762158 0.2592715660247785 0.05657975437506353 0 3.928609629426513E-8 -1.5395214328683567E-8 0.04997702450790118
-0.15073713287945018 0.26108437273446894 0.05665087411303694 0 3.614167436520231E-8 2.4725095047980395E-8 0.04997702236185754
0.06630901180929023 0.250856535710505 0.0553186995326227 0 4.0483101076874065E-8 -1.683506198509025E-9 0.04997703448981906
0.017981432514459814 0.22651294475696923 0.05443142027174295 0 3.616930334008501E-8 5.541910632364349E-9 0.04997705021167539
-0.07471068043782808 0.2615864764835527 0.0556965634877458 0 3.426014379702252E-8 1.653365817308509E-8 0.04997703003181291
-0.014253461472862217 0.23459230484404994 0.05463523466770248 0 3.2097190191492246E-8 1.0789572746377989E-8 0.049977047736488964
0.20062573683728832 0.09527047772396216 0.05430115527057267 0 2.2150238786421122E-8 -2.4969096777856247E-8 0.049977053421693354
0.18890830540911194 0.1893292231980287 0.05555650018582656 0 3.077876989405529E-8 -1.7776038009845453E-8 0.04997703357303163
0.18353225708574536 0.1263657612272312 0.05431954168807018 0 2.344893485210769E-8 -1.746181666110008E-8 0.04997705295273355
0.4146151646677903 0.077681020975073 0.06157475739077052 0 9.223089100641122E-9 -5.7344514644335004E-8 0.04997704090892618
0.4636209692030302 1.4593888372567647E-16 0.06366862151549985 0 3.892269760455647E-9 -6.040539119651488E-8 0.04997703786012058
0.5270134709035552 -0.12362075461980128 0.0680883893303861 0 -5.140197487047173E-9 -6.899821445296105E-8 0.04997704679947579
0.5078212312272355 -0.05773868566153319 0.06628756501631428 0 2.0577956948171754E-10 -6.244284499723287E-8 0.04997704195286006
0.3331467524821928 0.0633273262949379 0.05801432008933982 0 1.1636908073762603E-8 -4.4064975679057E-8 0.04997702719529265
0.2538184516803514 0.06940494742292715 0.05542696753822805 0 1.8976315058162042E-8 -3.310096145111993E-8 0.049977035874096416
0.7635253857731481 -0.3782532475337201 0.0926398396720293 0 -4.0346614347769705E-8 -1.002527912832829E-7 0.04997705297866765
0.8437752388147 -0.3790359438971111 0.09999999999999999 0 -3.9744368175247656E-8 -1.120591067940769E-7 0.04997704190566006
0.5898871014295897 -0.20776639827421509 0.07364495662277286 0 -2.2716103127364095E-8 -7.928798828953468E-8 0.04997703190204652
0.5408130551366508 -0.18150058753720788 0.06992281214701015 0 -1.513884252380244E-8 -7.498390720823265E-8 0.049977038393532264
0.6777956079436661 -0.39290477214771746 0.08626804024189792 0 -5.157937821049788E-8 -8.817570895621161E-8 0.0499770614621526
0.6346730356926773 -0.3174870091624343 0.08001946855914076 0 -4.2833811274334385E-8 -7.99028223545822E-8 0.04997704101878358
0.5796784116794852 -0.2776116098201063 0.07488927562467991 0 -3.4317936767470106E-8 -7.618712520163228E-8 0.0499770308361851
-0.7501326501074496 0.5412263004122693 0.09999999999999999 0 7.007084821403358E-8 1.093895709058462E-7 0.049977026829563904
-0.7186415188607144 0.4635460562865767 0.09293928953994947 0 6.036059009315674E-8 1.0486196803797012E-7 0.04997704026252519
-0.5580584193120213 0.42548332869284045 0.0793877523859349 0 6.187280891344957E-8 7.581270780475976E-8 0.04997702621716999
-0.6328963674406778 0.4470501467799965 0.08550954643040555 0 6.555297776753253E-8 8.949259784513907E-8 0.049977038116647714
-0.6767294999436545 0.3833870641168075 0.08576692861654717 0 5.6018830091985216E-8 9.076204491250661E-8 0.04997704805720158
-0.4324706598932547 0.3595596935895599 0.06940707877592157 0 4.3628699886916976E-8 6.214405866656223E-8 0.049977029589463755
-0.48200836859227103 0.4026983386005155 0.07383556549613608 0 5.407937768863029E-8 6.725324695851214E-8 0.04997702173102534
-0.5442886348821633 0.36830034160648034 0.07595460109733419 0 5.286111761870031E-8 7.439415175423424E-8 0.04997702181576002
-0.3182526738785638 0.31228528282505874 0.06275542647814243 0 4.801425434961305E-8 4.054133393510199E-8 0.04997704457948724
-0.25621859628623345 0.32661564029958035 0.06125711843708684 0 5.0960842071064904E-8 3.478347961535759E-8 0.04997703181432059
-0.37474174799433474 0.325215240573534 0.06543736846884436 0 4.027384581560904E-8 5.035578572931305E-8 0.0499770462892026
-0.4300985673768074 0.3012630280350379 0.06711000127247038 0 3.67498878323636E-8 5.994947814426205E-8 0.049977030788103644
-0.22695325756190313 0.2565120405768185 0.058144911454045704 0 3.816172033043832E-8 3.2648618339595944E-8 0.04997702299438233
-0.18350196867475074 0.18844743574056294 0.05542383280391715 0 2.560432171887274E-8 3.239255003970412E-8 0.04997703196459088
0.11136664405289663 0.19289268576805546 0.0543171535525474 0 3.143592825372763E-8 -8.435436792822588E-9 0.04997703785695803
-0.1122914677939212 0.19449452747555573 0.054363926326504504 0 2.6119787035401997E-8 2.151511539514832E-8 0.049977036279672045
7.833096257776418E-4 0.19069362679459012 0.05356840441819727 0 2.851506634523205E-8 1.614948320994411E-9 0.04997705657407921
0.04520143550094839 0.18418512355280772 0.05354594410814683 0 3.188244566878273E-8 -3.669533180655925E-9 0.049977049510637056
0.017173734845246678 0.1662656573333219 0.05309215701680856 0 2.6915735125119286E-8 -3.398211208859198E-9 0.04997705207660751
-0.04746651353754764 0.1829715324610284 0.053532622158623755 0 2.3197243956568257E-8 8.784446126271765E-9 0.04997704837054724
0.1909210649037195 0.04684254353730668 0.05369730809312632 0 1.2989823393770571E-8 -2.6873899752521508E-8 0.049977048795711514
0.15384433041034729 0.09209874155024392 0.053330182368177645 0 1.3347269304066086E-8 -1.9561852936944332E-8 0.049977056829840806
0.13647605991683223 0.1435082568468913 0.053729825805134857 0 2.1551979822810032E-8 -1.1778277734518987E-8 0.049977047553629285
0.38492668203237634 1.0023152680894796E-16 0.05989052034096669 0 9.982880637264734E-10 -4.987202017152792E-8 0.04997703004367147
0.4253355502182104 -0.06042681663517086 0.061949401873126426 0 -7.993585643938511E-9 -5.159215875191276E-8 0.04997704084262288
0.48600244774065643 -0.18106149615140063 0.0667271620082264 0 -1.719734196136638E-8 -7.01433867487286E-8 0.04997704751145605
0.4535801009187721 -0.11979187747949692 0.06395953291420167 0 -1.553314679073741E-8 -5.79466741805909E-8 0.04997705817012109
0.30024351839566077 1.0287337474471442E-16 0.0566089984335615 0 6.236819753273613E-9 -3.8566382112769545E-8 0.04997702667350198
0.2238875048948223 7.961310541061857E-17 0.054346295287657866 0 8.507156980786292E-9 -2.8361342868347596E-8 0.049977039409461715
0.7176713367395706 -0.46521260674377907 0.09294805270739667 0 -5.533454963321149E-8 -1.0076242950106834E-7 0.04997705389673533
0.8010709981238167 -0.46249419750242293 0.09999999999999998 0 -5.191243895633302E-8 -1.0965179392020121E-7 0.04997704679888372
0.526450453306162 -0.2376825100162034 0.07038843476625323 0 -2.500446548221354E-8 -7.281947317614689E-8 0.04997703256079937
0.4546475825643904 -0.23293628734368743 0.06627327609670221 0 -2.5237960693065043E-8 -6.340295555215738E-8 0.04997703847836369
0.5306797663003683 -0.29923675531161764 0.07251363051783592 0 -3.523694390311613E-8 -7.062105883261955E-8 0.04997702935164696
0.6103906305879975 -0.40135765312469507 0.08172372928462608 0 -5.60785311184912E-8 -7.940433516719657E-8 0.0499770460613233
0.6403517767463041 -0.46278562534170165 0.08686037768572827 0 -6.076903247609406E-8 -8.757516403297194E-8 0.04997705090133352
0.5664981365845182 -0.34007595181336636 0.07621962270586985 0 -4.436619698673643E-8 -7.328790630673718E-8 0.04997703290384374
-0.8010558185062641 0.4625204886241073 0.09999999999999998 0 5.71904544912192E-8 1.1377653898830836E-7 0.04997703189885229
-0.7603438011582597 0.3738096376808479 0.09217483686370775 0 4.546633982084689E-8 1.0351766582367091E-7 0.04997704017670147
-0.6064827120561795 0.3683452405387546 0.0800133246078764 0 5.677281953359075E-8 8.119014323954799E-8 0.04997703104262749
-0.6554904399290363 0.3258387756938692 0.08184700708932659 0 4.9278933595215984E-8 8.573927592095162E-8 0.049977034815386304
-0.7173789460644423 0.3218656625868021 0.0865204629875929 0 4.3890951378098885E-8 9.501963064196699E-8 0.04997703879150847
-0.4490633670822638 0.262933614095089 0.06682964731028332 0 3.357414623021105E-8 6.422878390374537E-8 0.049977028536574146
-0.561964870759204 0.31624700130713357 0.07504348009682706 0 4.555134327791127E-8 7.69844574581862E-8 0.049977021059881555
-0.4969688691845382 0.31115828345845914 0.070963541880969 0 4.063917900824138E-8 6.99804882485852E-8 0.04997702120375155
-0.3445240713159381 0.2767146512083848 0.0625551726814487 0 3.975488891777628E-8 4.3163366545154466E-8 0.049977038325750796
-0.29822944351534514 0.2720284218761082 0.06072614652584281 0 4.222735603532759E-8 3.802234550385681E-8 0.04997703278068675
-0.278960464150049 0.23105339123962187 0.058930977919053947 0 3.474185688605358E-8 3.8074428793534616E-8 0.04997702559585412
-0.39866775255885006 0.2551376793832062 0.06418286265211672 0 3.427417804499617E-8 5.458619330288999E-8 0.04997703309431672
-0.43855507291261625 0.22078311851591842 0.06514753629020965 0 3.064104337022535E-8 6.44173829141779E-8 0.04997703305342783
-0.25569422992480945 0.18010642956677383 0.05704280655464758 0 2.4379645897494472E-8 3.839295515499664E-8 0.04997702645426407
-0.22047029564306936 0.14293411554993973 0.05541545974285534 0 1.6118632274419258E-8 3.620540208680526E-8 0.04997703795937464
-0.18680865935078536 0.12991541986645877 0.05443956342319764 0 1.625287384715071E-8 3.2515473297856296E-8 0.04997704930650624
-0.13865734030206037 0.13413724110678016 0.05361667711440055 0 2.2088386731685367E-8 2.4723856363835135E-8 0.04997704825440175
-0.13558426904309848 0.09984465055515283 0.05311549222562181 0 1.9515585975667607E-8 2.0224845085507467E-8 0.04997705168530359
-0.25161809751440434 0.1255049475699697 0.05598231997151887 0 1.3609861533529443E-8 3.757030936573825E-8 0.04997703260942552
0.19420772375092543 -0.04676552312468657 0.05376845209193871 0 9.512713696324934E-10 -2.1434744908973043E-8 0.04997704883891705
0.07844894660138703 0.13587756131386025 0.05290437550856243 0 2.102787488729412E-8 -9.033223408115681E-9 0.049977044623122004
0.1581850159804538 4.03666044625459E-17 0.05292729798071231 0 2.848405544233503E-9 -1.9580958128860795E-8 0.04997704602855922
-0.0793293077376864 0.13740239153093967 0.05293577949983721 0 2.1276188932961798E-8 1.22798207342118E-8 0.04997704384254454
-0.10192189467460562 0.10267269443312377 0.05269596908601703 0 1.971840423500431E-8 1.4703965240709534E-8 0.04997704523969674
-0.004334214649360648 0.15163914092247652 0.05281372846092682 0 2.294403431240385E-8 -1.9191008479179264E-9 0.049977049379971744
0.035198297345602834 0.13784946141786308 0.05265706254873472 0 2.227265686989586E-8 -6.25116348677488E-9 0.04997704558614287
-0.03647527919163236 0.1302798698937503 0.05254752074115307 0 1.987021964110591E-8 3.2813809749064864E-9 0.049977043840235144
0.12737884186502524 0.04457914646124021 0.05254239887577797 0 5.927498840392312E-9 -1.781684549787899E-8 0.049977045962178404
0.10177697427875258 0.08834048795367636 0.05253956863179542 0 1.1259183889015641E-8 -1.3389145739257304E-8 0.04997704550258449
0.34118511954802583 -0.062154607897978366 0.058312559079427444 0 -5.875895945594504E-9 -4.281361848546169E-8 0.04997702838194595
0.37836392981717903 -0.12391451309547875 0.06047575124681005 0 -1.7906676779810347E-8 -4.842949154219962E-8 0.04997703742394298
0.41238404925178007 -0.18021837395374024 0.06296662723972753 0 -2.3756252297302568E-8 -5.6603098998264346E-8 0.04997704303578398
0.1676578507312959 -0.08204581170599337 0.05348225864611659 0 -7.60724320620154E-9 -1.881648941022873E-8 0.049977058083443215
0.20181374228166962 -0.09141964150518621 0.05428754190491373 0 -2.7307784552126592E-9 -2.5187506659993175E-8 0.04997705397387775
0.25485064501553883 -0.06881848120103617 0.05545206946541742 0 3.673581601305539E-10 -3.178307129380391E-8 0.04997703631022344
0.6644823007055147 -0.5389515943966049 0.09297818153954257 0 -6.534313330197728E-8 -9.135173238865611E-8 0.04997704592262605
0.7501545366059805 -0.541195963440213 0.09999999999999984 0 -6.482886039139467E-8 -1.0532739015386916E-7 0.049977042352550155
0.6027366073062329 -0.5213223560235656 0.08747588350371878 0 -6.479010556599165E-8 -7.915800904541692E-8 0.049977047549317664
0.3907221727608636 -0.23584567652234328 0.06329187670784996 0 -2.7669302441690824E-8 -5.031864145538531E-8 0.049977039537197405
0.47890979704271586 -0.2863984098188226 0.06912760288748078 0 -3.0828806189876896E-8 -6.470613068373159E-8 0.049977032367749454
0.4250914842628162 -0.2904030737883922 0.06650384046370365 0 -2.996514963289126E-8 -5.5369985570732624E-8 0.04997703974613658
0.5018045759598764 -0.3463645861940246 0.07254833341115846 0 -4.071456099651753E-8 -6.630477872900695E-8 0.04997703027151592
0.5395049675561714 -0.4037977139333864 0.07721405836956645 0 -5.248266847079839E-8 -6.981474896489777E-8 0.049977034138849435
0.5629289159938321 -0.47314451663551055 0.08212579004392509 0 -6.156739164370989E-8 -7.215797368282959E-8 0.04997704212526527
-0.8437609348289447 0.37906778281416026 0.09999999999999995 0 4.516840244017072E-8 1.1627566807047703E-7 0.049977028290023505
-0.7888004165309437 0.2903760964571749 0.0915314985584158 0 3.703343772540717E-8 1.0970955862459964E-7 0.04997703451660327
-0.6102329054490165 0.2953318100128198 0.07752504764743698 0 4.426877038481541E-8 8.211765893877201E-8 0.04997702482073487
-0.6672358697757713 0.2726523999513782 0.08092297245691278 0 4.115129695772728E-8 8.969163724429085E-8 0.04997702984609379
-0.7578216461505273 0.23114048963723496 0.08705889216020636 0 3.3642673360971545E-8 1.0749305870330198E-7 0.04997703892734342
-0.7250638207162802 0.2644091498704253 0.08523826785223539 0 3.830421353716412E-8 9.954948920473228E-8 0.04997703482658137
-0.49761740681994665 0.2259943198914076 0.06840949555720777 0 2.888046180851563E-8 7.359272796399599E-8 0.0499770284908071
-0.5531916805568725 0.2548390044927608 0.07250231820116229 0 3.4572711491583894E-8 7.826364221450514E-8 0.04997702141333915
-0.3304177610769968 0.2075632873895256 0.060121873146272396 0 3.175246035970016E-8 4.483996720366306E-8 0.04997702750012938
-0.40020050920329836 0.18553375498639196 0.06251643484045977 0 2.995185861762527E-8 5.7408788324379374E-8 0.04997703444647837
-0.4509389353459413 0.1806295394110867 0.06485872161226297 0 2.7053158400887057E-8 6.79753608957493E-8 0.049977041374367176
-0.3081655557366316 0.12979030410922685 0.057834162632571066 0 1.8898668570400073E-8 4.332476687055413E-8 0.04997702524824933
-0.21413652185417031 0.10501643106435352 0.05472829937040968 0 9.347116748853947E-9 3.209336717354618E-8 0.049977046174140026
-0.1657690318723487 0.09663028560186343 0.05359396061230914 0 1.5718451548384738E-8 2.4128851810555628E-8 0.049977056590154126
-0.13208776332768432 0.07040426877471608 0.05277929135503944 0 1.5827273910264302E-8 1.70096931220461E-8 0.04997704881617448
-0.2668792736165402 0.06671487334767569 0.05579077358601759 0 6.080733933454628E-9 3.682965698113339E-8 0.049977030060519026
0.13394298555224937 -0.04272165979228181 0.052630185389843605 0 -5.366429726101539E-9 -1.3861565033299595E-8 0.04997704740128543
0.04273067501608838 0.07401170016957918 0.05192584962618541 0 1.1046461296073875E-8 -7.1428509716377E-9 0.04997703588852688
-0.07427627943517315 0.042883429926301064 0.051928801697300825 0 1.1944592854262108E-8 9.71192182671739E-9 0.04997703567278306
0.08580268905133058 2.7924535741052085E-17 0.05192915349305607 0 -6.511157868334866E-10 -9.858562828213167E-9 0.04997703671270716
-0.04304287969149937 0.07455245452975151 0.0519319033593881 0 1.4650903198148749E-8 4.322374868439823E-9 0.049977035574205395
-2.9796378738924766E-17 0.08577355466188762 0.05192886660175564 0 1.4407271084407581E-8 -2.230221373597746E-9 0.04997703586945615
0.0741595043143772 0.04281600977887492 0.05192749553399362 0 5.2848538073987166E-9 -1.0204932004777048E-8 0.04997703654660073
0.12170874450296679 -0.07937873255132208 0.05270638285367756 0 -1.1640185808173276E-8 -1.2884314850755347E-8 0.04997704996867549
0.1532214795718842 -0.1047515501973591 0.0534601593182905 0 -1.2759129006981022E-8 -2.0375977376524663E-8 0.049977057817215904
0.2997814449763266 -0.13025461904441932 0.057552736756421516 0 -1.241418279872461E-8 -3.912954702865855E-8 0.049977030279474005
0.34046960443170665 -0.192505611563268 0.060162576700472446 0 -2.4125666656106437E-8 -4.3361869825174E-8 0.04997703342364402
0.34557599933864525 -0.25420475687873284 0.06192004258218349 0 -3.136820075415737E-8 -4.095642365657645E-8 0.04997704074583861
0.17846806103523252 -0.12182655323316931 0.05415222050793654 0 -1.0555135340227574E-8 -2.7231946498767408E-8 0.049977056262888675
0.23090062297727748 -0.133798202671902 0.055538699139373295 0 -8.433695432881655E-9 -3.3179127175951315E-8 0.04997704109777811
0.6050561438570468 -0.6036830020468081 0.09289418017943481 0 -7.075802925049789E-8 -8.099983955956178E-8 0.049977051425940035
0.6847899965302142 -0.6218349498910589 0.09999999999999994 0 -7.338714754695846E-8 -9.34458887464289E-8 0.04997704132493957
0.5365057739834544 -0.6074638984061791 0.08871198704411519 0 -7.478806683028055E-8 -7.021500735466577E-8 0.04997706296295931
0.5490740032503056 -0.5442731464552362 0.08535659345024513 0 -6.778884095773101E-8 -6.791499068288874E-8 0.049977051763042735
0.3750627258693447 -0.2936858939923493 0.06434654814554322 0 -3.245404667414028E-8 -4.505703309991407E-8 0.0499770481252039
0.3969354899692888 -0.3460112170117684 0.06719703593166886 0 -3.5316745107534326E-8 -5.328156769144508E-8 0.049977048959352934
0.4494990254251991 -0.34835776824770576 0.06980849106780326 0 -3.721502966119071E-8 -6.027158594540898E-8 0.0499770358622452
0.4743994852003083 -0.40954268251415876 0.073738234339428 0 -4.9213983272432296E-8 -6.27879752631059E-8 0.049977032495608226
0.5051728219418842 -0.4543425560441293 0.07763963571270259 0 -5.810389771437197E-8 -6.431199319203095E-8 0.04997703556511011
0.5025098789806551 -0.515963207586209 0.08087711077114171 0 -6.719678213387416E-8 -6.116205040218825E-8 0.04997704452315123
-0.8809225682293763 0.28211960771987943 0.09999999999999996 0 3.384179715539706E-8 1.2471778373653284E-7 0.04997702844678795
-0.828550120997359 0.21135039229983998 0.09293041569195869 0 2.5728129603018205E-8 1.1875239759720463E-7 0.049977041321851455
-0.4876818695036711 0.16005919777938843 0.06641416297022892 0 1.959576044873169E-8 7.293486357303215E-8 0.049977046010111346
-0.7583678808155521 0.178257805309045 0.085877514601274 0 2.918339773647911E-8 1.0754604226843955E-7 0.04997704711152624
-0.6170663609123308 0.222189336538271 0.07585507468331582 0 3.252013583644836E-8 8.550548999680171E-8 0.04997702348939213
-0.6972424057138273 0.20430689657176634 0.08139617396721441 0 3.364508639937204E-8 9.711021741827635E-8 0.04997703338665791
-0.5518948161465875 0.17422255470543752 0.07046196471921623 0 1.9940889619925938E-8 7.928741732822667E-8 0.04997702975888142
-0.36894201678212313 0.12798179161528736 0.06013540062401418 0 2.3616953167411702E-8 5.088517095059932E-8 0.049977030464280515
-0.4362515368769687 0.13236424219261816 0.06326633817399903 0 2.502194698526601E-8 6.107123001521925E-8 0.04997704752967057
-0.33947513674739144 0.06240362523718613 0.058248486325065116 0 1.1544232000163211E-8 4.599448720308795E-8 0.04997702418391821
-0.18433654548332082 0.048222709230570565 0.05356505347436668 0 6.219389244241517E-9 2.3048463413034922E-8 0.04997704797493858
-0.13330372693534312 0.03517105967265548 0.052587287930552964 0 1.0053426726163797E-8 1.7374850767835896E-8 0.049977044511465875
-0.08544796042127181 1.2633032021521531E-17 0.05192572029476935 0 6.4350430893080775E-9 1.3093097733460703E-8 0.049977035757765347
-0.2993967149465731 5.4908359945213266E-18 0.05658028588283902 0 -5.490363236967966E-10 4.1830181539600797E-8 0.04997702401137212
-0.22270343343645202 -2.7398019802337882E-17 0.054316401779706945 0 -2.634813337665113E-9 3.1575297067499277E-8 0.04997703744798868
-0.27837086784154214 -0.12617379267311218 0.05679356136910862 0 -1.8035463866888506E-8 3.7928112902036166E-8 0.04997702974791831
0.07416648351753428 -0.04282003922369633 0.05192757354063934 0 -6.116034881194242E-9 -6.379780141082817E-9 0.04997703707848543
-0.07423701450489274 -0.04286076030823398 0.051928362278406685 0 4.956864142882293E-10 1.3473949472424574E-8 0.049977036361233414
5.433302611002987E-16 -9.25534990736191E-16 0.051513083863437 0 2.9076064721710507E-9 1.6323814464902962E-9 0.049977028037954896
-0.10393602836491157 -0.0928684349452979 0.05261104654913398 0 -5.993101372962708E-9 1.6653011118509247E-8 0.04997704646167916
0.09263290818595533 -0.09340215664313874 0.05249108753880629 0 -1.2678695205231493E-8 -9.338959009496543E-9 0.04997704542403892
0.13365633223327938 -0.131494330544841 0.053500013617672336 0 -1.6380166827418508E-8 -2.01982902560281E-8 0.04997705132997916
0.32685099627426545 -0.2905697969488598 0.06232853198902639 0 -3.788655004880133E-8 -3.7126388334073926E-8 0.049977047669981726
0.25568805190108224 -0.19009790761699052 0.05725179690059135 0 -2.0514731232498976E-8 -3.4736639874856923E-8 0.04997703073742762
0.2878012678865199 -0.2461068228137798 0.059620677596610265 0 -3.1823838994575845E-8 -3.4777780214609434E-8 0.04997703389870512
0.17648242248939017 -0.17786432905826252 0.055061790182478074 0 -1.8297924538158E-8 -2.862970975112747E-8 0.04997703958985596
-0.2483235922732361 -0.18165056966040063 0.05686432272721823 0 -2.4110086209084977E-8 3.2143408862516554E-8 0.04997703000311707
0.5547456546446986 -0.6639301342123074 0.09391738389868397 0 -8.099545898943864E-8 -7.857574164686861E-8 0.04997705679523001
0.617759403950767 -0.688475338910477 0.09999999999999995 0 -8.250081648583577E-8 -8.561430792710545E-8 0.04997704794491408
0.5055257679581893 -0.637124600070996 0.08897493457515948 0 -8.274341384696504E-8 -6.98922713594002E-8 0.04997706275740139
0.4877536710430043 -0.5826751104622181 0.08420495651136725 0 -7.827277100905135E-8 -5.99154944565275E-8 0.0499770578618251
0.33633282409977666 -0.3398966968888034 0.06444423660906808 0 -4.3700020058589534E-8 -4.3428469347437745E-8 0.04997705991263085
0.3632772876174715 -0.38800374757803635 0.06749345504717459 0 -4.517006389897652E-8 -5.442032834182432E-8 0.049977050347166506
0.41704203467651185 -0.4108303752912243 0.07090170067103964 0 -4.720999437127604E-8 -5.849927833484057E-8 0.0499770375230971
0.4381086940659461 -0.4733073985449338 0.07505155127124846 0 -5.998090693846462E-8 -5.732229349010397E-8 0.04997703425046208
0.4531934148271225 -0.5420428192507506 0.07976926362259741 0 -7.304387965259694E-8 -5.531711550869627E-8 0.04997704366604105
-0.8565041007211142 0.12935729823844902 0.09401883827528355 0 1.2177321153462612E-8 1.1657034102465993E-7 0.0499770456041425
-0.9051192255768068 0.1907463267598074 0.09999999999999999 0 2.080024207671637E-8 1.2720669536362083E-7 0.04997703617378758
-0.7940808377677345 0.13178185399490336 0.08820577601429047 0 1.8739591155341008E-8 1.0779447363400285E-7 0.04997705462087155
-0.33304413722574716 -0.0693067767843958 0.05805530637396814 0 -6.549907581829293E-9 4.741347481553504E-8 0.049977025392082944
-0.4742240483662385 0.11256694280313873 0.06494853319711702 0 1.6074045119380615E-8 6.295375744312296E-8 0.049977052430853305
-0.5075730010734563 0.12513873893141758 0.06697106660603604 0 1.1932029329976304E-8 7.022218367499191E-8 0.04997704644780481
-0.5430568755805907 0.10886676283437083 0.06886622733636953 0 9.48394439637013E-9 7.364866611105731E-8 0.04997703528469075
-0.7200856347104287 0.12756375701027653 0.08178787314202199 0 2.5612730484126097E-8 9.756176998801952E-8 0.04997704083216015
-0.6366216770914513 0.1480565042375733 0.07568897320024313 0 2.30487889860834E-8 8.753801279616538E-8 0.049977026104665284
-0.5817364775186938 0.11498204866540508 0.07140762999266016 0 1.2864545573182249E-8 7.95392346968057E-8 0.04997702781834467
-0.42774238996431574 0.06497482014443741 0.06209784320535726 0 1.4564860970527302E-8 5.509697840440392E-8 0.0499770372527366
-0.3847166606924661 5.007387460326135E-18 0.05988137680814879 0 4.814341070682728E-9 5.3251865610016995E-8 0.04997702640329852
-0.3349183900900527 -0.1391323925724424 0.05894927757126893 0 -1.4647225360514705E-8 4.664192944501237E-8 0.04997702859905819
-0.29014129297673835 -0.2192290809213992 0.05898973037684319 0 -2.5847043357524213E-8 4.146874967491591E-8 0.049977029455371275
-0.30831506111577245 -0.17770170158565646 0.05867258259636438 0 -2.106691902158828E-8 4.296555393764308E-8 0.0499770281947053
-0.8184909839211807 0.07533925376340875 0.08977629762126751 0 8.819312794930342E-9 1.0774893342690559E-7 0.04997704564111022
-0.15687445011428935 1.9896548115933566E-17 0.05290395974586269 0 3.022908552537205E-9 2.271423987555599E-8 0.04997704431526
-0.12783259126111396 -0.033275347967647646 0.05249920381841622 0 1.2291699702820616E-9 2.0770669569726283E-8 0.04997704404252267
-0.12619399745448542 -0.06614911525416546 0.05266041061116255 0 -2.328908872566867E-9 2.094385799260217E-8 0.049977048068798824
-0.24680219676358395 -0.07209570484823002 0.05524990662857362 0 -1.3737705962328401E-8 3.5454525705027887E-8 0.04997703624283204
-0.22815732549244763 -0.13366956667415794 0.05546555293618707 0 -2.1600550518736058E-8 2.827917236812625E-8 0.04997703981679968
-0.15093740406319942 -0.09389909648308085 0.053299030733839035 0 -7.510942615317631E-9 2.2188532449391223E-8 0.04997705616033346
-0.17405337917392047 -0.045794392161233266 0.053343830220451034 0 -4.852915443341686E-9 2.8136276627673423E-8 0.049977049009522205
-0.18973296493485722 -0.18461798069110347 0.055474546986767154 0 -2.4628040691224006E-8 2.1036420928068648E-8 0.049977035287851794
-0.1364384943575783 -0.14270773398924902 0.05371629461338726 0 -1.5576311050533635E-8 1.4959973728428695E-8 0.049977048346755745
0.04273873390329096 -0.07402565857166638 0.05192600533605053 0 -8.745253195924977E-9 -1.0543244576787548E-9 0.04997703689057409
-0.04299754043112493 -0.07447392462720538 0.051931021483395706 0 -5.2862486619215636E-9 1.0476227909017578E-8 0.04997703659873804
1.3904975238826412E-17 -0.08573627431625096 0.051928505242836896 0 -8.518836849759145E-9 5.485702252965836E-9 0.04997703703995923
-0.07925046645516252 -0.13726583442387433 0.052932952804228266 0 -1.5469217702170392E-8 1.227579082034632E-8 0.04997704575891991
0.078463056828959 -0.135902000944921 0.052904876080197075 0 -1.5317253540527877E-8 -8.779777532536451E-9 0.04997704634971796
0.11138757858716244 -0.19292894544503636 0.054318208030815426 0 -2.0135078789909677E-8 -1.8042484679043774E-8 0.04997704020327061
0.2704412885460667 -0.32134890739138133 0.06148782850104338 0 -4.509079951583803E-8 -3.275568635991365E-8 0.04997704156464833
0.21970172124605267 -0.2547036178054315 0.05790944965811469 0 -3.181320416285715E-8 -2.875544417853422E-8 0.04997702835568959
0.06445906182530692 -0.2524774236880237 0.05535114833714504 0 -2.6882028056804185E-8 -1.2570867707586384E-8 0.04997703774520104
0.14972579901011426 -0.2593326910893636 0.056582144341893334 0 -3.0050396203998795E-8 -2.1401825773302977E-8 0.04997702765988204
0.031363797849434556 -0.30517057546423765 0.0568332914109285 0 -3.690661915935099E-8 -6.41645645140903E-9 0.04997703202225441
-0.03281109095750645 -0.303248501545522 0.0567724159885361 0 -3.8860361515866025E-8 2.0336443192473796E-9 0.04997703202529581
-0.22974591189928226 -0.25639797529990704 0.058213734017978094 0 -3.0277360826415625E-8 3.211123117873412E-8 0.0499770275367741
-0.15050660974349658 -0.260685094950677 0.05663516711153095 0 -3.360901865244331E-8 1.8972686840414086E-8 0.04997702646036534
-0.0010639892128916778 -0.35571530812846325 0.05866683852382106 0 -4.473869581234042E-8 1.7380858919528099E-9 0.04997703055043308
0.4897167015298755 -0.6990669986722716 0.09278011319940965 0 -9.028135744541853E-8 -7.089584322002586E-8 0.04997705215957657
0.5485314847714318 -0.7448023146284537 0.09999999999999996 0 -9.432978924491655E-8 -7.954498850187258E-8 0.04997704663486562
0.4538946410105444 -0.6418290507487608 0.08650541722977732 0 -8.694989430713257E-8 -6.147371156956462E-8 0.04997705447461181
0.43691576165411183 -0.5863880363863174 0.08178506492225697 0 -8.068576661699297E-8 -5.461152543222855E-8 0.04997704765345312
0.30008338071089913 -0.40108479031261085 0.06570468861303413 0 -5.2461616477987376E-8 -4.463010501557585E-8 0.04997704472780586
0.35656776116113886 -0.46142030598113837 0.07075125137743835 0 -5.7646724296637607E-8 -5.134051534112599E-8 0.04997703428339446
0.38634553368626 -0.5411366135074784 0.07653244947706513 0 -7.162704257803462E-8 -4.949488803277713E-8 0.04997703433491443
-0.8641324069088798 0.062174994255793294 0.09403348687291993 0 4.5589784320452915E-9 1.1531333225521769E-7 0.04997703998671994
-0.9192848102122441 0.10262901652303172 0.09999999999999998 0 8.502069405610173E-9 1.2364370781873028E-7 0.04997703609558092
-0.7599167871431189 0.06070075634999409 0.08441733903220823 0 1.2786901310641165E-8 9.989579662853521E-8 0.04997704139017634
-0.3798507417992421 -0.12110542276221137 0.06050058794352799 0 -8.895915340747566E-9 5.335856967213194E-8 0.04997703485696717
-0.40842759083875524 -0.05875232359605665 0.06114052778332879 0 -1.88834739112451E-9 5.9527859102656105E-8 0.04997703426442501
-0.5039157942187592 0.07056797810116018 0.06615707446286306 0 6.846882040010417E-9 6.471541472720535E-8 0.04997703959861591
-0.5548238392163808 0.07638757137486703 0.0692570455361671 0 6.555160795327556E-9 7.409264205205499E-8 0.04997703044350417
-0.6893460495224285 0.06354738512595373 0.07863780818203954 0 1.4346508666118072E-8 9.215168608960532E-8 0.04997703016629771
-0.6215823870108426 0.05940809814964494 0.0735747228508592 0 9.178016862321055E-9 8.400244288278788E-8 0.049977023727936706
-0.4662367643365183 -0.05429215722432917 0.06397307879016166 0 -5.226881825705743E-9 6.907838115309384E-8 0.049977040077061476
-0.46385916918682774 -3.671115297680029E-17 0.06368112390889598 0 1.8322338296797848E-9 6.390776459886633E-8 0.04997703360139919
-0.3620108841151937 -0.17400839360604695 0.060635096430618034 0 -1.791090132090693E-8 4.9985752853483965E-8 0.0499770326659252
-0.299671918215507 -0.26919022055739933 0.06068803798570996 0 -3.042199749217104E-8 4.533083295924513E-8 0.04997703709352933
-0.33027652289156045 -0.22443841547131757 0.060528990644305516 0 -2.6069121834528437E-8 4.807162713828067E-8 0.04997703282736926
-0.8245744171037561 3.2427437940114445E-20 0.09002147282184526 0 -6.820127347815698E-10 1.1248715520651354E-7 0.049977039776279306
-0.19761019796705673 -0.10158906953187434 0.054303584925033156 0 -1.6826598886571052E-8 2.6813339441126155E-8 0.04997705364416854
-0.18403998396844498 -0.12735803584373423 0.05434432437859784 0 -1.7853830842557114E-8 2.0782988990305107E-8 0.04997705247988484
0.002774404310843052 -0.26370741404826953 0.055444406431408536 0 -3.205117162007256E-8 -6.492988907080896E-9 0.049977041976396464
-0.11217260429255088 -0.1942886498520168 0.05435789315243198 0 -2.584813943010371E-8 1.191906253437018E-8 0.04997703899486394
-0.059917909088264505 -0.2537684697083779 0.05535616729591674 0 -3.51935447025937E-8 3.953142449093314E-9 0.049977037709811975
0.025874926118163173 -0.1326695098536581 0.05254567933671944 0 -1.4220897643146822E-8 1.939876862673893E-9 0.049977046690751974
-0.02524383979971824 -0.13300675455069116 0.05254892004091195 0 -1.552409865768474E-8 8.856151189914061E-9 0.04997704646359438
0.05493858025113073 -0.18721166728009325 0.05366460039291042 0 -1.771650242952832E-8 -7.40022179666447E-9 0.049977049706757974
-0.053441146730527585 -0.1870910243981426 0.053652873989227134 0 -2.666706878106795E-8 7.236910462023981E-9 0.049977049557304816
-0.015811501710617765 -0.22080470166743846 0.05428292799461194 0 -2.929766277510575E-8 -1.967659429051399E-9 0.04997705490666988
0.001589553534327251 -0.18045943852644147 0.053353802929854637 0 -2.096380654907011E-8 3.1900081266982072E-9 0.04997705815368817
0.01713256069613923 -0.2191946756676691 0.054245341320781695 0 -2.349940564171917E-8 -6.082465347304594E-9 0.04997705524292593
0.23193963455587202 -0.4017312313397281 0.06368217918749612 0 -5.035400339014834E-8 -3.018453328511985E-8 0.049977038882677044
0.1923608915779979 -0.3331788376023402 0.059881599761303035 0 -4.260465805504092E-8 -2.2555906588751836E-8 0.0499770308919961
0.10559774308437371 -0.32641465451667345 0.058167036115944384 0 -3.9838023550591175E-8 -1.1867952397209202E-8 0.049977028987718
0.02839276411724587 -0.3973392921812579 0.060485401730235276 0 -5.145748848769675E-8 -3.2665014529066437E-10 0.04997703501374704
0.04349199689707277 -0.3606955682361924 0.05897556113419837 0 -4.578893774165278E-8 -3.244850885974485E-9 0.049977031492733213
-0.2724211583800272 -0.34021230275634196 0.06225471036920945 0 -3.761431535429942E-8 3.8642367533008264E-8 0.049977041972948825
-0.04975626500892476 -0.3592625346716331 0.05895024498757896 0 -4.4772114215872086E-8 9.404064385940118E-9 0.04997703124563524
-0.11115524588477288 -0.32319159740630654 0.058116751891295344 0 -4.1300639979947664E-8 1.709359430437677E-8 0.04997702778356461
-0.1929576265867868 -0.33421241295621784 0.05993362613445384 0 -4.087177848593196E-8 2.9200403384022626E-8 0.04997702992693437
-0.00580331192480529 -0.44141011755505605 0.06253303354413747 0 -5.573862901425887E-8 2.7237651149391524E-9 0.04997703865522651
-0.03317807935019408 -0.4000499580003111 0.06062434517611842 0 -4.916089473732354E-8 8.13159953927735E-9 0.04997703548050148
-0.4124914840826571 -0.7144562081206507 0.09005972521404425 0 -9.459398458951593E-8 5.3989422403675306E-8 0.04997704634519368
-0.4625000000000001 -0.8010734985006056 0.09999999999999992 0 -1.0808031884009171E-7 5.752082287137563E-8 0.04997703966632354
-0.38371343710296635 -0.7748603000238191 0.09386619334345217 0 -1.0629535745763217E-7 4.8929402621535495E-8 0.04997704743067026
0.41226227881814503 -0.7140592129571534 0.09001680581831234 0 -9.098884083173069E-8 -5.647948472580157E-8 0.049977048381953326
0.4625000000000003 -0.8010734985006056 0.09999999999999992 0 -1.0082146259974567E-7 -6.638878261527493E-8 0.04997704185613714
0.36763254236248355 -0.6367582418875386 0.08211785344170675 0 -8.346385162010815E-8 -4.5537834498894035E-8 0.04997704251833329
0.2724100436150707 -0.4718280360333562 0.06830375115676082 0 -5.7725332583525586E-8 -3.924830697090199E-8 0.04997703407998456
0.31808183532075857 -0.5509338997403103 0.07441383187593022 0 -7.058928432017685E-8 -4.144428587473884E-8 0.04997703038699506
0.2111878992556696 -0.5199281931560845 0.06932845783235407 0 -6.153478220180657E-8 -3.125421462423555E-8 0.04997703752202963
0.021803385387518696 -0.48225449508691837 0.06469299319690376 0 -6.352462149445594E-8 -3.966199941198073E-9 0.04997704033092087
-0.8627884197170683 -0.05512509329877387 0.09385473111979895 0 -1.0826711068450894E-8 1.1999470183705073E-7 0.04997704074871597
-0.9249999999999996 -3.487031299242896E-17 0.0999999999999999 0 -4.454075025182065E-9 1.2611309506079877E-7 0.04997703225489953
-0.7353276040989696 -1.3378311327871067E-18 0.08212306732579755 0 5.167069822232141E-9 1.0046600600774746E-7 0.049977034658405486
-0.4256923062754768 -0.12215318657273537 0.06260425960749795 0 -8.229001811413815E-9 5.9501084696328824E-8 0.04997704715122587
-0.4043520178042478 -0.16901983470521803 0.062374130552393804 0 -1.615723121214026E-8 5.3589652134007945E-8 0.04997703981906239
-0.46760448929491655 -0.09647351175034935 0.06440527405535054 0 -1.0653058416946226E-8 6.905258722883633E-8 0.049977051492845974
-0.5447672634209793 2.858524015158418E-17 0.06830049229574699 0 -2.2160241786262184E-9 7.485703278538184E-8 0.049977027803619255
-0.6361392415232948 1.0428654588114258E-18 0.074412070818866 0 2.284475917980933E-9 8.710705823561795E-8 0.04997702331580137
-0.5124187514513647 -0.051847896831783355 0.06651654728017117 0 -9.430496027325771E-9 7.4255395589336E-8 0.049977036069904904
-0.36799093114432163 -0.6373789894665451 0.08217765681431857 0 -8.133478046375818E-8 5.303567914488428E-8 0.049977040784522635
-0.31827009850817745 -0.5512599811461146 0.07444098367382036 0 -7.125591210519012E-8 4.3790137786946684E-8 0.04997702854855411
-0.31386332305040454 -0.40193360988060217 0.06622216379223078 0 -4.972788687991183E-8 3.6635529157455964E-8 0.04997704428921152
-0.344912559069745 -0.4432246070018303 0.06935603931497553 0 -5.7952423465239054E-8 4.112339178792307E-8 0.04997703539406195
-0.3337091490042147 -0.3553876317528073 0.06495432896100803 0 -4.347461022073209E-8 4.341371307024933E-8 0.04997705679006113
-0.383737195098482 -0.21760730691022415 0.06251779019199952 0 -2.586545388105177E-8 5.301805438392629E-8 0.04997703592093265
-0.33230969380311975 -0.3125744339373021 0.06328313435425742 0 -3.740989669616703E-8 5.0412887270487865E-8 0.04997705223902037
-0.3540195296480104 -0.26181915330723304 0.06247659304365877 0 -3.261492674362299E-8 5.2857340806266976E-8 0.0499770400493404
-0.7962287177911112 -0.06074957956360479 0.08762354715881245 0 -6.865691584932274E-9 1.1286071293300395E-7 0.049977045174184796
-0.7351410524947966 -0.06092685497728594 0.08231802271497875 0 -2.0762596086945743E-9 1.0381870685059435E-7 0.049977039233164995
-0.4839056580716607 -0.700569999447879 0.09257832058039935 0 -9.130287887625109E-8 5.97670641316542E-8 0.04997704934267718
-0.548567403595686 -0.7447758606713796 0.09999999999999995 0 -9.942740465081728E-8 6.751065023098542E-8 0.04997704410889052
-0.43547631470191006 -0.6351536187841573 0.08509247440255902 0 -7.802921316583567E-8 5.914834622540163E-8 0.049977048789182334
-0.4991515386320159 -0.6334110077816721 0.08834372866104905 0 -8.063804582492215E-8 6.539094337288878E-8 0.04997706020357099
0.19075484218748148 -0.47253116432229375 0.06620021711897693 0 -5.357153924416291E-8 -2.6272845463672122E-8 0.04997704608799903
0.04901016908663563 -0.43723836174505165 0.062459634223422635 0 -5.907059081739056E-8 -3.5163456033287493E-9 0.049977042252277094
0.06673635655852123 -0.4767204709635778 0.06461779605353515 0 -6.59847225537868E-8 -9.655438656531093E-9 0.04997704815151271
0.08201071126761385 -0.3939388987243752 0.06066806698898625 0 -5.1606139367765004E-8 -5.296897420627414E-9 0.04997703886199826
0.15779399244920161 -0.40600143052169285 0.06224217224863409 0 -4.932972125448174E-8 -1.4819693539810138E-8 0.049977043705971134
-0.23228029263418432 -0.4023212684393739 0.06371797650698163 0 -5.148950994719587E-8 3.188421808194701E-8 0.04997703775915747
-0.272587327693687 -0.4721351010648927 0.06832563375196132 0 -6.287988622395779E-8 3.383077469012916E-8 0.04997703235138096
-0.08918266806588586 -0.39015326021997454 0.06056960464965617 0 -4.78671023613509E-8 1.7820393487866367E-8 0.049977038170990286
-0.15459594130071433 -0.39192658728762203 0.061550218588660825 0 -5.107143691463793E-8 2.6863265238268825E-8 0.04997703961383274
-0.18675532053812563 -0.43493251784630643 0.06418357757579085 0 -6.02239876007046E-8 2.8019914790282916E-8 0.04997704421996541
-0.21375905453868752 -0.4723463627877797 0.06671710658979704 0 -6.618905875981898E-8 2.7396723637680646E-8 0.04997703967348469
-0.030837599095424044 -0.4757419881377715 0.06436680609968097 0 -5.804821624688684E-8 3.6125746638889906E-9 0.04997704124690582
-0.05772042989369192 -0.4373202270026056 0.06251628812885628 0 -5.1649176969027004E-8 1.125513149272368E-8 0.04997704350608695
-0.34485879204612635 -0.7195732958375974 0.08756922173357189 0 -9.790107127368966E-8 4.8778073533728035E-8 0.04997705148421674
-0.3147326423667731 -0.6679534491621227 0.08237892997106575 0 -8.784863831850193E-8 4.841847094876184E-8 0.049977045083741116
-0.23145619169988374 -0.5426436945370012 0.07120349698950756 0 -7.334611238809866E-8 2.9527887988677733E-8 0.049977031943740695
-0.28415939775573246 -0.6153602706014173 0.07751426427315904 0 -7.988415535877454E-8 4.277212466521811E-8 0.04997703461292611
-0.32938286511096027 -0.7771045511687235 0.09186418681824757 0 -1.0674357838032381E-7 4.167988115369567E-8 0.04997705574752125
-0.29287844997281653 -0.7560683801841978 0.08874412837590734 0 -1.0119461090063424E-7 3.956036163533512E-8 0.049977062263439315
-0.3707535969478622 -0.8474426517245004 0.09999999999999994 0 -1.1621353305076222E-7 4.5459412688081176E-8 0.049977045217953896
0.3299132550602819 -0.6955796266909601 0.08507057911176502 0 -8.727596159541069E-8 -3.919805506771509E-8 0.04997705146735692
0.29721686832567656 -0.7486484838731736 0.08825580478820183 0 -9.416179474110096E-8 -3.859936552858411E-8 0.04997706298127148
0.36329863298780996 -0.7692008953950569 0.09250410835033807 0 -9.437655676915179E-8 -5.056702290946094E-8 0.04997705204184369
0.37078540548822353 -0.84742873429503 0.09999999999999996 0 -1.0511000364506271E-7 -5.395778473820555E-8 0.04997704686418017
0.28831363121595577 -0.628175946475062 0.07855241106831119 0 -8.09339562773887E-8 -3.30640151357215E-8 0.04997703824148227
0.2593907519340379 -0.5686281064407216 0.07361593901057979 0 -7.138026080063383E-8 -3.3827476796098734E-8 0.049977031295057504
0.1909808398518187 -0.5616900805542804 0.07142639087555927 0 -6.939302756278613E-8 -2.839363448696482E-8 0.04997703565236902
0.17735047116299676 -0.5251479744589087 0.06889288845838194 0 -6.256058327027208E-8 -2.852535953450765E-8 0.04997704264074994
-0.006975621790116347 -0.518397225687904 0.06671599267023105 0 -6.592904331405887E-8 -2.2112701266202772E-9 0.049977036879126774
-0.05196883438319561 -0.5240326103663052 0.06719869985797552 0 -6.422098077065574E-8 2.6937991286463516E-9 0.04997703962873383
0.051893656645759574 -0.5409828050063739 0.06822031633188269 0 -7.189386688081157E-8 -1.1406275801561214E-8 0.04997703713136778
-0.8393412000270999 -0.10211595922316324 0.09200820531311653 0 -1.7370050990425082E-8 1.1712326533428577E-7 0.049977049046254
-0.8023821229894582 -0.12465004703532731 0.08885408731398863 0 -1.6891102182861117E-8 1.1111264840752935E-7 0.04997705627890664
-0.919283847116488 -0.10263764414409532 0.09999999999999995 0 -1.898482531150941E-8 1.2705103085964817E-7 0.049977038426743794
-0.4286041911968902 -0.211604106404576 0.06443452009247352 0 -2.6040918706603727E-8 5.565113058238427E-8 0.049977038354919956
-0.6752473549062171 -0.06099766201966174 0.07752927755735106 0 -2.9155274209527022E-9 9.419331102847196E-8 0.04997702934814116
-0.4690213191754545 -0.16282051739106812 0.06545407679976868 0 -2.0496995531036093E-8 5.8511222403807775E-8 0.049977050440888356
-0.5199939829281818 -0.12464895604080488 0.06768673130026925 0 -2.2280104530442136E-8 7.118594750125215E-8 0.049977045274419735
-0.5844196053235723 -0.07491703801282976 0.07115392026499068 0 -1.1867281353931097E-8 8.16429919396726E-8 0.04997702771401723
-0.40158939943089916 -0.5697012631254147 0.07901179842938963 0 -6.974951482976147E-8 5.7303665117535043E-8 0.04997703707511689
-0.3629672679735455 -0.5093150093458657 0.0736457128337714 0 -6.503900928639505E-8 4.838449816634044E-8 0.04997702925891039
-0.36195665189066545 -0.3775113144203722 0.06698450376718919 0 -5.170836141958608E-8 4.380327061607643E-8 0.049977051415301274
-0.36626813150114046 -0.41664081435894 0.06892167223823108 0 -5.593910264367526E-8 4.345772621968104E-8 0.049977040386848956
-0.3903068178565833 -0.4466269881485596 0.07141764844659583 0 -5.9278636213601666E-8 4.920190777728228E-8 0.049977033368881825
-0.38262787487786487 -0.34149739132768064 0.06638993492953274 0 -5.004091794450575E-8 5.197956542426822E-8 0.04997705105342852
-0.4062559769371703 -0.26147495596378895 0.06471383725610919 0 -3.5478286104959466E-8 5.652820528695958E-8 0.04997703780451638
-0.379843340675863 -0.2969419115223147 0.06465963905911938 0 -4.149399933338087E-8 5.57369398170768E-8 0.04997704585778599
-0.735100345459195 -0.11930462056175606 0.08291132970822639 0 -7.750761798712998E-9 1.0224662379002752E-7 0.04997704698682686
-0.5519968333853201 -0.6639303440969675 0.09374464706266032 0 -9.087174405144924E-8 6.971332486868444E-8 0.049977054311935304
-0.6178002971320175 -0.6884386430529175 0.09999999999999999 0 -9.616829858137578E-8 8.001750430111896E-8 0.04997704499114542
-0.4800125571007386 -0.5637645778356987 0.08255043176744221 0 -6.921143425532135E-8 7.082076582545096E-8 0.04997705019695631
-0.5399346500949583 -0.6040123388311484 0.08868415026698905 0 -8.208229734979442E-8 7.447672187842646E-8 0.04997705975077549
0.1043605879990727 -0.5010308479370807 0.0663275801738497 0 -6.689143759082091E-8 -1.9067876982697992E-8 0.04997705361140524
0.14556246178613041 -0.5017461145955597 0.0669511130546236 0 -6.080529919953573E-8 -2.453653376855294E-8 0.04997705377097157
0.1399468089855873 -0.4672126633962517 0.06496624972127404 0 -5.661129055096287E-8 -1.766488548507151E-8 0.04997705900823686
0.10408488366078729 -0.44405468685268906 0.06327666735135784 0 -5.946322159509164E-8 -8.818372650475719E-9 0.04997705430931019
-0.1061373350373039 -0.43371612134398735 0.06278756375601147 0 -5.2894973058713054E-8 2.0395407627229084E-8 0.0499770514130498
-0.15386562481962193 -0.515523498759926 0.0678853449092873 0 -7.018352155543256E-8 1.4808239116419022E-8 0.04997704814738196
-0.1533021139497205 -0.45854960024362473 0.06473399748772987 0 -6.332188592044115E-8 2.2898603774995334E-8 0.04997705512605562
-0.09527352708204248 -0.48999184724793526 0.06560563290386158 0 -5.859962940736964E-8 9.58745504518569E-9 0.0499770539506826
-0.09590125636856876 -0.5619999312235504 0.06990127823248256 0 -7.097581142586564E-8 7.378557905110742E-9 0.049977037063175876
-0.15663037176370528 -0.5733099421965812 0.07149707499548641 0 -7.528388405468472E-8 1.7191389874630144E-8 0.0499770356590198
-0.2643961373711981 -0.69702971973395 0.0829765309474388 0 -8.938658900464272E-8 4.2842625776918734E-8 0.04997705271957519
-0.19926692702634366 -0.6350324834465847 0.07658242747619838 0 -8.130937622925846E-8 2.972112740807948E-8 0.049977035165883484
-0.2937621218403118 -0.8161557505482272 0.0941366022415018 0 -1.0878191109645484E-7 3.359589260168549E-8 0.04997705514457777
-0.2445064351501806 -0.7666415232960113 0.08818261063739219 0 -9.658621055435357E-8 3.1752897872831695E-8 0.04997706046035105
-0.28738877712844163 -0.8792227618026947 0.09999999999999998 0 -1.1550933255084575E-7 3.211942702239822E-8 0.049977046817148665
0.24692814396934878 -0.6974874410583481 0.08250617855893734 0 -9.296362503128892E-8 -2.609191839741025E-8 0.049977052642521856
0.2521627428797361 -0.7694593063835823 0.08864404636431372 0 -1.0243483614333555E-7 -3.529119245180038E-8 0.049977062382329074
0.297447604941039 -0.8106467532563326 0.09375141746476387 0 -1.0298150880689721E-7 -4.532952786592223E-8 0.04997705717914558
0.28742318143973467 -0.8792115158194408 0.09999999999999996 0 -1.1419800548914876E-7 -4.495327800564633E-8 0.049977048073300966
0.18957159845420457 -0.6243064952889011 0.07560329744867302 0 -8.108985988145848E-8 -2.3538892199293957E-8 0.049977034838636095
0.12475562378528372 -0.5650913910725972 0.07045918166236258 0 -7.274821064618142E-8 -2.183790881216826E-8 0.04997703807473548
0.16970055881419605 -0.6915759378642314 0.08021607449160519 0 -9.240028758639071E-8 -1.8765832572391845E-8 0.04997704128537552
-0.02127679909875186 -0.5862434400348021 0.07098260267248739 0 -7.500478056093305E-8 5.68880957662497E-10 0.04997703040387309
0.047679088889249585 -0.6125339534466792 0.07287094188782159 0 -7.978741265125564E-8 -7.152478574452197E-9 0.049977030352198366
-0.8531067718150073 -0.15803750226362162 0.09415708085227006 0 -2.5954341842975883E-8 1.141890790069644E-7 0.04997704895648259
-0.7842181949983064 -0.17459658052838975 0.08806681761589173 0 -2.1142553078198958E-8 1.0269970449937946E-7 0.04997705431046995
-0.9051158299750597 -0.19076243784282004 0.09999999999999996 0 -3.02069228053948E-8 1.197399501843007E-7 0.04997704056363651
-0.47800098007166625 -0.2183882854981824 0.06713458210584479 0 -3.004263467352018E-8 6.018682717391307E-8 0.04997703630179425
-0.4503344724862791 -0.2539143429242661 0.06663047103760426 0 -3.499370239052695E-8 5.941028828293089E-8 0.04997703398873819
-0.647719142022224 -0.1435812801370505 0.07642272847163623 0 -1.5114210945194907E-8 8.858658979253005E-8 0.04997703015775978
-0.5329845388239062 -0.1985594752136453 0.0698139205090511 0 -2.9135894160210753E-8 6.842162849071319E-8 0.04997703337894475
-0.5744027965338088 -0.14938461510286838 0.07144252826293569 0 -2.2707290476845796E-8 7.728550460041722E-8 0.04997703153640239
-0.44626651447182913 -0.4769553831048422 0.07565680574632234 0 -6.099922878828835E-8 6.19992129650791E-8 0.04997703225283735
-0.5140310251048448 -0.4921578818310024 0.08018045280724437 0 -6.243226030647176E-8 7.408376059391243E-8 0.04997703823219259
-0.4256087219342948 -0.3924588186076942 0.07047472570296819 0 -5.5533144692867476E-8 5.519052056524138E-8 0.04997703557228473
-0.44295395304453694 -0.3153758255937713 0.06823813858748431 0 -4.602668029229437E-8 6.012919428737144E-8 0.04997703417192878
-0.722493271850469 -0.18466121884148878 0.08299584497449673 0 -1.767486118745722E-8 9.63003391139834E-8 0.04997704351970239
-0.6008930547011089 -0.6092572756078648 0.09299302035398636 0 -8.61103670754443E-8 8.051933318496879E-8 0.04997704916630001
-0.684830613311738 -0.6217902179859557 0.09999999999999995 0 -8.746517124267914E-8 9.009634439953915E-8 0.04997703788174148
-0.5678213237459835 -0.5376676061363831 0.08613904983735729 0 -7.186543281725579E-8 8.048803925975428E-8 0.049977046938838955
-0.10379006268918359 -0.6311723493295895 0.07466578004946203 0 -8.100347225374471E-8 1.412818303233027E-8 0.04997703164873079
-0.2012336657215405 -0.7196538123444206 0.08312630758513646 0 -8.914573593049478E-8 3.106125409079851E-8 0.04997704875217161
-0.14538614431124028 -0.6947291331504665 0.08002955113164488 0 -8.834921758942909E-8 2.308481769361715E-8 0.04997703886622822
-0.2244810935107963 -0.8295744817427091 0.09335179876408069 0 -1.0627773346513538E-7 2.460035029750303E-8 0.04997705047535939
-0.1948530319449167 -0.7756068237085788 0.08772926134592988 0 -9.721518619964626E-8 2.520449454863313E-8 0.04997705137597263
-0.1961900777341867 -0.9039499420937565 0.09999999999999996 0 -1.1777244075756217E-7 2.0280012147986573E-8 0.04997704074351103
0.18083964416846282 -0.7595104378227607 0.08602850609777067 0 -1.0234328621542652E-7 -2.3409347321857988E-8 0.0499770499572038
0.22639239794839497 -0.823169454837357 0.09279966487488275 0 -1.09495216522573E-7 -3.572138780415058E-8 0.0499770525839334
0.1962292603758944 -0.9039414372048344 0.1 0 -1.1862856351491677E-7 -3.2330005995272035E-8 0.04997704155069893
0.115198487208555 -0.6531897985847656 0.07640980333620502 0 -8.525728600795708E-8 -1.3604333667628983E-8 0.049977033566142075
0.13075868837865867 -0.7179080095003469 0.08165710231721485 0 -9.415329218205751E-8 -1.392287050820213E-8 0.04997704164074061
0.11581756539084577 -0.7588114009433137 0.08487399945221091 0 -9.77319601676353E-8 -1.3190623459164432E-8 0.04997704608857033
0.049373389215154787 -0.6762514634930521 0.07753347573866784 0 -8.72358133265592E-8 -2.270236477773215E-9 0.04997703538109614
-0.018713178495829663 -0.6598847879456909 0.07617577755495697 0 -8.556247678666359E-8 6.050222976965593E-9 0.04997703291078838
-0.6738902730202501 -0.2204985208373878 0.07997070091519397 0 -2.4195525803339876E-8 9.148921427622936E-8 0.04997703409637087
-0.8340398056073672 -0.21902107573341584 0.09363611174877712 0 -3.2091364209275546E-8 1.0846660153665727E-7 0.04997704470910409
-0.7682837005378527 -0.21778108265977308 0.08762455506029669 0 -2.6604340523599267E-8 1.0020793910770479E-7 0.04997704628970356
-0.8809151182252344 -0.2821428693025129 0.09999999999999996 0 -4.1544355176071245E-8 1.1575196562556548E-7 0.04997703498218743
-0.5165019276401033 -0.27345997871285094 0.07083650833060155 0 -3.6980210735712163E-8 6.83817356202936E-8 0.04997702708089725
-0.598583551544961 -0.22602979228178174 0.07467942546060534 0 -2.8417835466305184E-8 8.070110824060339E-8 0.049977027503615025
-0.5551101229584549 -0.47007014883430126 0.08146563252731462 0 -5.889156164667394E-8 7.789422051351436E-8 0.04997703816221043
-0.5105636494997625 -0.4275668331221898 0.07661161867134536 0 -5.451494009871261E-8 7.104645715950613E-8 0.04997703073133625
-0.504302912589223 -0.3476237550984314 0.07274022680505549 0 -4.6321660845544684E-8 6.867184829826318E-8 0.04997702716258269
-0.7177089386751472 -0.2549295522420565 0.0843570467432338 0 -3.03531868516103E-8 9.746682102015647E-8 0.049977039845834015
-0.6531660790226061 -0.2763311132584134 0.0799841441751332 0 -3.204232701049725E-8 9.137044228793874E-8 0.049977034525352064
-0.8437556437212325 -0.37907955935377746 0.0999999999999999 0 -5.610732157867388E-8 1.1418730596256525E-7 0.049977037020172144
-0.8010515387579304 -0.4625279007956028 0.09999999999999996 0 -6.637357940356378E-8 1.0508801382083955E-7 0.04997704232959821
-0.7501479603301011 -0.5412050791178039 0.09999999999999992 0 -7.45230229367802E-8 9.576924108105151E-8 0.04997703843735344
-0.5998767009898777 -0.4788913706345559 0.08487289614566725 0 -6.022061504482856E-8 8.160015989572052E-8 0.04997704261423181
-0.6562422498346266 -0.5241856689594518 0.09146905933596002 0 -7.038590700608285E-8 8.580445473320678E-8 0.04997704346224463
-0.08839747535315964 -0.7039498716595032 0.08000538942626953 0 -9.201746728430308E-8 1.6408667473002105E-8 0.04997703881806675
-0.13806578705455586 -0.7497079460326577 0.08441541385599154 0 -9.662164867504781E-8 2.075535634303114E-8 0.049977044758400126
-0.14308797449955213 -0.8318118172195702 0.0918642159103333 0 -1.0940211725751917E-7 1.6011080100084377E-8 0.04997704605588264
-0.09361073890939048 -0.9202510142029422 0.09999999999999995 0 -1.237458900228699E-7 6.875054989528985E-9 0.049977042203438196
0.09365704332523053 -0.9202463037324216 0.1 0 -1.1707746340569266E-7 -1.8262631427628247E-8 0.04997704253425717
2.0711142119751377E-5 -0.9249949331376578 0.09999999999999996 0 -1.2102479798251604E-7 -6.500919411311901E-9 0.049977047052876304
0.12762107521700664 -0.8265826692803618 0.09113421310198927 0 -1.0605586261787474E-7 -1.9689953528708702E-8 0.04997704732757961
0.08068135396090603 -0.7141673032968792 0.08075294753127603 0 -9.153485623240645E-8 -5.890192703213278E-9 0.04997704110106444
0.06358506183867194 -0.7827017733005066 0.08643167294964102 0 -9.764370981919808E-8 -6.100398452541459E-9 0.04997705342477191
0.02032803985547743 -0.7231235035279147 0.08113718206932351 0 -9.293790466176596E-8 4.402999032051123E-9 0.049977045899573
-0.03309170223836219 -0.7328034628470876 0.08197501691133365 0 -9.712111817580715E-8 1.1418033536972802E-8 0.04997704749011485
-0.7926496756412598 -0.2913333375023676 0.0919087000057277 0 -4.091373864437618E-8 1.0633671561198127E-7 0.049977040854166425
-0.5810426636905172 -0.3157640075984303 0.07626188231201679 0 -3.777557483890505E-8 8.072056673049291E-8 0.04997702932535096
-0.5773213056470615 -0.42632356756478973 0.08066830857907491 0 -5.0932953548354133E-8 7.977377996030566E-8 0.049977037477598824
-0.5604495700519321 -0.38109429561078195 0.0775098294695611 0 -4.574609580941807E-8 7.778986021914047E-8 0.049977031810210897
-0.6449966839705538 -0.44452809810358646 0.08625924084344862 0 -5.381072276739442E-8 8.495000616781078E-8 0.04997704954762206
-0.6508158876168189 -0.3390076459058359 0.08199721983987755 0 -3.898985245025367E-8 9.316722767714567E-8 0.04997704357874265
-0.7091826270730177 -0.3233083988571452 0.08590988858162861 0 -4.156464456454529E-8 1.0069281583321669E-7 0.0499770461252319
-0.7619010673352372 -0.3837317836320327 0.09273617861998763 0 -5.610138011506677E-8 1.0389802697328798E-7 0.04997704903241295
-0.7143597851634016 -0.46065181317541964 0.09243904770387959 0 -6.286750428477866E-8 9.128595505734504E-8 0.04997705093181339
-0.07537530152887754 -0.7754914719888757 0.0858872030654022 0 -1.0485161670287129E-7 1.2721036194528288E-8 0.04997705055580278
-0.048377865911234746 -0.8513117859798408 0.09269807273978156 0 -1.1479156982415023E-7 1.73364649675168E-9 0.04997705379877449
0.043935839967012356 -0.8511210240129371 0.09265635168129686 0 -1.076106375089052E-7 -1.0809438726443376E-8 0.04997705457825513
-0.004822548609299441 -0.7855262944057825 0.08645491759740057 0 -1.0294487384597318E-7 4.0096059266292105E-9 0.049977061702747475
-0.615323196863825 -0.38077552285640776 0.08115372829448383 0 -4.278760622011797E-8 8.609229980805257E-8 0.049977042039972
-0.6821995337018092 -0.3893517946424338 0.0864501634511279 0 -4.809918335665452E-8 9.454486951485805E-8 0.049977057573073115
