% Model:
% Version:
% Dimension:          3
% Nodes:              691
% Expressions:        4
% Description:        Surface
% X                       Y                        Z                        Color                    DeformX                  DeformY                  DeformZ
0.09361324045256657 0.9202507597854978 0.09999999999999996 0 1.7199992434714967E-7 -2.5601647840385126E-9 0.04997702417114369
0.19613059753886136 0.9039628493277616 0.10000000000000006 0 1.65742486443381E-7 -1.7876020472475293E-8 0.049977023982821785
0.2873578563384961 0.8792328678266589 0.09999999999999998 0 1.6309896514338468E-7 -3.156060614437063E-8 0.04997703146744756
0.6177594130735132 0.6884753307245892 0.0999999999999999 0 1.4011847584797259E-7 -8.571502001447184E-8 0.04997703644952896
0.684790004400319 0.6218349412241562 0.09999999999999998 0 1.3010201723957818E-7 -9.719445661970547E-8 0.04997703147609597
-2.6622719632544978E-6 0.924994933365257 0.09999999999999995 0 1.6940782297017766E-7 1.2671881715113092E-8 0.049977027990493604
0.042840104890621886 0.8515402282381707 0.09269147861274166 0 1.617762215619079E-7 4.262044073027364E-9 0.049977037461399004
0.37075219693550476 0.8474432642497914 0.09999999999999995 0 1.6311116138378286E-7 -4.642584780034929E-8 0.049977031251856825
0.14341620299378263 0.8294494640794716 0.09164675622284833 0 1.556023789011277E-7 -1.3021165872424741E-8 0.04997703063555192
0.2216527773738334 0.8287572231622684 0.09320319712735281 0 1.5276113899829305E-7 -2.260319581259196E-8 0.049977035594205514
0.29491717071644885 0.8166669280321706 0.09422261270086468 0 1.5529671243800286E-7 -3.340495629762967E-8 0.04997704110376309
0.5485314952955888 0.74480230687788 0.1000000000000001 0 1.443946990922583E-7 -7.196092630629147E-8 0.04997703391794421
0.5518007966248653 0.6760563257947593 0.09465507346897212 0 1.3589529877976623E-7 -7.372603496222781E-8 0.04997704409227921
0.5876935447112426 0.6161088910778022 0.09257893706827944 0 1.2958031620288306E-7 -8.403543865566446E-8 0.04997704445982574
0.750154542605984 0.541195955123228 0.09999999999999999 0 1.1556583084449662E-7 -1.041003629934004E-7 0.049977034091657574
0.6504705486077746 0.5465931881196746 0.09240305490818576 0 1.1591382162493337E-7 -9.239749485625397E-8 0.0499770376379952
0.8010710017272109 0.46249419126110153 0.09999999999999994 0 1.0601774737680512E-7 -1.1443858241280298E-7 0.04997703997154623
0.8437752416466553 0.3790359375932063 0.09999999999999998 0 9.407477275565683E-8 -1.2435164913983773E-7 0.049977036794122576
-0.09363126894349026 0.9202489260084377 0.09999999999999998 0 1.6534600384642956E-7 2.6079085099973425E-8 0.04997702310830355
-0.057540995049113 0.8423979795604501 0.09189602276328529 0 1.5257504576318315E-7 1.8697177138959516E-8 0.04997703618385555
0.06678793864290467 0.7745216917616872 0.08573266337058709 0 1.5050495518432263E-7 -7.477244244339453E-9 0.04997703676468227
-0.010066347156763604 0.7750831353836388 0.085534709697028 0 1.4535114353803414E-7 2.395137044361979E-9 0.04997704422835844
0.33139114289377414 0.7785556133621918 0.09206768166444738 0 1.5262237820644003E-7 -4.219478841077981E-8 0.04997704262501259
0.46249999999999974 0.8010734985006057 0.09999999999999991 0 1.5410886991386972E-7 -6.032127960165634E-8 0.049977027562559194
0.3836506929290542 0.7746515411716933 0.09384509082801115 0 1.5179852961591123E-7 -5.03458833173144E-8 0.04997703521114355
0.1913914876174544 0.7797285375111098 0.08801717214843206 0 1.4364521794546498E-7 -2.236623854658197E-8 0.04997703691522625
0.13322424106658332 0.7460807458646898 0.0840331591986956 0 1.4151092290722918E-7 -1.722845513426206E-8 0.049977030579146216
0.290977677915208 0.7546407636986491 0.08855875058870188 0 1.460299835029E-7 -3.91962820649574E-8 0.04997704978285
0.23873623781901876 0.768060257846817 0.08814793343306236 0 1.4195487139918737E-7 -2.9628700500642053E-8 0.049977046158938485
0.0873996338681695 0.6969472503405288 0.07943927986118829 0 1.350896931554962E-7 -1.2115704756046171E-8 0.04997702474740168
0.5230354883414245 0.6422697488364205 0.0903707538749386 0 1.2839652308147972E-7 -7.13685777623594E-8 0.049977051742367586
0.4904238791693691 0.6985151762406319 0.09277567976728547 0 1.3530552997722378E-7 -6.390577073041454E-8 0.0499770402940055
0.49825230464030656 0.6040689738252 0.08623250303750964 0 1.1851331393758255E-7 -7.332733102778898E-8 0.049977052395235186
0.5828756184496425 0.5332115379316272 0.08685116301599329 0 1.1233969685439289E-7 -8.685221228195823E-8 0.04997704039962328
0.5354804188313992 0.5793968081607486 0.0867593250488703 0 1.1931518772776917E-7 -8.13952201040699E-8 0.04997705006832645
0.706135052883472 0.46732786457169856 0.09212747065803698 0 1.0279390779575785E-7 -9.76355400900491E-8 0.049977047090295774
0.626960623589047 0.4522983371432033 0.08535306995964971 0 9.438108540564153E-8 -8.969834768973975E-8 0.049977042908249066
0.7564175363077812 0.3862256756237963 0.09237249347625182 0 9.452185285714105E-8 -1.1182185644258787E-7 0.04997704902438306
0.7978472984237353 0.3041762806928352 0.09281227257926786 0 7.999179495484817E-8 -1.1683270435408522E-7 0.049977041456899254
0.5572755215547441 0.4510872900080025 0.08061070588876622 0 9.51919136419795E-8 -8.276248407798609E-8 0.049977032775134676
0.8809325160784339 0.2820885436790224 0.09999999999999994 0 7.769446013595519E-8 -1.2656413825765855E-7 0.04997703707627601
0.8318102133114372 0.22322523392999072 0.09353078509252773 0 6.7554486192981E-8 -1.1815378101234852E-7 0.04997704735809778
-0.19616860770583672 0.9039546015730862 0.09999999999999996 0 1.6664939818918188E-7 4.2124675888652435E-8 0.04997702168194415
-0.14285595486183858 0.8282574032154257 0.09152546819348939 0 1.5387799606305306E-7 3.074227085872966E-8 0.04997702903526276
-0.08028628936017151 0.7814679591465112 0.08645850584417021 0 1.4375219511932491E-7 1.6142493128587365E-8 0.04997703440382878
-0.04561230651596534 0.7294921334214545 0.08175631121749641 0 1.3751778864634683E-7 6.287776597254758E-9 0.04997703116214369
0.011531729957052473 0.70924084903091 0.0799938250529473 0 1.369513859417113E-7 -3.1208771795027846E-9 0.04997702860388433
0.3464548928541494 0.7191482470167311 0.08759713317592265 0 1.4245487559546425E-7 -4.9798678889376314E-8 0.04997703998437373
0.41227210451772556 0.7140762315680476 0.090018645217313 0 1.389330425530592E-7 -5.601217956836487E-8 0.04997703576665775
0.19425119712307035 0.7168127796252429 0.08273823779707913 0 1.3367227137821253E-7 -2.8009464720336974E-8 0.04997703473099167
0.1444236460962668 0.6895139486023729 0.07960445430492033 0 1.3179924599560704E-7 -2.0117656653077455E-8 0.04997702581061966
0.26473613188816314 0.6988930987695542 0.08313425830297129 0 1.3385192469885527E-7 -4.220467514600303E-8 0.049977041652523535
0.31546555307223756 0.6681703741372859 0.0824215607208193 0 1.315419636981766E-7 -4.8740897979480905E-8 0.04997703468498278
0.04599891718688658 0.6542488180254783 0.07585611859697282 0 1.2813457337162553E-7 -4.241774797202839E-9 0.049977019847104245
0.1041493181168425 0.6209165315731189 0.07394244219969821 0 1.223639610257678E-7 -9.744543636913213E-9 0.049977020539527066
0.4534199638911959 0.634338879041937 0.0859386615701075 0 1.206369068592606E-7 -6.374825418039056E-8 0.04997704379848617
0.4723939921181885 0.5653277489130147 0.08223903081434113 0 1.107173021905362E-7 -7.269785214334057E-8 0.04997704226381037
0.5096255127299391 0.5106912413470729 0.08097857821614195 0 1.0554988461220199E-7 -7.851727262844538E-8 0.04997703584843371
0.49005227512439603 0.44470401859070546 0.07629562530822705 0 9.677000097745113E-8 -7.210973817954226E-8 0.04997702710000746
0.6719229666176102 0.3884051108238118 0.08561888827579651 0 8.47223631210625E-8 -1.0054681946086296E-7 0.049977054520668536
0.585360990165672 0.3703838402167338 0.07867156144500052 0 8.081193512743928E-8 -8.742105720624988E-8 0.04997703277153765
0.7133503615870089 0.32015636681811027 0.08613118221459616 0 7.848506006936138E-8 -1.0885755408358643E-7 0.04997704567654907
0.7561533810021166 0.25116889240286866 0.08746370240455795 0 6.737591650750548E-8 -1.094044297000322E-7 0.04997704429840942
0.4678168231247622 0.39722837411780604 0.07282402579327739 0 9.250223709342344E-8 -6.65414087035264E-8 0.04997702664307054
0.5201731653431543 0.38799390136202994 0.0753439569886662 0 8.778315776182159E-8 -7.617485048554624E-8 0.049977025986840964
0.9051251569294584 0.19071818089926673 0.09999999999999992 0 6.452971828641853E-8 -1.310397198850399E-7 0.04997704482484558
0.7902639371480997 0.1788726841459575 0.08869278761371618 0 5.691879551003434E-8 -1.124144712206623E-7 0.04997705729938996
0.8510855832446352 0.14814580550682155 0.0937894978149824 0 5.838003930679685E-8 -1.2515141989545085E-7 0.049977054456322466
-0.2873939485029833 0.8792210714939994 0.09999999999999992 0 1.6183962274217858E-7 5.645337231362172E-8 0.04997702808442397
-0.23130254147882853 0.8233581280344335 0.09294490463014163 0 1.5599064797443536E-7 4.681956979548873E-8 0.04997703445550295
-0.31654977457237843 0.8071051679018628 0.09409208829712742 0 1.4724304632266677E-7 5.92532392122351E-8 0.04997703735528209
-0.17894546311077822 0.7718277883825889 0.08706002927260566 0 1.4918647186996053E-7 3.328979106568316E-8 0.04997703319839163
-0.13380906082414656 0.7600240739879769 0.08523325950883374 0 1.4459209901959229E-7 2.4417001634091852E-8 0.04997702988177225
-0.09794458893422107 0.7138796015511553 0.08090449857215165 0 1.3659475280993273E-7 1.6329007685397868E-8 0.04997702563229826
-0.048508906291745806 0.6781878024575432 0.07767733236817927 0 1.3127666094139697E-7 8.529163223064192E-9 0.04997702187525617
-0.0078551337227577 0.6491499078369712 0.07536310530979572 0 1.2732654830633263E-7 3.983235725613349E-9 0.04997701896728346
-0.22520922840433794 0.7458968973346558 0.08588793599516023 0 1.467337817020109E-7 3.8131025416529706E-8 0.04997704074129658
0.3676404370066046 0.6367719158122648 0.08211917016769558 0 1.2434685173273873E-7 -5.431433135494161E-8 0.04997703149821701
0.1936377969261951 0.6392946953673746 0.07676490405819383 0 1.2488562443098125E-7 -2.7015866300476397E-8 0.04997702477327916
0.2841334503354857 0.6165726819630527 0.07759808624216208 0 1.2274856010853764E-7 -4.250708645150914E-8 0.04997702541017313
0.15199695343335892 0.5713443637747505 0.07128864354870554 0 1.1673724538643141E-7 -1.3673085643888554E-8 0.04997702657815235
0.020086990102898376 0.582926818943489 0.07076019404513119 0 1.1661201375438163E-7 4.889137460235025E-9 0.049977019580097884
0.09263905094403112 0.5551170207203663 0.06943102413110944 0 1.113411475495515E-7 -3.2293873188499177E-9 0.04997702835224285
0.40094975894605217 0.5652131577221657 0.07869394977656125 0 1.1128529498108405E-7 -5.915624524497138E-8 0.04997702910831772
0.44736034083495335 0.4974141441538551 0.07684191432450417 0 1.031545420920435E-7 -6.618528830659032E-8 0.04997702865588555
0.43140219656813134 0.4287675225971859 0.07244484890584983 0 9.699608913524602E-8 -5.9529666160153334E-8 0.04997702799872739
0.6341588941531795 0.31283518999890125 0.0798162445324894 0 7.28201406602429E-8 -9.657407790936794E-8 0.0499770359016503
0.5293785213896149 0.3388907230126146 0.07386902220939724 0 8.081860045536926E-8 -7.714954590843858E-8 0.04997702506723356
0.5661686439840169 0.30314954318445153 0.07485251919573685 0 7.412094825444534E-8 -8.31299355822305E-8 0.04997702647971191
0.6744856330743808 0.25899543825752414 0.08106282636378112 0 6.576128509020077E-8 -1.0060813817092551E-7 0.049977036562466014
0.7226994437477959 0.19973529248782174 0.08334138075756292 0 5.5077677920908333E-8 -1.0414802757988822E-7 0.049977045008517455
0.432283916850713 0.3802988180284773 0.07026687195777442 0 9.268781033809504E-8 -5.94730060074677E-8 0.049977032064668636
0.471669282894354 0.34325991058700306 0.07076541111671207 0 8.577217196525796E-8 -6.719511401974752E-8 0.049977027419187414
0.9192877608705788 0.10260257931928718 0.09999999999999994 0 5.169142419260717E-8 -1.3860918884587364E-7 0.04997704465142001
0.8038717607621602 0.12213857484508563 0.08895470660031483 0 4.983146984762802E-8 -1.2114166790328358E-7 0.049977060746374216
0.7461230180043805 0.13265602880629776 0.08402816782270865 0 4.353101818596677E-8 -1.1127984061994421E-7 0.0499770549558268
0.8513706752696019 0.07427003550197267 0.09288407134507307 0 4.5767414123669254E-8 -1.2956306302758516E-7 0.049977050335064076
-0.37078556224583165 0.8474286657041801 0.09999999999999998 0 1.5205197280206595E-7 6.696528754732527E-8 0.04997702696496987
-0.2837405614792432 0.7514739211838952 0.08805204152803742 0 1.413309912220043E-7 4.814520674484533E-8 0.04997704730638911
-0.34402355613461416 0.7467533926463904 0.08979839619713195 0 1.3664152504464174E-7 5.808074324963318E-8 0.049977037585833876
-0.37812997462304876 0.7796968295885027 0.09405159466762453 0 1.417101123050916E-7 6.629580621111395E-8 0.04997703122618617
-0.1720142422395265 0.7059350940103875 0.08139872432652721 0 1.3911653764992756E-7 2.805287852762417E-8 0.049977028089147224
-0.11459365381122653 0.6489796043007033 0.07609123122821615 0 1.2793382512445388E-7 2.1584298867243513E-8 0.04997701959510849
-0.05636556989485568 0.6123374883168238 0.07290850863136557 0 1.2242097077979013E-7 1.501090244246717E-8 0.049977018256986507
-0.25001651455608 0.6877574831582878 0.0818288600417976 0 1.352152287972945E-7 3.667698930975863E-8 0.04997703470287327
-0.052031801679697585 0.5443357511275841 0.06842717285738567 0 1.1359843421284973E-7 1.769917798943288E-8 0.049977025798822086
0.3180361598450387 0.5508547874957042 0.07440724687637126 0 1.1264565961564547E-7 -4.442190811012291E-8 0.049977021137884464
0.22784343961994075 0.5451094489255655 0.0712614275403811 0 1.1500346659417603E-7 -2.791536857800286E-8 0.04997702403343445
0.15223360853370177 0.5114589799667827 0.06762073099832457 0 1.1036514344032535E-7 -1.2258147161802897E-8 0.049977041417965565
0.001253333994083932 0.5186888782774371 0.06673044987207258 0 1.0729892113418502E-7 8.285972252888153E-9 0.049977026996814444
0.04502055801070238 0.5239593119206278 0.06715619876796415 0 1.0543086839923746E-7 2.4916851180062977E-9 0.049977029290908526
0.09307018049889716 0.48701542238591894 0.06541754354915293 0 9.788571872299495E-8 -6.4012434839503465E-9 0.04997704555520445
-0.028427878816465992 0.4894039605592073 0.06510500934199118 0 1.0536869664779335E-7 1.1205366799361497E-8 0.04997703121382403
0.3618627937090411 0.47199806236141684 0.07152593305679358 0 1.0129046806825292E-7 -4.7343466464835335E-8 0.04997702551529043
0.3818998921620359 0.39282083230988174 0.06849211870683777 0 9.365998554916885E-8 -4.810381283040251E-8 0.04997703985889316
0.5964895386590119 0.24538252217967105 0.07505456752399718 0 6.59909136832987E-8 -8.688691446862083E-8 0.049977028085032585
0.5023235944487768 0.2915186453354023 0.07059623054924216 0 7.633903157581435E-8 -7.125130518585718E-8 0.049977026163925554
0.5325092597313041 0.25445661626164345 0.07121936353097057 0 7.019327829208587E-8 -7.489782715233012E-8 0.04997702734324503
0.6524176664552401 0.20477109599706136 0.07797707686621597 0 5.74408379271789E-8 -9.556249087304092E-8 0.049977033194936876
0.6908574756839181 0.1584953945063365 0.07995126254637963 0 4.774930943110123E-8 -1.0148640170450557E-7 0.049977040694093845
0.5953591891669738 0.1936606882201294 0.07369160395615945 0 6.005914613872701E-8 -8.570458372162672E-8 0.049977030034896154
0.6892086201904363 0.11760753932384704 0.079182235454291 0 4.164600815746629E-8 -1.030271849666747E-7 0.049977039952447073
0.405879084331799 0.3317218591300754 0.06705525860874957 0 8.680016061577595E-8 -5.80302941768814E-8 0.04997704112016372
0.4374027432196878 0.28280425722565 0.06685837267776955 0 7.684804524340837E-8 -6.246916259043651E-8 0.04997703349930215
0.9249999999999994 2.4083227273235917E-16 0.09999999999999988 0 3.521267714089505E-8 -1.3771641970021596E-7 0.04997704078029479
0.7822439697509949 0.07342341173252223 0.08646750245519459 0 3.930291038987182E-8 -1.2066084285196372E-7 0.04997705292020013
0.7247257834183622 0.08520662975023731 0.08165698245211614 0 3.6616143327218295E-8 -1.1048204558051518E-7 0.049977045572155515
0.8252770499196596 2.2719212644267835E-16 0.09008727174442381 0 3.155050653391182E-8 -1.225867534154253E-7 0.04997704727125071
0.8548200389796248 -0.0652462727687064 0.09314675085287963 0 2.4260886349409132E-8 -1.2421222906821274E-7 0.04997705046234868
-0.4625 0.8010734985006055 0.09999999999999995 0 1.468917874972086E-7 8.121321117778496E-8 0.04997702221263758
-0.4789401191209053 0.7197628636157833 0.09385470752197606 0 1.3707801422101954E-7 8.407109004500939E-8 0.04997703122787437
-0.5083123257938114 0.6756675576578802 0.09200745306162256 0 1.3031001695476557E-7 8.872591068088707E-8 0.049977039514443475
-0.32754350874215143 0.6890222378899378 0.08446715933764734 0 1.3083808991576176E-7 5.048551111725649E-8 0.04997703406386824
-0.41247406389305447 0.7144260354671815 0.09005646238462256 0 1.354863156435261E-7 7.015372825955988E-8 0.04997703102368098
-0.19051431605916905 0.626194724144322 0.07575740850014469 0 1.2430487486294258E-7 3.264259525052848E-8 0.04997702115839686
-0.12546868182070262 0.5661421054611622 0.07053660282173835 0 1.1450125854605486E-7 2.9895418822778236E-8 0.04997702594926466
-0.19168892528151546 0.5624523066487603 0.07149027116733264 0 1.1118318775889872E-7 3.742785703575698E-8 0.04997702304403803
-0.29003290264585363 0.6297052539110426 0.07871782471366957 0 1.2400027694333302E-7 4.448859415447971E-8 0.04997702386137402
-0.10596501162257628 0.5041773372256166 0.0665257287102945 0 1.0757176672474969E-7 2.6863518740426946E-8 0.04997704264310284
-0.0710277803670786 0.4813038479979327 0.0648997774631422 0 1.0687059726791374E-7 1.741745157819026E-8 0.049977039307318546
0.27234892372669683 0.47172217328134014 0.06829621029644013 0 1.0280010726474565E-7 -3.368393455185087E-8 0.049977026259499194
0.21079455863719812 0.4693257584201238 0.06648483672306539 0 1.0579951374261685E-7 -2.598560623537711E-8 0.04997703354793116
0.14985938251764008 0.45279307874260605 0.06437801254812757 0 1.0151272251189671E-7 -2.131326342311997E-8 0.04997704821624841
0.18545604713463826 0.4304739947807409 0.06393784680976806 0 9.852679951316515E-8 -2.6564188535238312E-8 0.04997703779117927
0.11053788187593885 0.4306223745782792 0.0626902062642271 0 9.228748344334029E-8 -1.8310901874156553E-8 0.04997704410454954
0.019795838688718648 0.4703114259817322 0.0640444060829731 0 9.815826386362659E-8 2.313951818440136E-9 0.049977031718896316
0.06533055038853271 0.4354649165439313 0.06247764990259347 0 9.064044783118924E-8 -8.846842623400062E-9 0.04997703713718428
-0.04037960269203985 0.4408570318083466 0.0625957773306699 0 9.8702803598103E-8 8.707315133091069E-9 0.04997703275121523
0.3329058545937796 0.33325924236807375 0.06406157186555389 0 7.721537815166298E-8 -4.885028074048826E-8 0.0499770541149463
0.30693864167133966 0.4042133776050551 0.06608285286906407 0 8.866068148753314E-8 -3.670494856453629E-8 0.04997703833158989
0.5387084587482874 0.20560708274998704 0.07032262751622614 0 6.456605964669968E-8 -7.450073154200511E-8 0.04997703280065328
0.47599510640454495 0.23047538821938993 0.06733340193971542 0 6.704032917686801E-8 -6.439048249001026E-8 0.04997703438749972
0.5285393108936259 0.16518893231571916 0.06885934434787161 0 6.054092641612604E-8 -7.317311816556414E-8 0.04997704121634881
0.6359863797306671 0.1341128294488754 0.07542020319546491 0 4.847392382033396E-8 -9.381246036273573E-8 0.0499770323892238
0.5665181445886517 0.15558354761445173 0.07104008880031383 0 5.794744891082756E-8 -8.11807451166323E-8 0.04997703477548072
0.660910431014522 0.06111123862815046 0.0764443497197492 0 3.5988534289210284E-8 -9.897716875542223E-8 0.049977032583072616
0.3628225028367361 0.2686598783514226 0.06303900336729049 0 7.06820597060503E-8 -5.5932434948875133E-8 0.04997703970325272
0.40159415937487913 0.22227119456522582 0.06342742714419668 0 6.247638977328664E-8 -5.688050866040829E-8 0.04997703642492269
0.8374232558848936 -0.1293417213860296 0.09218338983550127 0 1.5280231940989282E-8 -1.239601993661469E-7 0.04997705981222657
0.9192877606928149 -0.10260258091221071 0.09999999999999994 0 2.027847226601746E-8 -1.3514506619881063E-7 0.04997704677906964
0.736498120183538 1.9461726324828643E-16 0.0822207664498539 0 2.5797180673907255E-8 -1.0911925061294829E-7 0.049977041682053275
0.7859407931602105 -0.07401767626946824 0.08680140328934059 0 1.707915164595222E-8 -1.1185483193742235E-7 0.04997705496170983
0.7880045515761323 -0.12910173677696724 0.08762058220646912 0 8.907164277706069E-9 -1.1576183750317174E-7 0.049977064285266444
0.7883546035916829 -0.16488856810254315 0.08824892692988198 0 3.937555150639788E-9 -1.205794712079338E-7 0.049977063171772765
0.7597010793028802 -0.19500257071099414 0.08634694259141451 0 -3.402450217768116E-9 -1.1709409229838695E-7 0.04997705602692929
-0.5485031394581955 0.7448231888659758 0.09999999999999998 0 1.394615690718557E-7 9.588580746299601E-8 0.04997702787480435
-0.5596851197575441 0.6634042603718276 0.09419033697962353 0 1.2423069881167195E-7 9.553026067405216E-8 0.0499770389466092
-0.4499036574234318 0.6597655574984556 0.08762543161615084 0 1.31801890303599E-7 7.623018154043473E-8 0.049977036309420325
-0.5084523869045262 0.6310249340793687 0.08870435188239581 0 1.2456264317863626E-7 8.473346114132389E-8 0.04997704711710639
-0.3679940573528886 0.6373844042186184 0.08217817873449768 0 1.266821384130408E-7 5.8153381632727534E-8 0.04997702714722418
-0.42125713605646403 0.6077940464059373 0.08247265847688973 0 1.255454545174438E-7 6.721704988613284E-8 0.049977031476467655
-0.5445828559277581 0.5931276201062035 0.08823074690283744 0 1.1457091273133268E-7 8.576945589369527E-8 0.049977044840028156
-0.2598642375444073 0.5690891545970852 0.07365958600480058 0 1.1329120492435356E-7 4.419916570952634E-8 0.04997701806389348
-0.146043412013244 0.5032640730580226 0.06704541835555089 0 1.0150195579020712E-7 3.284802824610558E-8 0.04997704240285866
-0.17773060720916645 0.5259463281585312 0.06894804779728927 0 1.0368605071603735E-7 3.717401453119251E-8 0.049977030860230004
-0.21172158677062325 0.5198781223671345 0.06933829044213057 0 1.024113543616621E-7 4.071372120260411E-8 0.049977025605436584
-0.31860245148696237 0.5518356333914171 0.07448895588812982 0 1.1221908713913908E-7 5.2927846407078714E-8 0.04997701703445958
-0.14030890931253803 0.4679836164169959 0.06501280116403946 0 9.657943810266088E-8 2.576441113728816E-8 0.049977048943493835
-0.1029411460718821 0.44640858274387013 0.06338188130081228 0 9.950723020261368E-8 1.6113269909748954E-8 0.04997704530327487
0.2318898921058528 0.4016450748890024 0.06367695651733307 0 9.011586783162773E-8 -3.111131083912549E-8 0.04997703246831585
0.15384627156060382 0.38391173658918915 0.06118533303935767 0 8.796348562416753E-8 -2.444325808419573E-8 0.049977032111063226
0.08567704016096146 0.39343427128029224 0.06068036954612458 0 8.656686349017855E-8 -1.3963957519158668E-8 0.049977032357991225
0.05891091878969271 0.3561813785904501 0.05888183035860122 0 8.223894522088671E-8 -6.831192645922419E-9 0.04997702513938226
0.013052198219917915 0.38970549808144694 0.060109559393507296 0 8.727719846286315E-8 -2.3574104351872797E-11 0.049977026225681
-0.07539656272461731 0.38263872680028077 0.06011274428033935 0 8.798719913018322E-8 1.170615817619793E-8 0.049977028178457054
0.29687695963224414 0.26583446546620587 0.06049214663587172 0 6.622629647184614E-8 -4.53084129607519E-8 0.04997703379180904
0.2625418688185837 0.33648330779519714 0.06181290503458571 0 7.498760838385603E-8 -3.744285526478697E-8 0.049977035557529095
0.4879508039440347 0.1753290332884817 0.06671893154849401 0 5.9368742715258534E-8 -6.462153203364929E-8 0.049977046486631344
0.44078820931890456 0.1777885340956575 0.06428879605061416 0 5.4125813490325034E-8 -5.882183369024361E-8 0.04997704542511569
0.5192463818471629 0.12824117265253684 0.06769417632898124 0 5.618696775033386E-8 -7.524897840372272E-8 0.049977047824024
0.5800435663390094 0.07440259297015445 0.07086095755136958 0 4.446458636634332E-8 -8.680267422163882E-8 0.04997703224154121
0.637168246229727 1.7636191275501274E-16 0.07448630903843242 0 2.8673770575545814E-8 -9.396805533582737E-8 0.049977029523358994
0.394490378891255 0.17177804019933987 0.06198157459134764 0 5.111172962294588E-8 -5.5231405369473105E-8 0.04997703848894391
0.33827356631260735 0.19741612693850674 0.060186571415137134 0 5.7134391533065815E-8 -4.9096812637056774E-8 0.049977030667734436
0.823080640176532 -0.2073363860609292 0.09232209730203018 0 1.2505830568811933E-9 -1.2775448638319912E-7 0.04997705510168804
0.9051251563026288 -0.19071818387397393 0.09999999999999996 0 6.267576830235593E-9 -1.3823353405716718E-7 0.04997704886352569
0.6918887433807663 -0.06772116765551028 0.07886795692620671 0 1.4459489127845769E-8 -1.0020126347289996E-7 0.04997703894552624
0.7325342916850162 -0.13408386908087777 0.08291013088256638 0 1.8765513012842853E-9 -1.0793745116825604E-7 0.049977054319778454
0.7578046117703348 -0.24801668508133748 0.08751626752734717 0 -9.057493290448845E-9 -1.1510939261133582E-7 0.04997705011945482
0.7040732060431756 -0.2032143579310842 0.08191372549943252 0 -6.565414382030493E-9 -1.0600980875405069E-7 0.04997704578972833
-0.6177328508859397 0.6884991641819087 0.09999999999999995 0 1.2642793940135464E-7 1.0325760504198853E-7 0.04997702961245568
-0.6071515389330133 0.6092519905512257 0.0934219469334025 0 1.1387807114071867E-7 9.882814004145583E-8 0.04997703445717652
-0.5735399527378838 0.553508622043815 0.08749015204644302 0 1.0870398194204816E-7 8.953182517465194E-8 0.04997703651447851
-0.47303326379715877 0.5791284533565412 0.08316905076856485 0 1.2082362021063544E-7 7.26063081002469E-8 0.04997703939923603
-0.39181543828090004 0.55445735722153 0.07760084140770421 0 1.1562975606020948E-7 6.254474275579811E-8 0.04997702216043577
-0.5240933648557364 0.532232296917964 0.0831006990315747 0 1.0927376669060092E-7 7.923830611553786E-8 0.04997703459952473
-0.2730034360466586 0.47285582187369307 0.06837705113188602 0 9.784680251451604E-8 4.986376511066512E-8 0.04997702237439643
-0.19156331121345604 0.4731617410648762 0.06625147072173328 0 9.372793293232516E-8 3.535872341877101E-8 0.0499770353695153
-0.3580569939172612 0.4725541821277962 0.07140049698238948 0 9.941708224381113E-8 6.292168951396557E-8 0.049977020989512275
-0.30165136280488036 0.4184145297189895 0.06656200918217181 0 9.263725797943418E-8 5.620702150552799E-8 0.049977030850122034
-0.157502577302292 0.4062797025959702 0.06224976286168573 0 8.797875527235787E-8 2.2858209017887168E-8 0.049977034760530906
0.1923176439095004 0.3331039304431941 0.059877835485628056 0 7.81128133167748E-8 -2.7635308898178383E-8 0.04997702549393726
0.10763513709501452 0.32249572723181036 0.058047784011843524 0 7.842976733984662E-8 -1.3473930487161662E-8 0.04997702315100976
0.02555769618970364 0.3104658173674803 0.05699894508193309 0 7.635524579840406E-8 3.1180763379089878E-9 0.04997702598012366
-0.04439277195221167 0.328710102628296 0.0577329050528648 0 7.787954108767366E-8 1.1578904845401557E-8 0.04997702356451053
-0.11902524067374878 0.32805250160257865 0.05839824108948766 0 7.743442305313556E-8 2.051775247398982E-8 0.04997702158805225
-0.017053837843317182 0.27836069099312905 0.05590951428308119 0 6.952218947827636E-8 1.2381263508878889E-8 0.04997703198509182
0.011677278178983168 0.25977319628253465 0.05533524160416193 0 6.904403139476116E-8 9.274219047392747E-9 0.04997703798698932
0.26432978404622737 0.19520810401833602 0.05761727712614054 0 5.934372682541249E-8 -3.570379090123524E-8 0.049977027437613994
0.22703812963746223 0.26409762190385005 0.058370438456053005 0 6.71545537764215E-8 -3.1208792317408886E-8 0.04997702495248203
0.4615326701397575 0.12346215125476942 0.06442192515091573 0 4.622676002583448E-8 -6.767373446030114E-8 0.049977057887781784
0.41609697408913515 0.13788398400008958 0.06237868126929303 0 4.3927389490193685E-8 -5.934358778287245E-8 0.04997704588621654
0.493812622045095 0.06489296717588176 0.06554297030555511 0 4.234310590959197E-8 -7.695406494580973E-8 0.04997704493191239
0.5965173615012843 -0.07939251741876009 0.07200225824383245 0 1.9694318808282047E-8 -8.652436220938702E-8 0.04997703280104641
0.5449077695259101 1.790659953385319E-16 0.06830916124377963 0 3.317345236663892E-8 -7.98793228195723E-8 0.04997703331090999
0.35923719947272786 0.12552401442410066 0.05970040660633742 0 4.4471107278411054E-8 -5.204492155328374E-8 0.04997703225013598
0.23462332403576253 0.13422621113694225 0.05564316792853833 0 5.511751832066708E-8 -2.9002526456596766E-8 0.04997703811503348
0.29070078878885497 0.12979410487969603 0.05724274123768994 0 5.078838270493575E-8 -4.042282038480013E-8 0.04997702888842327
0.8014927716328408 -0.29144105877124366 0.09271262928645599 0 -1.1570648046450629E-8 -1.2114588530382606E-7 0.049977048053681736
0.8809325145611795 -0.2820885484172241 0.09999999999999999 0 -8.657155722360725E-9 -1.3535189264094108E-7 0.049977043324010005
0.6510493529215736 -0.15514133280147802 0.07686356365481603 0 2.5001926960505073E-9 -9.642461012561059E-8 0.0499770371155569
0.5770279320473077 -0.1518434761804153 0.07165568912865206 0 1.0126597741020142E-8 -8.628451784237966E-8 0.049977036721288864
0.7173493567573875 -0.3169596225802428 0.08634023460744476 0 -1.891500615724894E-8 -1.0298132696941006E-7 0.049977052222842454
0.6897625743522149 -0.264441860913035 0.0824063475266023 0 -1.3995909345459214E-8 -1.0092137833269947E-7 0.04997704443058916
0.6384778628041973 -0.23491899962832427 0.0777084562971251 0 -9.231876564067724E-9 -9.420511077850674E-8 0.049977036579605956
-0.6847646792234083 0.6218628292777221 0.09999999999999995 0 1.1606229272609378E-7 1.1240512507080978E-7 0.049977023875170244
-0.6465139113454264 0.538316822314734 0.09160194260007758 0 1.0656287686629998E-7 1.0591327923679494E-7 0.04997703095809125
-0.5770660846669927 0.4836246905463882 0.08360849061752018 0 1.0267214034204531E-7 9.107412505628574E-8 0.04997703007325002
-0.45509595152323246 0.486640439064581 0.0766367028663977 0 1.0298635627628838E-7 7.19880649093907E-8 0.049977022873001826
-0.41803303753571375 0.41861066103869105 0.07131407766744806 0 8.775191475795639E-8 7.178155527227302E-8 0.04997702501444181
-0.5228737105474611 0.469403410425903 0.0794598201715015 0 1.0057375988135608E-7 8.139189344566048E-8 0.04997702511611937
-0.2326279902659774 0.402923498403311 0.06375456788963607 0 8.92205259638753E-8 4.0082018740810966E-8 0.049977029082911524
-0.2807191746564195 0.3771430143239577 0.06401358518053686 0 8.944188205151162E-8 4.969369374098626E-8 0.04997703535714284
-0.366851516506518 0.3914531813319968 0.06779342734587492 0 8.369110722783745E-8 6.714322049671108E-8 0.049977038433697565
-0.31784422091904324 0.3574692689417032 0.06445327462614314 0 8.638902452467749E-8 5.520208139246489E-8 0.04997704636139888
-0.19326570388917427 0.3347460184966118 0.05996054906425582 0 8.029580245137994E-8 3.136285461639041E-8 0.049977022899211
0.14969050843762158 0.2592715660247785 0.05657975437506353 0 6.946150123976507E-8 -1.656337438562374E-8 0.04997702333663101
-0.15073713287945018 0.26108437273446894 0.05665087411303694 0 6.640578212805788E-8 2.9271028785077354E-8 0.04997702099882276
0.06630901180929023 0.250856535710505 0.0553186995326227 0 7.049519867315017E-8 -1.278651012257981E-9 0.04997703324217341
0.017981432514459814 0.22651294475696923 0.05443142027174295 0 6.572388262147344E-8 6.859442099677713E-9 0.04997704899084724
-0.07471068043782808 0.2615864764835527 0.0556965634877458 0 6.451828907043022E-8 1.9627023867155967E-8 0.0499770286413224
-0.014253461472862217 0.23459230484404994 0.05463523466770248 0 6.18210978988656E-8 1.272063718123741E-8 0.0499770464574964
0.20062573683728832 0.09527047772396216 0.05430115527057267 0 4.917975263845499E-8 -2.7120823151297235E-8 0.04997705307656487
0.18890830540911194 0.1893292231980287 0.05555650018582656 0 5.96127691808942E-8 -1.9695949945012438E-8 0.04997703277561567
0.18353225708574536 0.1263657612272312 0.05431954168807018 0 5.107384840558169E-8 -1.9287270347626764E-8 0.049977052437506775
0.4146151646677903 0.077681020975073 0.06157475739077052 0 3.5922741847028994E-8 -6.352371878632967E-8 0.04997704093461123
0.4636209692030302 1.4593888372567647E-16 0.06366862151549985 0 2.9096588464454837E-8 -6.750956394603398E-8 0.04997703836057624
0.5270134709035552 -0.12362075461980128 0.0680883893303861 0 1.7680130694874584E-8 -7.729002656468113E-8 0.04997704805825396
0.5078212312272355 -0.05773868566153319 0.06628756501631428 0 2.4296612905883358E-8 -7.037604660235438E-8 0.0499770428255119
0.3331467524821928 0.0633273262949379 0.05801432008933982 0 3.8059226830854515E-8 -4.871734750219345E-8 0.049977027199844065
0.2538184516803514 0.06940494742292715 0.05542696753822805 0 4.5512195553425404E-8 -3.6259201169015586E-8 0.04997703573504964
0.7635253857731481 -0.3782532475337201 0.0926398396720293 0 -2.2467267730961595E-8 -1.129170316027979E-7 0.049977056114839005
0.8437752388147 -0.3790359438971111 0.09999999999999999 0 -2.1893539982932474E-8 -1.2621113205439094E-7 0.049977045215272624
0.5898871014295897 -0.20776639827421509 0.07364495662277286 0 -1.5230740566851236E-9 -8.874843704574536E-8 0.04997703372942392
0.5408130551366508 -0.18150058753720788 0.06992281214701015 0 6.564663519478456E-9 -8.353067876496554E-8 0.04997703998763509
0.6777956079436661 -0.39290477214771746 0.08626804024189792 0 -3.397166381379815E-8 -9.924538073841708E-8 0.04997706449298576
0.6346730356926773 -0.3174870091624343 0.08001946855914076 0 -2.376318811960766E-8 -9.018445958591661E-8 0.04997704353833317
0.5796784116794852 -0.2776116098201063 0.07488927562467991 0 -1.4471986940601756E-8 -8.544960624752121E-8 0.04997703302310302
-0.7501326501074496 0.5412263004122693 0.09999999999999999 0 1.0590706277532061E-7 1.2543981669470809E-7 0.04997702583560403
-0.7186415188607144 0.4635460562865767 0.09293928953994947 0 9.46258888607564E-8 1.2024583880010234E-7 0.04997703934569018
-0.5580584193120213 0.42548332869284045 0.0793877523859349 0 9.539635071661601E-8 8.817445801216063E-8 0.04997702492809537
-0.6328963674406778 0.4470501467799965 0.08550954643040555 0 9.951119215607898E-8 1.0327720221418107E-7 0.04997703700031852
-0.6767294999436545 0.3833870641168075 0.08576692861654717 0 8.869122456183872E-8 1.0525945040497284E-7 0.04997704713230594
-0.4324706598932547 0.3595596935895599 0.06940707877592157 0 7.583054048301561E-8 7.209028477471279E-8 0.049977028211885446
-0.48200836859227103 0.4026983386005155 0.07383556549613608 0 8.713622253763581E-8 7.816792158097748E-8 0.04997702031089648
-0.5442886348821633 0.36830034160648034 0.07595460109733419 0 8.525133325603959E-8 8.643734600020521E-8 0.04997702063107416
-0.3182526738785638 0.31228528282505874 0.06275542647814243 0 7.928723400272317E-8 4.829557788372757E-8 0.04997704319254828
-0.25621859628623345 0.32661564029958035 0.06125711843708684 0 8.250352870004542E-8 4.13703359981839E-8 0.04997703028774461
-0.37474174799433474 0.325215240573534 0.06543736846884436 0 7.179947324504735E-8 5.918719462111651E-8 0.0499770449351396
-0.4300985673768074 0.3012630280350379 0.06711000127247038 0 6.781075044835192E-8 6.980698975932027E-8 0.04997702956347849
-0.22695325756190313 0.2565120405768185 0.058144911454045704 0 6.834798752734071E-8 3.864280623385143E-8 0.04997702170075458
-0.18350196867475074 0.18844743574056294 0.05542383280391715 0 5.44739224312965E-8 3.753880862971199E-8 0.04997703086541312
0.11136664405289663 0.19289268576805546 0.0543171535525474 0 6.033341332293828E-8 -8.88929245574316E-9 0.049977036923237864
-0.1122914677939212 0.19449452747555573 0.054363926326504504 0 5.5100036109212334E-8 2.5310661897141536E-8 0.049977035142585044
7.833096257776418E-4 0.19069362679459012 0.05356840441819727 0 5.739114027448472E-8 3.262550437180772E-9 0.04997705547320783
0.04520143550094839 0.18418512355280772 0.05354594410814683 0 6.06177766145923E-8 -2.8669835042112173E-9 0.049977048499059436
0.017173734845246678 0.1662656573333219 0.05309215701680856 0 5.5316750244738025E-8 -2.061521741261271E-9 0.049977051098304685
-0.04746651353754764 0.1829715324610284 0.053532622158623755 0 5.1944105591961326E-8 1.1348030434759592E-8 0.049977047274706574
0.1909210649037195 0.04684254353730668 0.05369730809312632 0 3.9089653446340994E-8 -2.8845622929852425E-8 0.049977048650893016
0.15384433041034729 0.09209874155024392 0.053330182368177645 0 4.0313510495602156E-8 -2.082842286820283E-8 0.04997705641551385
0.13647605991683223 0.1435082568468913 0.053729825805134857 0 4.950294766659548E-8 -1.2711381528164916E-8 0.0499770468798123
0.38492668203237634 1.0023152680894796E-16 0.05989052034096669 0 2.6203610700741955E-8 -5.550183885159518E-8 0.049977030438277795
0.4253355502182104 -0.06042681663517086 0.061949401873126426 0 1.60484290406344E-8 -5.798197502560618E-8 0.04997704160571354
0.48600244774065643 -0.18106149615140063 0.0667271620082264 0 4.518081797652458E-9 -7.766567953519029E-8 0.04997704900038457
0.4535801009187721 -0.11979187747949692 0.06395953291420167 0 7.364756808469309E-9 -6.486530128957133E-8 0.04997705928411302
0.30024351839566077 1.0287337474471442E-16 0.0566089984335615 0 3.1441043576033895E-8 -4.260407603248511E-8 0.04997702693746949
0.2238875048948223 7.961310541061857E-17 0.054346295287657866 0 3.370902970445108E-8 -3.0958502839216136E-8 0.04997703953632942
0.7176713367395706 -0.46521260674377907 0.09294805270739667 0 -3.9131965138801246E-8 -1.125556231694096E-7 0.04997705742484773
0.8010709981238167 -0.46249419750242293 0.09999999999999998 0 -3.567047537029699E-8 -1.2299450762726798E-7 0.049977050505156044
0.526450453306162 -0.2376825100162034 0.07038843476625323 0 -4.383723239290457E-9 -8.109296511738617E-8 0.0499770344253565
0.4546475825643904 -0.23293628734368743 0.06627327609670221 0 -4.521577186367229E-9 -7.033352750590077E-8 0.04997704016775326
0.5306797663003683 -0.29923675531161764 0.07251363051783592 0 -1.5804825143728338E-8 -7.896550984309518E-8 0.04997703154772802
0.6103906305879975 -0.40135765312469507 0.08172372928462608 0 -3.862695308358788E-8 -8.921733338782489E-8 0.04997704898313685
0.6403517767463041 -0.46278562534170165 0.08686037768572827 0 -4.4509889797516394E-8 -9.79314746516209E-8 0.049977054228650064
0.5664981365845182 -0.34007595181336636 0.07621962270586985 0 -2.5725776084618568E-8 -8.229455393236554E-8 0.04997703539575521
-0.8010558185062641 0.4625204886241073 0.09999999999999998 0 9.142791440858713E-8 1.3064523147335352E-7 0.04997703114769124
-0.7603438011582597 0.3738096376808479 0.09217483686370775 0 7.79021656550146E-8 1.195316479265563E-7 0.0499770392722977
-0.6064827120561795 0.3683452405387546 0.0800133246078764 0 8.916645594572587E-8 9.438153449123974E-8 0.049977029984893714
-0.6554904399290363 0.3258387756938692 0.08184700708932659 0 8.080462459134626E-8 9.978322262553228E-8 0.0499770337965675
-0.7173789460644423 0.3218656625868021 0.0865204629875929 0 7.530450720207822E-8 1.1019437752324345E-7 0.04997703776346873
-0.4490633670822638 0.262933614095089 0.06682964731028332 0 6.388353592414833E-8 7.441875148329335E-8 0.049977027390772755
-0.561964870759204 0.31624700130713357 0.07504348009682706 0 7.690697878378836E-8 8.930782663922831E-8 0.049977019954849884
-0.4969688691845382 0.31115828345845914 0.070963541880969 0 7.189596681273715E-8 8.10952461466697E-8 0.04997702003327304
-0.3445240713159381 0.2767146512083848 0.0625551726814487 0 7.033760127164254E-8 5.139291528850725E-8 0.049977037077442193
-0.29822944351534514 0.2720284218761082 0.06072614652584281 0 7.271873016752494E-8 4.537458375548171E-8 0.049977031500800295
-0.278960464150049 0.23105339123962187 0.058930977919053947 0 6.443828377910112E-8 4.504315096107189E-8 0.0499770244173089
-0.39866775255885006 0.2551376793832062 0.06418286265211672 0 6.44346107903475E-8 6.382549376745254E-8 0.04997703193432252
-0.43855507291261625 0.22078311851591842 0.06514753629020965 0 6.01256942385287E-8 7.439031951887389E-8 0.04997703194789672
-0.25569422992480945 0.18010642956677383 0.05704280655464758 0 5.3088417709954676E-8 4.490351886710025E-8 0.04997702539480841
-0.22047029564306936 0.14293411554993973 0.05541545974285534 0 4.410767480138429E-8 4.203983666887442E-8 0.049977036988074555
-0.18680865935078536 0.12991541986645877 0.05443956342319764 0 4.399061456174684E-8 3.77104538592518E-8 0.04997704837430622
-0.13865734030206037 0.13413724110678016 0.05361667711440055 0 4.990733757723993E-8 2.900865900343452E-8 0.049977047318081363
-0.13558426904309848 0.09984465055515283 0.05311549222562181 0 4.6671102570715786E-8 2.4444952923377158E-8 0.049977050852512445
-0.25161809751440434 0.1255049475699697 0.05598231997151887 0 4.125945640321258E-8 4.39888878701961E-8 0.049977031667742935
0.19420772375092543 -0.04676552312468657 0.05376845209193871 0 2.5253961919551617E-8 -2.3472128212411257E-8 0.049977049110034186
0.07844894660138703 0.13587756131386025 0.05290437550856243 0 4.883474433493798E-8 -8.864997164243855E-9 0.049977043876260854
0.1581850159804538 4.03666044625459E-17 0.05292729798071231 0 2.804840346284006E-8 -2.093538157532261E-8 0.049977046021626656
-0.0793293077376864 0.13740239153093967 0.05293577949983721 0 4.9151031874457056E-8 1.5442369831339166E-8 0.04997704290916116
-0.10192189467460562 0.10267269443312377 0.05269596908601703 0 4.6925602366750726E-8 1.8288411008942306E-8 0.04997704441473751
-0.004334214649360648 0.15163914092247652 0.05281372846092682 0 5.1072715654501864E-8 -1.7407464530390397E-10 0.04997704843858283
0.035198297345602834 0.13784946141786308 0.05265706254873472 0 5.0124694748898485E-8 -5.25945625257104E-9 0.04997704475629473
-0.03647527919163236 0.1302798698937503 0.05254752074115307 0 4.7597930616941E-8 5.632588308642426E-9 0.049977042957374825
0.12737884186502524 0.04457914646124021 0.05254239887577797 0 3.198294944558888E-8 -1.8585154217362558E-8 0.04997704570125005
0.10177697427875258 0.08834048795367636 0.05253956863179542 0 3.815421275790034E-8 -1.3668112622345617E-8 0.04997704500382467
0.34118511954802583 -0.062154607897978366 0.058312559079427444 0 1.813368193764872E-8 -4.762361662548577E-8 0.049977029012562464
0.37836392981717903 -0.12391451309547875 0.06047575124681005 0 4.913738027392519E-9 -5.3937397694458775E-8 0.0499770384205137
0.41238404925178007 -0.18021837395374024 0.06296662723972753 0 -2.021529109842138E-9 -6.27463772822603E-8 0.049977044374357744
0.1676578507312959 -0.08204581170599337 0.05348225864611659 0 1.601625686819795E-8 -2.0352580397990264E-8 0.049977058442234226
0.20181374228166962 -0.09141964150518621 0.05428754190491373 0 2.071390191850019E-8 -2.7369660198186698E-8 0.04997705445221646
0.25485064501553883 -0.06881848120103617 0.05545206946541742 0 2.424792696432289E-8 -3.496667149218804E-8 0.04997703680605861
0.6644823007055147 -0.5389515943966049 0.09297818153954257 0 -5.056369690688085E-8 -1.0213615535962557E-7 0.04997704972657688
0.7501545366059805 -0.541195963440213 0.09999999999999984 0 -5.010531409890587E-8 -1.1770429404113895E-7 0.049977046387846925
0.6027366073062329 -0.5213223560235656 0.08747588350371878 0 -4.966212446219427E-8 -8.879788064131032E-8 0.04997705109419412
0.3907221727608636 -0.23584567652234328 0.06329187670784996 0 -7.006849287837038E-9 -5.605007892950578E-8 0.049977041097581894
0.47890979704271586 -0.2863984098188226 0.06912760288748078 0 -1.1145605183062752E-8 -7.208418858343152E-8 0.049977034380711126
0.4250914842628162 -0.2904030737883922 0.06650384046370365 0 -1.0356886648149116E-8 -6.173907334342113E-8 0.04997704165185127
0.5018045759598764 -0.3463645861940246 0.07254833341115846 0 -2.219122679570452E-8 -7.410131295918972E-8 0.04997703264368602
0.5395049675561714 -0.4037977139333864 0.07721405836956645 0 -3.5072535357087266E-8 -7.83044143652124E-8 0.04997703690051359
0.5629289159938321 -0.47314451663551055 0.08212579004392509 0 -4.5501860100110706E-8 -8.106837960463951E-8 0.049977045309427294
-0.8437609348289447 0.37906778281416026 0.09999999999999995 0 7.770294613299383E-8 1.3382237886783545E-7 0.04997702738479052
-0.7888004165309437 0.2903760964571749 0.0915314985584158 0 6.779423296932321E-8 1.2618167637855975E-7 0.04997703329850379
-0.6102329054490165 0.2953318100128198 0.07752504764743698 0 7.5197684279879E-8 9.531238446823864E-8 0.04997702373833777
-0.6672358697757713 0.2726523999513782 0.08092297245691278 0 7.160492997947279E-8 1.0391987964790739E-7 0.04997702870576803
-0.7578216461505273 0.23114048963723496 0.08705889216020636 0 6.323611305071766E-8 1.2338122199705187E-7 0.0499770375009884
-0.7250638207162802 0.2644091498704253 0.08523826785223539 0 6.856945816548696E-8 1.1483832575009E-7 0.049977033594510084
-0.49761740681994665 0.2259943198914076 0.06840949555720777 0 5.8456462305133394E-8 8.467187187224331E-8 0.04997702737233379
-0.5531916805568725 0.2548390044927608 0.07250231820116229 0 6.470793467826483E-8 9.038700183338365E-8 0.049977020290229594
-0.3304177610769968 0.2075632873895256 0.060121873146272396 0 6.099130295167478E-8 5.277137989239345E-8 0.04997702639879852
-0.40020050920329836 0.18553375498639196 0.06251643484045977 0 5.875397868953407E-8 6.664753715559847E-8 0.04997703337687158
-0.4509389353459413 0.1806295394110867 0.06485872161226297 0 5.574908786007481E-8 7.81662801089962E-8 0.049977040284971255
-0.3081655557366316 0.12979030410922685 0.057834162632571066 0 4.662728199916323E-8 5.0812084973913313E-8 0.04997702427487229
-0.21413652185417031 0.10501643106435352 0.05472829937040968 0 3.6601107044250095E-8 3.77991852164389E-8 0.04997704529204431
-0.1657690318723487 0.09663028560186343 0.05359396061230914 0 4.281229253062753E-8 2.8918690868154997E-8 0.049977055752457755
-0.13208776332768432 0.07040426877471608 0.05277929135503944 0 4.2412522262789435E-8 2.115852621321523E-8 0.04997704806856075
-0.2668792736165402 0.06671487334767569 0.05579077358601759 0 3.25880817895009E-8 4.352484601572983E-8 0.049977029205257796
0.13394298555224937 -0.04272165979228181 0.052630185389843605 0 1.9012664992278966E-8 -1.4758684919346172E-8 0.04997704751828684
0.04273067501608838 0.07401170016957918 0.05192584962618541 0 3.767361185569913E-8 -6.3015341507336905E-9 0.04997703533881442
-0.07427627943517315 0.042883429926301064 0.051928801697300825 0 3.799159848602606E-8 1.2765083180230103E-8 0.04997703506428421
0.08580268905133058 2.7924535741052085E-17 0.05192915349305607 0 2.455037093830935E-8 -9.841622606260141E-9 0.0499770365477733
-0.04304287969149937 0.07455245452975151 0.0519319033593881 0 4.130495960847166E-8 6.789594469172811E-9 0.04997703489527595
-2.9796378738924766E-17 0.08577355466188762 0.05192886660175564 0 4.126864850117435E-8 -5.764513146114204E-10 0.049977035203400036
0.0741595043143772 0.04281600977887492 0.05192749553399362 0 3.130948368219969E-8 -9.963591358905639E-9 0.04997703618420352
0.12170874450296679 -0.07937873255132208 0.05270638285367756 0 1.2033846516508852E-8 -1.3550951543246989E-8 0.04997705020276909
0.1532214795718842 -0.1047515501973591 0.0534601593182905 0 1.0427130112521746E-8 -2.1639498997230513E-8 0.049977058232022545
0.2997814449763266 -0.13025461904441932 0.057552736756421516 0 1.0284610941095746E-8 -4.315939681567348E-8 0.04997703114520601
0.34046960443170665 -0.192505611563268 0.060162576700472446 0 -2.626466534694407E-9 -4.8153478724778374E-8 0.04997703466427224
0.34557599933864525 -0.25420475687873284 0.06192004258218349 0 -1.1059142592911427E-8 -4.583745476274904E-8 0.04997704228312072
0.17846806103523252 -0.12182655323316931 0.05415222050793654 0 1.2303570481834777E-8 -2.897307756639564E-8 0.04997705681013249
0.23090062297727748 -0.133798202671902 0.055538699139373295 0 1.419613546167651E-8 -3.591030862492302E-8 0.04997704182262729
0.6050561438570468 -0.6036830020468081 0.09289418017943481 0 -5.722984620859819E-8 -9.06580696075734E-8 0.04997705541281355
0.6847899965302142 -0.6218349498910589 0.09999999999999994 0 -6.022171772584653E-8 -1.0458297257684812E-7 0.049977045635368283
0.5365057739834544 -0.6074638984061791 0.08871198704411519 0 -6.132793617276305E-8 -7.859342288039117E-8 0.049977066764842294
0.5490740032503056 -0.5442731464552362 0.08535659345024513 0 -5.310185316101397E-8 -7.65471601637464E-8 0.049977055278617795
0.3750627258693447 -0.2936858939923493 0.06434654814554322 0 -1.2907707570518878E-8 -5.04866521183616E-8 0.04997704992130551
0.3969354899692888 -0.3460112170117684 0.06719703593166886 0 -1.678204835972748E-8 -5.911300311939122E-8 0.049977051060788695
0.4494990254251991 -0.34835776824770576 0.06980849106780326 0 -1.8727577843094907E-8 -6.708840009144392E-8 0.04997703811361937
0.4743994852003083 -0.40954268251415876 0.073738234339428 0 -3.19111655293841E-8 -7.00586041641268E-8 0.04997703511694255
0.5051728219418842 -0.4543425560441293 0.07763963571270259 0 -4.167018681712457E-8 -7.214797078181143E-8 0.049977038496217756
0.5025098789806551 -0.515963207586209 0.08087711077114171 0 -5.195750006061242E-8 -6.893206047096122E-8 0.049977047758975594
-0.8809225682293763 0.28211960771987943 0.09999999999999996 0 6.441904276652875E-8 1.4290279538838553E-7 0.04997702704042036
-0.828550120997359 0.21135039229983998 0.09293041569195869 0 5.4915231405282366E-8 1.3595628252795494E-7 0.04997703964974259
-0.4876818695036711 0.16005919777938843 0.06641416297022892 0 4.787747191529503E-8 8.380880813756724E-8 0.049977044883803015
-0.7583678808155521 0.178257805309045 0.085877514601274 0 5.7729977793021895E-8 1.2345512412620843E-7 0.049977045451871226
-0.6170663609123308 0.222189336538271 0.07585507468331582 0 6.198677069822489E-8 9.879691853729662E-8 0.04997702227532928
-0.6972424057138273 0.20430689657176634 0.08139617396721441 0 6.272481328781375E-8 1.1188095731128258E-7 0.04997703198233067
-0.5518948161465875 0.17422255470543752 0.07046196471921623 0 4.8480085369271874E-8 9.136274410116004E-8 0.04997702855376402
-0.36894201678212313 0.12798179161528736 0.06013540062401418 0 5.130236345135895E-8 5.951811825664823E-8 0.04997702945516755
-0.4362515368769687 0.13236424219261816 0.06326633817399903 0 5.27783945449669E-8 7.097279695444728E-8 0.04997704645743504
-0.33947513674739144 0.06240362523718613 0.058248486325065116 0 3.795816359312706E-8 5.406037189475693E-8 0.04997702324796305
-0.18433654548332082 0.048222709230570565 0.05356505347436668 0 3.2374391579605295E-8 2.818036144461149E-8 0.049977047235503655
-0.13330372693534312 0.03517105967265548 0.052587287930552964 0 3.5955830044455406E-8 2.1541699592161103E-8 0.049977043856097136
-0.08544796042127181 1.2633032021521531E-17 0.05192572029476935 0 3.1653619705983043E-8 1.6352536651815737E-8 0.049977035263585476
-0.2993967149465731 5.4908359945213266E-18 0.05658028588283902 0 2.4659533302641958E-8 4.913440730201063E-8 0.049977023183800345
-0.22270343343645202 -2.7398019802337882E-17 0.054316401779706945 0 2.258305651146877E-8 3.742858438342745E-8 0.04997703674669073
-0.27837086784154214 -0.12617379267311218 0.05679356136910862 0 4.7296054427700005E-9 4.484138653656479E-8 0.049977029094505875
0.07416648351753428 -0.04282003922369633 0.05192757354063934 0 1.8262839283783812E-8 -6.144926175986356E-9 0.04997703705431573
-0.07423701450489274 -0.04286076030823398 0.051928362278406685 0 2.4884539181066004E-8 1.6518599117842498E-8 0.04997703601049461
5.433302611002987E-16 -9.25534990736191E-16 0.051513083863437 0 2.811731612157501E-8 3.275432903887586E-9 0.04997702769414529
-0.10393602836491157 -0.0928684349452979 0.05261104654913398 0 1.7429256321121078E-8 2.0259337130203553E-8 0.0499770461808049
0.09263290818595533 -0.09340215664313874 0.05249108753880629 0 1.072598587404146E-8 -9.455416068129895E-9 0.04997704563740608
0.13365633223327938 -0.131494330544841 0.053500013617672336 0 6.291110574779933E-9 -2.1091460177885718E-8 0.04997705179782981
0.32685099627426545 -0.2905697969488598 0.06232853198902639 0 -1.8279284989091234E-8 -4.1650162882944E-8 0.049977049324302594
0.25568805190108224 -0.19009790761699052 0.05725179690059135 0 1.0307865887760209E-9 -3.793203423096373E-8 0.04997703176264453
0.2878012678865199 -0.2461068228137798 0.059620677596610265 0 -1.1358221444976191E-8 -3.857257454698689E-8 0.049977035250070356
0.17648242248939017 -0.17786432905826252 0.055061790182478074 0 3.4817262844068516E-9 -3.033077887663531E-8 0.049977040355348876
-0.2483235922732361 -0.18165056966040063 0.05686432272721823 0 -2.4162150111827815E-9 3.849409639332464E-8 0.04997702951722958
0.5547456546446986 -0.6639301342123074 0.09391738389868397 0 -6.863564187574325E-8 -8.727590197389952E-8 0.04997706094099509
0.617759403950767 -0.688475338910477 0.09999999999999995 0 -7.062557798596104E-8 -9.548072608097694E-8 0.04997705241472401
0.5055257679581893 -0.637124600070996 0.08897493457515948 0 -6.985853850480789E-8 -7.768245219905702E-8 0.04997706661046684
0.4877536710430043 -0.5826751104622181 0.08420495651136725 0 -6.43280982572207E-8 -6.739026089461688E-8 0.049977061387287705
0.33633282409977666 -0.3398966968888034 0.06444423660906808 0 -2.504574716403157E-8 -4.812236953751145E-8 0.04997706181722323
0.3632772876174715 -0.38800374757803635 0.06749345504717459 0 -2.744655879577778E-8 -5.961116301180281E-8 0.04997705255136788
0.41704203467651185 -0.4108303752912243 0.07090170067103964 0 -2.992973421145347E-8 -6.469461970177424E-8 0.04997703999153061
0.4381086940659461 -0.4733073985449338 0.07505155127124846 0 -4.391146174085143E-8 -6.389781196574448E-8 0.04997703708388952
0.4531934148271225 -0.5420428192507506 0.07976926362259741 0 -5.8308395128553177E-8 -6.215680410814519E-8 0.04997704688197697
-0.8565041007211142 0.12935729823844902 0.09401883827528355 0 3.9747121518057044E-8 1.3434364639364222E-7 0.049977043480641664
-0.9051192255768068 0.1907463267598074 0.09999999999999999 0 4.9555832612974414E-8 1.4586597123933587E-7 0.049977034210524365
-0.7940808377677345 0.13178185399490336 0.08820577601429047 0 4.637017967381006E-8 1.2439828933927075E-7 0.04997705267125458
-0.33304413722574716 -0.0693067767843958 0.05805530637396814 0 1.7307547044733305E-8 5.535714219443643E-8 0.04997702454247842
-0.4742240483662385 0.11256694280313873 0.06494853319711702 0 4.343083155830943E-8 7.356503197778157E-8 0.049977051299039975
-0.5075730010734563 0.12513873893141758 0.06697106660603604 0 3.952195442642888E-8 8.1462051114672E-8 0.0499770452656484
-0.5430568755805907 0.10886676283437083 0.06886622733636953 0 3.674254131503999E-8 8.555355239874938E-8 0.04997703400747609
-0.7200856347104287 0.12756375701027653 0.08178787314202199 0 5.317011505815995E-8 1.127824111907768E-7 0.04997703910013274
-0.6366216770914513 0.1480565042375733 0.07568897320024313 0 5.1040357882414794E-8 1.0119150550406169E-7 0.04997702467473535
-0.5817364775186938 0.11498204866540508 0.07140762999266016 0 4.0228380077850054E-8 9.216986304812008E-8 0.04997702645646639
-0.42774238996431574 0.06497482014443741 0.06209784320535726 0 4.1008411534126894E-8 6.482827569817815E-8 0.04997703617847363
-0.3847166606924661 5.007387460326135E-18 0.05988137680814879 0 3.000514339167051E-8 6.216977641640675E-8 0.04997702540793037
-0.3349183900900527 -0.1391323925724424 0.05894927757126893 0 7.855477338628294E-9 5.4629228484283774E-8 0.04997702779578284
-0.29014129297673835 -0.2192290809213992 0.05898973037684319 0 -4.888625384546998E-9 4.861853993410373E-8 0.0499770288919081
-0.30831506111577245 -0.17770170158565646 0.05867258259636438 0 6.934151153710735E-10 5.045373482783304E-8 0.049977027514470355
-0.8184909839211807 0.07533925376340875 0.08977629762126751 0 3.534129649450512E-8 1.2484734509678427E-7 0.04997704343680114
-0.15687445011428935 1.9896548115933566E-17 0.05290395974586269 0 2.8243886891601374E-8 2.73229912695086E-8 0.04997704371255564
-0.12783259126111396 -0.033275347967647646 0.05249920381841622 0 2.5805320982145328E-8 2.4828976448301216E-8 0.049977043564050916
-0.12619399745448542 -0.06614911525416546 0.05266041061116255 0 2.1610560741621066E-8 2.4970780859549174E-8 0.04997704767196968
-0.24680219676358395 -0.07209570484823002 0.05524990662857362 0 1.0080488875843569E-8 4.1764553439419236E-8 0.04997703559885409
-0.22815732549244763 -0.13366956667415794 0.05546555293618707 0 1.0262902364108735E-9 3.424167492221123E-8 0.04997703931018036
-0.15093740406319942 -0.09389909648308085 0.053299030733839035 0 1.5890802422832487E-8 2.6684653965633825E-8 0.049977055770781924
-0.17405337917392047 -0.045794392161233266 0.053343830220451034 0 1.948022339952779E-8 3.306814437209806E-8 0.049977048471883154
-0.18973296493485722 -0.18461798069110347 0.055474546986767154 0 -2.984946968871601E-9 2.6276466383304755E-8 0.049977034986505235
-0.1364384943575783 -0.14270773398924902 0.05371629461338726 0 6.8813076615887195E-9 1.9185236872019432E-8 0.0499770481051627
0.04273873390329096 -0.07402565857166638 0.05192600533605053 0 1.5034540446434453E-8 -2.2550335215293786E-10 0.04997703690550807
-0.04299754043112493 -0.07447392462720538 0.051931021483395706 0 1.8490003770609677E-8 1.2928669361688596E-8 0.04997703640879342
1.3904975238826412E-17 -0.08573627431625096 0.051928505242836896 0 1.503766376066721E-8 7.123677673479419E-9 0.049977036988917055
-0.07925046645516252 -0.13726583442387433 0.052932952804228266 0 7.0948671623597044E-9 1.541649061486605E-8 0.049977045658337785
0.078463056828959 -0.135902000944921 0.052904876080197075 0 7.26930790748397E-9 -8.62759948202034E-9 0.04997704668155633
0.11138757858716244 -0.19292894544503636 0.054318208030815426 0 1.3530390860063492E-9 -1.8510614832300515E-8 0.04997704083956908
0.2704412885460667 -0.32134890739138133 0.06148782850104338 0 -2.6077856946748783E-8 -3.621231343813074E-8 0.049977043194248144
0.21970172124605267 -0.2547036178054315 0.05790944965811469 0 -1.1514039610081432E-8 -3.126505949155086E-8 0.04997702955401634
0.06445906182530692 -0.2524774236880237 0.05535114833714504 0 -6.542638672278505E-9 -1.214360790265086E-8 0.04997703845016702
0.14972579901011426 -0.2593326910893636 0.056582144341893334 0 -9.841779969606824E-9 -2.258850909007243E-8 0.04997702866509353
0.031363797849434556 -0.30517057546423765 0.0568332914109285 0 -1.7585134590949206E-8 -5.354627108642638E-9 0.049977032798873514
-0.03281109095750645 -0.303248501545522 0.0567724159885361 0 -1.9503753633868693E-8 4.312464563532936E-9 0.04997703256622585
-0.22974591189928226 -0.25639797529990704 0.058213734017978094 0 -1.0030064847171656E-8 3.812049713754445E-8 0.04997702725010481
-0.15050660974349658 -0.260685094950677 0.05663516711153095 0 -1.3435853270607293E-8 2.347863011386159E-8 0.049977026462010216
-0.0010639892128916778 -0.35571530812846325 0.05866683852382106 0 -2.639566734946853E-8 3.4230062862192895E-9 0.049977031381098
0.4897167015298755 -0.6990669986722716 0.09278011319940965 0 -7.860227737610972E-8 -7.836911053878538E-8 0.04997705626502892
0.5485314847714318 -0.7448023146284537 0.09999999999999996 0 -8.35471757792878E-8 -8.809940106894198E-8 0.049977051168879266
0.4538946410105444 -0.6418290507487608 0.08650541722977732 0 -7.415417976462354E-8 -6.829645785068428E-8 0.049977058178789245
0.43691576165411183 -0.5863880363863174 0.08178506492225697 0 -6.681108304918203E-8 -6.113341206921734E-8 0.04997705103253521
0.30008338071089913 -0.40108479031261085 0.06570468861303413 0 -3.499035364738741E-8 -4.862962215491622E-8 0.04997704679843733
0.35656776116113886 -0.46142030598113837 0.07075125137743835 0 -4.134453254232641E-8 -5.638857659337578E-8 0.049977036808208135
0.38634553368626 -0.5411366135074784 0.07653244947706513 0 -5.687167961306173E-8 -5.508139616941973E-8 0.04997703732970938
-0.8641324069088798 0.062174994255793294 0.09403348687291993 0 3.080792271165724E-8 1.3327460358670197E-7 0.04997703759931456
-0.9192848102122441 0.10262901652303172 0.09999999999999998 0 3.551769927582427E-8 1.4262663908352882E-7 0.04997703367718782
-0.7599167871431189 0.06070075634999409 0.08441733903220823 0 3.903376906374625E-8 1.1590064384337009E-7 0.04997703933800068
-0.3798507417992421 -0.12110542276221137 0.06050058794352799 0 1.3945750173485663E-8 6.219586567242818E-8 0.049977033904154915
-0.40842759083875524 -0.05875232359605665 0.06114052778332879 0 2.2155114969277208E-8 6.889907866598817E-8 0.04997703321205439
-0.5039157942187592 0.07056797810116018 0.06615707446286306 0 3.337249719633703E-8 7.588264737826868E-8 0.04997703836803293
-0.5548238392163808 0.07638757137486703 0.0692570455361671 0 3.317526726510559E-8 8.622016689083427E-8 0.04997702908929876
-0.6893460495224285 0.06354738512595373 0.07863780818203954 0 4.0666865269326424E-8 1.068213876109398E-7 0.04997702836542853
-0.6215823870108426 0.05940809814964494 0.0735747228508592 0 3.5441913527808956E-8 9.73923448816098E-8 0.04997702214530241
-0.4662367643365183 -0.05429215722432917 0.06397307879016166 0 1.8885530652019556E-8 7.954487988324669E-8 0.04997703885583045
-0.46385916918682774 -3.671115297680029E-17 0.06368112390889598 0 2.6999374086669254E-8 7.432271729147361E-8 0.049977032413939096
-0.3620108841151937 -0.17400839360604695 0.060635096430618034 0 3.909431659470236E-9 5.84927087635809E-8 0.04997703180565858
-0.299671918215507 -0.26919022055739933 0.06068803798570996 0 -1.043429401745659E-8 5.267033508597531E-8 0.04997703657445609
-0.33027652289156045 -0.22443841547131757 0.060528990644305516 0 -5.219597256266502E-9 5.598443740017117E-8 0.04997703213047173
-0.8245744171037561 3.2427437940114445E-20 0.09002147282184526 0 2.436653155324171E-8 1.297355082177193E-7 0.04997703735758413
-0.19761019796705673 -0.10158906953187434 0.054303584925033156 0 6.424696405603666E-9 3.2193879514651384E-8 0.04997705315903946
-0.18403998396844498 -0.12735803584373423 0.05434432437859784 0 4.8989139872893835E-9 2.590904568902249E-8 0.04997705207776913
0.002774404310843052 -0.26370741404826953 0.055444406431408536 0 -1.1929379763374652E-8 -4.894584092064072E-9 0.04997704251314955
-0.11217260429255088 -0.1942886498520168 0.05435789315243198 0 -4.38722347026659E-9 1.5689246235644372E-8 0.04997703895193819
-0.059917909088264505 -0.2537684697083779 0.05535616729591674 0 -1.48809869851171E-8 6.739432120523634E-9 0.04997703800250777
0.025874926118163173 -0.1326695098536581 0.05254567933671944 0 8.429244641462768E-9 3.088032835301596E-9 0.04997704686396539
-0.02524383979971824 -0.13300675455069116 0.05254892004091195 0 7.12139263784548E-9 1.0972888977614077E-8 0.04997704649689992
0.05493858025113073 -0.18721166728009325 0.05366460039291042 0 3.881399908656007E-9 -6.799405351853996E-9 0.04997705015170054
-0.053441146730527585 -0.1870910243981426 0.053652873989227134 0 -5.065317182097674E-9 9.892346678473346E-9 0.049977049671927856
-0.015811501710617765 -0.22080470166743846 0.05428292799461194 0 -8.347299643414793E-9 -2.1898327460893334E-11 0.0499770552417529
0.001589553534327251 -0.18045943852644147 0.053353802929854637 0 7.650586809307797E-10 4.801230544254519E-9 0.04997705841305454
0.01713256069613923 -0.2191946756676691 0.054245341320781695 0 -2.518254124679499E-9 -4.76167672331083E-9 0.04997705567852192
0.23193963455587202 -0.4017312313397281 0.06368217918749612 0 -3.289548037252886E-8 -3.289975887764128E-8 0.04997704073212238
0.1923608915779979 -0.3331788376023402 0.059881599761303035 0 -2.382100203933658E-8 -2.453732366811971E-8 0.04997703232600983
0.10559774308437371 -0.32641465451667345 0.058167036115944384 0 -2.09252352551017E-8 -1.2209584050031878E-8 0.04997703010172779
0.02839276411724587 -0.3973392921812579 0.060485401730235276 0 -3.391869685499029E-8 8.07285037789773E-10 0.049977036100852426
0.04349199689707277 -0.3606955682361924 0.05897556113419837 0 -2.7540429740501886E-8 -2.4039690552697597E-9 0.04997703250777608
-0.2724211583800272 -0.34021230275634196 0.06225471036920945 0 -1.8999443565541965E-8 4.547764746982836E-8 0.04997704169423934
-0.04975626500892476 -0.3592625346716331 0.05895024498757896 0 -2.650043788230799E-8 1.2013454279958147E-8 0.04997703190189726
-0.11115524588477288 -0.32319159740630654 0.058116751891295344 0 -2.2334815938132514E-8 2.086226932316264E-8 0.049977028096024174
-0.1929576265867868 -0.33421241295621784 0.05993362613445384 0 -2.2128202594274563E-8 3.452438446739768E-8 0.04997702995339757
-0.00580331192480529 -0.44141011755505605 0.06253303354413747 0 -3.905564290007363E-8 4.51507772594097E-9 0.04997703975936954
-0.03317807935019408 -0.4000499580003111 0.06062434517611842 0 -3.167811829815989E-8 1.0433886007022938E-8 0.049977036334196576
-0.4124914840826571 -0.7144562081206507 0.09005972521404425 0 -8.330120982160997E-8 6.358720313627226E-8 0.04997704629242303
-0.4625000000000001 -0.8010734985006056 0.09999999999999992 0 -9.849643760264306E-8 6.809780561423006E-8 0.04997703957137827
-0.38371343710296635 -0.7748603000238191 0.09386619334345217 0 -9.61774743909274E-8 5.799761008621863E-8 0.04997704770483521
0.41226227881814503 -0.7140592129571534 0.09001680581831234 0 -7.959890453261477E-8 -6.249748563339019E-8 0.04997705228136147
0.4625000000000003 -0.8010734985006056 0.09999999999999992 0 -9.113288401041947E-8 -7.33132190543268E-8 0.04997704635624379
0.36763254236248355 -0.6367582418875386 0.08211785344170675 0 -7.056673808337237E-8 -5.0744573959214164E-8 0.04997704589333835
0.2724100436150707 -0.4718280360333562 0.06830375115676082 0 -4.162413435856516E-8 -4.2710354111720665E-8 0.04997703637011118
0.31808183532075857 -0.5509338997403103 0.07441383187593022 0 -5.6023008498836384E-8 -4.5745332135579274E-8 0.049977033190440424
0.2111878992556696 -0.5199281931560845 0.06932845783235407 0 -4.6367076946729346E-8 -3.354986164035121E-8 0.04997703979362612
0.021803385387518696 -0.48225449508691837 0.06469299319690376 0 -4.7632219031841186E-8 -2.6893546532383875E-9 0.04997704169290965
-0.8627884197170683 -0.05512509329877387 0.09385473111979895 0 1.3132972084677728E-8 1.3798567170055395E-7 0.04997703807296932
-0.9249999999999996 -3.487031299242896E-17 0.0999999999999999 0 2.054973271016607E-8 1.452615323661692E-7 0.04997702947143418
-0.7353276040989696 -1.3378311327871067E-18 0.08212306732579755 0 3.024138913593101E-8 1.1602791382409698E-7 0.0499770325624489
-0.4256923062754768 -0.12215318657273537 0.06260425960749795 0 1.4579905937864153E-8 6.920892344133902E-8 0.049977046052562375
-0.4043520178042478 -0.16901983470521803 0.062374130552393804 0 5.749148789465353E-9 6.290022868812456E-8 0.04997703881068325
-0.46760448929491655 -0.09647351175034935 0.06440527405535054 0 1.264103750630079E-8 7.955202692260484E-8 0.049977050255004984
-0.5447672634209793 2.858524015158418E-17 0.06830049229574699 0 2.292248768905104E-8 8.680439205929818E-8 0.049977026378263574
-0.6361392415232948 1.0428654588114258E-18 0.074412070818866 0 2.739004206714151E-8 1.007875824482593E-7 0.049977021581018195
-0.5124187514513647 -0.051847896831783355 0.06651654728017117 0 1.4713922578885702E-8 8.559783910770857E-8 0.049977034702906056
-0.36799093114432163 -0.6373789894665451 0.08217765681431857 0 -6.852266569620368E-8 6.176233639887619E-8 0.04997704076419921
-0.31827009850817745 -0.5512599811461146 0.07444098367382036 0 -5.6752014290226676E-8 5.154619769830113E-8 0.04997702855718543
-0.31386332305040454 -0.40193360988060217 0.06622216379223078 0 -3.2318998291826374E-8 4.4272462792420157E-8 0.04997704396415875
-0.344912559069745 -0.4432246070018303 0.06935603931497553 0 -4.1352339545028946E-8 4.9360832860545525E-8 0.049977035017642654
-0.3337091490042147 -0.3553876317528073 0.06495432896100803 0 -2.516611652229261E-8 5.14180386651778E-8 0.04997705628529102
-0.383737195098482 -0.21760730691022415 0.06251779019199952 0 -4.895590802821123E-9 6.194577269863046E-8 0.04997703502303284
-0.33230969380311975 -0.3125744339373021 0.06328313435425742 0 -1.827030950653811E-8 5.8381281507199E-8 0.04997705166424703
-0.3540195296480104 -0.26181915330723304 0.06247659304365877 0 -1.249536841680142E-8 6.122837157844701E-8 0.049977039312981836
-0.7962287177911112 -0.06074957956360479 0.08762354715881245 0 1.7010732839639756E-8 1.2959541078476104E-7 0.04997704274400592
-0.7351410524947966 -0.06092685497728594 0.08231802271497875 0 2.1816973347145287E-8 1.1939585415210683E-7 0.04997703703816511
-0.4839056580716607 -0.700569999447879 0.09257832058039935 0 -7.976029617039159E-8 7.072274036756959E-8 0.04997704886328152
-0.548567403595686 -0.7447758606713796 0.09999999999999995 0 -8.876976462515861E-8 7.971119460522947E-8 0.04997704338105361
-0.43547631470191006 -0.6351536187841573 0.08509247440255902 0 -6.519240119412258E-8 6.916105651307067E-8 0.04997704840789996
-0.4991515386320159 -0.6334110077816721 0.08834372866104905 0 -6.778704321708316E-8 7.661779329589574E-8 0.04997705948037494
0.19075484218748148 -0.47253116432229375 0.06620021711897693 0 -3.74848695641287E-8 -2.8194655468846062E-8 0.04997704808503874
0.04901016908663563 -0.43723836174505165 0.062459634223422635 0 -4.2303692891593796E-8 -2.765039486527289E-9 0.04997704356307991
0.06673635655852123 -0.4767204709635778 0.06461779605353515 0 -4.998262393337956E-8 -9.23104892687667E-9 0.04997704967887292
0.08201071126761385 -0.3939388987243752 0.06066806698898625 0 -3.399947641895292E-8 -5.1797421968455124E-9 0.04997704014169548
0.15779399244920161 -0.40600143052169285 0.06224217224863409 0 -3.195491165313609E-8 -1.6134040193747742E-8 0.04997704531215343
-0.23228029263418432 -0.4023212684393739 0.06371797650698163 0 -3.407311735426357E-8 3.796897084200068E-8 0.049977037791430125
-0.272587327693687 -0.4721351010648927 0.06832563375196132 0 -4.6826838453504664E-8 4.069781058288323E-8 0.04997703237763938
-0.08918266806588586 -0.39015326021997454 0.06056960464965617 0 -3.019687650212629E-8 2.1183767555144035E-8 0.049977038767675876
-0.15459594130071433 -0.39192658728762203 0.061550218588660825 0 -3.344235834086778E-8 3.1469304108558515E-8 0.04997703994740741
-0.18675532053812563 -0.43493251784630643 0.06418357757579085 0 -4.343380828615869E-8 3.324597459532808E-8 0.04997704453544535
-0.21375905453868752 -0.4723463627877797 0.06671710658979704 0 -5.01298268745487E-8 3.3144512696838395E-8 0.04997703997086948
-0.030837599095424044 -0.4757419881377715 0.06436680609968097 0 -4.2033058246488614E-8 5.886153862878859E-9 0.0499770423636054
-0.05772042989369192 -0.4373202270026056 0.06251628812885628 0 -3.489076707998762E-8 1.4030622366833992E-8 0.04997704438146837
-0.34485879204612635 -0.7195732958375974 0.08756922173357189 0 -8.66898875571644E-8 5.70881903032557E-8 0.04997705181360917
-0.3147326423667731 -0.6679534491621227 0.08237892997106575 0 -7.56204987863439E-8 5.61390882846965E-8 0.04997704542704707
-0.23145619169988374 -0.5426436945370012 0.07120349698950756 0 -5.8657024186418725E-8 3.562896251121291E-8 0.04997703235338195
-0.28415939775573246 -0.6153602706014173 0.07751426427315904 0 -6.662233329627576E-8 4.9895498154399354E-8 0.049977034965948436
-0.32938286511096027 -0.7771045511687235 0.09186418681824757 0 -9.66551076031544E-8 4.971343117672062E-8 0.04997705632969749
-0.29287844997281653 -0.7560683801841978 0.08874412837590734 0 -9.068499342377238E-8 4.689169500669894E-8 0.04997706298260034
-0.3707535969478622 -0.8474426517245004 0.09999999999999994 0 -1.0751205036763337E-7 5.430370243741487E-8 0.0499770457786256
0.3299132550602819 -0.6955796266909601 0.08507057911176502 0 -7.552426175134778E-8 -4.367689090124483E-8 0.04997705496699667
0.29721686832567656 -0.7486484838731736 0.08825580478820183 0 -8.344622980374467E-8 -4.244537086904606E-8 0.04997706658392639
0.36329863298780996 -0.7692008953950569 0.09250410835033807 0 -8.406232412548552E-8 -5.5646508584735865E-8 0.04997705600631599
0.37078540548822353 -0.84742873429503 0.09999999999999996 0 -9.632584442477674E-8 -5.914529604079477E-8 0.04997705121412954
0.28831363121595577 -0.628175946475062 0.07855241106831119 0 -6.786939687642064E-8 -3.678224403197164E-8 0.049977041277854774
0.2593907519340379 -0.5686281064407216 0.07361593901057979 0 -5.7157780772673186E-8 -3.7018722446214825E-8 0.04997703395915465
0.1909808398518187 -0.5616900805542804 0.07142639087555927 0 -5.503679293512068E-8 -3.029690628040301E-8 0.04997703801854362
0.17735047116299676 -0.5251479744589087 0.06889288845838194 0 -4.749483398101072E-8 -3.018097283814363E-8 0.0499770448022554
-0.006975621790116347 -0.518397225687904 0.06671599267023105 0 -5.0740405929007337E-8 -3.8045937663467966E-10 0.04997703824603328
-0.05196883438319561 -0.5240326103663052 0.06719869985797552 0 -4.914557404628669E-8 5.379370341500843E-9 0.049977040816214686
0.051893656645759574 -0.5409828050063739 0.06822031633188269 0 -5.714039760402167E-8 -1.0685464000995601E-8 0.049977038835393894
-0.8393412000270999 -0.10211595922316324 0.09200820531311653 0 5.68580070125259E-9 1.3468770967704378E-7 0.0499770463827862
-0.8023821229894582 -0.12465004703532731 0.08885408731398863 0 5.7420012217687275E-9 1.2798404329775398E-7 0.049977053735210865
-0.919283847116488 -0.10263764414409532 0.09999999999999995 0 4.022541036911159E-9 1.4613278610474827E-7 0.04997703543759643
-0.4286041911968902 -0.211604106404576 0.06443452009247352 0 -4.966321740828909E-9 6.543112193108707E-8 0.049977037285333044
-0.6752473549062171 -0.06099766201966174 0.07752927755735106 0 2.099573291186428E-8 1.0863291500619046E-7 0.04997702738375039
-0.4690213191754545 -0.16282051739106812 0.06545407679976868 0 1.5111747737090731E-9 6.905041474651692E-8 0.04997704919922971
-0.5199939829281818 -0.12464895604080488 0.06768673130026925 0 4.5157475967509724E-10 8.268697471682236E-8 0.049977043846929456
-0.5844196053235723 -0.07491703801282976 0.07115392026499068 0 1.1805549906614962E-8 9.435869653092643E-8 0.04997702607751019
-0.40158939943089916 -0.5697012631254147 0.07901179842938963 0 -5.56256300094281E-8 6.665225290385186E-8 0.049977036711197194
-0.3629672679735455 -0.5093150093458657 0.0736457128337714 0 -4.9728735587768146E-8 5.698158250688889E-8 0.04997702894534995
-0.36195665189066545 -0.3775113144203722 0.06698450376718919 0 -3.383537933760791E-8 5.235029105433147E-8 0.04997705082970947
-0.36626813150114046 -0.41664081435894 0.06892167223823108 0 -3.882719444259839E-8 5.209575677921186E-8 0.04997703985728979
-0.3903068178565833 -0.4466269881485596 0.07141764844659583 0 -4.275540806259739E-8 5.830482250133964E-8 0.04997703278863602
-0.38262787487786487 -0.34149739132768064 0.06638993492953274 0 -3.1473432470802987E-8 6.09119163904371E-8 0.04997705031665126
-0.4062559769371703 -0.26147495596378895 0.06471383725610919 0 -1.5364481940544315E-8 6.589297116271934E-8 0.04997703686478731
-0.379843340675863 -0.2969419115223147 0.06465963905911938 0 -2.2061444597366936E-8 6.460636318418358E-8 0.049977045066700185
-0.735100345459195 -0.11930462056175606 0.08291132970822639 0 1.5010815827342497E-8 1.178394300236648E-7 0.04997704472207543
-0.5519968333853201 -0.6639303440969675 0.09374464706266032 0 -7.863574498077049E-8 8.195722127241892E-8 0.04997705337423686
-0.6178002971320175 -0.6884386430529175 0.09999999999999999 0 -8.443414698505829E-8 9.352185644817967E-8 0.04997704374754707
-0.4800125571007386 -0.5637645778356987 0.08255043176744221 0 -5.499453942760247E-8 8.166319371583234E-8 0.04997704941910596
-0.5399346500949583 -0.6040123388311484 0.08868415026698905 0 -6.867081672307964E-8 8.647346291606972E-8 0.04997705874688087
0.1043605879990727 -0.5010308479370807 0.0663275801738497 0 -5.135963657061949E-8 -1.9349864376700394E-8 0.049977055384202274
0.14556246178613041 -0.5017461145955597 0.0669511130546236 0 -4.5286112416847904E-8 -2.5597451688518625E-8 0.04997705571203601
0.1399468089855873 -0.4672126633962517 0.06496624972127404 0 -4.042251181251301E-8 -1.8627984294390107E-8 0.04997706078979001
0.10408488366078729 -0.44405468685268906 0.06327666735135784 0 -4.28263768944139E-8 -9.108565865756529E-9 0.04997705586169355
-0.1061373350373039 -0.43371612134398735 0.06278756375601147 0 -3.607123276814926E-8 2.408939712168998E-8 0.04997705207284896
-0.15386562481962193 -0.515523498759926 0.0678853449092873 0 -5.4954596983244754E-8 1.9427018643461458E-8 0.0499770488444468
-0.1533021139497205 -0.45854960024362473 0.06473399748772987 0 -4.698574372473756E-8 2.7493928374824286E-8 0.04997705565588659
-0.09527352708204248 -0.48999184724793526 0.06560563290386158 0 -4.286716693592283E-8 1.308724619794213E-8 0.04997705483383886
-0.09590125636856876 -0.5619999312235504 0.06990127823248256 0 -5.664340656082099E-8 1.0907363293226641E-8 0.049977038175691685
-0.15663037176370528 -0.5733099421965812 0.07149707499548641 0 -6.117964164510227E-8 2.187693186244042E-8 0.0499770365197793
-0.2643961373711981 -0.69702971973395 0.0829765309474388 0 -7.771527132204012E-8 4.961322719350308E-8 0.04997705341323172
-0.19926692702634366 -0.6350324834465847 0.07658242747619838 0 -6.841473618990151E-8 3.523411913605388E-8 0.04997703600709603
-0.2937621218403118 -0.8161557505482272 0.0941366022415018 0 -9.945006636409222E-8 4.096414417727232E-8 0.049977056043045434
-0.2445064351501806 -0.7666415232960113 0.08818261063739219 0 -8.62727327832397E-8 3.816672591660003E-8 0.049977061474259836
-0.28738877712844163 -0.8792227618026947 0.09999999999999998 0 -1.0740969962625345E-7 3.9387666901716396E-8 0.04997704795014057
0.24692814396934878 -0.6974874410583481 0.08250617855893734 0 -8.125056557562022E-8 -2.9008900790859585E-8 0.049977055811993215
0.2521627428797361 -0.7694593063835823 0.08864404636431372 0 -9.212740664498492E-8 -3.828234583199368E-8 0.04997706588148512
0.297447604941039 -0.8106467532563326 0.09375141746476387 0 -9.347851079644072E-8 -4.915672357929067E-8 0.049977061052871634
0.28742318143973467 -0.8792115158194408 0.09999999999999996 0 -1.0603705409481497E-7 -4.856285055968106E-8 0.04997705219969007
0.18957159845420457 -0.6243064952889011 0.07560329744867302 0 -6.795180707221165E-8 -2.5397763986109524E-8 0.04997703745790894
0.12475562378528372 -0.5650913910725972 0.07045918166236258 0 -5.8460041671758165E-8 -2.2489461382263837E-8 0.04997704018191609
0.16970055881419605 -0.6915759378642314 0.08021607449160519 0 -8.057419818013432E-8 -2.0229123596482668E-8 0.049977044094452104
-0.02127679909875186 -0.5862434400348021 0.07098260267248739 0 -6.113669682238219E-8 2.6878206242405966E-9 0.04997703194468235
0.047679088889249585 -0.6125339534466792 0.07287094188782159 0 -6.642617000797459E-8 -6.332969897886557E-9 0.04997703230349183
-0.8531067718150073 -0.15803750226362162 0.09415708085227006 0 -3.991419082668978E-9 1.3203284375663983E-7 0.04997704616508024
-0.7842181949983064 -0.17459658052838975 0.08806681761589173 0 5.28158582337695E-10 1.192411066369058E-7 0.04997705179449905
-0.9051158299750597 -0.19076243784282004 0.09999999999999996 0 -8.905957445488578E-9 1.3858270760565417E-7 0.04997703751416314
-0.47800098007166625 -0.2183882854981824 0.06713458210584479 0 -9.113670085696325E-9 7.090847204375375E-8 0.049977035046099696
-0.4503344724862791 -0.2539143429242661 0.06663047103760426 0 -1.4745150151764586E-8 6.961270068782041E-8 0.0499770328666609
-0.647719142022224 -0.1435812801370505 0.07642272847163623 0 7.207635274600756E-9 1.0252340801762152E-7 0.04997702822779356
-0.5329845388239062 -0.1985594752136453 0.0698139205090511 0 -7.839858089994927E-9 8.018610254892983E-8 0.04997703189880982
-0.5744027965338088 -0.14938461510286838 0.07144252826293569 0 -4.726460546202232E-10 8.98276895672596E-8 0.049977029895716035
-0.44626651447182913 -0.4769553831048422 0.07565680574632234 0 -4.508093765975158E-8 7.21759146260917E-8 0.04997703146619643
-0.5140310251048448 -0.4921578818310024 0.08018045280724437 0 -4.683052791225306E-8 8.555645133396133E-8 0.04997703714231166
-0.4256087219342948 -0.3924588186076942 0.07047472570296819 0 -3.796611494868481E-8 6.49532241465995E-8 0.04997703472996251
-0.44295395304453694 -0.3153758255937713 0.06823813858748431 0 -2.6967843434956226E-8 7.020456369880382E-8 0.04997703314286541
-0.722493271850469 -0.18466121884148878 0.08299584497449673 0 3.824380157951719E-9 1.1167086463031745E-7 0.04997704125853508
-0.6008930547011089 -0.6092572756078648 0.09299302035398636 0 -7.282380919017574E-8 9.368080224078963E-8 0.049977047850357385
-0.684830613311738 -0.6217902179859557 0.09999999999999995 0 -7.445571109857142E-8 1.0486063462684735E-7 0.049977036139865934
-0.5678213237459835 -0.5376676061363831 0.08613904983735729 0 -5.716897503399501E-8 9.299885110508896E-8 0.049977045660099
-0.10379006268918359 -0.6311723493295895 0.07466578004946203 0 -6.801931782353E-8 1.7825221091706252E-8 0.04997703295118176
-0.2012336657215405 -0.7196538123444206 0.08312630758513646 0 -7.790407600793595E-8 3.66367115088743E-8 0.049977049847874024
-0.14538614431124028 -0.6947291331504665 0.08002955113164488 0 -7.66110814596751E-8 2.759071840380401E-8 0.0499770401703767
-0.2244810935107963 -0.8295744817427091 0.09335179876408069 0 -9.719357857018794E-8 3.065472189103628E-8 0.04997705179954849
-0.1948530319449167 -0.7756068237085788 0.08772926134592988 0 -8.706744499191067E-8 3.0676676545132094E-8 0.049977052685404276
-0.1961900777341867 -0.9039499420937565 0.09999999999999996 0 -1.1013906616035187E-7 2.5823571909636433E-8 0.04997704247165438
0.18083964416846282 -0.7595104378227607 0.08602850609777067 0 -9.184381977582403E-8 -2.5060136135151195E-8 0.04997705309364684
0.22639239794839497 -0.823169454837357 0.09279966487488275 0 -1.0023970459611013E-7 -3.820711032597501E-8 0.04997705619294905
0.1962292603758944 -0.9039414372048344 0.1 0 -1.1095542740869167E-7 -3.421331324872161E-8 0.04997704535163952
0.115198487208555 -0.6531897985847656 0.07640980333620502 0 -7.26846118779325E-8 -1.4050294261529419E-8 0.04997703597793544
0.13075868837865867 -0.7179080095003469 0.08165710231721485 0 -8.284280439753211E-8 -1.4642512818425514E-8 0.049977044378710526
0.11581756539084577 -0.7588114009433137 0.08487399945221091 0 -8.722158866952557E-8 -1.3614230967811735E-8 0.04997704891769888
0.049373389215154787 -0.6762514634930521 0.07753347573866784 0 -7.511652214903043E-8 -1.4642509410122313E-9 0.04997703757824364
-0.018713178495829663 -0.6598847879456909 0.07617577755495697 0 -7.312909312530807E-8 8.141101089554397E-9 0.04997703472410504
-0.6738902730202501 -0.2204985208373878 0.07997070091519397 0 -3.372987908510098E-9 1.0594343590679177E-7 0.049977032030908454
-0.8340398056073672 -0.21902107573341584 0.09363611174877712 0 -1.1304721780700417E-8 1.2596710857722736E-7 0.04997704194873682
-0.7682837005378527 -0.21778108265977308 0.08762455506029669 0 -5.765333801458475E-9 1.1645833995946158E-7 0.04997704381713875
-0.8809151182252344 -0.2821428693025129 0.09999999999999996 0 -2.2007681219136557E-8 1.3416163605632018E-7 0.04997703198121639
-0.5165019276401033 -0.27345997871285094 0.07083650833060155 0 -1.713032699653103E-8 7.984901682084116E-8 0.04997702570101476
-0.598583551544961 -0.22602979228178174 0.07467942546060534 0 -7.675795496137002E-9 9.372176906014261E-8 0.0499770257583398
-0.5551101229584549 -0.47007014883430126 0.08146563252731462 0 -4.287350793236115E-8 9.014493811224313E-8 0.04997703683282114
-0.5105636494997625 -0.4275668331221898 0.07661161867134536 0 -3.76551603240355E-8 8.243687081069542E-8 0.04997702955129776
-0.504302912589223 -0.3476237550984314 0.07274022680505549 0 -2.7906700343735496E-8 7.992379332818777E-8 0.04997702590415877
-0.7177089386751472 -0.2549295522420565 0.0843570467432338 0 -1.0214915237418336E-8 1.1276421509963352E-7 0.049977037586709315
-0.6531660790226061 -0.2763311132584134 0.0799841441751332 0 -1.2294796110692748E-8 1.0544334664086391E-7 0.04997703255427511
-0.8437556437212325 -0.37907955935377746 0.0999999999999999 0 -3.8437831271227823E-8 1.3191605490821478E-7 0.049977034195651256
-0.8010515387579304 -0.4625279007956028 0.09999999999999996 0 -5.030856693901146E-8 1.2202540954201488E-7 0.049977039766102745
-0.7501479603301011 -0.5412050791178039 0.09999999999999992 0 -5.996854910446139E-8 1.117573357322229E-7 0.049977036221954034
-0.5998767009898777 -0.4788913706345559 0.08487289614566725 0 -4.439033521576067E-8 9.470723687789556E-8 0.049977041077079065
-0.6562422498346266 -0.5241856689594518 0.09146905933596002 0 -5.54604010764158E-8 9.999899948512088E-8 0.04997704170829909
-0.08839747535315964 -0.7039498716595032 0.08000538942626953 0 -8.045164795299183E-8 1.9834885983596302E-8 0.04997704044207351
-0.13806578705455586 -0.7497079460326577 0.08441541385599154 0 -8.595730079052147E-8 2.5139506719275117E-8 0.04997704628249967
-0.14308797449955213 -0.8318118172195702 0.0918642159103333 0 -1.0034724061090291E-7 2.0519091784275528E-8 0.0499770478308649
-0.09361073890939048 -0.9202510142029422 0.09999999999999995 0 -1.1641591499380355E-7 1.0477459331536867E-8 0.049977044556638144
0.09365704332523053 -0.9202463037324216 0.1 0 -1.0972928347082609E-7 -1.8204437471970126E-8 0.04997704588566602
2.0711142119751377E-5 -0.9249949331376578 0.09999999999999996 0 -1.1377724881856649E-7 -4.670398398186801E-9 0.04997704993055553
0.12762107521700664 -0.8265826692803618 0.09113421310198927 0 -9.687140443744273E-8 -2.0311725107110395E-8 0.04997705048092205
0.08068135396090603 -0.7141673032968792 0.08075294753127603 0 -8.015382825195677E-8 -5.6646359736556156E-9 0.049977043589918925
0.06358506183867194 -0.7827017733005066 0.08643167294964102 0 -8.760379222737654E-8 -5.5281883825496295E-9 0.0499770560928097
0.02032803985547743 -0.7231235035279147 0.08113718206932351 0 -8.173588378687631E-8 5.773649883326055E-9 0.04997704813154576
-0.03309170223836219 -0.7328034628470876 0.08197501691133365 0 -8.611300188629306E-8 1.3804114869651214E-8 0.049977049492787404
-0.7926496756412598 -0.2913333375023676 0.0919087000057277 0 -2.1513579817545644E-8 1.2307018552041682E-7 0.04997703825703793
-0.5810426636905172 -0.3157640075984303 0.07626188231201679 0 -1.8767413759272828E-8 9.342801443432503E-8 0.04997702769459654
-0.5773213056470615 -0.42632356756478973 0.08066830857907491 0 -3.407137298904589E-8 9.243716790045387E-8 0.04997703597723424
-0.5604495700519321 -0.38109429561078195 0.0775098294695611 0 -2.799942494150786E-8 9.012032983151336E-8 0.04997703033417576
-0.6449966839705538 -0.44452809810358646 0.08625924084344862 0 -3.7328451383411737E-8 9.890906273475167E-8 0.04997704774146949
-0.6508158876168189 -0.3390076459058359 0.08199721983987755 0 -2.0457999818088806E-8 1.0721057923692552E-7 0.0499770416470482
-0.7091826270730177 -0.3233083988571452 0.08590988858162861 0 -2.2750472420277572E-8 1.1584484256201404E-7 0.04997704391665973
-0.7619010673352372 -0.3837317836320327 0.09273617861998763 0 -3.84842726616099E-8 1.2007016118358784E-7 0.049977046604937
-0.7143597851634016 -0.46065181317541964 0.09243904770387959 0 -4.672750533951977E-8 1.06572210843581E-7 0.04997704880105305
-0.07537530152887754 -0.7754914719888757 0.0858872030654022 0 -9.468331364135813E-8 1.5923497401538443E-8 0.049977052494030345
-0.048377865911234746 -0.8513117859798408 0.09269807273978156 0 -1.0610603369990034E-7 4.451554452967254E-9 0.04997705614804024
0.043935839967012356 -0.8511210240129371 0.09265635168129686 0 -9.891266210756242E-8 -9.839899667368206E-9 0.04997705740751909
-0.004822548609299441 -0.7855262944057825 0.08645491759740057 0 -9.296555829722407E-8 5.877821155677162E-9 0.04997706403857092
-0.615323196863825 -0.38077552285640776 0.08115372829448383 0 -2.505411782179566E-8 9.946919447511917E-8 0.04997704030710566
-0.6821995337018092 -0.3893517946424338 0.0864501634511279 0 -3.0557902730613665E-8 1.0919924138833054E-7 0.04997705553092385
