% Model:
% Version:
% Dimension:          3
% Nodes:              691
% Expressions:        4
% Description:        Surface
% X                       Y                        Z                        Color                    DeformX                  DeformY                  DeformZ
0.7501545366059812 -0.5411959634402135 0.09999999999999992 0 -2.986997182069071E-8 -5.1667720744487975E-8 -2.7610893251439926E-5
0.8010709981238165 -0.4624941975024229 0.09999999999999998 0 -2.254214756978254E-8 -5.236224109446278E-8 -2.7607548076298835E-5
0.09365704332523052 -0.9202463037324213 0.1 0 -5.4495546442228346E-8 -1.1154835191964235E-8 -2.760562128201835E-5
0.1962292603758942 -0.9039414372048337 0.09999999999999995 0 -5.734728912685518E-8 -1.7935792459646494E-8 -2.7607051768560164E-5
0.2874231814397345 -0.8792115158194402 0.09999999999999994 0 -5.477042034765567E-8 -2.4078935695836533E-8 -2.7600954448827824E-5
0.6177594039507672 -0.6884753389104772 0.09999999999999995 0 -3.697248859162918E-8 -4.133525567556763E-8 -2.7603549755895765E-5
0.6847899965302143 -0.621834949891059 0.09999999999999994 0 -3.2660530595083195E-8 -4.44245650527266E-8 -2.7610933710339353E-5
0.6644823007055147 -0.538951594396605 0.09297818153954257 0 -3.0482686394154025E-8 -4.391255517899714E-8 -2.760806671370168E-5
2.0711142119768948E-5 -0.9249949331376585 0.09999999999999999 0 -5.795548906802048E-8 -6.0407824338038154E-9 -2.7600653945107307E-5
0.04393583996701241 -0.8511210240129379 0.09265635168129693 0 -4.990163601239458E-8 -7.361691390205536E-9 -2.7594932311173565E-5
0.7176713367395712 -0.4652126067437795 0.09294805270739674 0 -2.5723817449998704E-8 -4.9545561005301667E-8 -2.7601056896232075E-5
0.8437752388147 -0.3790359438971111 0.09999999999999999 0 -1.6288216493206714E-8 -5.173276235481971E-8 -2.7613778392767642E-5
0.7635253857731481 -0.3782532475337201 0.0926398396720293 0 -1.689764060312314E-8 -4.5766559034330064E-8 -2.7603315122894982E-5
0.5547456546446984 -0.6639301342123076 0.09391738389868395 0 -3.7158094247448577E-8 -3.8878174629463093E-8 -2.7595608176451094E-5
0.5485314847714319 -0.7448023146284535 0.09999999999999996 0 -4.471984618263897E-8 -4.015883508745984E-8 -2.7604204415623628E-5
0.12762107521700677 -0.8265826692803626 0.09113421310198931 0 -5.022191566849483E-8 -1.0330210213779353E-8 -2.760290776239155E-5
0.22639239794839497 -0.823169454837357 0.09279966487488275 0 -5.401448665228353E-8 -1.9318895524702284E-8 -2.759771600572779E-5
0.3707854054882235 -0.84742873429503 0.09999999999999998 0 -4.80170773193653E-8 -2.7160075968576667E-8 -2.760263622642692E-5
0.297447604941039 -0.8106467532563327 0.09375141746476388 0 -4.84530478104535E-8 -2.3862687434823658E-8 -2.7593273568358123E-5
0.6050561438570463 -0.6036830020468074 0.09289418017943475 0 -3.1254709808609376E-8 -3.7769164330572E-8 -2.7601795912848204E-5
0.5365057739834548 -0.6074638984061794 0.08871198704411523 0 -3.495387749649462E-8 -3.191562062689676E-8 -2.759068494458862E-5
0.640351776746304 -0.4627856253417016 0.08686037768572825 0 -3.129500568383386E-8 -4.196328862962184E-8 -2.7604739029788367E-5
0.6027366073062329 -0.5213223560235656 0.08747588350371878 0 -3.113696223051884E-8 -3.620071171609835E-8 -2.7607278002694607E-5
0.11581756539084577 -0.7588114009433137 0.08487399945221091 0 -4.6723720503767616E-8 -4.7855305718179415E-9 -2.7605626959075155E-5
-0.09361073890939044 -0.9202510142029422 0.09999999999999994 0 -6.087058548089173E-8 6.911013340986218E-10 -2.7604990673779073E-5
-0.19619007773418676 -0.9039499420937565 0.09999999999999996 0 -5.5937557182819186E-8 6.818645857890328E-9 -2.760588315697755E-5
-0.2873887771284415 -0.8792227618026944 0.09999999999999995 0 -5.5373703712168035E-8 1.2187746499979524E-8 -2.7599407304076386E-5
0.06358506183867196 -0.7827017733005069 0.08643167294964106 0 -4.486005736493863E-8 -1.377523642092572E-9 -2.759766305705793E-5
-0.04837786591123471 -0.8513117859798404 0.09269807273978152 0 -5.6917774294273356E-8 -1.3719833130637874E-9 -2.7595232938698426E-5
-0.004822548609299431 -0.7855262944057821 0.08645491759740055 0 -4.985038432892567E-8 3.874031813806639E-9 -2.7589059351270812E-5
0.8809325145611795 -0.2820885484172241 0.09999999999999999 0 -1.1789611189133012E-8 -5.7579364375864973E-8 -2.7616826483793002E-5
0.677795607943666 -0.39290477214771735 0.0862680402418979 0 -2.7070728306180117E-8 -3.9904582796777395E-8 -2.7595209487013188E-5
0.6103906305879976 -0.40135765312469535 0.08172372928462611 0 -3.094424226699887E-8 -3.6008754930092405E-8 -2.7611028744109666E-5
0.8014927716328404 -0.2914410587712435 0.09271262928645595 0 -1.3833298909394781E-8 -5.060334713170044E-8 -2.761239064322328E-5
0.7173493567573874 -0.31695962258024274 0.08634023460744475 0 -1.88585601656815E-8 -4.0083729087484143E-8 -2.7608335015686217E-5
0.8230806401765318 -0.20733638606092913 0.09232209730203018 0 -8.596483193055868E-9 -5.5338532762002605E-8 -2.7606335170412888E-5
0.5055257679581893 -0.637124600070996 0.08897493457515948 0 -4.076609300652446E-8 -3.3774009317539266E-8 -2.759050036851876E-5
0.4897167015298755 -0.6990669986722716 0.09278011319940965 0 -4.3875881200872745E-8 -3.581581699322226E-8 -2.7599929269702476E-5
0.46249999999999986 -0.8010734985006049 0.09999999999999984 0 -4.711529160510465E-8 -3.308796034118787E-8 -2.7608279923947426E-5
0.18083964416846285 -0.7595104378227608 0.08602850609777069 0 -5.135916186509374E-8 -1.036289827084933E-8 -2.760176211928291E-5
0.2521627428797361 -0.7694593063835823 0.08864404636431371 0 -5.0807328606545965E-8 -1.7132132923700298E-8 -2.7589036064110634E-5
0.36329863298781023 -0.7692008953950572 0.09250410835033814 0 -4.2855626263861937E-8 -2.4445906938610966E-8 -2.759912184457901E-5
0.29721686832567656 -0.7486484838731736 0.08825580478820183 0 -4.40511531697194E-8 -1.7246101107994633E-8 -2.7588797902435757E-5
0.566498136584519 -0.34007595181336675 0.07621962270586992 0 -2.354990473888216E-8 -3.3116812994210604E-8 -2.762577688644754E-5
0.5490740032503059 -0.5442731464552364 0.08535659345024513 0 -3.246225904318307E-8 -2.879787983397905E-8 -2.7603038939578087E-5
0.4877536710430043 -0.5826751104622181 0.08420495651136725 0 -4.01563347129608E-8 -2.5156302390787535E-8 -2.7596610342758824E-5
0.5629289159938321 -0.47314451663551055 0.08212579004392509 0 -3.130795025214399E-8 -3.212338117216087E-8 -2.7613961840463113E-5
0.5395049675561714 -0.4037977139333864 0.07721405836956645 0 -2.713168536909729E-8 -3.1534085391863514E-8 -2.762351160107827E-5
0.08068135396090602 -0.714167303296879 0.080752947531276 0 -4.366742388729578E-8 -6.004541273450269E-11 -2.761155648261973E-5
0.1307586883786586 -0.7179080095003467 0.08165710231721483 0 -4.608054358879363E-8 -4.515175548406767E-9 -2.7611001013207002E-5
-0.3707535969478622 -0.8474426517245004 0.09999999999999994 0 -5.8308139119745607E-8 1.9608616842742335E-8 -2.7600819968489666E-5
-0.14308797449955207 -0.83181181721957 0.0918642159103333 0 -5.279617472062902E-8 6.163372767587972E-9 -2.760264951105385E-5
-0.22448109351079631 -0.8295744817427092 0.09335179876408067 0 -4.975228830169421E-8 8.999257890858044E-9 -2.759748590539053E-5
-0.2937621218403122 -0.816155750548228 0.09413660224150187 0 -5.3175297514748536E-8 1.308990064193247E-8 -2.7592388758425943E-5
0.02032803985547743 -0.7231235035279147 0.08113718206932351 0 -4.43463977849889E-8 5.949268608449405E-9 -2.760637040606886E-5
0.049373389215154835 -0.676251463493053 0.07753347573866787 0 -4.2032794985726046E-8 1.2756838639558475E-9 -2.7618052764786242E-5
-0.07537530152887752 -0.7754914719888756 0.0858872030654022 0 -5.236689104132264E-8 7.56700405066714E-9 -2.7599972946725795E-5
-0.03309170223836219 -0.7328034628470876 0.08197501691133365 0 -4.775576727053535E-8 9.187115091097492E-9 -2.760428755657878E-5
0.9051251563026282 -0.1907181838739738 0.09999999999999992 0 -5.099401070822898E-9 -5.8370123819726136E-8 -2.7612333952806254E-5
0.6346730356926771 -0.3174870091624341 0.08001946855914073 0 -2.3645818277253832E-8 -3.4819025695456554E-8 -2.7617518929263757E-5
0.7578046117703346 -0.24801668508133742 0.08751626752734717 0 -1.5221206202431928E-8 -4.8592567673997E-8 -2.7611158564706125E-5
0.6897625743522149 -0.264441860913035 0.0824063475266023 0 -1.8665971080242184E-8 -4.0585231479595064E-8 -2.7617025590600053E-5
0.7597010793028803 -0.19500257071099417 0.08634694259141452 0 -1.4343206593114977E-8 -5.046431392567122E-8 -2.7605928170608017E-5
0.7883546035916825 -0.1648885681025431 0.08824892692988197 0 -9.725769014050597E-9 -5.137961676363001E-8 -2.7598982109903333E-5
0.8374232558848942 -0.12934172138602965 0.09218338983550128 0 -1.6001393606906072E-9 -5.034029790209194E-8 -2.760245878644227E-5
0.7880045515761319 -0.1291017367769672 0.0876205822064691 0 -7.981827197205012E-9 -4.6641391139409403E-8 -2.7598277230268018E-5
0.45389464101054455 -0.6418290507487612 0.08650541722977734 0 -4.4586839718888376E-8 -2.9054885017457393E-8 -2.7598985999136927E-5
0.4122622788181451 -0.7140592129571535 0.09001680581831237 0 -4.3441289369870953E-8 -2.6934833432249637E-8 -2.760376796822934E-5
0.1697005588141962 -0.6915759378642319 0.08021607449160523 0 -4.6247207733887696E-8 -6.615942449317018E-9 -2.7611953853726328E-5
0.24692814396934865 -0.6974874410583478 0.08250617855893733 0 -4.64609841512872E-8 -8.412201458849627E-9 -2.760037115126067E-5
0.3299132550602819 -0.6955796266909601 0.08507057911176502 0 -4.097475255275098E-8 -1.558320691543712E-8 -2.760137842963552E-5
0.5796784116794852 -0.2776116098201063 0.07488927562467991 0 -1.7931718598955368E-8 -3.51221094728534E-8 -2.7628953033787555E-5
0.5306797663003683 -0.29923675531161764 0.07251363051783592 0 -1.7297828447876084E-8 -3.307309717480208E-8 -2.763044315288645E-5
0.5018045759598764 -0.34636458619402455 0.07254833341115845 0 -1.941670637072076E-8 -3.0793735183900656E-8 -2.7628841410323235E-5
0.43691576165411183 -0.5863880363863174 0.08178506492225697 0 -4.225832546020302E-8 -2.3493714351637847E-8 -2.7607051244187887E-5
0.5025098789806555 -0.5159632075862093 0.08087711077114174 0 -3.384480073149397E-8 -2.542906186975944E-8 -2.76111869066648E-5
0.4531934148271225 -0.5420428192507506 0.07976926362259741 0 -3.779175395088892E-8 -2.3092762147276934E-8 -2.7611855362243566E-5
0.5051728219418842 -0.4543425560441293 0.07763963571270259 0 -2.913789485800987E-8 -2.8455005261110017E-8 -2.762135821198727E-5
0.4743994852003083 -0.40954268251415876 0.073738234339428 0 -2.3410655369133527E-8 -2.9188670132339652E-8 -2.7625573606674316E-5
0.115198487208555 -0.6531897985847656 0.07640980333620502 0 -4.17806340107635E-8 -5.3989109742870566E-9 -2.7620529075142638E-5
-0.4625000000000001 -0.8010734985006056 0.09999999999999992 0 -5.3424691605884746E-8 2.5131309404283655E-8 -2.7606397476953288E-5
-0.3837134371029664 -0.7748603000238192 0.09386619334345218 0 -5.359439694067399E-8 2.2027367571405197E-8 -2.7600066916824536E-5
-0.3293828651109605 -0.7771045511687245 0.09186418681824765 0 -5.3922838264051034E-8 1.8601792323776703E-8 -2.7592273005094445E-5
-0.4839056580716607 -0.700569999447879 0.09257832058039935 0 -4.382764063618171E-8 2.5680614440383338E-8 -2.7598653895238492E-5
0.04767908888924959 -0.6125339534466794 0.07287094188782159 0 -3.913050001729171E-8 -3.809697047162165E-9 -2.7624543607236348E-5
-0.19485303194491674 -0.7756068237085788 0.08772926134592987 0 -4.4586485971779287E-8 1.1604236582510785E-8 -2.759807934565407E-5
-0.1380657870545559 -0.7497079460326577 0.08441541385599156 0 -4.590852967655852E-8 1.1125843941157748E-8 -2.7605825702573542E-5
-0.24450643515018045 -0.7666415232960108 0.08818261063739213 0 -4.456245824537162E-8 1.4635381023152367E-8 -2.7588679197378573E-5
-0.29287844997281653 -0.7560683801841976 0.08874412837590734 0 -4.9905417173238096E-8 1.9019100396706506E-8 -2.7586603760474755E-5
-0.018713178495829663 -0.6598847879456907 0.07617577755495693 0 -4.143666603574417E-8 4.735825926593327E-9 -2.7620605332444157E-5
-0.08839747535315964 -0.7039498716595032 0.08000538942626953 0 -4.464460344199606E-8 1.0219863192674063E-8 -2.7613225737186222E-5
0.8548200389796248 -0.0652462727687064 0.09314675085287963 0 1.5994927203106E-9 -4.9093445260533346E-8 -2.761235680989661E-5
0.9192877606928158 -0.10260258091221079 0.10000000000000002 0 9.701840814664269E-10 -5.4109195940364064E-8 -2.7615326742656805E-5
0.6384778628041976 -0.2349189996283244 0.07770845629712514 0 -1.6551683779812614E-8 -3.856724633111779E-8 -2.7625596741028774E-5
0.7040732060431756 -0.2032143579310842 0.08191372549943252 0 -1.6752911950826207E-8 -4.4434999887894886E-8 -2.7616391381444585E-5
0.5898871014295897 -0.20776639827421509 0.07364495662277284 0 -1.1279209333871389E-8 -3.755734724389022E-8 -2.762912112525748E-5
0.7325342916850157 -0.13408386908087772 0.08291013088256632 0 -1.454606484187787E-8 -4.3857022930125384E-8 -2.760851903818979E-5
0.8252770499196602 1.9257059754862352E-16 0.09008727174442388 0 3.0141819787663848E-9 -5.02387087207556E-8 -2.7616273284798245E-5
0.7859407931602105 -0.07401767626946823 0.08680140328934058 0 -4.775191425089564E-9 -4.2994088977030656E-8 -2.7608174767494148E-5
-0.499151538632016 -0.6334110077816723 0.08834372866104906 0 -3.794862590016821E-8 3.010999878085762E-8 -2.758904215074359E-5
-0.539934650094959 -0.6040123388311489 0.08868415026698911 0 -4.144543061059754E-8 3.627258129557793E-8 -2.7589573867377968E-5
-0.55199683338532 -0.6639303440969675 0.09374464706266032 0 -4.5938421956736965E-8 3.076704726607665E-8 -2.7593617204746372E-5
-0.5485674035956859 -0.7447758606713794 0.09999999999999995 0 -4.8711813845716E-8 2.8957410223461917E-8 -2.7602170363593073E-5
0.36763254236248405 -0.6367582418875392 0.08211785344170683 0 -4.13877846142723E-8 -1.931051489853224E-8 -2.761146272880187E-5
0.18957159845420457 -0.6243064952889011 0.07560329744867302 0 -3.975059101687976E-8 -1.0063213923214178E-8 -2.7619913830267118E-5
0.28831363121595577 -0.628175946475062 0.0785524110683112 0 -3.9405419466491986E-8 -1.2525010792703681E-8 -2.7616215632252052E-5
0.526450453306162 -0.23768251001620336 0.07038843476625324 0 -1.1426944122781728E-8 -3.563748871419554E-8 -2.7628454901643732E-5
0.47890979704271586 -0.2863984098188226 0.06912760288748078 0 -1.3775147862016816E-8 -3.090072130785882E-8 -2.7628126858938143E-5
0.4494990254251993 -0.3483577682477059 0.06980849106780328 0 -1.5743974859435578E-8 -2.8521470682010526E-8 -2.762364634719505E-5
0.38634553368626057 -0.5411366135074791 0.07653244947706521 0 -3.63844470358097E-8 -2.2061576239431676E-8 -2.7621604031592778E-5
0.43810869406594616 -0.47330739854493387 0.07505155127124848 0 -2.96132991009902E-8 -2.626232690883532E-8 -2.7622786493564775E-5
0.4170420346765119 -0.4108303752912244 0.07090170067103962 0 -2.1274122133542313E-8 -2.9018009907611716E-8 -2.762095735162145E-5
0.1909808398518187 -0.5616900805542806 0.07142639087555928 0 -3.2518454589859285E-8 -1.4898980698220948E-8 -2.7620537346913496E-5
0.12475562378528363 -0.5650913910725969 0.07045918166236254 0 -3.5563641175873376E-8 -1.3064162531708784E-8 -2.7618067599842037E-5
0.05189365664575958 -0.5409828050063739 0.06822031633188272 0 -3.634823105205613E-8 -7.849465565129396E-9 -2.7619460367317358E-5
-0.41249148408265685 -0.71445620812065 0.0900597252140442 0 -4.6197837042348384E-8 2.4955910504517258E-8 -2.7602173216467084E-5
-0.34485879204612635 -0.7195732958375974 0.08756922173357189 0 -4.919611142673145E-8 2.4518586449377706E-8 -2.7597659875380764E-5
-0.4354763147019103 -0.6351536187841577 0.08509247440255904 0 -3.5284739575151313E-8 2.8358160161978315E-8 -2.7601205899771915E-5
-0.02127679909875187 -0.5862434400348023 0.07098260267248742 0 -3.614069343820733E-8 -1.0200165803697971E-9 -2.762481403685316E-5
-0.20123366572154053 -0.7196538123444207 0.08312630758513646 0 -4.0526113678454996E-8 1.692760007764081E-8 -2.7601904114886794E-5
-0.1453861443112404 -0.6947291331504667 0.08002955113164492 0 -4.157202139927092E-8 1.285571090001988E-8 -2.761290470110364E-5
-0.26439613737119816 -0.6970297197339501 0.08297653094743883 0 -4.23460167023895E-8 2.4223349736216487E-8 -2.7597795827451956E-5
-0.314732642366773 -0.6679534491621226 0.08237892997106575 0 -4.2859273056106865E-8 2.6202000713310194E-8 -2.760556027954289E-5
-0.10379006268918363 -0.6311723493295898 0.07466578004946206 0 -3.8826874766094E-8 6.749737131931051E-9 -2.7621954852465334E-5
0.7822439697509947 0.07342341173252223 0.08646750245519458 0 4.1586242750346506E-9 -5.231031671774867E-8 -2.7611376654552664E-5
0.9249999999999998 2.358937726024754E-16 0.09999999999999994 0 6.656648140220483E-9 -5.629662926513688E-8 -2.7622223293432814E-5
0.851370675269602 0.07427003550197267 0.09288407134507307 0 1.0530804252316876E-8 -5.4933640443513974E-8 -2.7613574698213455E-5
0.8038717607621603 0.12213857484508564 0.0889547066003148 0 1.0291206525212045E-8 -5.0884327161061623E-8 -2.760368512653188E-5
0.5408130551366507 -0.18150058753720788 0.06992281214701015 0 -5.547692050956191E-9 -3.6824261075813386E-8 -2.7623529569444106E-5
0.7247257834183621 0.0852066297502373 0.08165698245211614 0 4.2362521666909445E-10 -4.7367718502847204E-8 -2.7619131624994237E-5
0.6510493529215736 -0.15514133280147802 0.07686356365481603 0 -1.2009050040376444E-8 -3.972853044558339E-8 -2.7625984921533858E-5
0.5770279320473081 -0.15184347618041535 0.07165568912865208 0 -4.667165011078282E-9 -3.631881535336541E-8 -2.762690817278563E-5
0.6918887433807659 -0.06772116765551027 0.07886795692620667 0 -7.938732480961283E-9 -3.9897185188492425E-8 -2.762482452602056E-5
0.7364981201835382 1.7871933341171726E-16 0.08222076644985389 0 -2.7179196408129656E-9 -4.4840994764897415E-8 -2.7622389056190094E-5
-0.48001255710073826 -0.5637645778356982 0.08255043176744216 0 -3.151763454748597E-8 3.676831629747418E-8 -2.7600758022425635E-5
-0.5678213237459834 -0.537667606136383 0.08613904983735729 0 -3.593629181077887E-8 4.021426524031024E-8 -2.7603331782658672E-5
-0.600893054701109 -0.6092572756078649 0.09299302035398636 0 -4.502788027761565E-8 3.803880981164278E-8 -2.7599225213835453E-5
-0.6178002971320171 -0.688438643052917 0.09999999999999995 0 -4.940062895808611E-8 3.649082800989453E-8 -2.760158481848848E-5
0.31808183532075807 -0.5509338997403093 0.07441383187593008 0 -3.459307473695416E-8 -1.8882419954551727E-8 -2.762567359246907E-5
0.2593907519340379 -0.5686281064407216 0.07361593901057979 0 -3.4073226389828566E-8 -1.5437609088969168E-8 -2.762458376802972E-5
0.4250914842628162 -0.2904030737883922 0.06650384046370365 0 -1.2598255127212695E-8 -2.543027462236729E-8 -2.7621125732999667E-5
0.4860024477406568 -0.1810614961514008 0.06672716200822644 0 -7.61928948447284E-9 -3.593348489249316E-8 -2.7614901800262822E-5
0.4546475825643904 -0.2329362873436874 0.0662732760967022 0 -1.1967024190087953E-8 -3.1396101604118954E-8 -2.762325576568442E-5
0.39693548996928896 -0.3460112170117685 0.06719703593166886 0 -1.3977992528701194E-8 -2.530795780362013E-8 -2.7611012348962453E-5
0.3565677611611388 -0.4614203059811383 0.07075125137743832 0 -2.8063384996507615E-8 -2.6136311954738563E-8 -2.762353142335141E-5
0.36327728761747163 -0.38800374757803646 0.06749345504717459 0 -2.0820470328391972E-8 -2.8817639051400174E-8 -2.7608991297973077E-5
0.3750627258693446 -0.2936858939923492 0.0643465481455432 0 -1.4823386021429739E-8 -1.8705408712530308E-8 -2.7613083749244432E-5
0.14556246178613044 -0.5017461145955597 0.06695111305462358 0 -2.815996440236469E-8 -1.4354555351978285E-8 -2.7603862026770122E-5
0.1773504711629968 -0.5251479744589087 0.06889288845838194 0 -2.8278484964004722E-8 -1.6048314072697817E-8 -2.7614415330547424E-5
0.2111878992556696 -0.5199281931560845 0.06932845783235407 0 -2.765774032909898E-8 -1.636838759965829E-8 -2.7619595285362153E-5
0.10436058799907272 -0.5010308479370807 0.0663275801738497 0 -3.4253372639639314E-8 -1.182280559504992E-8 -2.7604028871450995E-5
0.06673635655852131 -0.4767204709635782 0.06461779605353521 0 -3.5038435413239696E-8 -5.1169551342758336E-9 -2.7610010884118925E-5
-0.006975621790116399 -0.5183972256879046 0.06671599267023115 0 -3.19276991229995E-8 -2.8650017613417985E-9 -2.7620025622926127E-5
0.021803385387518696 -0.4822544950869184 0.06469299319690378 0 -3.213442402464532E-8 -2.6171413297491615E-9 -2.761756432163333E-5
-0.05196883438319561 -0.5240326103663052 0.06719869985797552 0 -2.9766073267882815E-8 -1.147438918200284E-9 -2.761688792433139E-5
-0.3679909311443217 -0.6373789894665455 0.08217765681431859 0 -3.849148391339444E-8 2.701019320417016E-8 -2.7609956124195933E-5
-0.40158939943089916 -0.5697012631254147 0.07901179842938963 0 -3.1710134214186396E-8 2.879568911186217E-8 -2.761476172458015E-5
-0.09590125636856872 -0.5619999312235502 0.06990127823248253 0 -3.3757986255737146E-8 4.693274705469691E-10 -2.761823485771324E-5
-0.19926692702634366 -0.6350324834465847 0.07658242747619838 0 -3.8761406378475916E-8 1.560229350667987E-8 -2.7617472735251034E-5
-0.2841593977557326 -0.6153602706014176 0.07751426427315905 0 -3.8678034912509E-8 2.2630627966851074E-8 -2.7617580734257107E-5
-0.15663037176370528 -0.5733099421965812 0.07149707499548641 0 -3.7194109107030687E-8 5.998798221890843E-9 -2.761884815371961E-5
0.6892086201904363 0.11760753932384704 0.079182235454291 0 2.5394658965491597E-9 -4.317064255197112E-8 -2.7625127742821963E-5
0.7461230180043805 0.1326560288062978 0.08402816782270867 0 3.0570192345500016E-9 -4.627618280559825E-8 -2.7609852746438908E-5
0.6908574756839181 0.1584953945063365 0.07995126254637963 0 4.956073358362215E-9 -4.152177771841526E-8 -2.7624537858244893E-5
0.9192877608705788 0.10260257931928718 0.09999999999999994 0 1.3888191591490775E-8 -5.783948218331719E-8 -2.7619063769470577E-5
0.8510855832446352 0.14814580550682163 0.09378949781498243 0 1.6485122491500037E-8 -5.0636467097167905E-8 -2.760983152469196E-5
0.7902639371481001 0.17887268414595758 0.08869278761371624 0 1.226800715795862E-8 -4.345531968621724E-8 -2.7607432416111275E-5
0.5270134709035552 -0.12362075461980128 0.0680883893303861 0 3.51759885179034E-10 -3.1893501896965305E-8 -2.761624342509246E-5
0.660910431014522 0.06111123862815046 0.0764443497197492 0 1.979286950583527E-9 -4.162835312106233E-8 -2.763238027446468E-5
0.5965173615012839 -0.07939251741876008 0.07200225824383245 0 -1.6356141042566524E-9 -3.486663434715319E-8 -2.7631482455769756E-5
0.6371682462297272 1.7636191275501287E-16 0.07448630903843244 0 1.779007401328612E-10 -3.8708065818758765E-8 -2.7635180794496347E-5
-0.5998767009898777 -0.47889137063455584 0.08487289614566726 0 -2.845722503682429E-8 3.8990378988038345E-8 -2.7608328564309803E-5
-0.4462665144718288 -0.4769553831048419 0.07565680574632232 0 -2.9531002540291793E-8 3.019897142997015E-8 -2.7620959050823776E-5
-0.514031025104845 -0.49215788183100256 0.08018045280724438 0 -2.981076068107394E-8 3.75279208828109E-8 -2.761370829171566E-5
-0.5551101229584549 -0.4700701488343014 0.08146563252731463 0 -2.7803938918544907E-8 3.841827282563499E-8 -2.7613612954171257E-5
-0.6562422498346266 -0.5241856689594518 0.09146905933596002 0 -3.532705128182416E-8 3.930446866223771E-8 -2.760579879087168E-5
-0.6848306133117381 -0.6217902179859557 0.09999999999999995 0 -4.538392326849218E-8 4.174959590025065E-8 -2.7609110985607843E-5
0.27241004361507065 -0.4718280360333558 0.06830375115676078 0 -2.7332858863511528E-8 -2.00486516822301E-8 -2.7623934890611693E-5
0.4535801009187721 -0.11979187747949692 0.06395953291420167 0 -1.0287660644072493E-8 -2.6132324763069505E-8 -2.7605586695520177E-5
0.39072217276086296 -0.23584567652234287 0.06329187670784985 0 -1.4158348916748831E-8 -2.2901850318410482E-8 -2.7622684363249932E-5
0.41238404925178007 -0.18021837395374024 0.06296662723972753 0 -1.4206259984593626E-8 -2.7686066004711672E-8 -2.7620037670173245E-5
0.33633282409977633 -0.33989669688880314 0.06444423660906805 0 -2.275589883455679E-8 -1.980445758718225E-8 -2.760062470003361E-5
0.30008338071089913 -0.40108479031261085 0.06570468861303413 0 -2.71330663214139E-8 -2.3533676166294816E-8 -2.7614721868321964E-5
0.32685099627426545 -0.2905697969488598 0.06232853198902638 0 -2.0444559947459937E-8 -1.4233465309285285E-8 -2.761395885543885E-5
0.34557599933864525 -0.25420475687873284 0.06192004258218349 0 -1.6525576098505123E-8 -1.6759180376399183E-8 -2.7621475936275496E-5
0.13994680898558723 -0.4672126633962515 0.06496624972127402 0 -2.642320539518183E-8 -7.924883019920363E-9 -2.759944414077365E-5
0.19075484218748176 -0.4725311643222945 0.06620021711897697 0 -2.30564909258886E-8 -1.290229592242257E-8 -2.761217158498481E-5
0.04901016908663563 -0.43723836174505165 0.062459634223422635 0 -3.0919841574639295E-8 -2.8528105754516476E-10 -2.7616808534819745E-5
0.10408488366078726 -0.44405468685268895 0.0632766673513578 0 -3.088618674946992E-8 -1.6612598881899975E-9 -2.760468609556271E-5
-0.03083759909542402 -0.4757419881377713 0.06436680609968096 0 -2.706502360306843E-8 1.2139468334499098E-9 -2.7616555492294945E-5
-0.0058033119248053185 -0.4414101175550563 0.06253303354413749 0 -2.7231729965737678E-8 2.0633204142177292E-9 -2.7620100076160852E-5
-0.39030681785658333 -0.4466269881485597 0.07141764844659583 0 -3.002450258984596E-8 2.131112176156876E-8 -2.7621259991101014E-5
-0.09527352708204243 -0.48999184724793493 0.06560563290386152 0 -2.6528205415371743E-8 2.6339859773190235E-9 -2.7603075152100207E-5
-0.31827009850817745 -0.5512599811461146 0.07444098367382036 0 -3.460238528715615E-8 2.1140314303082166E-8 -2.7624720586573983E-5
-0.36296726797354567 -0.5093150093458659 0.07364571283377143 0 -3.13401858840113E-8 2.251355055181636E-8 -2.7624388831865514E-5
-0.1538656248196219 -0.515523498759926 0.0678853449092873 0 -3.622653060413419E-8 3.735909965956954E-9 -2.760775842425352E-5
-0.23145619169988374 -0.5426436945370011 0.07120349698950754 0 -3.738006790553856E-8 1.3002607960098822E-8 -2.762252412286298E-5
0.02839276411724586 -0.3973392921812578 0.06048540173023527 0 -2.6129319925273114E-8 1.392921055374404E-9 -2.762492965937195E-5
0.6359863797306674 0.13411282944887548 0.07542020319546493 0 7.88746019103705E-9 -3.879708893207075E-8 -2.7633093493492704E-5
0.7226994437477957 0.1997352924878217 0.08334138075756291 0 8.560217556024337E-9 -4.133668327202753E-8 -2.7620160510149015E-5
0.6524176664552398 0.20477109599706128 0.07797707686621592 0 1.048004904297311E-8 -3.912197050425001E-8 -2.7632400894249064E-5
0.9051251569294585 0.19071818089926676 0.09999999999999994 0 1.8785292934722532E-8 -5.165969941344115E-8 -2.7619350295729287E-5
0.8318102133114379 0.22322523392999097 0.09353078509252784 0 1.889662186094452E-8 -4.546820646508594E-8 -2.7617280296124412E-5
0.7561533810021175 0.2511688924028691 0.08746370240455802 0 1.6215133019464532E-8 -4.360436749333222E-8 -2.7620794187529417E-5
0.5078212312272354 -0.05773868566153316 0.06628756501631425 0 1.0302130408822183E-9 -2.6788370621815877E-8 -2.7622293831440608E-5
0.580043566339009 0.07440259297015442 0.07086095755136954 0 9.26997707964998E-9 -3.67999709188488E-8 -2.7633335594611824E-5
0.5449077695259106 1.435041058529122E-16 0.06830916124377966 0 4.692413119747142E-9 -3.298742019481821E-8 -2.7632030030295856E-5
-0.6449966839705535 -0.4445280981035864 0.08625924084344859 0 -2.4459735199468428E-8 3.9130002896309044E-8 -2.760136468761173E-5
-0.5773213056470615 -0.42632356756478973 0.08066830857907491 0 -2.2947011584536564E-8 3.868128408584569E-8 -2.7614801699815028E-5
-0.42560872193429483 -0.3924588186076942 0.07047472570296821 0 -3.0108007930387904E-8 2.473641468027543E-8 -2.76196620552073E-5
-0.5105636494997626 -0.4275668331221898 0.07661161867134533 0 -2.6505930463979155E-8 3.464933954947678E-8 -2.7622534748996695E-5
-0.6821995337018094 -0.3893517946424338 0.08645016345112792 0 -2.2665498001052016E-8 4.605912458656097E-8 -2.759378716339474E-5
-0.7143597851634019 -0.46065181317541976 0.09243904770387963 0 -3.230384973044163E-8 4.0631257811973335E-8 -2.7598662368341635E-5
-0.7501479603301018 -0.5412050791178046 0.09999999999999998 0 -3.8138205220804055E-8 4.272544221572755E-8 -2.760916286691026E-5
0.23193963455587194 -0.401731231339728 0.06368217918749611 0 -2.4922739057409326E-8 -1.3956849230272296E-8 -2.7620872983072885E-5
0.4253355502182103 -0.060426816635170834 0.06194940187312641 0 -6.948976666698618E-9 -2.186756812582061E-8 -2.7624080994412896E-5
0.3783639298171796 -0.12391451309547895 0.06047575124681011 0 -1.2335933345041396E-8 -2.2012322149257054E-8 -2.7626910375861928E-5
0.3404696044317066 -0.192505611563268 0.06016257670047243 0 -1.366446169886966E-8 -1.9592601935460213E-8 -2.763001575651942E-5
0.2704412885460664 -0.32134890739138106 0.06148782850104334 0 -2.541517993050714E-8 -1.3865389681000668E-8 -2.7619775715435724E-5
0.28780126788651955 -0.24610682281377952 0.05962067759661022 0 -1.7516826322146384E-8 -1.4725201901926083E-8 -2.7628890437401134E-5
0.15779399244920164 -0.4060014305216929 0.062242172248634084 0 -2.3524396631415314E-8 -3.879881485156837E-9 -2.7616155353172795E-5
0.08201071126761389 -0.3939388987243753 0.060668066988986274 0 -2.6578340489812482E-8 2.3207107906779227E-10 -2.76212891298967E-5
0.04349199689707277 -0.3606955682361924 0.05897556113419837 0 -2.3089133378792395E-8 -4.918992735171006E-10 -2.762935604738132E-5
-0.05772042989369192 -0.4373202270026056 0.06251628812885628 0 -2.337824309992766E-8 6.9015061495149836E-9 -2.7615050813934565E-5
-0.03317807935019408 -0.4000499580003112 0.06062434517611841 0 -2.3573239323339034E-8 5.477778232247293E-9 -2.762411325321989E-5
-0.3619566518906658 -0.37751131442037245 0.06698450376718922 0 -2.7405153554664893E-8 1.7824886753115813E-8 -2.7605062192262066E-5
-0.36626813150114024 -0.4166408143589399 0.06892167223823106 0 -2.884355110326343E-8 1.7225361076706857E-8 -2.7615211656135315E-5
-0.3449125590697449 -0.44322460700183025 0.06935603931497553 0 -2.898081585977688E-8 1.6436164455966208E-8 -2.761993215073483E-5
-0.1061373350373039 -0.43371612134398735 0.06278756375601147 0 -2.482797808008649E-8 1.2599414883479336E-8 -2.7606867341840093E-5
-0.1533021139497205 -0.45854960024362473 0.06473399748772989 0 -3.343104900280822E-8 1.1791450669644478E-8 -2.7602139530363884E-5
-0.27258732769368704 -0.47213510106489254 0.06832563375196132 0 -3.19095671863592E-8 1.4298743513425924E-8 -2.7623267239794824E-5
-0.2137590545386873 -0.47234636278777903 0.06671710658979699 0 -3.525535040157144E-8 1.2028041060551777E-8 -2.7616630583685675E-5
-0.18675532053812582 -0.4349325178463068 0.06418357757579088 0 -3.198371790695971E-8 1.4512539654256836E-8 -2.761325079310885E-5
-0.3826278748778653 -0.34149739132768103 0.06638993492953281 0 -2.8284701922778666E-8 2.449468490700356E-8 -2.760584696239319E-5
-0.0010639892128916778 -0.35571530812846325 0.05866683852382106 0 -2.2344708088749398E-8 1.3175345078350075E-9 -2.7630250067905017E-5
0.5665181445886517 0.15558354761445173 0.07104008880031383 0 1.543701811740406E-8 -3.2477027613226144E-8 -2.7631239480419084E-5
0.5953591891669738 0.1936606882201294 0.07369160395615945 0 1.4109781737701887E-8 -3.442088914097366E-8 -2.7635894323878054E-5
0.5192463818471629 0.12824117265253684 0.06769417632898124 0 1.615271698156406E-8 -3.0802341440031075E-8 -2.7618419990824168E-5
0.5285393108936259 0.16518893231571916 0.06885934434787161 0 1.7173368062393068E-8 -2.7915077968033864E-8 -2.7625083283952943E-5
0.6744856330743806 0.25899543825752414 0.08106282636378111 0 1.3906934500643016E-8 -4.2211365655454854E-8 -2.76289963933951E-5
0.5964895386590124 0.24538252217967127 0.07505456752399722 0 1.5377347821845093E-8 -3.553889289137675E-8 -2.763792940737451E-5
0.8809325160784339 0.2820885436790224 0.09999999999999994 0 2.3715486268481397E-8 -4.946878645424635E-8 -2.7627447253955762E-5
0.7133503615870089 0.32015636681811027 0.08613118221459619 0 2.1112546811912668E-8 -4.698001337099879E-8 -2.7619718857505827E-5
0.7978472984237357 0.3041762806928354 0.09281227257926788 0 2.404482222688031E-8 -4.729085437792253E-8 -2.762349704199874E-5
0.4636209692030302 1.4593888372567647E-16 0.06366862151549985 0 6.35668085558161E-10 -2.798465167956447E-8 -2.762756639017592E-5
0.4938126220450951 0.06489296717588176 0.06554297030555511 0 8.023729631259082E-9 -3.4754735712200305E-8 -2.7621200984270356E-5
-0.6153231968638251 -0.38077552285640803 0.08115372829448388 0 -1.8020690408109275E-8 4.227970894631257E-8 -2.7610504038078458E-5
-0.560449570051932 -0.3810942956107818 0.0775098294695611 0 -2.1006802235720224E-8 3.78278649933202E-8 -2.7621580284869288E-5
-0.4429539530445369 -0.3153758255937713 0.06823813858748431 0 -2.6079343465857806E-8 2.8354804924682316E-8 -2.7622295211786315E-5
-0.5043029125892239 -0.34762375509843185 0.07274022680505556 0 -2.4022357014836404E-8 3.2616505844296036E-8 -2.762773235211161E-5
-0.6508158876168189 -0.3390076459058359 0.08199721983987755 0 -1.7181015462813553E-8 4.681940394865171E-8 -2.760917563936498E-5
-0.7091826270730176 -0.32330839885714513 0.08590988858162861 0 -2.0835338125030672E-8 5.024112796618222E-8 -2.760602524831371E-5
-0.7619010673352372 -0.3837317836320327 0.09273617861998763 0 -3.1008960776341097E-8 4.98361032306E-8 -2.760127722620931E-5
-0.8010515387579304 -0.4625279007956028 0.09999999999999996 0 -3.558234197992985E-8 4.838809279162302E-8 -2.7606001328891813E-5
0.19236089157799777 -0.33317883760233996 0.059881599761303 0 -2.2020687634577895E-8 -9.228849162384947E-9 -2.7630533403831688E-5
0.38492668203237634 1.0023152680894796E-16 0.05989052034096669 0 -2.2281166930063336E-9 -2.3103056095546858E-8 -2.7636039032893943E-5
0.2997814449763267 -0.1302546190444194 0.057552736756421544 0 -6.35163743963156E-9 -1.8336746799050853E-8 -2.763456593250603E-5
0.3411851195480258 -0.06215460789797836 0.058312559079427444 0 -4.672115725880972E-9 -1.9123932435031977E-8 -2.7637213617128316E-5
0.25568805190108224 -0.19009790761699052 0.05725179690059135 0 -1.0168155326830135E-8 -1.7037129886259454E-8 -2.7633337976677953E-5
0.21970172124605264 -0.25470361780543144 0.057909449658114676 0 -1.684134448554738E-8 -1.3559205935817574E-8 -2.7634640327718186E-5
0.23090062297727731 -0.13379820267190193 0.05553869913937325 0 -2.071317084455321E-9 -1.7309128347842683E-8 -2.7624137395332052E-5
0.10559774308437374 -0.32641465451667345 0.0581670361159444 0 -1.9649545794742306E-8 -4.731638173722903E-9 -2.7632732480902446E-5
0.031363797849434556 -0.30517057546423765 0.0568332914109285 0 -1.8149368649697733E-8 -4.584933512093652E-9 -2.763006329728759E-5
-0.08918266806588585 -0.39015326021997465 0.06056960464965617 0 -2.2923315447437926E-8 1.1175871999646972E-8 -2.7621268215181556E-5
-0.049756265008924744 -0.359262534671633 0.05895024498757894 0 -2.2071783251495948E-8 5.526088355106835E-9 -2.762919868563205E-5
-0.33370914900421456 -0.3553876317528072 0.06495432896100803 0 -2.077274905988231E-8 1.94034998462037E-8 -2.760055445394209E-5
-0.31386332305040454 -0.4019336098806021 0.0662221637922308 0 -2.372610384791958E-8 1.4089668162851252E-8 -2.7612350588178418E-5
-0.15459594130071444 -0.3919265872876224 0.06155021858866086 0 -2.5930060530420387E-8 1.5579359716506267E-8 -2.761918652808949E-5
-0.2322802926341843 -0.4023212684393738 0.06371797650698165 0 -2.553213653309173E-8 1.5111911210594005E-8 -2.7619929156774085E-5
-0.33230969380311987 -0.31257443393730217 0.06328313435425743 0 -1.7757972962386656E-8 2.644570819696525E-8 -2.760599304324627E-5
-0.37984334067586323 -0.29694191152231486 0.06465963905911942 0 -2.2912910212219465E-8 2.8391413539881207E-8 -2.761195069846225E-5
-0.03281109095750644 -0.303248501545522 0.05677241598853609 0 -2.0166027612134573E-8 -7.01057357436886E-10 -2.762980530299009E-5
0.002774404310843052 -0.26370741404826953 0.055444406431408536 0 -1.6212577929585968E-8 -6.739538393452833E-9 -2.7620920670425856E-5
-0.4503344724862791 -0.2539143429242661 0.06663047103760426 0 -1.9420015754270398E-8 2.703746459180354E-8 -2.762347000534156E-5
-0.40625597693717014 -0.2614749559637888 0.06471383725610917 0 -1.9401217209815953E-8 2.7273620242683424E-8 -2.7620237450636746E-5
0.4615326701397575 0.12346215125476942 0.06442192515091573 0 6.638359103710581E-9 -2.8448081902859758E-8 -2.7608737079998227E-5
0.5387084587482873 0.20560708274998704 0.07032262751622614 0 1.755198554335334E-8 -2.835319326545268E-8 -2.7633524019132934E-5
0.4879508039440348 0.17532903328848173 0.06671893154849401 0 1.509830495941646E-8 -2.3044861706652156E-8 -2.7620113482139328E-5
0.532509259731304 0.25445661626164345 0.07121936353097057 0 1.8778129947593482E-8 -2.93442028031891E-8 -2.7639086185244502E-5
0.6341588941531792 0.31283518999890103 0.07981624453248937 0 1.6116458188112406E-8 -4.185841824506979E-8 -2.7629936440156002E-5
0.5661686439840169 0.30314954318445153 0.07485251919573685 0 1.8307681851624367E-8 -3.45589590274875E-8 -2.7639765007402546E-5
0.8437752416466553 0.3790359375932063 0.09999999999999998 0 3.136082746034755E-8 -5.06866775785851E-8 -2.7628009696599698E-5
0.6719229666176102 0.38840511082381185 0.08561888827579653 0 2.1200392970233668E-8 -4.243929517776957E-8 -2.761110761489658E-5
0.7564175363077813 0.38622567562379634 0.09237249347625182 0 3.1189433964746305E-8 -4.606751945596553E-8 -2.7616185058165113E-5
0.41461516466779025 0.07768102097507298 0.06157475739077051 0 4.776195264026973E-10 -2.8506271440395773E-8 -2.7625820617506558E-5
0.41609697408913526 0.13788398400008967 0.062378681269293045 0 3.057316339479029E-9 -2.4242227073425338E-8 -2.7621095319051394E-5
0.3331467524821928 0.06332732629493788 0.0580143200893398 0 3.94461140650159E-9 -2.1061407449337052E-8 -2.7640002843573833E-5
-0.47800098007166614 -0.21838828549818234 0.06713458210584479 0 -1.697852191992696E-8 2.5818338243052533E-8 -2.762129663561659E-5
-0.581042663690517 -0.3157640075984302 0.07626188231201678 0 -1.7684919552731565E-8 3.9233163839271E-8 -2.762493621950222E-5
-0.516501927640104 -0.27345997871285144 0.07083650833060166 0 -1.99612737076234E-8 3.1374351734575655E-8 -2.7628959508701686E-5
-0.6531660790226061 -0.2763311132584134 0.0799841441751332 0 -1.4711839689277514E-8 4.47750766367255E-8 -2.7619288150982954E-5
-0.7177089386751481 -0.25492955224205677 0.08435704674323387 0 -1.4500791837468168E-8 4.6320249728160175E-8 -2.7613339062371124E-5
-0.7682837005378522 -0.21778108265977297 0.08762455506029665 0 -1.3357850457394474E-8 4.546115998612949E-8 -2.7606729076890196E-5
-0.7926496756412593 -0.29133333750236745 0.09190870000572768 0 -2.2396860262700893E-8 5.0000493116379474E-8 -2.7610634255477503E-5
-0.8437556437212325 -0.37907955935377746 0.0999999999999999 0 -3.125675372017924E-8 5.440229525810675E-8 -2.7612232663301723E-5
0.14972579901011426 -0.2593326910893636 0.056582144341893334 0 -1.468569863584278E-8 -1.1191485823848337E-8 -2.763548071705159E-5
0.30024351839566077 1.0287337474471442E-16 0.0566089984335615 0 3.0515622758436627E-9 -1.7867905319035474E-8 -2.7640059275848037E-5
0.25485064501553867 -0.06881848120103613 0.0554520694654174 0 2.094621931331926E-9 -1.426870221930811E-8 -2.7629812143000524E-5
0.2018137422816696 -0.09141964150518621 0.054287541904913736 0 6.460406396433783E-10 -1.1442281736604244E-8 -2.7612108906320115E-5
0.1764824224893901 -0.17786432905826247 0.05506179018247805 0 -8.755111392312103E-9 -1.659755260121102E-8 -2.7625106892934934E-5
0.17846806103523252 -0.12182655323316927 0.054152220507936534 0 -4.9956197669205255E-9 -1.5120494494584203E-8 -2.7609428803256306E-5
0.06445906182530688 -0.2524774236880236 0.055351148337145016 0 -1.1916096129000807E-8 -8.440913566742082E-9 -2.762557769548135E-5
0.01713256069613923 -0.2191946756676691 0.054245341320781695 0 -1.0845708580354014E-8 -5.361052216760659E-9 -2.760865778111782E-5
-0.015811501710617768 -0.22080470166743846 0.054282927994611936 0 -1.6487251037784728E-8 -3.588377950426263E-9 -2.7608804602823035E-5
-0.11115524588477288 -0.32319159740630654 0.058116751891295344 0 -2.110001956799831E-8 8.81315268369809E-9 -2.7632992753187503E-5
-0.2724211583800276 -0.34021230275634257 0.06225471036920954 0 -1.604687787086326E-8 1.8948754288416397E-8 -2.7616548324244467E-5
-0.19295762658678686 -0.33421241295621795 0.059933626134453855 0 -1.980312362810798E-8 1.5128825755227314E-8 -2.762973778977931E-5
-0.299671918215507 -0.26919022055739933 0.06068803798570996 0 -1.3885206278705446E-8 2.3618183311945786E-8 -2.762246877543526E-5
-0.35401952964801076 -0.2618191533072333 0.0624765930436588 0 -1.655619327976102E-8 2.729175213400361E-8 -2.7618819023006722E-5
-0.059917909088264505 -0.2537684697083779 0.05535616729591674 0 -1.998591770316139E-8 -7.633311364040874E-10 -2.7625015508786076E-5
-0.4286041911968905 -0.21160410640457614 0.06443452009247358 0 -1.3497681033042706E-8 2.4756668458450284E-8 -2.762017537624379E-5
-0.3837371950984817 -0.21760730691022395 0.06251779019199943 0 -1.292937929691784E-8 2.529801867812373E-8 -2.7623249709994815E-5
0.44078820931890417 0.17778853409565737 0.06428879605061415 0 9.650209388022795E-9 -2.151617845606282E-8 -2.7621493911815156E-5
0.4759951064045458 0.23047538821939026 0.0673334019397155 0 1.780498668416815E-8 -2.3935182687275354E-8 -2.7632380749165468E-5
0.5023235944487765 0.29151864533540206 0.07059623054924213 0 2.1595800416396466E-8 -2.845049970745033E-8 -2.7640468238347224E-5
0.5853609901656723 0.37038384021673393 0.07867156144500055 0 1.89351412883249E-8 -3.714153740594392E-8 -2.763335304604811E-5
0.5293785213896149 0.3388907230126146 0.07386902220939724 0 2.179968193615774E-8 -3.192373410651628E-8 -2.764139317156946E-5
0.8010710017272104 0.46249419126110125 0.09999999999999991 0 3.578747185337236E-8 -4.466098817673129E-8 -2.762506657274401E-5
0.626960623589047 0.4522983371432033 0.08535306995964971 0 2.5119371277049903E-8 -3.5671237225313155E-8 -2.762296083315349E-5
0.7061350528834721 0.4673278645716987 0.09212747065803699 0 3.215941924845937E-8 -3.644104704585813E-8 -2.7618387148138033E-5
0.3592371994727271 0.12552401442410036 0.05970040660633737 0 4.741423602506079E-9 -2.2079441652833565E-8 -2.7635049646627404E-5
0.39449037889125516 0.17177804019933995 0.06198157459134765 0 7.1982688129738645E-9 -2.2111263550526668E-8 -2.7628711057320795E-5
0.2907007887888551 0.1297941048796961 0.057242741237689944 0 1.0714210748697296E-8 -1.6662147949752614E-8 -2.7638787014400666E-5
0.2538184516803514 0.06940494742292715 0.05542696753822805 0 1.0900366628063897E-8 -1.578463009881098E-8 -2.7631895696384138E-5
0.20062573683728857 0.09527047772396227 0.054301155270572714 0 1.2288022137403252E-8 -1.1478338616978473E-8 -2.7614816088226554E-5
-0.4690213191754545 -0.16282051739106812 0.06545407679976868 0 -1.1396829762958506E-8 2.470219499072812E-8 -2.7608165409528313E-5
-0.5329845388239064 -0.1985594752136454 0.06981392050905111 0 -1.744427226250545E-8 3.0155153030908305E-8 -2.7623618703835224E-5
-0.5985835515449605 -0.2260297922817816 0.07467942546060531 0 -1.4719725535597814E-8 3.786292816482532E-8 -2.7627995204470345E-5
-0.6738902730202506 -0.22049852083738797 0.07997070091519404 0 -1.0835552244147122E-8 4.336052052891964E-8 -2.7620302798117644E-5
-0.7224932718504692 -0.1846612188414888 0.08299584497449673 0 -6.831263888869246E-9 4.470810805774101E-8 -2.7610672871271584E-5
-0.784218194998307 -0.17459658052838994 0.0880668176158918 0 -1.0958421237947423E-8 4.6763383653488426E-8 -2.7599102088074977E-5
-0.8340398056073667 -0.21902107573341573 0.09363611174877708 0 -1.869332745980994E-8 4.911646307187601E-8 -2.7607336511177354E-5
-0.8809151182252344 -0.2821428693025129 0.09999999999999996 0 -2.3590016430586916E-8 5.3221564676039056E-8 -2.7615421772950105E-5
0.11138757858716244 -0.19292894544503636 0.054318208030815426 0 -9.456947146942923E-9 -1.0637081175083959E-8 -2.7624350453656416E-5
0.2238875048948224 7.238912562247948E-17 0.054346295287657886 0 5.3754404511111955E-9 -1.3128114039512706E-8 -2.7627799282373453E-5
0.19420772375092543 -0.04676552312468657 0.053768452091938715 0 1.1645635722358365E-9 -8.281734559443231E-9 -2.7617924633738858E-5
0.16765785073129597 -0.0820458117059934 0.0534822586461166 0 -4.860561760439215E-9 -7.523085234131373E-9 -2.760828192582303E-5
0.1532214795718842 -0.1047515501973591 0.0534601593182905 0 -8.38462087501682E-9 -1.0086725241097133E-8 -2.760823778726097E-5
0.13365633223327952 -0.1314943305448411 0.053500013617672364 0 -1.008697196652182E-8 -1.1273842351237597E-8 -2.761432290333741E-5
0.1909210649037196 0.04684254353730671 0.053697308093126346 0 6.567716379826963E-9 -1.403612513134851E-8 -2.7619060059496677E-5
0.05493858025113072 -0.1872116672800932 0.053664600392910426 0 -7.384580054998866E-9 -4.026752484764482E-9 -2.761493351516935E-5
0.0015895535343272628 -0.18045943852644164 0.053353802929854664 0 -1.1044261125928924E-8 2.7537549124245455E-9 -2.7606442792637696E-5
-0.053441146730527564 -0.18709102439814254 0.05365287398922711 0 -1.620515530277487E-8 2.8979711556398556E-9 -2.761456123208359E-5
-0.15050660974349658 -0.260685094950677 0.05663516711153095 0 -1.7812689629928373E-8 7.827349827502963E-9 -2.7635252841008617E-5
-0.22974591189928226 -0.256397975299907 0.05821373401797809 0 -1.4710865573959617E-8 1.5338029737281913E-8 -2.763327209189793E-5
-0.2901412929767384 -0.21922908092139923 0.05898973037684318 0 -1.2871062361591531E-8 2.037005741778069E-8 -2.763117467866385E-5
-0.3302765228915605 -0.22443841547131757 0.06052899064430553 0 -1.2689469309073122E-8 2.413870191522207E-8 -2.762708637368483E-5
-0.11217260429255088 -0.1942886498520168 0.05435789315243198 0 -1.4810980908932791E-8 3.41783047499581E-9 -2.762444746536262E-5
-0.4043520178042477 -0.16901983470521795 0.062374130552393804 0 -6.663308929812111E-9 2.4352460573319154E-8 -2.761978875796502E-5
-0.36201088411519367 -0.17400839360604692 0.060635096430618034 0 -8.093080183632983E-9 2.374646977495262E-8 -2.7627572131072548E-5
-0.42569230627547644 -0.12215318657273527 0.06260425960749791 0 -2.0536959788293015E-9 2.8694548855642046E-8 -2.7612761918279166E-5
-0.467604489294916 -0.09647351175034927 0.06440527405535047 0 -6.272438985413422E-9 3.525104798129835E-8 -2.7608023446393743E-5
0.40159415937487924 0.2222711945652258 0.06342742714419668 0 1.4012271777952163E-8 -2.3152289973217964E-8 -2.763079451733919E-5
0.4374027432196876 0.28280425722564984 0.06685837267776952 0 2.291764141200422E-8 -2.5538147761562218E-8 -2.763351810327581E-5
0.4716692828943538 0.34325991058700284 0.07076541111671204 0 2.6386810670641405E-8 -2.719468261240342E-8 -2.7639362722864596E-5
0.5572755215547438 0.4510872900080022 0.08061070588876619 0 2.607066972782393E-8 -3.50501331411968E-8 -2.7633445520826097E-5
0.5201731653431543 0.38799390136202994 0.0753439569886662 0 2.435107057528165E-8 -3.18021850882469E-8 -2.7640488403325385E-5
0.7501545426059838 0.541195955123228 0.09999999999999998 0 3.826060476764818E-8 -3.894503736043081E-8 -2.7631205205888344E-5
0.5828756184496425 0.5332115379316271 0.0868511630159933 0 3.5833819016813406E-8 -3.684860801913569E-8 -2.7625615963034736E-5
0.650470548607775 0.5465931881196748 0.09240305490818579 0 3.8171187068031934E-8 -3.627044823994157E-8 -2.7628088944815387E-5
0.33827356631260735 0.19741612693850677 0.06018657141513714 0 1.0943692578881637E-8 -2.1080539120504274E-8 -2.7636881878213363E-5
0.2643297840462276 0.19520810401833616 0.057617277126140565 0 1.3403021171533424E-8 -1.4375040762447259E-8 -2.7640424195904775E-5
0.23462332403576286 0.13422621113694244 0.055643167928538385 0 1.468702146046845E-8 -1.031848897483296E-8 -2.7629785437089218E-5
0.1835322570857455 0.12636576122723128 0.05431954168807021 0 1.1400191732675104E-8 -5.2164357756270365E-9 -2.761555253557848E-5
0.15384433041034717 0.09209874155024383 0.0533301823681776 0 3.756428310956532E-9 -9.411336108600205E-9 -2.761150814574671E-5
-0.5199939829281822 -0.124648956040805 0.06768673130026932 0 -1.585919238376809E-8 3.373090499119997E-8 -2.7612989529656686E-5
-0.5744027965338087 -0.14938461510286838 0.07144252826293566 0 -1.4489201203336724E-8 3.6036147922498464E-8 -2.7625488108762075E-5
-0.6477191420222239 -0.14358128013705043 0.07642272847163621 0 -7.257348472533266E-9 4.2175157821151266E-8 -2.7625758705698423E-5
-0.735100345459195 -0.11930462056175606 0.08291132970822637 0 -1.5507268725293134E-9 4.965915306906567E-8 -2.7607883207989442E-5
-0.8023821229894582 -0.12465004703532732 0.08885408731398864 0 -1.0243388479818491E-8 5.381255922883203E-8 -2.7597514635004398E-5
-0.8531067718150073 -0.15803750226362165 0.09415708085227005 0 -1.688128123081956E-8 5.3393677656580806E-8 -2.760367137564939E-5
-0.9051158299750595 -0.19076243784282 0.09999999999999995 0 -1.8749862381898527E-8 5.535417463569691E-8 -2.7610889253810983E-5
-0.8393412000271001 -0.10211595922316327 0.09200820531311653 0 -1.2287742203346031E-8 5.7188999032023715E-8 -2.760446295350634E-5
-0.5124187514513647 -0.05184789683178334 0.06651654728017117 0 -8.188179460795994E-9 3.723177453467544E-8 -2.762315968247449E-5
-0.4662367643365183 -0.05429215722432917 0.06397307879016166 0 -3.8419389659637E-9 3.531728362567707E-8 -2.7619931675907007E-5
0.07846305682895906 -0.1359020009449211 0.0529048760801971 0 -8.653698817329711E-9 -3.79057574754554E-9 -2.7619250024975242E-5
0.1581850159804538 4.03666044625459E-17 0.05292729798071231 0 -2.176001821296744E-10 -9.043875399684402E-9 -2.762143467894034E-5
0.1339429855522494 -0.042721659792281826 0.052630185389843626 0 -5.373561876097173E-9 -5.017654955337346E-9 -2.7619589658742645E-5
0.12170874450296679 -0.07937873255132208 0.05270638285367756 0 -9.031432709350315E-9 -4.874632109064794E-9 -2.7616530255585057E-5
0.0926329081859553 -0.0934021566431387 0.052491087538806276 0 -9.044455219428449E-9 -3.3879617023419262E-9 -2.7620871251242887E-5
-0.07925046645516257 -0.1372658344238745 0.05293295280422828 0 -8.523262707362297E-9 6.0412347976524404E-9 -2.7619018753694813E-5
0.12737884186502532 0.04457914646124025 0.052542398875778 0 -2.6547227481811934E-10 -9.515379485694828E-9 -2.762200792608748E-5
0.025874926118163208 -0.13266950985365822 0.05254567933671947 0 -7.727385466557223E-9 3.1730853994800227E-9 -2.7618847007388546E-5
-0.025243839799718233 -0.13300675455069116 0.052548920040911946 0 -8.943052622954493E-9 6.451332431906705E-9 -2.7618809973240303E-5
-0.18973296493485722 -0.18461798069110355 0.055474546986767154 0 -1.419982459807166E-8 7.0169601758550055E-9 -2.762740739680298E-5
-0.2483235922732361 -0.1816505696604007 0.05686432272721824 0 -1.3839717054039083E-8 1.396302238102352E-8 -2.7631914211269144E-5
-0.30831506111577245 -0.17770170158565643 0.058672582596364375 0 -1.1027598763656075E-8 2.0529427197878456E-8 -2.7632859609315182E-5
-0.13643849435757827 -0.142707733989249 0.05371629461338724 0 -8.182236169659026E-9 4.6738251304188266E-9 -2.7615742528218432E-5
-0.184039983968445 -0.12735803584373426 0.05434432437859786 0 -1.1500148676987905E-8 7.098787512811207E-9 -2.7611253555051843E-5
-0.10393602836491156 -0.0928684349452979 0.05261104654913399 0 -2.1779929190511118E-9 8.612363718699102E-9 -2.7618759856030174E-5
-0.33491839009005275 -0.13913239257244242 0.05894927757126896 0 -7.328893276700143E-9 2.2275491975565406E-8 -2.763261652146932E-5
-0.379850741799242 -0.12110542276221135 0.060500587943527986 0 -2.8261971152743168E-9 2.579069032027684E-8 -2.7625854302169358E-5
-0.40842759083875496 -0.05875232359605658 0.061140527783328784 0 -2.2650792104283246E-10 2.985925785599015E-8 -2.7626710591395458E-5
0.36282250283673584 0.2686598783514224 0.06303900336729046 0 1.806505518094349E-8 -2.574016768030459E-8 -2.7627721793281857E-5
0.4058790843317993 0.3317218591300756 0.06705525860874961 0 2.848782509632091E-8 -2.3979110637018633E-8 -2.7626017149585493E-5
0.4678168231247622 0.39722837411780604 0.07282402579327739 0 2.826836840361166E-8 -2.691393682035329E-8 -2.764008417960208E-5
0.43228391685071293 0.3802988180284773 0.07026687195777441 0 2.999508960459803E-8 -2.305570422297792E-8 -2.7634860084586366E-5
0.5096255127299391 0.5106912413470729 0.08097857821614195 0 3.1108943202782456E-8 -3.514669509228165E-8 -2.763048528029686E-5
0.49005227512439575 0.44470401859070535 0.07629562530822705 0 2.8260062700480378E-8 -3.04871290168678E-8 -2.7639440754154007E-5
0.5354804188313992 0.5793968081607486 0.0867593250488703 0 3.870053263189844E-8 -3.5712132454100304E-8 -2.761603456569971E-5
0.6847900044003186 0.621834941224156 0.09999999999999994 0 4.558818789945056E-8 -3.798874029718577E-8 -2.76340751993577E-5
0.5876935447112426 0.6161088910778022 0.09257893706827944 0 4.564159127994015E-8 -3.3633445176274115E-8 -2.7621415003489746E-5
0.2968769596322443 0.26583446546620604 0.06049214663587174 0 1.3909111937748286E-8 -2.1079159631403142E-8 -2.7633914951712008E-5
0.22703812963746217 0.26409762190385 0.058370438456053005 0 1.5050253364050374E-8 -1.3294630019655539E-8 -2.764293096092168E-5
0.18890830540911197 0.18932922319802872 0.05555650018582656 0 1.4267021760161637E-8 -5.185348096087104E-9 -2.763524296533849E-5
0.10177697427875262 0.08834048795367637 0.05253956863179544 0 1.9902435688820728E-9 -6.950367000436135E-9 -2.7622824547025778E-5
0.13647605991683223 0.1435082568468913 0.053729825805134857 0 8.334262649385106E-9 -2.9073948195891015E-9 -2.7621120393247582E-5
0.14969050843762163 0.2592715660247786 0.05657975437506356 0 1.7864255526582025E-8 -5.637836981745823E-9 -2.764455671686288E-5
-0.5844196053235717 -0.07491703801282973 0.07115392026499065 0 -8.940021667710166E-9 3.957872812780107E-8 -2.763005477605702E-5
-0.7351410524947968 -0.060926854977285956 0.08231802271497875 0 -2.5331728052660916E-11 5.112962608364521E-8 -2.7616281622876205E-5
-0.6752473549062168 -0.060997662019661704 0.07752927755735102 0 -9.122582134245271E-10 4.571632892508362E-8 -2.7627097419735014E-5
-0.7962287177911108 -0.06074957956360477 0.08762354715881242 0 -4.765785594918019E-9 5.5878119692146905E-8 -2.7609413229428715E-5
-0.8627884197170684 -0.055125093298773874 0.09385473111979895 0 -9.059590651015046E-9 5.8326377624056997E-8 -2.7612904765901555E-5
-0.9192838471164881 -0.10263764414409532 0.09999999999999994 0 -1.3787518084836075E-8 6.150777399433625E-8 -2.761393107293891E-5
-0.5447672634209793 2.858524015158418E-17 0.06830049229574699 0 -4.633523770402215E-9 3.5481725008649935E-8 -2.763133346484609E-5
-0.4638591691868275 2.797468827787367E-18 0.06368112390889594 0 -6.351691749461569E-10 3.024859555433242E-8 -2.7626948306986586E-5
0.04273067501608843 0.07401170016957923 0.051925849626185475 0 2.8567470357857114E-9 -4.900073177380102E-9 -2.7632193318049905E-5
0.04273873390329096 -0.07402565857166639 0.05192600533605054 0 -6.432540581980125E-9 1.317595225946416E-9 -2.762960042869138E-5
0.08580268905133058 2.7616060966210454E-17 0.05192915349305607 0 -3.637255208626421E-9 -4.4868761362397795E-9 -2.7630793528385103E-5
0.07416648351753428 -0.042820039223696336 0.051927573540639343 0 -6.0513862735362495E-9 -1.7990045108004392E-9 -2.762990403778643E-5
-0.04299754043112494 -0.07447392462720538 0.05193102148339571 0 -2.844624581961136E-9 6.745644624402477E-9 -2.7629430526713102E-5
0.07415950431437714 0.04281600977887487 0.051927495533993596 0 -7.256506905607889E-10 -5.698376667503841E-9 -2.7631368215596797E-5
1.3904975238826412E-17 -0.08573627431625096 0.051928505242836896 0 -5.326653169197473E-9 4.825395107957558E-9 -2.7629107369887354E-5
-2.9796378738924766E-17 0.08577355466188762 0.05192886660175564 0 5.43134638505089E-9 -3.039465581506617E-9 -2.763208620247421E-5
-0.22815732549244747 -0.13366956667415786 0.05546555293618704 0 -1.475474701784744E-8 1.147171608609471E-8 -2.7623183106418536E-5
-0.27837086784154214 -0.12617379267311213 0.056793561369108604 0 -1.1679444051117443E-8 1.7550515392429663E-8 -2.76325828373465E-5
-0.15093740406319933 -0.09389909648308081 0.05329903073383901 0 -3.5718304460957234E-9 1.0811019425025768E-8 -2.7608508615550962E-5
-0.19761019796705667 -0.10158906953187431 0.054303584925033135 0 -1.228794347649897E-8 1.2133216531545882E-8 -2.7610285179401942E-5
-0.12619399745448537 -0.06614911525416545 0.052660410611162535 0 -3.873333770281989E-10 1.1290351653526485E-8 -2.761727276049296E-5
-0.07423701450489274 -0.042860760308234 0.05192836227840669 0 7.273599355017633E-10 7.489409097049895E-9 -2.7629812904191415E-5
-0.4277423899643161 0.06497482014443749 0.06209784320535729 0 7.472269323885593E-9 2.3925314376655105E-8 -2.7624399071398606E-5
-0.33304413722574777 -0.06930677678439595 0.058055306373968225 0 -4.189249744631675E-9 2.3093709906888393E-8 -2.763677557728526E-5
-0.3847166606924661 9.345124501562139E-19 0.059881376808148805 0 2.295186869296559E-9 2.5193422436327375E-8 -2.763555754165483E-5
0.3329058545937796 0.33325924236807375 0.06406157186555389 0 1.88100318301128E-8 -2.1404099657159947E-8 -2.761333186781449E-5
0.49825230464030634 0.6040689738251999 0.08623250303750961 0 3.5719011406525116E-8 -3.103730336835165E-8 -2.7613734979153495E-5
0.3818998921620359 0.39282083230988174 0.06849211870683777 0 2.9873220002118664E-8 -1.625537445329649E-8 -2.76272466509034E-5
0.4314021965681312 0.42876752259718576 0.07244484890584979 0 2.9952075655752423E-8 -2.3215265575643513E-8 -2.7638820282874623E-5
0.4723939921181883 0.5653277489130144 0.08223903081434109 0 3.140975650350757E-8 -3.27320278634434E-8 -2.762403951467802E-5
0.44736034083495346 0.4974141441538552 0.07684191432450417 0 2.9945559906297974E-8 -2.845658377629846E-8 -2.763791809396405E-5
0.5230354883414245 0.6422697488364204 0.0903707538749386 0 4.2164479780236257E-8 -2.6851267896672558E-8 -2.7614224163766136E-5
0.6177594130735138 0.6884753307245898 0.09999999999999995 0 4.968238484158843E-8 -3.262075098863705E-8 -2.7629217891654066E-5
0.5518007966248653 0.6760563257947593 0.09465507346897212 0 4.661925341908267E-8 -2.661421657898083E-8 -2.7621727827486104E-5
0.2625418688185837 0.33648330779519714 0.06181290503458571 0 1.6346544366653118E-8 -1.6362202351210356E-8 -2.763207658019907E-5
0.10763513709501461 0.3224957272318108 0.058047784011843594 0 2.1193904288012547E-8 -6.382027961249258E-9 -2.7644413701511696E-5
0.19231764390950024 0.3331039304431938 0.059877835485628014 0 1.9836862393661193E-8 -1.2899084086194953E-8 -2.764220337678673E-5
0.11136664405289663 0.19289268576805546 0.0543171535525474 0 1.4743794003473025E-8 -1.3880327759841057E-9 -2.7631013352242394E-5
0.07844894660138711 0.13587756131386042 0.05290437550856248 0 8.409866916290046E-9 -4.293783676947288E-9 -2.7623959645930666E-5
0.03519829734560284 0.13784946141786306 0.05265706254873472 0 9.562731942394039E-9 -4.591434177029543E-9 -2.762286417243703E-5
0.06630901180929025 0.2508565357105051 0.05531869953262273 0 1.9737906925242187E-8 2.120139294637106E-9 -2.7634398466742695E-5
-0.017053837843317182 0.27836069099312905 0.05590951428308119 0 1.6367083029386935E-8 8.238917385398815E-9 -2.76349923953191E-5
0.011677278178983168 0.25977319628253465 0.05533524160416193 0 1.7535435452798784E-8 7.736885742446148E-9 -2.7629284327304237E-5
-0.036475279191632355 0.1302798698937502 0.052547520741153056 0 7.784848655934505E-9 -1.587423056514577E-10 -2.7624114698782815E-5
-0.004334214649360648 0.15163914092247652 0.05281372846092682 0 9.306349106879287E-9 -3.0833846601597143E-9 -2.7618915258980464E-5
-0.5548238392163805 0.07638757137486699 0.06925704553616709 0 -1.2682415812333951E-9 3.391014044281013E-8 -2.762900828566723E-5
-0.6361392415232946 1.3179599374821288E-17 0.07441207081886599 0 -7.424515100961912E-11 4.128848990698908E-8 -2.7634300717045354E-5
-0.7353276040989696 1.376885046738379E-19 0.08212306732579755 0 2.8923831931759437E-9 4.766382029494264E-8 -2.7621394766364328E-5
-0.8245744171037558 1.994957568951944E-17 0.09002147282184524 0 -2.8625214954352603E-9 5.340412000815735E-8 -2.7614916449854366E-5
-0.9249999999999996 -3.487031299242896E-17 0.0999999999999999 0 -6.5364920303718605E-9 5.996995009464879E-8 -2.7620969730193223E-5
-0.6215823870108426 0.05940809814964494 0.0735747228508592 0 2.5973403726040004E-9 3.9123240225896854E-8 -2.763451663760744E-5
-0.5039157942187592 0.07056797810116018 0.06615707446286308 0 -5.94117009898767E-10 2.8141716222242427E-8 -2.7620712683428568E-5
-0.4742240483662385 0.11256694280313873 0.06494853319711702 0 5.646571098464561E-9 2.8443401639093172E-8 -2.7608607295858042E-5
-0.4362515368769683 0.13236424219261794 0.06326633817399899 0 1.3171908139191932E-8 2.923916138281119E-8 -2.7614285858532517E-5
-0.3689420167821231 0.1279817916152874 0.06013540062401418 0 1.2026402604815351E-8 2.382885228977913E-8 -2.7632574264945563E-5
-0.40020050920329836 0.18553375498639205 0.06251643484045978 0 1.432023776694424E-8 2.810229989406714E-8 -2.7628205086022536E-5
-0.11902524067374867 0.3280525016025783 0.058398241089487615 0 1.9896956363117868E-8 7.147074675201137E-9 -2.7644139373589267E-5
-0.278960464150049 0.23105339123962187 0.058930977919053947 0 1.57835034598863E-8 1.7351703723213393E-8 -2.7639351693936676E-5
5.529796886260846E-16 -9.523255661324038E-16 0.05151308386343702 0 1.4999143580827827E-11 8.906414742563895E-10 -2.7639173850581643E-5
-0.043042879691499385 0.0745524545297515 0.0519319033593881 0 6.519416369697103E-9 4.55555997678224E-10 -2.7631993530122854E-5
-0.24680219676358373 -0.07209570484822997 0.055249906628573604 0 -1.1244862034550446E-8 1.724967809181642E-8 -2.7627328398682578E-5
-0.1740533791739203 -0.0457943921612332 0.05334383022045102 0 -4.300379811882496E-9 1.506035093259346E-8 -2.7615974374191025E-5
-0.12783259126111418 -0.033275347967647695 0.052499203818416273 0 8.405450563784794E-10 1.096577044051883E-8 -2.762167827463993E-5
-0.08544796042127181 1.2633032021521531E-17 0.05192572029476935 0 3.6379446390356294E-9 6.2704925146862666E-9 -2.763078355347192E-5
-0.33947513674739144 0.06240362523718613 0.058248486325065116 0 4.572786503326788E-9 2.1079784262211488E-8 -2.763905049503802E-5
-0.30816555573663146 0.12979030410922676 0.05783416263257108 0 7.132452209097283E-9 2.0577908991440882E-8 -2.7638897172721628E-5
-0.22695325756190307 0.2565120405768185 0.05814491145404571 0 1.7348043265430415E-8 1.5606021816229397E-8 -2.764285277473565E-5
-0.25569422992480956 0.1801064295667739 0.05704280655464759 0 9.004897604967816E-9 1.933970736492827E-8 -2.7638776779890046E-5
-0.07471068043782807 0.26158647648355277 0.05569656348774581 0 1.2920471779987701E-8 1.0291900852648526E-8 -2.763785624010275E-5
-0.15073713287945018 0.26108437273446883 0.05665087411303693 0 1.492268840672582E-8 1.3085745597272068E-8 -2.7644612071992385E-5
-0.0793293077376864 0.13740239153093972 0.052935779499837216 0 8.736303784526604E-9 5.7802369589503926E-9 -2.7623740514448348E-5
-0.299396714946573 6.0549876586637245E-18 0.05658028588283899 0 -3.127562588726566E-9 1.981691395677233E-8 -2.763945428519701E-5
-0.39181543828090004 0.55445735722153 0.07760084140770424 0 3.796467726790282E-8 2.4547324896191287E-8 -2.7638863183331075E-5
-0.42125713605646403 0.6077940464059373 0.08247265847688973 0 4.3115104063424476E-8 2.6551824947387034E-8 -2.7628938908250132E-5
-0.4499036574234317 0.6597655574984553 0.0876254316161508 0 4.47337186388021E-8 3.2967176664623545E-8 -2.762352678735947E-5
-0.4789401191209052 0.7197628636157833 0.09385470752197607 0 4.4654969607055965E-8 3.817309149454036E-8 -2.762800588705288E-5
0.30693864167133966 0.4042133776050551 0.06608285286906407 0 2.390090466885411E-8 -1.1652181546558424E-8 -2.762895959497106E-5
0.45341996389119593 0.6343388790419371 0.0859386615701075 0 3.517022077746742E-8 -2.5546811228345554E-8 -2.762228378120081E-5
0.36186279370904106 0.47199806236141656 0.0715259330567936 0 3.0415192237147136E-8 -1.7355221360248036E-8 -2.7641372027645657E-5
0.400949758946052 0.5652131577221655 0.07869394977656127 0 3.203937499549922E-8 -2.5675368504239694E-8 -2.7637313721822917E-5
0.4904238791693691 0.6985151762406319 0.09277567976728547 0 4.4071329909900216E-8 -2.2381386885378385E-8 -2.762551113282678E-5
0.5485314952955888 0.74480230687788 0.1000000000000001 0 4.897682388060894E-8 -2.518218382001851E-8 -2.763170249156121E-5
-0.157502577302292 0.4062797025959702 0.06224976286168574 0 2.3435812283337635E-8 5.973388200991315E-9 -2.7630077957513517E-5
-0.04439277195221168 0.328710102628296 0.0577329050528648 0 2.0222419814776413E-8 4.936471075127909E-9 -2.7642942434156028E-5
0.025557696189703685 0.3104658173674805 0.05699894508193312 0 2.0279312953806337E-8 2.8026144786329966E-9 -2.764119123269518E-5
0.05891091878969271 0.3561813785904501 0.05888183035860122 0 2.2027856871894027E-8 -4.162888356689016E-9 -2.7642024085930513E-5
-0.07539656272461737 0.3826387268002811 0.060112744280339386 0 2.5507810916281327E-8 2.2308996326942352E-9 -2.7637716687703544E-5
-0.19156331121345582 0.4731617410648756 0.06625147072173321 0 2.318957882090651E-8 1.5370329402356072E-8 -2.762863269942655E-5
-0.31860245148696237 0.5518356333914171 0.0744889558881298 0 3.471082594928504E-8 2.1496278887436123E-8 -2.764495600696333E-5
0.23188989210585279 0.40164507488900236 0.06367695651733306 0 2.5644824329808877E-8 -1.284585755779462E-8 -2.763493005194543E-5
0.18545604713463834 0.43047399478074116 0.06393784680976809 0 3.1507985035051406E-8 -1.2516774358278694E-8 -2.7629425938574426E-5
0.15384627156060351 0.3839117365891883 0.06118533303935759 0 2.5161149481497014E-8 -1.3213503536892762E-8 -2.7635306530612723E-5
0.08567704016096148 0.3934342712802923 0.06068036954612458 0 2.2987305377082178E-8 -8.901922889033484E-9 -2.7634748584257858E-5
-0.04746651353754765 0.1829715324610284 0.053532622158623755 0 7.3967767070737714E-9 4.522119632646461E-9 -2.7619686195705347E-5
0.01717373484524668 0.1662656573333219 0.053092157016808576 0 1.221321502590289E-8 -3.0419353474252296E-9 -2.7616408961473157E-5
7.833096257776418E-4 0.19069362679459012 0.05356840441819727 0 1.2104758041388226E-8 7.846189635206038E-10 -2.7611890318295312E-5
-0.014253461472862217 0.23459230484404994 0.05463523466770248 0 1.2598361864574477E-8 8.857803286369934E-9 -2.7620689128820587E-5
0.04520143550094837 0.1841851235528076 0.053545944108146816 0 1.587523860608248E-8 -1.3324796263898858E-9 -2.7619168278156706E-5
0.017981432514459814 0.22651294475696923 0.05443142027174295 0 1.7200448741737066E-8 5.910468933130342E-9 -2.7618423198518447E-5
-0.4509389353459413 0.18062953941108667 0.06485872161226297 0 1.180752150880948E-8 3.507157235786933E-8 -2.762031860055064E-5
-0.43855507291261625 0.22078311851591842 0.06514753629020965 0 1.2555213330156015E-8 3.237510271199072E-8 -2.7628960914469933E-5
-0.5430568755805911 0.1088667628343709 0.0688662273363696 0 -6.422918805538944E-10 3.4263395478254844E-8 -2.7624513271943036E-5
-0.5075730010734566 0.12513873893141766 0.06697106660603608 0 6.351421408062478E-10 3.333753154709619E-8 -2.7614036855110052E-5
-0.4876818695036711 0.16005919777938846 0.06641416297022892 0 5.824872904844752E-9 3.743639232675971E-8 -2.7614946764655698E-5
-0.5817364775186938 0.11498204866540508 0.07140762999266016 0 2.3299183169322585E-9 3.740657419622399E-8 -2.7631335692322163E-5
-0.6893460495224288 0.06354738512595376 0.07863780818203957 0 7.522310760667402E-9 4.248540168334014E-8 -2.762701641824661E-5
-0.7599167871431189 0.060700756349994105 0.08441733903220823 0 6.234238612523537E-9 4.526121463749264E-8 -2.7614686867887522E-5
-0.8184909839211809 0.07533925376340878 0.08977629762126756 0 1.3009073709999285E-9 4.895490080558471E-8 -2.7609612882623974E-5
-0.8641324069088798 0.06217499425579329 0.09403348687291993 0 -1.9810653104704673E-9 5.3324646356544876E-8 -2.76145090301056E-5
-0.919284810212244 0.10262901652303173 0.09999999999999994 0 -8.430902930396838E-10 5.7695736098297265E-8 -2.761775586668661E-5
-0.7200856347104291 0.1275637570102766 0.08178787314202204 0 1.4285596842183027E-8 4.561681290238335E-8 -2.7616124188521067E-5
-0.6366216770914513 0.14805650423757327 0.07568897320024312 0 1.0216396697788252E-8 4.147491129868951E-8 -2.7632222100873147E-5
-0.5083123257938114 0.6756675576578803 0.09200745306162258 0 4.1892153508059535E-8 4.0221505791905686E-8 -2.7619503754320028E-5
-0.5084523869045262 0.6310249340793687 0.08870435188239581 0 4.0158968217573044E-8 3.624166271874661E-8 -2.7612038860263836E-5
-0.5485031394581954 0.7448231888659755 0.09999999999999998 0 4.4887552277919094E-8 4.3747224591718966E-8 -2.7630400657852386E-5
-0.47303326379715877 0.5791284533565413 0.08316905076856485 0 4.103806563513624E-8 2.7317889056187773E-8 -2.7620410851450564E-5
-0.45509595152323223 0.4866404390645807 0.07663670286639768 0 3.150171540821254E-8 2.8350920436651332E-8 -2.7637455082073462E-5
-0.4180330375357138 0.4186106610386911 0.07131407766744807 0 2.2347490785327387E-8 3.1496462315539157E-8 -2.763607147895811E-5
-0.35805699391726126 0.4725541821277961 0.0714004969823895 0 2.908911564952538E-8 2.7990383531573645E-8 -2.7640838520556555E-5
-0.3304177610769968 0.2075632873895256 0.060121873146272396 0 1.4504456579309882E-8 2.047528034693751E-8 -2.7636489488916388E-5
-0.3986677525588505 0.2551376793832065 0.06418286265211677 0 1.3729709790027624E-8 2.5367278331662637E-8 -2.7629730460327258E-5
-0.19326570388917413 0.3347460184966116 0.05996054906425581 0 2.221911387949608E-8 1.1305027098162251E-8 -2.7641868649364913E-5
-0.2326279902659774 0.402923498403311 0.06375456788963607 0 2.5040588219580024E-8 1.6443715999485597E-8 -2.763482461009047E-5
-0.2730034360466582 0.4728558218736924 0.06837705113188595 0 2.7406020088937755E-8 2.256187664282843E-8 -2.7640623070679723E-5
-0.30165136280488025 0.41841452971898935 0.0665620091821718 0 2.712669463915701E-8 2.636145305300795E-8 -2.763202203012148E-5
-0.2982294435153453 0.2720284218761083 0.06072614652584282 0 2.0389480051794982E-8 1.5925211570269332E-8 -2.7631895677642992E-5
-0.28071917465641966 0.3771430143239578 0.06401358518053687 0 2.7626578376322E-8 2.1750064487997214E-8 -2.762799698970848E-5
-0.25621859628623345 0.3266156402995803 0.061257118437086824 0 2.5215093155694173E-8 1.5658738159545042E-8 -2.763362292950973E-5
-0.07427627943517316 0.042883429926301085 0.05192880169730083 0 6.093056501557818E-9 3.647136707707303E-9 -2.763137168481488E-5
-0.10192189467460559 0.10267269443312377 0.05269596908601702 0 9.661165481237004E-9 6.622964198761516E-9 -2.7621927748992175E-5
-0.22270343343645202 -2.7398019802337882E-17 0.054316401779706945 0 -5.278606603215722E-9 1.5001652596419747E-8 -2.762729272232827E-5
-0.1568744501142894 1.9427769320198104E-18 0.05290395974586273 0 3.079414577871652E-10 1.0814486304358421E-8 -2.7621389273524106E-5
-0.1333037269353432 0.03517105967265549 0.05258728793055297 0 4.816294287561335E-9 7.119630700768405E-9 -2.7621815319367896E-5
-0.2668792736165403 0.06671487334767572 0.055790773586017584 0 -1.2529767827513387E-9 1.705941446477247E-8 -2.7634476704345042E-5
-0.25161809751440434 0.1255049475699697 0.05598231997151887 0 2.098047048831261E-9 1.8837588213922172E-8 -2.763250072433001E-5
-0.2204702956430696 0.1429341155499399 0.055415459742855375 0 3.34273657235016E-9 1.967079760644477E-8 -2.7627735669922297E-5
-0.18350196867475072 0.18844743574056294 0.05542383280391714 0 9.566077966318249E-9 1.8455058569909467E-8 -2.7634439863215513E-5
-0.1122914677939212 0.19449452747555573 0.054363926326504504 0 9.576021760794696E-9 1.2631686773724882E-8 -2.7631103877070543E-5
-0.13865734030206042 0.13413724110678021 0.05361667711440056 0 9.845367975991157E-9 1.4003993576816833E-8 -2.761861459312127E-5
-0.3679940573528883 0.637384404218618 0.08217817873449762 0 4.152836808568056E-8 2.2246892285397755E-8 -2.7633799573178925E-5
-0.4124740638930545 0.7144260354671818 0.09005646238462257 0 4.345691088775646E-8 3.0214045009949275E-8 -2.762902174452193E-5
-0.4625000000000002 0.8010734985006057 0.09999999999999998 0 4.71433387678702E-8 3.67445392146852E-8 -2.7636868698695024E-5
0.41227210451772545 0.7140762315680472 0.09001864521731297 0 4.637141599200077E-8 -2.1592345873088673E-8 -2.762993349838992E-5
0.27234892372669683 0.47172217328134014 0.06829621029644013 0 3.201197526871337E-8 -1.1809304321410273E-8 -2.764074538935743E-5
0.36764043700660404 0.6367719158122639 0.08211917016769554 0 3.8726843629336824E-8 -2.3898718189965367E-8 -2.7634573815678936E-5
0.31803615984503875 0.5508547874957042 0.07440724687637126 0 3.474276846335632E-8 -1.8456065165951818E-8 -2.7645400173629267E-5
0.46250000000000013 0.8010734985006064 0.09999999999999999 0 5.3736899979241824E-8 -2.138836684161498E-8 -2.763778180982587E-5
0.3836506929290541 0.7746515411716932 0.09384509082801112 0 5.385268533222128E-8 -1.8559146220166307E-8 -2.763009970033182E-5
-0.14030890931253803 0.4679836164169959 0.06501280116403946 0 2.6470965023289817E-8 1.0386903030612943E-8 -2.7615672598545814E-5
-0.10294114607188212 0.4464085827438704 0.06338188130081227 0 3.131477609344149E-8 4.111767396804572E-9 -2.761987143504826E-5
0.013052198219917906 0.38970549808144683 0.06010955939350729 0 2.4097649197484424E-8 -1.5239024624453662E-9 -2.764042265512788E-5
-0.04037960269203984 0.44085703180834646 0.06259577733066987 0 3.096890647998599E-8 2.344343702186821E-9 -2.7633080930561516E-5
0.06533055038853267 0.4354649165439312 0.06247764990259344 0 2.3312631740020386E-8 -5.661284499192338E-9 -2.7629576197930114E-5
0.21079455863719812 0.4693257584201238 0.0664848367230654 0 3.527339418977074E-8 -9.682794606572508E-9 -2.7633452084530223E-5
-0.2117215867706234 0.5198781223671348 0.06933829044213057 0 2.7682009228788723E-8 1.8890173907196465E-8 -2.7637851863789032E-5
-0.1460434120132441 0.503264073058023 0.06704541835555092 0 2.822139763904877E-8 1.693523997998465E-8 -2.7621889063968752E-5
-0.17773060720916653 0.5259463281585314 0.0689480477972893 0 2.838456326890754E-8 1.840103122949622E-8 -2.7632928656225258E-5
-0.2900329026458535 0.6297052539110424 0.07871782471366953 0 3.9454654662586825E-8 1.5579543782078733E-8 -2.7638019065534882E-5
-0.2598642375444073 0.5690891545970852 0.07365958600480058 0 3.417257919289639E-8 1.8028627600240404E-8 -2.7644527569469046E-5
0.1498593825176401 0.45279307874260616 0.06437801254812758 0 3.252964440944585E-8 -1.0502667966710477E-8 -2.761878620552686E-5
0.11053788187593885 0.4306223745782792 0.0626902062642271 0 2.5344543295746182E-8 -1.1031061525354897E-8 -2.762289702130977E-5
-0.4490633670822637 0.26293361409508886 0.06682964731028329 0 1.2528118491052142E-8 3.143112219982506E-8 -2.7633351019660314E-5
-0.4300985673768074 0.3012630280350379 0.0671100012724704 0 1.2984563680438394E-8 2.8497927659744878E-8 -2.7631514871421265E-5
-0.49761740681994665 0.2259943198914076 0.06840949555720777 0 1.0475814504736508E-8 3.7352307949970265E-8 -2.763242425723299E-5
-0.5518948161465873 0.17422255470543743 0.07046196471921622 0 5.2141614444804866E-9 3.921674456690063E-8 -2.763007367223088E-5
-0.4324706598932548 0.35955969358955997 0.06940707877592157 0 1.5758383631029984E-8 3.053715171525813E-8 -2.7632755885547482E-5
-0.7940808377677345 0.13178185399490336 0.08820577601429047 0 7.2045526135869795E-9 5.060983281292125E-8 -2.760121411689828E-5
-0.8565041007211139 0.12935729823844902 0.09401883827528355 0 8.868065717501197E-10 5.498014352214956E-8 -2.7609252179156984E-5
-0.9051192255768065 0.19074632675980735 0.09999999999999998 0 5.232881354989419E-9 6.208159215066887E-8 -2.7618002705612002E-5
-0.7583678808155521 0.178257805309045 0.085877514601274 0 1.4327206443546977E-8 5.280100563260522E-8 -2.760932101956771E-5
-0.6170663609123308 0.222189336538271 0.07585507468331582 0 1.4469601416006287E-8 4.076183517186749E-8 -2.7635250745946202E-5
-0.6972424057138269 0.20430689657176623 0.08139617396721441 0 1.690253613432408E-8 4.6672695103608226E-8 -2.762400435954745E-5
-0.5596851197575441 0.6634042603718276 0.09419033697962355 0 3.698984227018893E-8 4.243256849940798E-8 -2.7619401862589596E-5
-0.5445828559277583 0.5931276201062036 0.08823074690283748 0 3.362692295186619E-8 3.406230949566204E-8 -2.7613887474699403E-5
-0.6177328508859395 0.6884991641819085 0.09999999999999992 0 3.701930502928392E-8 4.4949422353345726E-8 -2.7627857680232237E-5
-0.5240933648557363 0.5322322969179639 0.08310069903157469 0 3.3777057936306766E-8 2.939782699930336E-8 -2.7624557943015304E-5
-0.482008368592271 0.40269833860051546 0.07383556549613608 0 2.323799085957743E-8 3.215130581248493E-8 -2.763974416937911E-5
-0.5228737105474611 0.469403410425903 0.07945982017150148 0 3.07262751421839E-8 3.168535527025998E-8 -2.76341601439619E-5
-0.3178442209190435 0.3574692689417035 0.06445327462614317 0 2.6382018023773307E-8 2.3936912435942423E-8 -2.7616504313997583E-5
-0.3668515165065182 0.391453181331997 0.06779342734587494 0 2.0675948385636888E-8 3.1461830067543624E-8 -2.762354807473843E-5
-0.37474174799433474 0.32521524057353407 0.06543736846884436 0 1.4758209893703461E-8 2.2833763726228415E-8 -2.761708128501118E-5
-0.3445240713159381 0.2767146512083848 0.0625551726814487 0 1.763355805683148E-8 1.7783101026785167E-8 -2.762553255239086E-5
-0.31825267387856393 0.31228528282505885 0.06275542647814246 0 2.3350530964685606E-8 1.7022548388102997E-8 -2.7619794489657976E-5
-0.13208776332768443 0.07040426877471616 0.05277929135503948 0 8.090049258000289E-9 6.811001764259972E-9 -2.761779330005768E-5
-0.13558426904309848 0.09984465055515283 0.05311549222562181 0 9.696155590198108E-9 9.751843478106352E-9 -2.7615061298509643E-5
-0.18433654548332082 0.04822270923057056 0.05356505347436668 0 1.1671341597654665E-10 9.15596195865857E-9 -2.761776074307399E-5
-0.2141365218541703 0.10501643106435352 0.054728299370409676 0 -7.487780881011289E-10 1.6035709200720728E-8 -2.76194579893121E-5
-0.18680865935078547 0.12991541986645883 0.054439563423197654 0 4.363805241430597E-9 1.8378365257210996E-8 -2.7616865191176265E-5
-0.1657690318723488 0.09663028560186346 0.05359396061230915 0 6.1623528004523015E-9 1.151371895097577E-8 -2.7609732113199958E-5
-0.3275435087421515 0.689022237889938 0.08446715933764735 0 4.099586338424919E-8 1.8177379001138177E-8 -2.762705771723744E-5
-0.3440235561346144 0.746753392646391 0.089798396197132 0 4.162564308464226E-8 2.4258390647092934E-8 -2.7623023819648212E-5
-0.3781299746230488 0.7796968295885027 0.09405159466762453 0 4.3771191855880385E-8 2.9395714728900374E-8 -2.7628848932154253E-5
-0.37078556224583165 0.8474286657041803 0.09999999999999998 0 4.8024955863892884E-8 3.068490295161753E-8 -2.7632793922508823E-5
0.33139114289377414 0.7785556133621918 0.09206768166444738 0 5.437036445834922E-8 -1.5152904553689383E-8 -2.7622498897933014E-5
0.3464548928541494 0.7191482470167311 0.08759713317592265 0 4.949217053723351E-8 -2.1354147958854678E-8 -2.7625567916039507E-5
0.31546555307223767 0.6681703741372863 0.08242156072081934 0 4.315668217482308E-8 -2.3076540352820302E-8 -2.763112083534871E-5
0.22784343961994072 0.5451094489255655 0.0712614275403811 0 3.768377692906169E-8 -1.0126259137649005E-8 -2.7642451874351977E-5
0.28413345033548576 0.6165726819630529 0.0775980862421621 0 3.8997828239339483E-8 -1.9655353128147664E-8 -2.764067444032667E-5
0.290977677915208 0.7546407636986492 0.08855875058870188 0 4.994455619090121E-8 -1.5805424586981793E-8 -2.76153537107776E-5
0.37075219693550476 0.8474432642497914 0.09999999999999995 0 5.867762561042132E-8 -1.58510376420596E-8 -2.763358120240046E-5
-0.10596501162257625 0.5041773372256164 0.06652572871029448 0 3.418644414678391E-8 1.4553488118729387E-8 -2.7622054323773694E-5
-0.07102778036707863 0.4813038479979327 0.06489977746314218 0 3.552169690469758E-8 8.264305902290642E-9 -2.7625918952495642E-5
0.019795838688718658 0.4703114259817324 0.06404440608297313 0 2.773896348405172E-8 1.3537274415593327E-9 -2.7634396973478168E-5
-0.028427878816465992 0.4894039605592073 0.06510500934199118 0 3.3265718826871814E-8 5.882305064916225E-9 -2.7634340804708934E-5
0.09307018049889713 0.4870154223859189 0.06541754354915294 0 2.5905600247641714E-8 -7.635804814020227E-10 -2.7620932324164865E-5
0.15223360853370174 0.5114589799667827 0.06762073099832455 0 3.612357605027212E-8 -1.2954960354889489E-9 -2.762513448743785E-5
-0.19168892528151515 0.5624523066487594 0.07149027116733256 0 3.2605600213334306E-8 1.7381026144280512E-8 -2.764033367550857E-5
-0.12546868182070262 0.5661421054611622 0.07053660282173835 0 3.5549827365582105E-8 1.5794646751309578E-8 -2.7638060583756137E-5
-0.25001651455608004 0.6877574831582879 0.0818288600417976 0 4.540691510064075E-8 1.1325339366382658E-8 -2.7627208205657367E-5
-0.19051431605916905 0.626194724144322 0.07575740850014469 0 3.99882775116966E-8 1.2665066773137883E-8 -2.764176017542426E-5
-0.496968869184538 0.31115828345845903 0.07096354188096898 0 1.625070826802647E-8 3.377852081574779E-8 -2.7639832623140994E-5
-0.5531916805568735 0.25483900449276115 0.07250231820116239 0 1.4188373402378264E-8 3.805908148318224E-8 -2.7638498774266055E-5
-0.8285501209973593 0.21135039229984 0.09293041569195869 0 8.628176960179695E-9 5.898654464610171E-8 -2.761399681901635E-5
-0.8809225682293763 0.28211960771987943 0.09999999999999996 0 1.1842172802065283E-8 6.1179085198412E-8 -2.7625932105607926E-5
-0.7578216461505274 0.23114048963723496 0.08705889216020636 0 1.5073149022696086E-8 5.271921131256431E-8 -2.761747319459275E-5
-0.5442886348821633 0.36830034160648034 0.07595460109733419 0 2.452074071195838E-8 3.48463136646093E-8 -2.7638367281757147E-5
-0.6102329054490169 0.29533181001281994 0.07752504764743703 0 2.1098446972633045E-8 3.783642215983282E-8 -2.763403954014941E-5
-0.6672358697757713 0.2726523999513782 0.08092297245691278 0 1.9604145499651423E-8 4.1342596871676344E-8 -2.7627998074314705E-5
-0.7250638207162802 0.2644091498704253 0.08523826785223539 0 1.737432372088233E-8 4.708143038436076E-8 -2.7622050796891986E-5
-0.6071515389330133 0.6092519905512257 0.0934219469334025 0 3.157452444416962E-8 4.150715646043305E-8 -2.76232928598063E-5
-0.5735399527378838 0.553508622043815 0.08749015204644302 0 3.136254579142816E-8 3.5249630083949445E-8 -2.7621832815051685E-5
-0.6847646792234087 0.6218628292777222 0.09999999999999995 0 3.2741457336921296E-8 4.8122256822394474E-8 -2.763266104307711E-5
-0.5770660846669927 0.4836246905463882 0.08360849061752018 0 3.161663834813013E-8 3.650372860301638E-8 -2.762828819654002E-5
-0.5580584193120216 0.42548332869284067 0.07938775238593494 0 2.954238631416625E-8 3.53275033140784E-8 -2.763379813568651E-5
-0.28374056147924315 0.7514739211838952 0.0880520415280374 0 4.5825754418486505E-8 1.9726450672439504E-8 -2.7613857264667332E-5
-0.3165497745723784 0.8071051679018629 0.09409208829712741 0 4.6770684822578736E-8 2.7856029313836937E-8 -2.7623141118833673E-5
-0.28739394850298333 0.8792210714939998 0.09999999999999995 0 5.486888385328788E-8 2.7626395167384168E-8 -2.7632173333622513E-5
0.29491717071644896 0.8166669280321706 0.09422261270086467 0 5.3673771250626704E-8 -9.694383627035214E-9 -2.7623604574811437E-5
0.15199695343335898 0.5713443637747507 0.07128864354870555 0 3.713752222494068E-8 -2.7742973403437096E-9 -2.763945021883452E-5
0.2647361318881631 0.6988930987695543 0.08313425830297129 0 4.276488633802852E-8 -2.1158638200706533E-8 -2.7623788088669227E-5
0.19363779692619498 0.6392946953673742 0.07676490405819379 0 3.9177107520659226E-8 -1.2383209562947068E-8 -2.764084805058502E-5
0.23873623781901862 0.7680602578468166 0.08814793343306232 0 4.4713363928604574E-8 -1.0982030941578459E-8 -2.7618635358936245E-5
0.28735785633849587 0.8792328678266585 0.09999999999999996 0 5.589224472260812E-8 -8.572588085716418E-9 -2.763275393199016E-5
0.045020558010702406 0.5239593119206281 0.06715619876796416 0 3.017357088075504E-8 3.760235656632574E-9 -2.763655270725822E-5
-0.05203180167969757 0.5443357511275837 0.06842717285738563 0 3.6570191971317933E-8 1.0213101639899405E-8 -2.763907474387692E-5
0.00125333399408392 0.5186888782774369 0.06673044987207258 0 3.254502094716119E-8 5.614190613619251E-9 -2.7638558061623756E-5
0.09263905094403112 0.5551170207203664 0.06943102413110942 0 3.3247863348598706E-8 2.3122606838806134E-9 -2.763751714633324E-5
-0.22520922840433807 0.7458968973346561 0.08588793599516027 0 5.1673099251925774E-8 1.496744122226165E-8 -2.7620975099221897E-5
-0.056365569894855645 0.6123374883168232 0.07290850863136553 0 3.927764398387786E-8 7.089366216643693E-9 -2.7645970419352972E-5
-0.11459365381122652 0.6489796043007032 0.07609123122821615 0 4.1520566854376206E-8 8.408581552751577E-9 -2.7643819361056484E-5
-0.17201424223952635 0.7059350940103869 0.08139872432652714 0 4.761012785419041E-8 9.687763846562493E-9 -2.7634375211895072E-5
-0.5619648707592039 0.31624700130713346 0.07504348009682706 0 2.0875406828169444E-8 3.6154184989587063E-8 -2.7638724331924866E-5
-0.7888004165309431 0.29037609645717466 0.09153149855841576 0 1.4343630403640105E-8 5.269339899886203E-8 -2.7621278897165428E-5
-0.8437609348289447 0.37906778281416026 0.09999999999999995 0 1.6369103070391537E-8 5.5353335558556796E-8 -2.7626403549708806E-5
-0.6064827120561797 0.3683452405387546 0.08001332460787643 0 2.850581309605725E-8 3.7207367281799356E-8 -2.7627899169747494E-5
-0.6554904399290363 0.3258387756938692 0.08184700708932659 0 2.4014214252652205E-8 3.8225901416326037E-8 -2.762318388076039E-5
-0.7173789460644423 0.321865662586802 0.08652046298759287 0 1.893633724699629E-8 4.3085431720566865E-8 -2.761811096576692E-5
-0.6465139113454262 0.538316822314734 0.09160194260007758 0 3.06857469866264E-8 4.5096132737716594E-8 -2.762622630629591E-5
-0.7501326501074496 0.5412263004122692 0.09999999999999996 0 2.991651407062873E-8 5.532472827895339E-8 -2.7629646423809526E-5
-0.8010558185062641 0.4625204886241073 0.09999999999999998 0 2.255651709129844E-8 5.597842391887709E-8 -2.762343708830804E-5
-0.6328963674406779 0.44705014677999644 0.08550954643040555 0 3.181315042555475E-8 4.371241088592939E-8 -2.7620422318218123E-5
-0.2313025414788286 0.8233581280344338 0.09294490463014164 0 5.3975139754866796E-8 2.305856154814846E-8 -2.76266345695739E-5
-0.19616860770583666 0.9039546015730862 0.09999999999999994 0 5.738357084901203E-8 2.1464014530649512E-8 -2.7639049862017158E-5
0.2216527773738334 0.8287572231622684 0.0932031971273528 0 5.011208842155062E-8 -5.539987631333813E-9 -2.7628624415128294E-5
0.10414931811684251 0.6209165315731189 0.07394244219969823 0 3.836467529857636E-8 -3.2035688988617804E-9 -2.7644779871520533E-5
0.1942511971230704 0.716812779625243 0.08273823779707914 0 4.1039455816621504E-8 -1.336407334039767E-8 -2.763024186744407E-5
0.14442364609626682 0.6895139486023729 0.07960445430492032 0 4.1637843572354296E-8 -9.970516893555348E-9 -2.7639116170778554E-5
0.1913914876174544 0.7797285375111098 0.08801717214843206 0 4.539455396517632E-8 -8.01496063870202E-9 -2.7627516160882988E-5
0.196130597538861 0.9039628493277602 0.09999999999999998 0 5.638667805228075E-8 -3.172188650824539E-9 -2.7639472780316945E-5
0.020086990102898373 0.582926818943489 0.07076019404513119 0 3.607345534238331E-8 3.868030135422566E-9 -2.76455317889586E-5
-0.17894546311077822 0.7718277883825889 0.08706002927260566 0 5.17597956435491E-8 1.4262391277602634E-8 -2.7628687044796204E-5
0.04599891718688658 0.6542488180254783 0.07585611859697282 0 4.118182016978225E-8 -2.972094284067971E-9 -2.7644767951110775E-5
-0.007855133722757698 0.6491499078369714 0.07536310530979572 0 4.0853419342638975E-8 4.022521403038676E-10 -2.7645300755809692E-5
-0.13380906082414654 0.7600240739879767 0.08523325950883376 0 4.819911888958515E-8 9.450168712119345E-9 -2.7632436180034978E-5
-0.04850890629174576 0.6781878024575423 0.07767733236817918 0 4.220817294579752E-8 1.2722742278181095E-9 -2.7641807000003015E-5
-0.09794458893422112 0.7138796015511557 0.08090449857215169 0 4.4334247015934425E-8 4.6089332255337556E-9 -2.7637348966137033E-5
-0.7603438011582597 0.3738096376808479 0.09217483686370775 0 1.6919537620713116E-8 4.854531753849767E-8 -2.761591513324877E-5
-0.6767294999436547 0.3833870641168077 0.0857669286165472 0 2.6757759701789097E-8 4.177376670393073E-8 -2.760949920696425E-5
-0.7186415188607147 0.46354605628657686 0.09293928953994947 0 2.5548123153959383E-8 5.298338579895186E-8 -2.761661786961199E-5
-0.14285595486183847 0.8282574032154251 0.09152546819348935 0 5.136161079596696E-8 1.4923555764531957E-8 -2.7632656730719952E-5
-0.09363126894349026 0.9202489260084377 0.09999999999999998 0 5.457278419157191E-8 1.4623498607209592E-8 -2.7638156575660473E-5
0.09361324045256657 0.9202507597854978 0.09999999999999996 0 6.122580170967815E-8 2.8623634716044508E-9 -2.7638400061838057E-5
0.14341620299378274 0.8294494640794721 0.09164675622284839 0 5.2935095244821484E-8 -3.0375631959101876E-9 -2.7633062507537023E-5
0.08739963386816947 0.6969472503405287 0.07943927986118828 0 4.429447553708765E-8 -7.1307653440805615E-9 -2.7639745767749907E-5
0.1332242410665833 0.7460807458646898 0.0840331591986956 0 4.630011639056266E-8 -8.12374588502174E-9 -2.7633770454133643E-5
0.011531729957052445 0.7092408490309093 0.07999382505294728 0 4.5079258309840634E-8 -4.991850631402672E-9 -2.7635230259848232E-5
-0.08028628936017151 0.7814679591465112 0.08645850584417021 0 4.540969468718042E-8 5.974892968592724E-9 -2.762810831937606E-5
-0.04561230651596534 0.7294921334214546 0.08175631121749642 0 4.3837163165842844E-8 -7.38355085885474E-10 -2.7632062775786474E-5
-2.6622719632600497E-6 0.924994933365257 0.09999999999999994 0 5.820816906756532E-8 9.647286849174277E-9 -2.763385615546228E-5
-0.057540995049113024 0.8423979795604504 0.0918960227632853 0 4.8763030589421754E-8 1.0549526450560692E-8 -2.762595944839865E-5
0.04284010489062188 0.8515402282381707 0.09269147861274166 0 5.7156618106734136E-8 5.156465761027511E-9 -2.762530759740809E-5
0.06678793864290467 0.7745216917616873 0.0857326633705871 0 5.277801559414114E-8 -4.390989774520819E-9 -2.7626857620422798E-5
-0.010066347156763605 0.7750831353836388 0.08553470969702802 0 4.757484013117592E-8 -1.4530469252696693E-9 -2.7618819950354598E-5
