% Model:
% Version:
% Dimension:          3
% Nodes:              691
% Expressions:        4
% Description:        Surface
% X                       Y                        Z                        Color                    DeformX                  DeformY                  DeformZ
0.7501545366059812 -0.5411959634402135 0.09999999999999992 0 -3.599661564853818E-8 -6.044620888619119E-8 -2.761272278964124E-5
0.8010709981238165 -0.4624941975024229 0.09999999999999998 0 -2.7785230268652875E-8 -6.171783445049792E-8 -2.7609140270778143E-5
0.09365704332523052 -0.9202463037324213 0.1 0 -6.500839614003026E-8 -1.2352244499506878E-8 -2.7607442750927153E-5
0.1962292603758942 -0.9039414372048337 0.09999999999999995 0 -6.756292469540641E-8 -2.0306724181563662E-8 -2.7608975111728987E-5
0.2874231814397345 -0.8792115158194402 0.09999999999999994 0 -6.467387114691134E-8 -2.7513187579110457E-8 -2.7603073485423618E-5
0.6177594039507672 -0.6884753389104772 0.09999999999999995 0 -4.475163718307491E-8 -4.860759226839757E-8 -2.7605747859631472E-5
0.6847899965302143 -0.621834949891059 0.09999999999999994 0 -3.969231498272972E-8 -5.246069106551974E-8 -2.7612981494215857E-5
0.6644823007055147 -0.538951594396605 0.09297818153954257 0 -3.658607226115713E-8 -5.16955013284007E-8 -2.7609823605050282E-5
2.0711142119768948E-5 -0.9249949331376585 0.09999999999999999 0 -6.868559670809675E-8 -6.1913068795119034E-9 -2.760264833855454E-5
0.04393583996701241 -0.8511210240129379 0.09265635168129693 0 -5.968680305770257E-8 -8.017370717963384E-9 -2.759667704457397E-5
0.7176713367395712 -0.4652126067437795 0.09294805270739674 0 -3.099910733633399E-8 -5.7932235196591984E-8 -2.7602607548807603E-5
0.8437752388147 -0.3790359438971111 0.09999999999999999 0 -2.059407589929274E-8 -6.157131347907912E-8 -2.761510172857861E-5
0.7635253857731481 -0.3782532475337201 0.0926398396720293 0 -2.1196165590956484E-8 -5.467157384824531E-8 -2.760459810647088E-5
0.5547456546446984 -0.6639301342123076 0.09391738389868395 0 -4.466362825269689E-8 -4.5413119474305965E-8 -2.7597658470248203E-5
0.5485314847714319 -0.7448023146284535 0.09999999999999996 0 -5.3129871682528146E-8 -4.66390016213233E-8 -2.7606494615252587E-5
0.12762107521700677 -0.8265826692803626 0.09113421310198931 0 -5.960755378121701E-8 -1.192205212565846E-8 -2.7604607544570617E-5
0.22639239794839497 -0.823169454837357 0.09279966487488275 0 -6.32960071331168E-8 -2.203888807823445E-8 -2.7599599049798676E-5
0.3707854054882235 -0.84742873429503 0.09999999999999998 0 -5.756736817534241E-8 -3.1576284869012945E-8 -2.7604899568398838E-5
0.297447604941039 -0.8106467532563327 0.09375141746476388 0 -5.75887272760244E-8 -2.7409145944184613E-8 -2.7595305797316335E-5
0.6050561438570463 -0.6036830020468074 0.09289418017943475 0 -3.808472051987985E-8 -4.487555724171578E-8 -2.7603709845472146E-5
0.5365057739834548 -0.6074638984061794 0.08871198704411523 0 -4.182636688466083E-8 -3.822751148172142E-8 -2.759253970407076E-5
0.640351776746304 -0.4627856253417016 0.08686037768572825 0 -3.6543119463911435E-8 -4.945092666480973E-8 -2.760622777264147E-5
0.6027366073062329 -0.5213223560235656 0.08747588350371878 0 -3.704246028917598E-8 -4.326318136188968E-8 -2.7608925605258452E-5
0.11581756539084577 -0.7588114009433137 0.08487399945221091 0 -5.5346939007778604E-8 -6.240274576254522E-9 -2.760719763398496E-5
-0.09361073890939044 -0.9202510142029422 0.09999999999999994 0 -7.170882097525348E-8 1.571446425145116E-9 -2.760749140295884E-5
-0.19619007773418676 -0.9039499420937565 0.09999999999999996 0 -6.669613188343721E-8 8.80666110487585E-9 -2.760920457736535E-5
-0.2873887771284415 -0.8792227618026944 0.09999999999999995 0 -6.586874924266972E-8 1.5143366536079856E-8 -2.760350990916863E-5
0.06358506183867196 -0.7827017733005069 0.08643167294964106 0 -5.381656946537773E-8 -2.2405453627968367E-9 -2.7599256474672718E-5
-0.04837786591123471 -0.8513117859798404 0.09269807273978152 0 -6.688122522212113E-8 -1.0019292575191365E-9 -2.759730354628795E-5
-0.004822548609299431 -0.7855262944057821 0.08645491759740055 0 -5.895971485634073E-8 3.777091977267861E-9 -2.759077496114037E-5
0.8809325145611795 -0.2820885484172241 0.09999999999999999 0 -1.5006880372249978E-8 -6.783753198157965E-8 -2.7617822826797647E-5
0.677795607943666 -0.39290477214771735 0.0862680402418979 0 -3.153391822690782E-8 -4.7814759635154274E-8 -2.7596494483986338E-5
0.6103906305879976 -0.40135765312469535 0.08172372928462611 0 -3.550211142986162E-8 -4.313775961845206E-8 -2.7612297691238894E-5
0.8014927716328404 -0.2914410587712435 0.09271262928645595 0 -1.7156613595766564E-8 -5.993795981680046E-8 -2.7613392819279984E-5
0.7173493567573874 -0.31695962258024274 0.08634023460744475 0 -2.2468637775724318E-8 -4.844208589680905E-8 -2.7609389145766666E-5
0.8230806401765318 -0.20733638606092913 0.09232209730203018 0 -1.0975091781454584E-8 -6.49152285327829E-8 -2.7607053756120017E-5
0.5055257679581893 -0.637124600070996 0.08897493457515948 0 -4.7971293092015794E-8 -3.973261803163264E-8 -2.75924109578287E-5
0.4897167015298755 -0.6990669986722716 0.09278011319940965 0 -5.1774965208535975E-8 -4.1602172852154796E-8 -2.7602005573507816E-5
0.46249999999999986 -0.8010734985006049 0.09999999999999984 0 -5.6153271117130095E-8 -3.857588463534274E-8 -2.761060434591007E-5
0.18083964416846285 -0.7595104378227608 0.08602850609777069 0 -5.994167132311952E-8 -1.2563753097941773E-8 -2.7603436073072932E-5
0.2521627428797361 -0.7694593063835823 0.08864404636431371 0 -5.948170266004772E-8 -2.015545370989427E-8 -2.7590895510771225E-5
0.36329863298781023 -0.7692008953950572 0.09250410835033814 0 -5.15365008340368E-8 -2.8766306022568077E-8 -2.760119705883507E-5
0.29721686832567656 -0.7486484838731736 0.08825580478820183 0 -5.2498974188993734E-8 -2.0797555773582848E-8 -2.7590712052282444E-5
0.566498136584519 -0.34007595181336675 0.07621962270586992 0 -2.7419172609599478E-8 -3.972714873224503E-8 -2.7626823685743072E-5
0.5490740032503059 -0.5442731464552364 0.08535659345024513 0 -3.862522782229469E-8 -3.52428059520135E-8 -2.7604709439695838E-5
0.4877536710430043 -0.5826751104622181 0.08420495651136725 0 -4.675004303719848E-8 -3.0898852680890515E-8 -2.7598334176559965E-5
0.5629289159938321 -0.47314451663551055 0.08212579004392509 0 -3.667192759210331E-8 -3.871497831719461E-8 -2.761542158130634E-5
0.5395049675561714 -0.4037977139333864 0.07721405836956645 0 -3.171633685343815E-8 -3.784178398695503E-8 -2.7624735874492735E-5
0.08068135396090602 -0.714167303296879 0.080752947531276 0 -5.182027707982114E-8 -1.1098442123904077E-9 -2.761302991827355E-5
0.1307586883786586 -0.7179080095003467 0.08165710231721483 0 -5.422826881440047E-8 -6.1400240941909605E-9 -2.761251307971214E-5
-0.3707535969478622 -0.8474426517245004 0.09999999999999994 0 -6.841556000444379E-8 2.3445392243649003E-8 -2.7605528234657032E-5
-0.14308797449955207 -0.83181181721957 0.0918642159103333 0 -6.265776494303644E-8 7.577284025295731E-9 -2.760534010259615E-5
-0.22448109351079631 -0.8295744817427092 0.09335179876408067 0 -5.964130500707297E-8 1.1296427958328801E-8 -2.7600875515513088E-5
-0.2937621218403122 -0.816155750548228 0.09413660224150187 0 -6.290808428170158E-8 1.6127848476772858E-8 -2.7596346252230197E-5
0.02032803985547743 -0.7231235035279147 0.08113718206932351 0 -5.268241686386912E-8 5.583357624229836E-9 -2.7607916241164772E-5
0.049373389215154835 -0.676251463493053 0.07753347573866787 0 -4.978819833323881E-8 5.8148245231531E-10 -2.761947086421477E-5
-0.07537530152887752 -0.7754914719888756 0.0858872030654022 0 -6.14769752081323E-8 8.244960001611375E-9 -2.7602027520601382E-5
-0.03309170223836219 -0.7328034628470876 0.08197501691133365 0 -5.629145600825893E-8 9.41162361603262E-9 -2.7606022418115903E-5
0.9051251563026282 -0.1907181838739738 0.09999999999999992 0 -7.290648880019637E-9 -6.890070210974758E-8 -2.7613012979900617E-5
0.6346730356926771 -0.3174870091624341 0.08001946855914073 0 -2.7261671262526825E-8 -4.2216883377116756E-8 -2.7618534046336734E-5
0.7578046117703346 -0.24801668508133742 0.08751626752734717 0 -1.805680302446118E-8 -5.741296071825943E-8 -2.7611997186209332E-5
0.6897625743522149 -0.264441860913035 0.0824063475266023 0 -2.168605463692545E-8 -4.861609048784582E-8 -2.761789393884731E-5
0.7597010793028803 -0.19500257071099417 0.08634694259141452 0 -1.6583289660388423E-8 -5.9301356922962976E-8 -2.7606588212922123E-5
0.7883546035916825 -0.1648885681025431 0.08824892692988197 0 -1.1627593806110905E-8 -6.054775862270363E-8 -2.759954671337707E-5
0.8374232558848942 -0.12934172138602965 0.09218338983550128 0 -3.1026963538440106E-9 -6.007773480106238E-8 -2.760291001956528E-5
0.7880045515761319 -0.1291017367769672 0.0876205822064691 0 -9.481696596371759E-9 -5.58028413102542E-8 -2.759871968332014E-5
0.45389464101054455 -0.6418290507487612 0.08650541722977734 0 -5.184449800186985E-8 -3.4416456902718946E-8 -2.7600846832820857E-5
0.4122622788181451 -0.7140592129571535 0.09001680581831237 0 -5.1508287163729876E-8 -3.182362275689059E-8 -2.7605778914738692E-5
0.1697005588141962 -0.6915759378642319 0.08021607449160523 0 -5.407369808096055E-8 -8.69079354684902E-9 -2.7613469384850417E-5
0.24692814396934865 -0.6974874410583478 0.08250617855893733 0 -5.4332259952861124E-8 -1.1386293755620817E-8 -2.7602056414801444E-5
0.3299132550602819 -0.6955796266909601 0.08507057911176502 0 -4.883267801507369E-8 -1.951829994934491E-8 -2.7603213316948734E-5
0.5796784116794852 -0.2776116098201063 0.07488927562467991 0 -2.1099587795977958E-8 -4.1876902401799E-8 -2.7629814016699742E-5
0.5306797663003683 -0.29923675531161764 0.07251363051783592 0 -2.0708423064016588E-8 -3.926280038455011E-8 -2.7631343618141777E-5
0.5018045759598764 -0.34636458619402455 0.07254833341115845 0 -2.335621323044079E-8 -3.665553691700962E-8 -2.7629863622347795E-5
0.43691576165411183 -0.5863880363863174 0.08178506492225697 0 -4.889275064285707E-8 -2.8649243304043312E-8 -2.7608725133533E-5
0.5025098789806555 -0.5159632075862093 0.08087711077114174 0 -3.96890717946329E-8 -3.132927685611802E-8 -2.7612722433480648E-5
0.4531934148271225 -0.5420428192507506 0.07976926362259741 0 -4.3928100721261154E-8 -2.8427815869870463E-8 -2.761341591275882E-5
0.5051728219418842 -0.4543425560441293 0.07763963571270259 0 -3.428985174442912E-8 -3.437419646065657E-8 -2.7622707751871843E-5
0.4743994852003083 -0.40954268251415876 0.073738234339428 0 -2.8059035404413632E-8 -3.474353381289604E-8 -2.7626760512480756E-5
0.115198487208555 -0.6531897985847656 0.07640980333620502 0 -4.921098596876005E-8 -6.843537545726789E-9 -2.7621896228104573E-5
-0.4625000000000001 -0.8010734985006056 0.09999999999999992 0 -6.29775226395645E-8 2.99566368231105E-8 -2.7611587690772668E-5
-0.3837134371029664 -0.7748603000238192 0.09386619334345218 0 -6.28217708595483E-8 2.602093902840821E-8 -2.7604563675534358E-5
-0.3293828651109605 -0.7771045511687245 0.09186418681824765 0 -6.317479166623933E-8 2.2017009683196176E-8 -2.759637508936263E-5
-0.4839056580716607 -0.700569999447879 0.09257832058039935 0 -5.218057458194772E-8 3.0774750262943395E-8 -2.760347951125745E-5
0.04767908888924959 -0.6125339534466794 0.07287094188782159 0 -4.6153738628664386E-8 -4.485811422862771E-9 -2.7625829437564852E-5
-0.19485303194491674 -0.7756068237085788 0.08772926134592987 0 -5.381316539434121E-8 1.3576848017916584E-8 -2.7601051340244304E-5
-0.1380657870545559 -0.7497079460326577 0.08441541385599156 0 -5.477975929304911E-8 1.2482445713666508E-8 -2.760825299537123E-5
-0.24450643515018045 -0.7666415232960108 0.08818261063739213 0 -5.369698751199576E-8 1.714146356269905E-8 -2.7592056997037277E-5
-0.29287844997281653 -0.7560683801841976 0.08874412837590734 0 -5.8905350537151955E-8 2.2040895051812507E-8 -2.7590343297215252E-5
-0.018713178495829663 -0.6598847879456907 0.07617577755495693 0 -4.908623073564331E-8 4.798246712392239E-9 -2.7622129146785694E-5
-0.08839747535315964 -0.7039498716595032 0.08000538942626953 0 -5.290960745687686E-8 1.1041127042582186E-8 -2.7615181366751525E-5
0.8548200389796248 -0.0652462727687064 0.09314675085287963 0 8.167140062460437E-10 -5.903035795427649E-8 -2.7612587120254228E-5
0.9192877606928158 -0.10260258091221079 0.10000000000000002 0 -2.3187604443510617E-10 -6.479866559083326E-8 -2.761569471741415E-5
0.6384778628041976 -0.2349189996283244 0.07770845629712514 0 -1.924013909358976E-8 -4.599924483101355E-8 -2.7626349250222397E-5
0.7040732060431756 -0.2032143579310842 0.08191372549943252 0 -1.9085242082795164E-8 -5.262571525472888E-8 -2.7617063197116245E-5
0.5898871014295897 -0.20776639827421509 0.07364495662277284 0 -1.3662819876139467E-8 -4.44231572385474E-8 -2.7629770298152666E-5
0.7325342916850157 -0.13408386908087772 0.08291013088256632 0 -1.610190481828151E-8 -5.237317692028723E-8 -2.760896851569872E-5
0.8252770499196602 1.9257059754862352E-16 0.09008727174442388 0 2.964130601611856E-9 -5.982941150274846E-8 -2.761627603939766E-5
0.7859407931602105 -0.07401767626946823 0.08680140328934058 0 -5.6563867012598295E-9 -5.212852990942924E-8 -2.7608429300605346E-5
-0.499151538632016 -0.6334110077816723 0.08834372866104906 0 -4.5510262052931664E-8 3.5395785799229984E-8 -2.7593615552005074E-5
-0.539934650094959 -0.6040123388311489 0.08868415026698911 0 -4.86702390590801E-8 4.2015912278608687E-8 -2.7594251370023304E-5
-0.55199683338532 -0.6639303440969675 0.09374464706266032 0 -5.38725676658572E-8 3.661634378107306E-8 -2.7598688835315996E-5
-0.5485674035956859 -0.7447758606713794 0.09999999999999995 0 -5.7607659458457525E-8 3.473491212152859E-8 -2.7607652948756426E-5
0.36763254236248405 -0.6367582418875392 0.08211785344170683 0 -4.858619143115311E-8 -2.3674713700052352E-8 -2.7613189935611128E-5
0.18957159845420457 -0.6243064952889011 0.07560329744867302 0 -4.6816649293991126E-8 -1.2364390595192083E-8 -2.7621306660065524E-5
0.28831363121595577 -0.628175946475062 0.0785524110683112 0 -4.650370213735183E-8 -1.597231070468988E-8 -2.7617790985756118E-5
0.526450453306162 -0.23768251001620336 0.07038843476625324 0 -1.4146660409184825E-8 -4.17712095122868E-8 -2.7629169753255336E-5
0.47890979704271586 -0.2863984098188226 0.06912760288748078 0 -1.7041768485475825E-8 -3.648936481962015E-8 -2.76289594706937E-5
0.4494990254251993 -0.3483577682477059 0.06980849106780328 0 -1.9705620084359422E-8 -3.3778066047473974E-8 -2.7624635368430288E-5
0.38634553368626057 -0.5411366135074791 0.07653244947706521 0 -4.250872907949082E-8 -2.662405908225E-8 -2.762307882588808E-5
0.43810869406594616 -0.47330739854493387 0.07505155127124848 0 -3.497707628519523E-8 -3.140920075500107E-8 -2.7624125241880087E-5
0.4170420346765119 -0.4108303752912244 0.07090170067103962 0 -2.5936294416696713E-8 -3.3909366720186786E-8 -2.7622094288101558E-5
0.1909808398518187 -0.5616900805542806 0.07142639087555928 0 -3.888322730492995E-8 -1.7206540921195713E-8 -2.7621780951618215E-5
0.12475562378528363 -0.5650913910725969 0.07045918166236254 0 -4.199115379867434E-8 -1.4610386360524996E-8 -2.7619248048585216E-5
0.05189365664575958 -0.5409828050063739 0.06822031633188272 0 -4.2542752116342165E-8 -8.564126489406831E-9 -2.762057881588716E-5
-0.41249148408265685 -0.71445620812065 0.0900597252140442 0 -5.470289965706561E-8 2.9270571422751868E-8 -2.7606586707793578E-5
-0.34485879204612635 -0.7195732958375974 0.08756922173357189 0 -5.7753944996078715E-8 2.809760482893899E-8 -2.7601622658680355E-5
-0.4354763147019103 -0.6351536187841577 0.08509247440255904 0 -4.285503030497562E-8 3.294673940967131E-8 -2.7605370528811993E-5
-0.02127679909875187 -0.5862434400348023 0.07098260267248742 0 -4.292280620603738E-8 -9.293455320263116E-10 -2.7626153162367534E-5
-0.20123366572154053 -0.7196538123444207 0.08312630758513646 0 -4.9080095003347005E-8 1.8958324820032747E-8 -2.7604736056168864E-5
-0.1453861443112404 -0.6947291331504667 0.08002955113164492 0 -4.978470284223713E-8 1.4287137663509199E-8 -2.761520882675608E-5
-0.26439613737119816 -0.6970297197339501 0.08297653094743883 0 -5.063894689557371E-8 2.692706613264191E-8 -2.760104748097057E-5
-0.314732642366773 -0.6679534491621226 0.08237892997106575 0 -5.080404697202679E-8 2.9456891023977913E-8 -2.7609049654774036E-5
-0.10379006268918363 -0.6311723493295898 0.07466578004946206 0 -4.6233095897355573E-8 7.733485360353738E-9 -2.7623769607393205E-5
0.7822439697509947 0.07342341173252223 0.08646750245519458 0 4.933021680672322E-9 -6.140008810295395E-8 -2.761112963372682E-5
0.9249999999999998 2.358937726024754E-16 0.09999999999999994 0 6.6062667552675535E-9 -6.704910885875231E-8 -2.7622226513107642E-5
0.851370675269602 0.07427003550197267 0.09288407134507307 0 1.1314497516245757E-8 -6.482876781292909E-8 -2.761331905055981E-5
0.8038717607621603 0.12213857484508564 0.0889547066003148 0 1.161237571573444E-8 -6.022729858401219E-8 -2.7603269154293925E-5
0.5408130551366507 -0.18150058753720788 0.06992281214701015 0 -7.636692526146774E-9 -4.311946903420242E-8 -2.7624082679664993E-5
0.7247257834183621 0.0852066297502373 0.08165698245211614 0 1.3303540050568242E-9 -5.5789031455382837E-8 -2.7618850997910953E-5
0.6510493529215736 -0.15514133280147802 0.07686356365481603 0 -1.380150363650793E-8 -4.729950742572877E-8 -2.762648610172482E-5
0.5770279320473081 -0.15184347618041535 0.07165568912865208 0 -6.422937900659849E-9 -4.303138545151182E-8 -2.7627381369902748E-5
0.6918887433807659 -0.06772116765551027 0.07886795692620667 0 -8.749295853513202E-9 -4.7937643823548354E-8 -2.7625049227695793E-5
0.7364981201835382 1.7871933341171726E-16 0.08222076644985389 0 -2.7678839741233815E-9 -5.3398276879615745E-8 -2.762239177473046E-5
-0.48001255710073826 -0.5637645778356982 0.08255043176744216 0 -3.825772916581544E-8 4.1873193959170507E-8 -2.760484526715784E-5
-0.5678213237459834 -0.537667606136383 0.08613904983735729 0 -4.2389548912061644E-8 4.629029093567064E-8 -2.7607834171694225E-5
-0.600893054701109 -0.6092572756078649 0.09299302035398636 0 -5.232977160806267E-8 4.4444384750783224E-8 -2.7604306005803686E-5
-0.6178002971320171 -0.688438643052917 0.09999999999999995 0 -5.764571983165656E-8 4.304664576975349E-8 -2.7607197866266074E-5
0.31808183532075807 -0.5509338997403093 0.07441383187593008 0 -4.082587223539614E-8 -2.2658197792903317E-8 -2.7627080608907717E-5
0.2593907519340379 -0.5686281064407216 0.07361593901057979 0 -4.050551942351449E-8 -1.8538223437883157E-8 -2.7625948156745704E-5
0.4250914842628162 -0.2904030737883922 0.06650384046370365 0 -1.5910253777554613E-8 -3.039658333868774E-8 -2.762193733047184E-5
0.4860024477406568 -0.1810614961514008 0.06672716200822644 0 -9.704061756624596E-9 -4.159446282409942E-8 -2.7615437231060354E-5
0.4546475825643904 -0.2329362873436874 0.0662732760967022 0 -1.4634255446412731E-8 -3.669840262239292E-8 -2.762392549345794E-5
0.39693548996928896 -0.3460112170117685 0.06719703593166886 0 -1.7913549723923507E-8 -2.9955840218963604E-8 -2.7611953498911033E-5
0.3565677611611388 -0.4614203059811383 0.07075125137743832 0 -3.32924709279365E-8 -3.033786910119048E-8 -2.762474287532361E-5
0.36327728761747163 -0.38800374757803646 0.06749345504717459 0 -2.5226783469218337E-8 -3.308276471920331E-8 -2.761001373913939E-5
0.3750627258693446 -0.2936858939923492 0.0643465481455432 0 -1.817322112396564E-8 -2.3093294537602727E-8 -2.7613873219730978E-5
0.14556246178613044 -0.5017461145955597 0.06695111305462358 0 -3.386394113744373E-8 -1.6126839481332968E-8 -2.7604919749735776E-5
0.1773504711629968 -0.5251479744589087 0.06889288845838194 0 -3.4236668940306916E-8 -1.8191353246336898E-8 -2.76155561312196E-5
0.2111878992556696 -0.5199281931560845 0.06932845783235407 0 -3.355021393022964E-8 -1.8900994825124436E-8 -2.7620765832630886E-5
0.10436058799907272 -0.5010308479370807 0.0663275801738497 0 -3.996400153655541E-8 -1.3123186059145732E-8 -2.7605059862268118E-5
0.06673635655852131 -0.4767204709635782 0.06461779605353521 0 -4.0488768259772185E-8 -5.982961876138524E-9 -2.7610988277165912E-5
-0.006975621790116399 -0.5183972256879046 0.06671599267023115 0 -3.790079266857709E-8 -2.917187098469982E-9 -2.7621151974895462E-5
0.021803385387518696 -0.4822544950869184 0.06469299319690378 0 -3.767069845485003E-8 -2.977647713411945E-9 -2.761857352243272E-5
-0.05196883438319561 -0.5240326103663052 0.06719869985797552 0 -3.584065129806439E-8 -7.071321215419446E-10 -2.7618125446238076E-5
-0.3679909311443217 -0.6373789894665455 0.08217765681431859 0 -4.607915244277897E-8 3.085758482942649E-8 -2.7613670279532542E-5
-0.40158939943089916 -0.5697012631254147 0.07901179842938963 0 -3.850762152915484E-8 3.3037770686991155E-8 -2.7618360022197417E-5
-0.09590125636856872 -0.5619999312235502 0.06990127823248253 0 -4.032726415096121E-8 1.3739565802978367E-9 -2.761975751602783E-5
-0.19926692702634366 -0.6350324834465847 0.07658242747619838 0 -4.6290283005596605E-8 1.761256870647819E-8 -2.7619930627361503E-5
-0.2841593977557326 -0.6153602706014176 0.07751426427315905 0 -4.599856205394667E-8 2.5566203319701198E-8 -2.7620576540050805E-5
-0.15663037176370528 -0.5733099421965812 0.07149707499548641 0 -4.3957164687535036E-8 7.559419041127233E-9 -2.7620742442271826E-5
0.6892086201904363 0.11760753932384704 0.079182235454291 0 3.809886967057697E-9 -5.118083592143409E-8 -2.762474526873361E-5
0.7461230180043805 0.1326560288062978 0.08402816782270867 0 4.496379671220281E-9 -5.494783538866436E-8 -2.7609410082731017E-5
0.6908574756839181 0.1584953945063365 0.07995126254637963 0 6.685444946874796E-9 -4.955316986693316E-8 -2.7624020353940286E-5
0.9192877608705788 0.10260257931928718 0.09999999999999994 0 1.4989306529929098E-8 -6.852592637489145E-8 -2.7618702652520426E-5
0.8510855832446352 0.14814580550682163 0.09378949781498243 0 1.8097908801035645E-8 -6.053056006582914E-8 -2.7609318647245047E-5
0.7902639371481001 0.17887268414595758 0.08869278761371624 0 1.422592309525663E-8 -5.264276721951611E-8 -2.7606824490134507E-5
0.5270134709035552 -0.12362075461980128 0.0680883893303861 0 -1.0876889446628147E-9 -3.802563545265952E-8 -2.7616621535067548E-5
0.660910431014522 0.06111123862815046 0.0764443497197492 0 2.615348672705784E-9 -4.930858816364743E-8 -2.7632186450932387E-5
0.5965173615012839 -0.07939251741876008 0.07200225824383245 0 -2.5777139871308277E-9 -4.180149213249031E-8 -2.7631735500264087E-5
0.6371682462297272 1.7636191275501287E-16 0.07448630903843244 0 1.2762353425643566E-10 -4.611252587730292E-8 -2.7635185171671855E-5
-0.5998767009898777 -0.47889137063455584 0.08487289614566726 0 -3.4231215856150254E-8 4.5440409403377455E-8 -2.7612721197394697E-5
-0.4462665144718288 -0.4769553831048419 0.07565680574632232 0 -3.524995723808611E-8 3.497179036089457E-8 -2.7624395056177765E-5
-0.514031025104845 -0.49215788183100256 0.08018045280724438 0 -3.571991642018251E-8 4.303546796886597E-8 -2.761764837993468E-5
-0.5551101229584549 -0.4700701488343014 0.08146563252731463 0 -3.3464065820672295E-8 4.438361378873755E-8 -2.761769465397185E-5
-0.6562422498346266 -0.5241856689594518 0.09146905933596002 0 -4.164604814467607E-8 4.6349391218201923E-8 -2.7610754209002216E-5
-0.6848306133117381 -0.6217902179859557 0.09999999999999995 0 -5.286181202957036E-8 4.906562350522242E-8 -2.7614757601161208E-5
0.27241004361507065 -0.4718280360333558 0.06830375115676078 0 -3.268037508545114E-8 -2.3278784935267814E-8 -2.7625068583973936E-5
0.4535801009187721 -0.11979187747949692 0.06395953291420167 0 -1.1685611831636727E-8 -3.141569824000271E-8 -2.7605943602845455E-5
0.39072217276086296 -0.23584567652234287 0.06329187670784985 0 -1.6859795436870108E-8 -2.7465251900683583E-8 -2.7623334683991228E-5
0.41238404925178007 -0.18021837395374024 0.06296662723972753 0 -1.628332955553245E-8 -3.2496137396849503E-8 -2.762055073653507E-5
0.33633282409977633 -0.33989669688880314 0.06444423660906805 0 -2.6624234069520225E-8 -2.3750101145939555E-8 -2.7601502008781782E-5
0.30008338071089913 -0.40108479031261085 0.06570468861303413 0 -3.1687387893678514E-8 -2.7069726723391312E-8 -2.761571444198298E-5
0.32685099627426545 -0.2905697969488598 0.06232853198902638 0 -2.3761376255238186E-8 -1.8063290378774682E-8 -2.7614712258604266E-5
0.34557599933864525 -0.25420475687873284 0.06192004258218349 0 -1.943444787236793E-8 -2.0802189704990654E-8 -2.762215272690525E-5
0.13994680898558723 -0.4672126633962515 0.06496624972127402 0 -3.1739826094835313E-8 -9.624768166053299E-9 -2.7600426701025435E-5
0.19075484218748176 -0.4725311643222945 0.06620021711897697 0 -2.8421108625709884E-8 -1.5188581536328557E-8 -2.7613209775152413E-5
0.04901016908663563 -0.43723836174505165 0.062459634223422635 0 -3.5928390657371995E-8 -9.377328912275655E-10 -2.761771911840848E-5
0.10408488366078726 -0.44405468685268895 0.0632766673513578 0 -3.595208780683457E-8 -2.9441011766773574E-9 -2.7605607437273723E-5
-0.03083759909542402 -0.4757419881377713 0.06436680609968096 0 -3.255702710629769E-8 1.4442038340393987E-9 -2.761761880017276E-5
-0.0058033119248053185 -0.4414101175550563 0.06253303354413749 0 -3.231321489571891E-8 2.02942037081164E-9 -2.7621059241828286E-5
-0.39030681785658333 -0.4466269881485597 0.07141764844659583 0 -3.5379131430781986E-8 2.548593221259771E-8 -2.762419025109117E-5
-0.09527352708204243 -0.48999184724793493 0.06560563290386152 0 -3.223920186728738E-8 3.5641048755849797E-9 -2.7604335122788666E-5
-0.31827009850817745 -0.5512599811461146 0.07444098367382036 0 -4.117273084396033E-8 2.4476163447717554E-8 -2.7627643760559507E-5
-0.36296726797354567 -0.5093150093458659 0.07364571283377143 0 -3.742524863715086E-8 2.6359434225332493E-8 -2.762742322808501E-5
-0.1538656248196219 -0.515523498759926 0.0678853449092873 0 -4.2305037649223685E-8 5.288251777308383E-9 -2.760938785170615E-5
-0.23145619169988374 -0.5426436945370011 0.07120349698950754 0 -4.3826356425486274E-8 1.539265631501531E-8 -2.7624783857533012E-5
0.02839276411724586 -0.3973392921812578 0.06048540173023527 0 -3.0693181653602886E-8 9.874445594738289E-10 -2.7625793035738878E-5
0.6359863797306674 0.13411282944887548 0.07542020319546493 0 9.342976651590177E-9 -4.6191288983566564E-8 -2.7632668460365734E-5
0.7226994437477957 0.1997352924878217 0.08334138075756291 0 1.075240829754033E-8 -4.974027391002629E-8 -2.761949797807258E-5
0.6524176664552398 0.20477109599706128 0.07797707686621592 0 1.2728703821514234E-8 -4.671109370389045E-8 -2.7631742267077318E-5
0.9051251569294585 0.19071818089926676 0.09999999999999994 0 2.087489350310423E-8 -6.218469520931991E-8 -2.761867885698983E-5
0.8318102133114379 0.22322523392999097 0.09353078509252784 0 2.1351907167460255E-8 -5.5142450232421555E-8 -2.7616510339184965E-5
0.7561533810021175 0.2511688924028691 0.08746370240455802 0 1.8984285946621074E-8 -5.2400782917723945E-8 -2.761994885043803E-5
0.5078212312272354 -0.05773868566153316 0.06628756501631425 0 3.3006548996533746E-10 -3.269683537927807E-8 -2.7622476823509548E-5
0.580043566339009 0.07440259297015442 0.07086095755136954 0 1.0054691855204405E-8 -4.3544420412893414E-8 -2.763311184276028E-5
0.5449077695259106 1.435041058529122E-16 0.06830916124377966 0 4.641227591137028E-9 -3.9324238885184666E-8 -2.7632039630446645E-5
-0.6449966839705535 -0.4445280981035864 0.08625924084344859 0 -2.98448778099259E-8 4.6084866722930334E-8 -2.760584419340536E-5
-0.5773213056470615 -0.42632356756478973 0.08066830857907491 0 -2.810200070203411E-8 4.490611306149221E-8 -2.761880016247892E-5
-0.42560872193429483 -0.3924588186076942 0.07047472570296821 0 -3.483497970253043E-8 2.931949680755492E-8 -2.7622584335671464E-5
-0.5105636494997626 -0.4275668331221898 0.07661161867134533 0 -3.1660136719298775E-8 4.0145425258721866E-8 -2.7626140019401495E-5
-0.6821995337018094 -0.3893517946424338 0.08645016345112792 0 -2.7418635156315108E-8 5.343866496645672E-8 -2.759819740031814E-5
-0.7143597851634019 -0.46065181317541976 0.09243904770387963 0 -3.789809121997618E-8 4.8333555442743356E-8 -2.7603612593794752E-5
-0.7501479603301018 -0.5412050791178046 0.09999999999999998 0 -4.469080143355086E-8 5.0787146664333384E-8 -2.761473929427341E-5
0.23193963455587194 -0.401731231339728 0.06368217918749611 0 -2.9489192258806846E-8 -1.6704469884760423E-8 -2.762180109350807E-5
0.4253355502182103 -0.060426816635170834 0.06194940187312641 0 -7.681461199437904E-9 -2.68242957218231E-8 -2.7624274675784798E-5
0.3783639298171796 -0.12391451309547895 0.06047575124681011 0 -1.3782907172681472E-8 -2.6428068552484508E-8 -2.762727347246637E-5
0.3404696044317066 -0.192505611563268 0.06016257670047243 0 -1.5882547153920506E-8 -2.3573048134977775E-8 -2.7630544375531318E-5
0.2704412885460664 -0.32134890739138106 0.06148782850104334 0 -2.9079736870768592E-8 -1.704600492730666E-8 -2.762056463467662E-5
0.28780126788651955 -0.24610682281377952 0.05962067759661022 0 -2.033876350419928E-8 -1.81000193284085E-8 -2.762952831164573E-5
0.15779399244920164 -0.4060014305216929 0.062242172248634084 0 -2.8149423948303143E-8 -5.771525953967378E-9 -2.7617035165526063E-5
0.08201071126761389 -0.3939388987243753 0.060668066988986274 0 -3.108589925592553E-8 -7.85025412138777E-10 -2.7622128839691924E-5
0.04349199689707277 -0.3606955682361924 0.05897556113419837 0 -2.723357487328258E-8 -1.0602518638261876E-9 -2.763016856513518E-5
-0.05772042989369192 -0.4373202270026056 0.06251628812885628 0 -2.844293745188907E-8 7.452773208131552E-9 -2.761608722742175E-5
-0.03317807935019408 -0.4000499580003112 0.06062434517611841 0 -2.8195973140216144E-8 5.769414219961707E-9 -2.7625049279399887E-5
-0.3619566518906658 -0.37751131442037245 0.06698450376718922 0 -3.194341000534196E-8 2.17209854933921E-8 -2.760752540374588E-5
-0.36626813150114024 -0.4166408143589399 0.06892167223823106 0 -3.3841993238918786E-8 2.115172804774253E-8 -2.761785641306935E-5
-0.3449125590697449 -0.44322460700183025 0.06935603931497553 0 -3.428727932119102E-8 2.011742410723993E-8 -2.7622546246512267E-5
-0.1061373350373039 -0.43371612134398735 0.06278756375601147 0 -2.9892308986160676E-8 1.369340465640006E-8 -2.760802866497497E-5
-0.1533021139497205 -0.45854960024362473 0.06473399748772989 0 -3.883823614091374E-8 1.3383446892817768E-8 -2.7603563983714148E-5
-0.27258732769368704 -0.47213510106489254 0.06832563375196132 0 -3.7539671973515164E-8 1.717666150717793E-8 -2.7625508890902285E-5
-0.2137590545386873 -0.47234636278777903 0.06671710658979699 0 -4.086766356334933E-8 1.4265845445537504E-8 -2.76184745280393E-5
-0.18675532053812582 -0.4349325178463068 0.06418357757579088 0 -3.713742836634399E-8 1.6483668203893477E-8 -2.761480496645882E-5
-0.3826278748778653 -0.34149739132768103 0.06638993492953281 0 -3.240556265747067E-8 2.8629038748554326E-8 -2.7608303378703714E-5
-0.0010639892128916778 -0.35571530812846325 0.05866683852382106 0 -2.6448061784339674E-8 1.2583884095659243E-9 -2.763109618304516E-5
0.5665181445886517 0.15558354761445173 0.07104008880031383 0 1.713306866447017E-8 -3.9069253721707556E-8 -2.763076592513969E-5
0.5953591891669738 0.1936606882201294 0.07369160395615945 0 1.6233484440290256E-8 -4.134905335079085E-8 -2.763529074670421E-5
0.5192463818471629 0.12824117265253684 0.06769417632898124 0 1.75412042082828E-8 -3.684734065566956E-8 -2.761804658957668E-5
0.5285393108936259 0.16518893231571916 0.06885934434787161 0 1.8976819446292452E-8 -3.4069679450768E-8 -2.7624593510566074E-5
0.6744856330743806 0.25899543825752414 0.08106282636378111 0 1.6764027476731688E-8 -5.0060917461479925E-8 -2.7628152246849568E-5
0.5964895386590124 0.24538252217967127 0.07505456752399722 0 1.808148898879491E-8 -4.248466608333441E-8 -2.763716023211068E-5
0.8809325160784339 0.2820885436790224 0.09999999999999994 0 2.6829875519377458E-8 -5.971914796823022E-8 -2.7626459182123636E-5
0.7133503615870089 0.32015636681811027 0.08613118221459619 0 2.4655529687917042E-8 -5.528687979587761E-8 -2.761865603991992E-5
0.7978472984237357 0.3041762806928354 0.09281227257926788 0 2.740819209226389E-8 -5.65774135737265E-8 -2.7622457362738452E-5
0.4636209692030302 1.4593888372567647E-16 0.06366862151549985 0 5.828957041972843E-10 -3.338328678492472E-8 -2.762758626980792E-5
0.4938126220450951 0.06489296717588176 0.06554297030555511 0 8.700409352808133E-9 -4.050332776150825E-8 -2.762102542931922E-5
-0.6153231968638251 -0.38077552285640803 0.08115372829448388 0 -2.265490256573773E-8 4.893510233563951E-8 -2.761450073190299E-5
-0.560449570051932 -0.3810942956107818 0.0775098294695611 0 -2.5630605727528566E-8 4.3885564604854535E-8 -2.7625264535433456E-5
-0.4429539530445369 -0.3153758255937713 0.06823813858748431 0 -2.9909376096107006E-8 3.315441385619943E-8 -2.7625009854165373E-5
-0.5043029125892239 -0.34762375509843185 0.07274022680505556 0 -2.824288907409392E-8 3.8073981335817996E-8 -2.7630938312029263E-5
-0.6508158876168189 -0.3390076459058359 0.08199721983987755 0 -2.133939765795272E-8 5.3874906823181354E-8 -2.7613169245540103E-5
-0.7091826270730176 -0.32330839885714513 0.08590988858162861 0 -2.482928632206095E-8 5.793551381980116E-8 -2.7610255743609864E-5
-0.7619010673352372 -0.3837317836320327 0.09273617861998763 0 -3.572265010488294E-8 5.808233580620032E-8 -2.7606086312493976E-5
-0.8010515387579304 -0.4625279007956028 0.09999999999999996 0 -4.123194347994426E-8 5.703395016767561E-8 -2.7611428970047896E-5
0.19236089157799777 -0.33317883760233996 0.059881599761303 0 -2.5825702133174537E-8 -1.1507671309234061E-8 -2.763130554132941E-5
0.38492668203237634 1.0023152680894796E-16 0.05989052034096669 0 -2.2834783775956443E-9 -2.7595761312146343E-8 -2.7636077451772153E-5
0.2997814449763267 -0.1302546190444194 0.057552736756421544 0 -7.874477631664987E-9 -2.1847613412207526E-8 -2.763494999660097E-5
0.3411851195480258 -0.06215460789797836 0.058312559079427444 0 -5.427695403693867E-9 -2.3112069881409373E-8 -2.7637425690934667E-5
0.25568805190108224 -0.19009790761699052 0.05725179690059135 0 -1.2365903332021274E-8 -2.004015438232354E-8 -2.7633857074323132E-5
0.21970172124605264 -0.25470361780543144 0.057909449658114676 0 -1.9766214655397535E-8 -1.6148024818034633E-8 -2.763528322612187E-5
0.23090062297727731 -0.13379820267190193 0.05553869913937325 0 -3.6399752030516444E-9 -2.0028624934096615E-8 -2.7624548950280572E-5
0.10559774308437374 -0.32641465451667345 0.0581670361159444 0 -2.3393785777833054E-8 -6.007616970192557E-9 -2.7633485499738398E-5
0.031363797849434556 -0.30517057546423765 0.0568332914109285 0 -2.167180420915813E-8 -5.005722659884861E-9 -2.7630838819133173E-5
-0.08918266806588585 -0.39015326021997465 0.06056960464965617 0 -2.7469198443006844E-8 1.2100296236675788E-8 -2.7622314720277875E-5
-0.049756265008924744 -0.359262534671633 0.05895024498757894 0 -2.62379466831886E-8 6.017038968831577E-9 -2.7630121101586615E-5
-0.33370914900421456 -0.3553876317528072 0.06495432896100803 0 -2.504399778013225E-8 2.3001270033738833E-8 -2.7602763823474482E-5
-0.31386332305040454 -0.4019336098806021 0.0662221637922308 0 -2.8539923559242305E-8 1.7452862481634666E-8 -2.7614598771636447E-5
-0.15459594130071444 -0.3919265872876224 0.06155021858866086 0 -3.055003370427574E-8 1.7224035776595918E-8 -2.7620478949828412E-5
-0.2322802926341843 -0.4023212684393738 0.06371797650698165 0 -3.03222443476796E-8 1.7591754370967172E-8 -2.7621665753016913E-5
-0.33230969380311987 -0.31257443393730217 0.06328313435425743 0 -2.15259698668212E-8 3.004246764735574E-8 -2.760805555133194E-5
-0.37984334067586323 -0.29694191152231486 0.06465963905911942 0 -2.651158355324778E-8 3.250936930806734E-8 -2.7614233936144792E-5
-0.03281109095750644 -0.303248501545522 0.05677241598853609 0 -2.368509938452408E-8 -3.9274984579710856E-10 -2.7630659303019902E-5
0.002774404310843052 -0.26370741404826953 0.055444406431408536 0 -1.9273559690681924E-8 -6.832288857595352E-9 -2.7621704692696146E-5
-0.4503344724862791 -0.2539143429242661 0.06663047103760426 0 -2.2535774591207558E-8 3.193439422990809E-8 -2.7625994904439002E-5
-0.40625597693717014 -0.2614749559637888 0.06471383725610917 0 -2.259307315232128E-8 3.168832406456345E-8 -2.7622547979371915E-5
0.4615326701397575 0.12346215125476942 0.06442192515091573 0 7.972153577323303E-9 -3.3827886692700864E-8 -2.760839953878083E-5
0.5387084587482873 0.20560708274998704 0.07032262751622614 0 1.980929043129876E-8 -3.462828801012271E-8 -2.763290505716916E-5
0.4879508039440348 0.17532903328848173 0.06671893154849401 0 1.7015021684069377E-8 -2.87325101780864E-8 -2.761960977967304E-5
0.532509259731304 0.25445661626164345 0.07121936353097057 0 2.158360740381237E-8 -3.5552480106852446E-8 -2.763831777713976E-5
0.6341588941531792 0.31283518999890103 0.07981624453248937 0 1.9577395624687938E-8 -4.924705978956376E-8 -2.7628932218956807E-5
0.5661686439840169 0.30314954318445153 0.07485251919573685 0 2.165971426770585E-8 -4.116092064317245E-8 -2.7638825552040373E-5
0.8437752416466553 0.3790359375932063 0.09999999999999998 0 3.5562099420795175E-8 -6.051562069927571E-8 -2.7626694469968494E-5
0.6719229666176102 0.38840511082381185 0.08561888827579653 0 2.550854361627348E-8 -5.0275228677081654E-8 -2.760983573067689E-5
0.7564175363077813 0.38622567562379634 0.09237249347625182 0 3.5472759530425864E-8 -5.4883005462885944E-8 -2.7614880590063267E-5
0.41461516466779025 0.07768102097507298 0.06157475739077051 0 1.2960048371494584E-9 -3.3343690507163834E-8 -2.7625634303975237E-5
0.41609697408913526 0.13788398400008967 0.062378681269293045 0 4.552011717708706E-9 -2.9100551080168846E-8 -2.762073652489414E-5
0.3331467524821928 0.06332732629493788 0.0580143200893398 0 4.598726287702579E-9 -2.496278043004062E-8 -2.7639894595053012E-5
-0.47800098007166614 -0.21838828549818234 0.06713458210584479 0 -1.9689255789617508E-8 3.1024816245132224E-8 -2.7623839825222995E-5
-0.581042663690517 -0.3157640075984302 0.07626188231201678 0 -2.1553855044339854E-8 4.5536909423700465E-8 -2.7628438739288607E-5
-0.516501927640104 -0.27345997871285144 0.07083650833060166 0 -2.3321707461500963E-8 3.698736016319067E-8 -2.7631923534961166E-5
-0.6531660790226061 -0.2763311132584134 0.0799841441751332 0 -1.814350960899809E-8 5.1874993334697897E-8 -2.7623001970362732E-5
-0.7177089386751481 -0.25492955224205677 0.08435704674323387 0 -1.7704961707154846E-8 5.412695718715109E-8 -2.7617287849060282E-5
-0.7682837005378522 -0.21778108265977297 0.08762455506029665 0 -1.6149818260808287E-8 5.382572911886566E-8 -2.7610756468953045E-5
-0.7926496756412593 -0.29133333750236745 0.09190870000572768 0 -2.6048641522301468E-8 5.8609157720928045E-8 -2.761513738050191E-5
-0.8437556437212325 -0.37907955935377746 0.0999999999999999 0 -3.594921265949163E-8 6.354100955865826E-8 -2.7617440417668535E-5
0.14972579901011426 -0.2593326910893636 0.056582144341893334 0 -1.7672448313408704E-8 -1.297294955408934E-8 -2.7636139310632984E-5
0.30024351839566077 1.0287337474471442E-16 0.0566089984335615 0 2.9921216144404107E-9 -2.1388563517328377E-8 -2.7640132037145374E-5
0.25485064501553867 -0.06881848120103613 0.0554520694654174 0 1.2584298108462024E-9 -1.726582319073155E-8 -2.763007233598076E-5
0.2018137422816696 -0.09141964150518621 0.054287541904913736 0 -4.4907669988237703E-10 -1.3831124107802775E-8 -2.7612449365246462E-5
0.1764824224893901 -0.17786432905826247 0.05506179018247805 0 -1.0825220889297799E-8 -1.869031433035909E-8 -2.7625627949457688E-5
0.17846806103523252 -0.12182655323316927 0.054152220507936534 0 -6.4354399317733364E-9 -1.7240272931633504E-8 -2.7609846457822443E-5
0.06445906182530688 -0.2524774236880236 0.055351148337145016 0 -1.484137578924956E-8 -9.240847057882065E-9 -2.7626283659533294E-5
0.01713256069613923 -0.2191946756676691 0.054245341320781695 0 -1.3403509605919089E-8 -5.624554680905692E-9 -2.7609396592446684E-5
-0.015811501710617768 -0.22080470166743846 0.054282927994611936 0 -1.9063742990935985E-8 -3.4773617377696683E-9 -2.7609589515814277E-5
-0.11115524588477288 -0.32319159740630654 0.058116751891295344 0 -2.4886651544652807E-8 9.99580736099837E-9 -2.763403592234941E-5
-0.2724211583800276 -0.34021230275634257 0.06225471036920954 0 -2.0119472407994616E-8 2.188711546255682E-8 -2.7618349610840338E-5
-0.19295762658678686 -0.33421241295621795 0.059933626134453855 0 -2.3767906554833928E-8 1.720713931152418E-8 -2.7631111038413836E-5
-0.299671918215507 -0.26919022055739933 0.06068803798570996 0 -1.7133779576341906E-8 2.6870260219214415E-8 -2.762423133099708E-5
-0.35401952964801076 -0.2618191533072333 0.0624765930436588 0 -1.9736799488698632E-8 3.113735725698911E-8 -2.7620847144017055E-5
-0.059917909088264505 -0.2537684697083779 0.05535616729591674 0 -2.2948407275997515E-8 -1.5045394611432153E-10 -2.7625887389770858E-5
-0.4286041911968905 -0.21160410640457614 0.06443452009247358 0 -1.611567458347314E-8 2.9425551975102682E-8 -2.762243656356529E-5
-0.3837371950984817 -0.21760730691022395 0.06251779019199943 0 -1.5603991146420113E-8 2.9476052394997538E-8 -2.7625298927527006E-5
0.44078820931890417 0.17778853409565737 0.06428879605061415 0 1.1593655706405844E-8 -2.6661398928733604E-8 -2.7621005893500652E-5
0.4759951064045458 0.23047538821939026 0.0673334019397155 0 2.0340598585928812E-8 -2.9490140339797454E-8 -2.763171591481091E-5
0.5023235944487765 0.29151864533540206 0.07059623054924213 0 2.4816807095106816E-8 -3.431516574575504E-8 -2.7639600771020843E-5
0.5853609901656723 0.37038384021673393 0.07867156144500055 0 2.304120584269716E-8 -4.3973935530638166E-8 -2.7632187091548755E-5
0.5293785213896149 0.3388907230126146 0.07386902220939724 0 2.555232068817401E-8 -3.8106047363679746E-8 -2.764036101020343E-5
0.8010710017272104 0.46249419126110125 0.09999999999999991 0 4.09238831451242E-8 -5.4006229830133506E-8 -2.7623480027863104E-5
0.626960623589047 0.4522983371432033 0.08535306995964971 0 3.014343024816596E-8 -4.299726669528696E-8 -2.7621502555226765E-5
0.7061350528834721 0.4673278645716987 0.09212747065803699 0 3.735159805881573E-8 -4.468625422684343E-8 -2.7616832751877944E-5
0.3592371994727271 0.12552401442410036 0.05970040660633737 0 6.0955645631106446E-9 -2.628422400949165E-8 -2.7634757184936963E-5
0.39449037889125516 0.17177804019933995 0.06198157459134765 0 9.073102508865493E-9 -2.6724189116465914E-8 -2.7628266578962796E-5
0.2907007887888551 0.1297941048796961 0.057242741237689944 0 1.2113758431831681E-8 -2.0082498451229764E-8 -2.7638529441754695E-5
0.2538184516803514 0.06940494742292715 0.05542696753822805 0 1.1618992074952067E-8 -1.877860942298734E-8 -2.763182417730813E-5
0.20062573683728857 0.09527047772396227 0.054301155270572714 0 1.3294767614662282E-8 -1.3867493517414448E-8 -2.7614725929123193E-5
-0.4690213191754545 -0.16282051739106812 0.06545407679976868 0 -1.3461374972405256E-8 2.982056218268756E-8 -2.7610465232372525E-5
-0.5329845388239064 -0.1985594752136454 0.06981392050905111 0 -1.9940527734434586E-8 3.5965440431461166E-8 -2.7626373473735756E-5
-0.5985835515449605 -0.2260297922817816 0.07467942546060531 0 -1.7552609258223794E-8 4.438203105771698E-8 -2.76312014101757E-5
-0.6738902730202506 -0.22049852083738797 0.07997070091519404 0 -1.3627208817809603E-8 5.070014347821252E-8 -2.7623871569174667E-5
-0.7224932718504692 -0.1846612188414888 0.08299584497449673 0 -9.22486199010522E-9 5.258373512042628E-8 -2.7614323079515185E-5
-0.784218194998307 -0.17459658052838994 0.0880668176158918 0 -1.3257714943217E-8 5.5310572651543256E-8 -2.7603005397724337E-5
-0.8340398056073667 -0.21902107573341573 0.09363611174877708 0 -2.1524087528093493E-8 5.8192773112361866E-8 -2.7611689971492538E-5
-0.8809151182252344 -0.2821428693025129 0.09999999999999996 0 -2.7171414179872335E-8 6.279237656370074E-8 -2.762031515767159E-5
0.11138757858716244 -0.19292894544503636 0.054318208030815426 0 -1.1706259575240948E-8 -1.1982759160036425E-8 -2.762494287581986E-5
0.2238875048948224 7.238912562247948E-17 0.054346295287657886 0 5.311229540570491E-9 -1.5775271146065367E-8 -2.762792070695507E-5
0.19420772375092543 -0.04676552312468657 0.053768452091938715 0 5.715415778357352E-10 -1.058682494109452E-8 -2.7618175441749316E-5
0.16765785073129597 -0.0820458117059934 0.0534822586461166 0 -5.853451791266643E-9 -9.522646278010305E-9 -2.7608629176048037E-5
0.1532214795718842 -0.1047515501973591 0.0534601593182905 0 -9.634923861664831E-9 -1.1919764421418154E-8 -2.760864267253252E-5
0.13365633223327952 -0.1314943305448411 0.053500013617672364 0 -1.16411123187339E-8 -1.2881255534583478E-8 -2.7614795533444367E-5
0.1909210649037196 0.04684254353730671 0.053697308093126346 0 7.028703832960917E-9 -1.631068746718607E-8 -2.7619098306587715E-5
0.05493858025113072 -0.1872116672800932 0.053664600392910426 0 -9.578414253631834E-9 -4.729600215842017E-9 -2.7615583514080624E-5
0.0015895535343272628 -0.18045943852644164 0.053353802929854664 0 -1.3164072744218097E-8 2.6538766786694573E-9 -2.7607161084581158E-5
-0.053441146730527564 -0.18709102439814254 0.05365287398922711 0 -1.840484647954118E-8 3.4245088403642022E-9 -2.7615364511899637E-5
-0.15050660974349658 -0.260685094950677 0.05663516711153095 0 -2.0895442006194373E-8 9.447947978533367E-9 -2.7636355462326485E-5
-0.22974591189928226 -0.256397975299907 0.05821373401797809 0 -1.7781934037073056E-8 1.782903203190603E-8 -2.7634672224309366E-5
-0.2901412929767384 -0.21922908092139923 0.05898973037684318 0 -1.5533294899390365E-8 2.3525129028479404E-8 -2.763276847203111E-5
-0.3302765228915605 -0.22443841547131757 0.06052899064430553 0 -1.5426581571306066E-8 2.773199138423579E-8 -2.7628885719729968E-5
-0.11217260429255088 -0.1942886498520168 0.05435789315243198 0 -1.711207896162362E-8 4.606442616792699E-9 -2.7625369296024246E-5
-0.4043520178042477 -0.16901983470521795 0.062374130552393804 0 -8.780465969078064E-9 2.876289685576282E-8 -2.762179114885342E-5
-0.36201088411519367 -0.17400839360604692 0.060635096430618034 0 -1.0254939372125609E-8 2.769292974304768E-8 -2.7629386193939383E-5
-0.42569230627547644 -0.12215318657273527 0.06260425960749791 0 -3.635606184766117E-9 3.3343783092969646E-8 -2.761472022769445E-5
-0.467604489294916 -0.09647351175034927 0.06440527405535047 0 -7.570964036431028E-9 4.0361891152285846E-8 -2.7610093092994645E-5
0.40159415937487924 0.2222711945652258 0.06342742714419668 0 1.645434470888519E-8 -2.7851496342518367E-8 -2.7630198770660733E-5
0.4374027432196876 0.28280425722564984 0.06685837267776952 0 2.6039946440444126E-8 -3.065518347627656E-8 -2.7632718155151604E-5
0.4716692828943538 0.34325991058700284 0.07076541111671204 0 3.0187853317271485E-8 -3.271333669963106E-8 -2.763835422501571E-5
0.5572755215547438 0.4510872900080022 0.08061070588876619 0 3.1081022855193685E-8 -4.1571422990221535E-8 -2.763203639762578E-5
0.5201731653431543 0.38799390136202994 0.0753439569886662 0 2.8654178760631378E-8 -3.788553957370677E-8 -2.763930659508978E-5
0.7501545426059838 0.541195955123228 0.09999999999999998 0 4.427839404732955E-8 -4.771374111098487E-8 -2.7629375208091992E-5
0.5828756184496425 0.5332115379316271 0.0868511630159933 0 4.176383272218528E-8 -4.368090352233824E-8 -2.7623921226629976E-5
0.650470548607775 0.5465931881196748 0.09240305490818579 0 4.425092689585234E-8 -4.388647743373956E-8 -2.7626302711435453E-5
0.33827356631260735 0.19741612693850677 0.06018657141513714 0 1.310489807446598E-8 -2.505142527067808E-8 -2.7636402029042477E-5
0.2643297840462276 0.19520810401833616 0.057617277126140565 0 1.5536798308412006E-8 -1.7500203060986835E-8 -2.764001167841238E-5
0.23462332403576286 0.13422621113694244 0.055643167928538385 0 1.6133856327732196E-8 -1.3098713810128069E-8 -2.76295632802115E-5
0.1835322570857455 0.12636576122723128 0.05431954168807021 0 1.2755958337046301E-8 -7.4136487712577435E-9 -2.7615401107540512E-5
0.15384433041034717 0.09209874155024383 0.0533301823681776 0 4.724736317861973E-9 -1.1267611088931247E-8 -2.7611474648691875E-5
-0.5199939829281822 -0.124648956040805 0.06768673130026932 0 -1.7497785839759184E-8 3.94117462732105E-8 -2.7615403371873693E-5
-0.5744027965338087 -0.14938461510286838 0.07144252826293566 0 -1.6429107537095213E-8 4.2307249337653385E-8 -2.762825998061154E-5
-0.6477191420222239 -0.14358128013705043 0.07642272847163621 0 -9.152736666645664E-9 4.92461622262916E-8 -2.7628865706810363E-5
-0.735100345459195 -0.11930462056175606 0.08291132970822637 0 -3.1954913385751076E-9 5.76845256416822E-8 -2.761130416323914E-5
-0.8023821229894582 -0.12465004703532732 0.08885408731398864 0 -1.1974148156121906E-8 6.256667505672206E-8 -2.7601274749674992E-5
-0.8531067718150073 -0.15803750226362165 0.09415708085227005 0 -1.9016033480457337E-8 6.269035359307943E-8 -2.760782367023696E-5
-0.9051158299750595 -0.19076243784282 0.09999999999999995 0 -2.1284167716870374E-8 6.521038053152388E-8 -2.7615442543071496E-5
-0.8393412000271001 -0.10211595922316327 0.09200820531311653 0 -1.3773515059587094E-8 6.634740843984421E-8 -2.7608291242378996E-5
-0.5124187514513647 -0.05184789683178334 0.06651654728017117 0 -8.986900977711825E-9 4.283719168671268E-8 -2.7625282573148993E-5
-0.4662367643365183 -0.05429215722432917 0.06397307879016166 0 -4.655013724212314E-9 4.041628348698441E-8 -2.762185788368448E-5
0.07846305682895906 -0.1359020009449211 0.0529048760801971 0 -1.026422647760491E-8 -4.769797770845296E-9 -2.761979046288828E-5
0.1581850159804538 4.03666044625459E-17 0.05292729798071231 0 -2.865016455223905E-10 -1.0941925383176459E-8 -2.7621614033705198E-5
0.1339429855522494 -0.042721659792281826 0.052630185389843626 0 -5.926032984070554E-9 -6.6365261131982346E-9 -2.761988734110422E-5
0.12170874450296679 -0.07937873255132208 0.05270638285367756 0 -9.998690848476539E-9 -6.351263778287666E-9 -2.7616916149216946E-5
0.0926329081859553 -0.0934021566431387 0.052491087538806276 0 -1.0172838541892168E-8 -4.533029405050653E-9 -2.7621317271145085E-5
-0.07925046645516257 -0.1372658344238745 0.05293295280422828 0 -1.0165663174219773E-8 6.849664059348255E-9 -2.761979600701415E-5
0.12737884186502532 0.04457914646124025 0.052542398875778 0 1.6581765991501192E-10 -1.1066674425389888E-8 -2.7622118280379202E-5
0.025874926118163208 -0.13266950985365822 0.05254567933671947 0 -9.305598488180357E-9 2.788845081811967E-9 -2.7619452554867073E-5
-0.025243839799718233 -0.13300675455069116 0.052548920040911946 0 -1.0528133264679832E-8 6.646639395792069E-9 -2.761949083117038E-5
-0.18973296493485722 -0.18461798069110355 0.055474546986767154 0 -1.6421268737237954E-8 9.068131886823322E-9 -2.7628532692220243E-5
-0.2483235922732361 -0.1816505696604007 0.05686432272721824 0 -1.6050262930138988E-8 1.666106578693612E-8 -2.7633247167930218E-5
-0.30831506111577245 -0.17770170158565643 0.058672582596364375 0 -1.3214360509827858E-8 2.388700736930487E-8 -2.7634436543932866E-5
-0.13643849435757827 -0.142707733989249 0.05371629461338724 0 -9.903180157656481E-9 6.126901131793958E-9 -2.761665019170419E-5
-0.184039983968445 -0.12735803584373426 0.05434432437859786 0 -1.3062430826447346E-8 9.082321108855334E-9 -2.7612264726205942E-5
-0.10393602836491156 -0.0928684349452979 0.05261104654913399 0 -3.3236666731745713E-9 9.693641775296245E-9 -2.761951145345988E-5
-0.33491839009005275 -0.13913239257244242 0.05894927757126896 0 -9.078441003379427E-9 2.592752273369608E-8 -2.763421357851765E-5
-0.379850741799242 -0.12110542276221135 0.060500587943527986 0 -4.3820765853790446E-9 2.993728414100656E-8 -2.7627600684030655E-5
-0.40842759083875496 -0.05875232359605658 0.061140527783328784 0 -1.0734877297668527E-9 3.43229946815133E-8 -2.7628400796294127E-5
0.36282250283673584 0.2686598783514224 0.06303900336729046 0 2.1027021665892017E-8 -2.999995564100923E-8 -2.7627018104077955E-5
0.4058790843317993 0.3317218591300756 0.06705525860874961 0 3.215842116734973E-8 -2.87405884401534E-8 -2.7625092161319023E-5
0.4678168231247622 0.39722837411780604 0.07282402579327739 0 3.267447633211567E-8 -3.239633714782613E-8 -2.763891046511589E-5
0.43228391685071293 0.3802988180284773 0.07026687195777441 0 3.421092590264719E-8 -2.8127265493802526E-8 -2.763376619340892E-5
0.5096255127299391 0.5106912413470729 0.08097857821614195 0 3.678653261175453E-8 -4.113025255838875E-8 -2.762891947914528E-5
0.49005227512439575 0.44470401859070535 0.07629562530822705 0 3.319844340224721E-8 -3.6233116040057473E-8 -2.7638100793993583E-5
0.5354804188313992 0.5793968081607486 0.0867593250488703 0 4.514717438021167E-8 -4.200797979307448E-8 -2.7614225632366225E-5
0.6847900044003186 0.621834941224156 0.09999999999999994 0 5.250841856044199E-8 -4.601776985236885E-8 -2.7632012928587626E-5
0.5876935447112426 0.6161088910778022 0.09257893706827944 0 5.249894851755671E-8 -4.053973443868171E-8 -2.7619443679373766E-5
0.2968769596322443 0.26583446546620604 0.06049214663587174 0 1.6837461152154658E-8 -2.4584035234033256E-8 -2.763327538325941E-5
0.22703812963746217 0.26409762190385 0.058370438456053005 0 1.7956564447929498E-8 -1.6002169099883052E-8 -2.7642365602520877E-5
0.18890830540911197 0.18932922319802872 0.05555650018582656 0 1.6331348317636757E-8 -7.4499607909562975E-9 -2.7634922084682582E-5
0.10177697427875262 0.08834048795367637 0.05253956863179544 0 2.9128063906380617E-9 -8.214695743026814E-9 -2.7622862533540137E-5
0.13647605991683223 0.1435082568468913 0.053729825805134857 0 9.880262445511323E-9 -4.570933936051858E-9 -2.7620978847187956E-5
0.14969050843762163 0.2592715660247786 0.05657975437506356 0 2.0712814189303226E-8 -7.464290292273597E-9 -2.764409485462859E-5
-0.5844196053235717 -0.07491703801282973 0.07115392026499065 0 -1.0025363958479764E-8 4.5969548823001937E-8 -2.763258870538336E-5
-0.7351410524947968 -0.060926854977285956 0.08231802271497875 0 -9.993100861538857E-10 5.916438105616301E-8 -2.7619451941563364E-5
-0.6752473549062168 -0.060997662019661704 0.07752927755735102 0 -1.866592438675346E-9 5.309943930585177E-8 -2.7629994749571756E-5
-0.7962287177911108 -0.06074957956360477 0.08762354715881242 0 -5.759950156289117E-9 6.457598983511773E-8 -2.7612859901365244E-5
-0.8627884197170684 -0.055125093298773874 0.09385473111979895 0 -1.0014977036664099E-8 6.77461871355687E-8 -2.7616625416256074E-5
-0.9192838471164881 -0.10263764414409532 0.09999999999999994 0 -1.5312240715980415E-8 7.153462940395225E-8 -2.7618125151574192E-5
-0.5447672634209793 2.858524015158418E-17 0.06830049229574699 0 -4.84748021085555E-9 4.1444574336895246E-8 -2.7633418689885606E-5
-0.4638591691868275 2.797468827787367E-18 0.06368112390889594 0 -8.251661509536976E-10 3.532347009209758E-8 -2.7628691354810457E-5
0.04273067501608843 0.07401170016957923 0.051925849626185475 0 3.6135352404362267E-9 -5.493659108168701E-9 -2.763234664946398E-5
0.04273873390329096 -0.07402565857166639 0.05192600533605054 0 -7.345895537652861E-9 7.360669623729225E-10 -2.763007260615095E-5
0.08580268905133058 2.7616060966210454E-17 0.05192915349305607 0 -3.7115164169696158E-9 -5.562368769722262E-9 -2.7631055018760964E-5
0.07416648351753428 -0.042820039223696336 0.051927573540639343 0 -6.609669584371612E-9 -2.7391916056379456E-9 -2.7630271532336215E-5
-0.04299754043112494 -0.07447392462720538 0.05193102148339571 0 -3.771426837773599E-9 7.135531663677837E-9 -2.7630034331633237E-5
0.07415950431437714 0.04281600977887487 0.051927495533993596 0 -3.1810923409315797E-10 -6.645390685777094E-9 -2.7631549227183922E-5
1.3904975238826412E-17 -0.08573627431625096 0.051928505242836896 0 -6.375861100581049E-9 4.728999821348655E-9 -2.762966394550998E-5
-2.9796378738924766E-17 0.08577355466188762 0.05192886660175564 0 6.317215888374608E-9 -3.1503001026591696E-9 -2.7632278352852977E-5
-0.22815732549244747 -0.13366956667415786 0.05546555293618704 0 -1.6404944540590806E-8 1.3946034652637179E-8 -2.762434745017174E-5
-0.27837086784154214 -0.12617379267311213 0.056793561369108604 0 -1.326101343608516E-8 2.0579976022820185E-8 -2.763391586906316E-5
-0.15093740406319933 -0.09389909648308081 0.05329903073383901 0 -4.741915028517392E-9 1.24211233458569E-8 -2.760936978985775E-5
-0.19761019796705667 -0.10158906953187431 0.054303584925033135 0 -1.3560273387701947E-8 1.4265946068953208E-8 -2.761128965323662E-5
-0.12619399745448537 -0.06614911525416545 0.052660410611162535 0 -1.2357971722755042E-9 1.2619632423432561E-8 -2.761802394015364E-5
-0.07423701450489274 -0.042860760308234 0.05192836227840669 0 1.5276461228505013E-10 8.230037024056882E-9 -2.7630411847566875E-5
-0.4277423899643161 0.06497482014443749 0.06209784320535729 0 8.034686609280763E-9 2.8601909874537938E-8 -2.762579980685989E-5
-0.33304413722574777 -0.06930677678439595 0.058055306373968225 0 -5.134812495605087E-9 2.672670073420005E-8 -2.763818580792691E-5
-0.3847166606924661 9.345124501562139E-19 0.059881376808148805 0 2.1281441516879077E-9 2.939652153235329E-8 -2.7636982832575156E-5
0.3329058545937796 0.33325924236807375 0.06406157186555389 0 2.2496240892628204E-8 -2.532981173207933E-8 -2.7612463843081334E-5
0.49825230464030634 0.6040689738251999 0.08623250303750961 0 4.244136438344423E-8 -3.691030323342465E-8 -2.7611877673660515E-5
0.3818998921620359 0.39282083230988174 0.06849211870683777 0 3.4228565090241486E-8 -2.0751009758232397E-8 -2.7626156402044615E-5
0.4314021965681312 0.42876752259718576 0.07244484890584979 0 3.4711188274043997E-8 -2.8284581505755498E-8 -2.7637577177703316E-5
0.4723939921181883 0.5653277489130144 0.08223903081434109 0 3.769851671515049E-8 -3.829888190856103E-8 -2.7622329875490653E-5
0.44736034083495346 0.4974141441538552 0.07684191432450417 0 3.5473860599861215E-8 -3.372169392967662E-8 -2.76364464327157E-5
0.5230354883414245 0.6422697488364204 0.0903707538749386 0 4.9314107984455995E-8 -3.3018703045746927E-8 -2.7612220795216138E-5
0.6177594130735138 0.6884753307245898 0.09999999999999995 0 5.7347578731841664E-8 -3.989152270265929E-8 -2.7626982110550504E-5
0.5518007966248653 0.6760563257947593 0.09465507346897212 0 5.4146520881664975E-8 -3.312154752229765E-8 -2.7619588486945045E-5
0.2625418688185837 0.33648330779519714 0.06181290503458571 0 2.0066811192804564E-8 -1.948436971184432E-8 -2.76312682830152E-5
0.10763513709501461 0.3224957272318108 0.058047784011843594 0 2.4750247859467814E-8 -7.739283332493416E-9 -2.764383516552863E-5
0.19231764390950024 0.3331039304431938 0.059877835485628014 0 2.3516521323634836E-8 -1.522038147006483E-8 -2.7641484281602784E-5
0.11136664405289663 0.19289268576805546 0.0543171535525474 0 1.6843953365753446E-8 -2.7714194412266844E-9 -2.7630777163357738E-5
0.07844894660138711 0.13587756131386042 0.05290437550856248 0 9.866229118801237E-9 -5.297840361134731E-9 -2.7623912764392684E-5
0.03519829734560284 0.13784946141786306 0.05265706254873472 0 1.1038128758999328E-8 -5.105511392320596E-9 -2.7622875697679667E-5
0.06630901180929025 0.2508565357105051 0.05531869953262273 0 2.2486909304377308E-8 1.2411706767164595E-9 -2.7634073893516967E-5
-0.017053837843317182 0.27836069099312905 0.05590951428308119 0 1.94185876080579E-8 8.299883779920096E-9 -2.7634730131719116E-5
0.011677278178983168 0.25977319628253465 0.05533524160416193 0 2.0380543617785805E-8 7.475419436143513E-9 -2.762902229015124E-5
-0.036475279191632355 0.1302798698937502 0.052547520741153056 0 9.168528027681529E-9 1.3886162493285524E-10 -2.762426348796474E-5
-0.004334214649360648 0.15163914092247652 0.05281372846092682 0 1.0933706656119097E-8 -3.151337963057366E-9 -2.7618956310819022E-5
-0.5548238392163805 0.07638757137486699 0.06925704553616709 0 -6.124181091031269E-10 3.998494700019105E-8 -2.7630870640463124E-5
-0.6361392415232946 1.3179599374821288E-17 0.07441207081886599 0 -3.1660307838861406E-10 4.825081814437339E-8 -2.7636782873869597E-5
-0.7353276040989696 1.376885046738379E-19 0.08212306732579755 0 2.6165799165285138E-9 5.5707152315819655E-8 -2.7624311921519174E-5
-0.8245744171037558 1.994957568951944E-17 0.09002147282184524 0 -3.1712662044299488E-9 6.241657011242193E-8 -2.761822439463431E-5
-0.9249999999999996 -3.487031299242896E-17 0.0999999999999999 0 -6.88582749846406E-9 7.007339495803764E-8 -2.7624713887685652E-5
-0.6215823870108426 0.05940809814964494 0.0735747228508592 0 3.0387543580825495E-9 4.59292656756908E-8 -2.763671385857542E-5
-0.5039157942187592 0.07056797810116018 0.06615707446286308 0 1.0381821897659348E-11 3.3657338354047996E-8 -2.7622390943918156E-5
-0.4742240483662385 0.11256694280313873 0.06494853319711702 0 6.7379267572928895E-9 3.36309885100585E-8 -2.7610036310045365E-5
-0.4362515368769683 0.13236424219261794 0.06326633817399899 0 1.4498688388030496E-8 3.4006574370965045E-8 -2.761551462578013E-5
-0.3689420167821231 0.1279817916152874 0.06013540062401418 0 1.332107059208842E-8 2.7851428771853443E-8 -2.7633582667189204E-5
-0.40020050920329836 0.18553375498639205 0.06251643484045978 0 1.6259455296769163E-8 3.246664139703944E-8 -2.7629150736276403E-5
-0.11902524067374867 0.3280525016025783 0.058398241089487615 0 2.349571294853335E-8 8.350909820174268E-9 -2.7643939050779403E-5
-0.278960464150049 0.23105339123962187 0.058930977919053947 0 1.8264689427062493E-8 2.0362330488243085E-8 -2.7639800349541643E-5
5.529796886260846E-16 -9.523255661324038E-16 0.05151308386343702 0 -6.62404367394814E-11 7.87325284320259E-10 -2.7639557068878874E-5
-0.043042879691499385 0.0745524545297515 0.0519319033593881 0 7.274499529852987E-9 8.327541825760792E-10 -2.7632285217804804E-5
-0.24680219676358373 -0.07209570484822997 0.055249906628573604 0 -1.2195775205862006E-8 1.9927931502484964E-8 -2.7628429907321575E-5
-0.1740533791739203 -0.0457943921612332 0.05334383022045102 0 -4.930267173151338E-9 1.6925065926342328E-8 -2.7616804114006312E-5
-0.12783259126111418 -0.033275347967647695 0.052499203818416273 0 3.6398223443942285E-10 1.2310262726787207E-8 -2.7622369845116288E-5
-0.08544796042127181 1.2633032021521531E-17 0.05192572029476935 0 3.5457670919343738E-9 7.133973151562434E-9 -2.763131777762314E-5
-0.33947513674739144 0.06240362523718613 0.058248486325065116 0 5.129890588237081E-9 2.4779867141699918E-8 -2.764013991731302E-5
-0.30816555573663146 0.12979030410922676 0.05783416263257108 0 8.462413442867966E-9 2.3924999841683276E-8 -2.7639704914040623E-5
-0.22695325756190307 0.2565120405768185 0.05814491145404571 0 2.012601750498625E-8 1.8031820301201036E-8 -2.764309470801744E-5
-0.25569422992480956 0.1801064295667739 0.05704280655464759 0 1.0915648819517142E-8 2.2096428741856468E-8 -2.7639298582493163E-5
-0.07471068043782807 0.26158647648355277 0.05569656348774581 0 1.5777545032794834E-8 1.1006016911964423E-8 -2.763774501559027E-5
-0.15073713287945018 0.26108437273446883 0.05665087411303693 0 1.7764307432265068E-8 1.465587361214506E-8 -2.7644660780662505E-5
-0.0793293077376864 0.13740239153093972 0.052935779499837216 0 1.0195130397074965E-8 6.561058450088413E-9 -2.762395258348708E-5
-0.299396714946573 6.0549876586637245E-18 0.05658028588283899 0 -3.2704782436863863E-9 2.307566099657118E-8 -2.7640567137778353E-5
-0.39181543828090004 0.55445735722153 0.07760084140770424 0 4.405807174750117E-8 2.8760001578088884E-8 -2.763864765116363E-5
-0.42125713605646403 0.6077940464059373 0.08247265847688973 0 4.9799180434810354E-8 3.107920353469069E-8 -2.7628629284959462E-5
-0.4499036574234317 0.6597655574984553 0.0876254316161508 0 5.1992509388868975E-8 3.779937938238342E-8 -2.7623122550438743E-5
-0.4789401191209052 0.7197628636157833 0.09385470752197607 0 5.257714723830761E-8 4.331086238680718E-8 -2.7627478610584824E-5
0.30693864167133966 0.4042133776050551 0.06608285286906407 0 2.8382195694659378E-8 -1.5291849664303953E-8 -2.76279063504885E-5
0.45341996389119593 0.6343388790419371 0.0859386615701075 0 4.2230552039027194E-8 -3.09118274936551E-8 -2.762037019272266E-5
0.36186279370904106 0.47199806236141656 0.0715259330567936 0 3.565741187566991E-8 -2.163513702941744E-8 -2.7640058502385068E-5
0.400949758946052 0.5652131577221655 0.07869394977656127 0 3.832586265714307E-8 -3.0422167794829906E-8 -2.7635671481563578E-5
0.4904238791693691 0.6985151762406319 0.09277567976728547 0 5.1849117549730865E-8 -2.818820416757604E-8 -2.7623354168205247E-5
0.5485314952955888 0.74480230687788 0.1000000000000001 0 5.727096659108884E-8 -3.167006881271724E-8 -2.762933909937485E-5
-0.157502577302292 0.4062797025959702 0.06224976286168574 0 2.7907834909601757E-8 7.596918174992152E-9 -2.762974067330951E-5
-0.04439277195221168 0.328710102628296 0.0577329050528648 0 2.3836894442200624E-8 5.299016204067767E-9 -2.7642593717795746E-5
0.025557696189703685 0.3104658173674805 0.05699894508193312 0 2.3695052453621627E-8 2.377238401219537E-9 -2.764077047243619E-5
0.05891091878969271 0.3561813785904501 0.05888183035860122 0 2.5959215620924043E-8 -4.9727449390819735E-9 -2.764142450154188E-5
-0.07539656272461737 0.3826387268002811 0.060112744280339386 0 2.972439891597851E-8 2.9345719005453357E-9 -2.7637277551242267E-5
-0.19156331121345582 0.4731617410648756 0.06625147072173321 0 2.840691164326741E-8 1.7363567283009957E-8 -2.7628176193773564E-5
-0.31860245148696237 0.5518356333914171 0.0744889558881298 0 4.078898010127487E-8 2.4893977772555723E-8 -2.764456102327792E-5
0.23188989210585279 0.40164507488900236 0.06367695651733306 0 3.009490793737554E-8 -1.56286090827401E-8 -2.7633966753238682E-5
0.18545604713463834 0.43047399478074116 0.06393784680976809 0 3.627940127708608E-8 -1.4775709895039058E-8 -2.7628435664327633E-5
0.15384627156060351 0.3839117365891883 0.06118533303935759 0 2.9409089965534227E-8 -1.5105024183117333E-8 -2.7634492081660728E-5
0.08567704016096148 0.3934342712802923 0.06068036954612458 0 2.733832442064243E-8 -1.0021141465579812E-8 -2.7634003548282616E-5
-0.04746651353754765 0.1829715324610284 0.053532622158623755 0 9.372514231753888E-9 4.938362074444406E-9 -2.761972532622494E-5
0.01717373484524668 0.1662656573333219 0.053092157016808576 0 1.400707520674053E-8 -3.3547540387439718E-9 -2.761637841426302E-5
7.833096257776418E-4 0.19069362679459012 0.05356840441819727 0 1.4172127984716841E-8 6.546610271496805E-10 -2.7611825257017366E-5
-0.014253461472862217 0.23459230484404994 0.05463523466770248 0 1.5158154272380668E-8 8.892750182678559E-9 -2.7620537117179712E-5
0.04520143550094837 0.1841851235528076 0.053545944108146816 0 1.7872959067417977E-8 -1.9645679868993506E-9 -2.7619048671775785E-5
0.017981432514459814 0.22651294475696923 0.05443142027174295 0 1.9672159059038213E-8 5.581804961627698E-9 -2.7618237904435876E-5
-0.4509389353459413 0.18062953941108667 0.06485872161226297 0 1.3678113212900465E-8 3.9997930895160316E-8 -2.7621451069837913E-5
-0.43855507291261625 0.22078311851591842 0.06514753629020965 0 1.488380488754602E-8 3.716094360659821E-8 -2.7629927335025087E-5
-0.5430568755805911 0.1088667628343709 0.0688662273363696 0 3.8711850588797716E-10 4.020863371762751E-8 -2.7626217956794326E-5
-0.5075730010734566 0.12513873893141766 0.06697106660603608 0 1.8600544342148937E-9 3.889199961267502E-8 -2.7615550992565222E-5
-0.4876818695036711 0.16005919777938846 0.06641416297022892 0 7.45216578906487E-9 4.276987964885785E-8 -2.7616274442327457E-5
-0.5817364775186938 0.11498204866540508 0.07140762999266016 0 3.4173027969009768E-9 4.3776351341037676E-8 -2.7633171345088943E-5
-0.6893460495224288 0.06354738512595376 0.07863780818203957 0 7.988785767130752E-9 5.0031842055770876E-8 -2.7629482023857097E-5
-0.7599167871431189 0.060700756349994105 0.08441733903220823 0 6.643498570418214E-9 5.3576135283637694E-8 -2.7617461559294264E-5
-0.8184909839211809 0.07533925376340878 0.08977629762126756 0 1.8554870496648989E-9 5.790683408474884E-8 -2.7612573844156393E-5
-0.8641324069088798 0.06217499425579329 0.09403348687291993 0 -1.594525680017985E-9 6.277089803491323E-8 -2.761771809815233E-5
-0.919284810212244 0.10262901652303173 0.09999999999999994 0 -1.721414289834718E-11 6.7744772271995E-8 -2.7621019764867947E-5
-0.7200856347104291 0.1275637570102766 0.08178787314202204 0 1.5471182616399916E-8 5.349963884030063E-8 -2.7618467992350194E-5
-0.6366216770914513 0.14805650423757327 0.07568897320024312 0 1.1662925644251605E-8 4.8445522413852776E-8 -2.7634155702069246E-5
-0.5083123257938114 0.6756675576578803 0.09200745306162258 0 4.9315143678441526E-8 4.569676438862859E-8 -2.7619203432998895E-5
-0.5084523869045262 0.6310249340793687 0.08870435188239581 0 4.708298478018102E-8 4.173004901349326E-8 -2.7611889127591282E-5
-0.5485031394581954 0.7448231888659755 0.09999999999999998 0 5.307343531258684E-8 4.964832608078344E-8 -2.7629974817094E-5
-0.47303326379715877 0.5791284533565413 0.08316905076856485 0 4.738987333695717E-8 3.2426593756381723E-8 -2.7620335488749808E-5
-0.45509595152323223 0.4866404390645807 0.07663670286639768 0 3.6821200261131265E-8 3.328066872194044E-8 -2.7637631647770025E-5
-0.4180330375357138 0.4186106610386911 0.07131407766744807 0 2.6911524304615253E-8 3.602766770768034E-8 -2.7636359087940112E-5
-0.35805699391726126 0.4725541821277961 0.0714004969823895 0 3.427141755137251E-8 3.1844640144724204E-8 -2.7640791448866134E-5
-0.3304177610769968 0.2075632873895256 0.060121873146272396 0 1.6709437228798413E-8 2.406230596943912E-8 -2.763715156060944E-5
-0.3986677525588505 0.2551376793832065 0.06418286265211677 0 1.645654106209994E-8 2.970737816844742E-8 -2.763046361538394E-5
-0.19326570388917413 0.3347460184966116 0.05996054906425581 0 2.588278825636319E-8 1.3341944342680323E-8 -2.7641813695874313E-5
-0.2326279902659774 0.402923498403311 0.06375456788963607 0 2.9463900742785836E-8 1.8910381591422125E-8 -2.7634668535753063E-5
-0.2730034360466582 0.4728558218736924 0.06837705113188595 0 3.260729095127439E-8 2.5467110757152588E-8 -2.7640357818010403E-5
-0.30165136280488025 0.41841452971898935 0.0665620091821718 0 3.171212570685785E-8 2.9597042566944374E-8 -2.763199215483991E-5
-0.2982294435153453 0.2720284218761083 0.06072614652584282 0 2.3328862369906477E-8 1.9145656800822758E-8 -2.7632283300994872E-5
-0.28071917465641966 0.3771430143239578 0.06401358518053687 0 3.1752194916524206E-8 2.4759091472296965E-8 -2.7628035406840793E-5
-0.25621859628623345 0.3266156402995803 0.061257118437086824 0 2.8776988633417415E-8 1.8402010940110762E-8 -2.7633744375503275E-5
-0.07427627943517316 0.042883429926301085 0.05192880169730083 0 6.48690950724614E-9 4.380400231249904E-9 -2.7631792445293572E-5
-0.10192189467460559 0.10267269443312377 0.05269596908601702 0 1.0725419268046425E-8 7.662235856031455E-9 -2.762226813408841E-5
-0.22270343343645202 -2.7398019802337882E-17 0.054316401779706945 0 -5.400772062600526E-9 1.74066353198336E-8 -2.7628161550091813E-5
-0.1568744501142894 1.9427769320198104E-18 0.05290395974586273 0 2.0177415704228364E-10 1.248234994123884E-8 -2.7622081279725837E-5
-0.1333037269353432 0.03517105967265549 0.05258728793055297 0 5.1130265598803385E-9 8.51916143558475E-9 -2.7622376392174448E-5
-0.2668792736165403 0.06671487334767572 0.055790773586017584 0 -6.28426526777499E-10 1.9951896744374925E-8 -2.763532026962255E-5
-0.25161809751440434 0.1255049475699697 0.05598231997151887 0 3.39235980327672E-9 2.1554503151026524E-8 -2.7633152510868044E-5
-0.2204702956430696 0.1429341155499399 0.055415459742855375 0 4.840637843454305E-9 2.2037578440793E-8 -2.7628258465776407E-5
-0.18350196867475072 0.18844743574056294 0.05542383280391714 0 1.1584491116297967E-8 2.0402315641040845E-8 -2.763475397253651E-5
-0.1122914677939212 0.19449452747555573 0.054363926326504504 0 1.1673497803541074E-8 1.3777698245481946E-8 -2.7631241920255323E-5
-0.13865734030206042 0.13413724110678021 0.05361667711440056 0 1.125873950376575E-8 1.5453596757983627E-8 -2.7618959429744262E-5
-0.3679940573528883 0.637384404218618 0.08217817873449762 0 4.8554088085646844E-8 2.6174471680810025E-8 -2.763325703989811E-5
-0.4124740638930545 0.7144260354671818 0.09005646238462257 0 5.133401552155737E-8 3.4615635192817154E-8 -2.7628340680043282E-5
-0.4625000000000002 0.8010734985006057 0.09999999999999998 0 5.597646426935225E-8 4.1676096456480534E-8 -2.7636026222687885E-5
0.41227210451772545 0.7140762315680472 0.09001864521731297 0 5.432199443494684E-8 -2.6506104750313232E-8 -2.762780507602855E-5
0.27234892372669683 0.47172217328134014 0.06829621029644013 0 3.724878496446455E-8 -1.5065992471438873E-8 -2.763952755201518E-5
0.36764043700660404 0.6367719158122639 0.08211917016769554 0 4.581295036785281E-8 -2.82807854881245E-8 -2.763274018788782E-5
0.31803615984503875 0.5508547874957042 0.07440724687637126 0 4.08668485326703E-8 -2.2250670957729985E-8 -2.7643889671653245E-5
0.46250000000000013 0.8010734985006064 0.09999999999999999 0 6.265822406423125E-8 -2.6903579279062835E-8 -2.763531769395777E-5
0.3836506929290541 0.7746515411716932 0.09384509082801112 0 6.24787764721903E-8 -2.3162421146381796E-8 -2.7627807491049773E-5
-0.14030890931253803 0.4679836164169959 0.06501280116403946 0 3.163706765962266E-8 1.1805625379513224E-8 -2.761512058075049E-5
-0.10294114607188212 0.4464085827438704 0.06338188130081227 0 3.624348162946431E-8 5.114309272567987E-9 -2.7619305461860336E-5
0.013052198219917906 0.38970549808144683 0.06010955939350729 0 2.8401728380610206E-8 -1.8201140990940355E-9 -2.7639803711639204E-5
-0.04037960269203984 0.44085703180834646 0.06259577733066987 0 3.5841839191141775E-8 2.64270991609981E-9 -2.7632410983181378E-5
0.06533055038853267 0.4354649165439312 0.06247764990259344 0 2.8133578504593574E-8 -6.557269340705442E-9 -2.7628742437979365E-5
0.21079455863719812 0.4693257584201238 0.0664848367230654 0 4.0481186648720905E-8 -1.2237332172839034E-8 -2.7632315203702446E-5
-0.2117215867706234 0.5198781223671348 0.06933829044213057 0 3.341978339691303E-8 2.109972849143608E-8 -2.763730138188822E-5
-0.1460434120132441 0.503264073058023 0.06704541835555092 0 3.378200880735718E-8 1.8411208001691805E-8 -2.762124545722325E-5
-0.17773060720916653 0.5259463281585314 0.0689480477972893 0 3.4195036372968275E-8 2.0228028738122807E-8 -2.7632284993720256E-5
-0.2900329026458535 0.6297052539110424 0.07871782471366953 0 4.640871370463473E-8 1.863960404552692E-8 -2.763731126515492E-5
-0.2598642375444073 0.5690891545970852 0.07365958600480058 0 4.04538026559308E-8 2.076619135413092E-8 -2.7643937711836947E-5
0.1498593825176401 0.45279307874260616 0.06437801254812758 0 3.754955467163775E-8 -1.236091692512448E-8 -2.7617778288337295E-5
0.11053788187593885 0.4306223745782792 0.0626902062642271 0 3.0113975004961386E-8 -1.2438733583410111E-8 -2.7622009036350065E-5
-0.4490633670822637 0.26293361409508886 0.06682964731028329 0 1.5330669189184445E-8 3.632882319200093E-8 -2.7634221266563113E-5
-0.4300985673768074 0.3012630280350379 0.0671100012724704 0 1.6224537556068808E-8 3.3180892248893944E-8 -2.7632205366354845E-5
-0.49761740681994665 0.2259943198914076 0.06840949555720777 0 1.284788042263103E-8 4.2790411790820026E-8 -2.7633575124224247E-5
-0.5518948161465873 0.17422255470543743 0.07046196471921622 0 6.983948378388028E-9 4.5256590764750256E-8 -2.7631590895600736E-5
-0.4324706598932548 0.35955969358955997 0.06940707877592157 0 1.9654823835083618E-8 3.523821329409097E-8 -2.7633271689909466E-5
-0.7940808377677345 0.13178185399490336 0.08820577601429047 0 8.411632811880267E-9 5.9298287828241046E-8 -2.7603841485567533E-5
-0.8565041007211139 0.12935729823844902 0.09401883827528355 0 2.0424181359412146E-9 6.434647122021501E-8 -2.761214385917901E-5
-0.9051192255768065 0.19074632675980735 0.09999999999999998 0 7.067847671038378E-9 7.197831069225877E-8 -2.7620831800497773E-5
-0.7583678808155521 0.178257805309045 0.085877514601274 0 1.6075836531166697E-8 6.110051675986257E-8 -2.7611619860465508E-5
-0.6170663609123308 0.222189336538271 0.07585507468331582 0 1.6763863549863197E-8 4.751463989885658E-8 -2.7636843724241285E-5
-0.6972424057138269 0.20430689657176623 0.08139617396721441 0 1.896814495340929E-8 5.43044119616253E-8 -2.7625965145263762E-5
-0.5596851197575441 0.6634042603718276 0.09419033697962355 0 4.426305139495365E-8 4.8479069675839124E-8 -2.7619285866867773E-5
-0.5445828559277583 0.5931276201062036 0.08823074690283748 0 4.011795479352393E-8 3.9959383964027196E-8 -2.7613967954304232E-5
-0.6177328508859395 0.6884991641819085 0.09999999999999992 0 4.4558287389047067E-8 5.16304761359068E-8 -2.762782053520256E-5
-0.5240933648557363 0.5322322969179639 0.08310069903157469 0 3.9591147873152126E-8 3.508207723538886E-8 -2.762478425234187E-5
-0.482008368592271 0.40269833860051546 0.07383556549613608 0 2.7607994956551425E-8 3.7394338000683713E-8 -2.7640272510633992E-5
-0.5228737105474611 0.469403410425903 0.07945982017150148 0 3.583572204608411E-8 3.736863583135121E-8 -2.763459295565192E-5
-0.3178442209190435 0.3574692689417035 0.06445327462614317 0 3.0279525347612946E-8 2.7363559524506304E-8 -2.761669841591067E-5
-0.3668515165065182 0.391453181331997 0.06779342734587494 0 2.49457794553553E-8 3.542880024932957E-8 -2.7623774770070328E-5
-0.37474174799433474 0.32521524057353407 0.06543736846884436 0 1.8280966319980238E-8 2.6898926165174354E-8 -2.7617531396249564E-5
-0.3445240713159381 0.2767146512083848 0.0625551726814487 0 2.061618063485855E-8 2.151881691585768E-8 -2.762603824759176E-5
-0.31825267387856393 0.31228528282505885 0.06275542647814246 0 2.6739451543222072E-8 2.0460688546231385E-8 -2.762012208235149E-5
-0.13208776332768443 0.07040426877471616 0.05277929135503948 0 8.785181984350415E-9 8.193372671440788E-9 -2.7618273150566367E-5
-0.13558426904309848 0.09984465055515283 0.05311549222562181 0 1.0723099732610282E-8 1.1170535988747983E-8 -2.7615480997579754E-5
-0.18433654548332082 0.04822270923057056 0.05356505347436668 0 5.507190294408036E-10 1.1127467004817704E-8 -2.7618416283299788E-5
-0.2141365218541703 0.10501643106435352 0.054728299370409676 0 3.217232518272522E-10 1.833551092857673E-8 -2.762005796233995E-5
-0.18680865935078547 0.12991541986645883 0.054439563423197654 0 5.721136798087531E-9 2.036929972153086E-8 -2.7617334164969262E-5
-0.1657690318723488 0.09663028560186346 0.05359396061230915 0 7.1475942364646E-9 1.327205113555962E-8 -2.7610229670483747E-5
-0.3275435087421515 0.689022237889938 0.08446715933764735 0 4.8605856656294434E-8 2.1640437459576014E-8 -2.7626250450451606E-5
-0.3440235561346144 0.746753392646391 0.089798396197132 0 4.98766754615344E-8 2.7888679848858842E-8 -2.762206951844856E-5
-0.3781299746230488 0.7796968295885027 0.09405159466762453 0 5.23829903131698E-8 3.33959619150747E-8 -2.7627868696767008E-5
-0.37078556224583165 0.8474286657041803 0.09999999999999998 0 5.7392933373711914E-8 3.458189815404354E-8 -2.7631573129871663E-5
0.33139114289377414 0.7785556133621918 0.09206768166444738 0 6.303878567668276E-8 -1.9159399434289503E-8 -2.762025531285565E-5
0.3464548928541494 0.7191482470167311 0.08759713317592265 0 5.749803682901835E-8 -2.5515562993636117E-8 -2.76234964501767E-5
0.31546555307223767 0.6681703741372863 0.08242156072081934 0 5.059241964232287E-8 -2.6869860542986242E-8 -2.7629247193098245E-5
0.22784343961994072 0.5451094489255655 0.0712614275403811 0 4.3740722752721134E-8 -1.2890461656128114E-8 -2.7641066014855334E-5
0.28413345033548576 0.6165726819630529 0.0775980862421621 0 4.585601253989041E-8 -2.3077857411259785E-8 -2.7638999594169643E-5
0.290977677915208 0.7546407636986492 0.08855875058870188 0 5.834501646396168E-8 -1.934309615339615E-8 -2.761323624804845E-5
0.37075219693550476 0.8474432642497914 0.09999999999999995 0 6.811442720522675E-8 -2.0329219286763917E-8 -2.7631068280428773E-5
-0.10596501162257625 0.5041773372256164 0.06652572871029448 0 3.9761980972242717E-8 1.5578489350608883E-8 -2.762132617966346E-5
-0.07102778036707863 0.4813038479979327 0.06489977746314218 0 4.084480330464852E-8 8.900496616869002E-9 -2.7625189575820307E-5
0.019795838688718658 0.4703114259817324 0.06404440608297313 0 3.294707277982137E-8 9.665966450579672E-10 -2.7633536541820597E-5
-0.028427878816465992 0.4894039605592073 0.06510500934199118 0 3.868363343217947E-8 6.036299191697513E-9 -2.7633508840706557E-5
0.09307018049889713 0.4870154223859189 0.06541754354915294 0 3.130584782520914E-8 -1.9838356790563766E-9 -2.7619906361705087E-5
0.15223360853370174 0.5114589799667827 0.06762073099832455 0 4.180066399646598E-8 -3.1923245401415736E-9 -2.7623950352216227E-5
-0.19168892528151515 0.5624523066487594 0.07149027116733256 0 3.882270805917316E-8 1.9356474178554605E-8 -2.763961034907721E-5
-0.12546868182070262 0.5661421054611622 0.07053660282173835 0 4.181660689198028E-8 1.7025449954929668E-8 -2.7637187203820276E-5
-0.25001651455608004 0.6877574831582879 0.0818288600417976 0 5.3015705777919696E-8 1.3922625317885453E-8 -2.7626225881322926E-5
-0.19051431605916905 0.626194724144322 0.07575740850014469 0 4.691820264256845E-8 1.4611965718418319E-8 -2.764083949702179E-5
-0.496968869184538 0.31115828345845903 0.07096354188096898 0 1.958552069843596E-8 3.92002743042204E-8 -2.7640705408618118E-5
-0.5531916805568735 0.25483900449276115 0.07250231820116239 0 1.6871387971182338E-8 4.410717709590844E-8 -2.763974839556522E-5
-0.8285501209973593 0.21135039229984 0.09293041569195869 0 1.0726758300591932E-8 6.804890312996461E-8 -2.761643934076876E-5
-0.8809225682293763 0.28211960771987943 0.09999999999999996 0 1.4723562195483524E-8 7.080964224209521E-8 -2.762828908625498E-5
-0.7578216461505274 0.23114048963723496 0.08705889216020636 0 1.742219798519071E-8 6.10108294256886E-8 -2.7619563835559467E-5
-0.5442886348821633 0.36830034160648034 0.07595460109733419 0 2.8487265380246213E-8 4.078275424467267E-8 -2.763920533060582E-5
-0.6102329054490169 0.29533181001281994 0.07752504764743703 0 2.4222622097830174E-8 4.4507913613838496E-8 -2.7635350410562876E-5
-0.6672358697757713 0.2726523999513782 0.08092297245691278 0 2.245407026934583E-8 4.8641529363759204E-8 -2.7629594083750875E-5
-0.7250638207162802 0.2644091498704253 0.08523826785223539 0 2.0111739225705638E-8 5.501351155506538E-8 -2.762389058770892E-5
-0.6071515389330133 0.6092519905512257 0.0934219469334025 0 3.8229322727195746E-8 4.809070447459935E-8 -2.7623501012073543E-5
-0.5735399527378838 0.553508622043815 0.08749015204644302 0 3.740218872673009E-8 4.1475288944736787E-8 -2.7622133397547048E-5
-0.6847646792234087 0.6218628292777222 0.09999999999999995 0 3.9515768149980657E-8 5.555761622400681E-8 -2.7633058489703696E-5
-0.5770660846669927 0.4836246905463882 0.08360849061752018 0 3.6871342752662475E-8 4.278244218376261E-8 -2.7628838927652106E-5
-0.5580584193120216 0.42548332869284067 0.07938775238593494 0 3.41488701443807E-8 4.140694742322076E-8 -2.7634487453107687E-5
-0.28374056147924315 0.7514739211838952 0.0880520415280374 0 5.413991008687704E-8 2.268253318629145E-8 -2.7612748042852375E-5
-0.3165497745723784 0.8071051679018629 0.09409208829712741 0 5.569915268006303E-8 3.1161301031754494E-8 -2.7621926711192327E-5
-0.28739394850298333 0.8792210714939998 0.09999999999999995 0 6.460524300902557E-8 3.058226730906903E-8 -2.763065851389661E-5
0.29491717071644896 0.8166669280321706 0.09422261270086467 0 6.276604769756414E-8 -1.3296006306671427E-8 -2.7621284002887246E-5
0.15199695343335898 0.5713443637747507 0.07128864354870555 0 4.348473676021401E-8 -4.681450397677013E-9 -2.7638086812238867E-5
0.2647361318881631 0.6988930987695543 0.08313425830297129 0 5.054223568815094E-8 -2.4381042989558276E-8 -2.7621880005748456E-5
0.19363779692619498 0.6392946953673742 0.07676490405819379 0 4.628593302648852E-8 -1.4780077765298953E-8 -2.7639219208089964E-5
0.23873623781901862 0.7680602578468166 0.08814793343306232 0 5.3261678951981104E-8 -1.3927883147887405E-8 -2.7616542998069117E-5
0.28735785633849587 0.8792328678266585 0.09999999999999996 0 6.568081366449884E-8 -1.2108331576144081E-8 -2.7630241735187428E-5
0.045020558010702406 0.5239593119206281 0.06715619876796416 0 3.5984256542241524E-8 3.076732525001626E-9 -2.7635493544259273E-5
-0.05203180167969757 0.5443357511275837 0.06842717285738563 0 4.260080719772574E-8 1.0621764499591707E-8 -2.7638124245532596E-5
0.00125333399408392 0.5186888782774369 0.06673044987207258 0 3.829335827537029E-8 5.4268378906935746E-9 -2.763758792580325E-5
0.09263905094403112 0.5551170207203664 0.06943102413110942 0 3.941031931822547E-8 1.0824834307274567E-9 -2.7636290123218043E-5
-0.22520922840433807 0.7458968973346561 0.08588793599516027 0 5.993413997128256E-8 1.7270360747084768E-8 -2.761975445945145E-5
-0.056365569894855645 0.6123374883168232 0.07290850863136553 0 4.606825928777435E-8 7.531007799547076E-9 -2.7644823983985577E-5
-0.11459365381122652 0.6489796043007032 0.07609123122821615 0 4.8714440993421704E-8 9.496766063875827E-9 -2.7642672632716622E-5
-0.17201424223952635 0.7059350940103869 0.08139872432652714 0 5.543283176559064E-8 1.1405779837280331E-8 -2.7633168089059542E-5
-0.5619648707592039 0.31624700130713346 0.07504348009682706 0 2.4249933919883237E-8 4.229233496004533E-8 -2.7639796525621496E-5
-0.7888004165309431 0.29037609645717466 0.09153149855841576 0 1.7352500170222305E-8 6.131878568294264E-8 -2.7623256668396294E-5
-0.8437609348289447 0.37906778281416026 0.09999999999999995 0 2.036074561892324E-8 6.45711069400571E-8 -2.762823628547463E-5
-0.6064827120561797 0.3683452405387546 0.08001332460787643 0 3.245519263890036E-8 4.382881635987024E-8 -2.7628942432767707E-5
-0.6554904399290363 0.3258387756938692 0.08184700708932659 0 2.7469098306177387E-8 4.53908516736469E-8 -2.7624545669521116E-5
-0.7173789460644423 0.321865662586802 0.08652046298759287 0 2.2326200369387847E-8 5.092846543654951E-8 -2.7619707382856295E-5
-0.6465139113454262 0.538316822314734 0.09160194260007758 0 3.6534389516816573E-8 5.212854719537668E-8 -2.7626802783510674E-5
-0.7501326501074496 0.5412263004122692 0.09999999999999996 0 3.576621673123336E-8 6.349451270853887E-8 -2.7630542864719453E-5
-0.8010558185062641 0.4625204886241073 0.09999999999999998 0 2.750429806097865E-8 6.471895769323994E-8 -2.762479785147564E-5
-0.6328963674406779 0.44705014677999644 0.08550954643040555 0 3.664083372628432E-8 5.06121987755735E-8 -2.7621277271420567E-5
-0.2313025414788286 0.8233581280344338 0.09294490463014164 0 6.309830019260305E-8 2.5405628973694952E-8 -2.762517944063334E-5
-0.19616860770583666 0.9039546015730862 0.09999999999999994 0 6.740866910198009E-8 2.3390069331389728E-8 -2.763726150077055E-5
0.2216527773738334 0.8287572231622684 0.0932031971273528 0 5.9336343701802177E-8 -8.310141729692939E-9 -2.7626362333024623E-5
0.10414931811684251 0.6209165315731189 0.07394244219969823 0 4.5263547476517395E-8 -4.57930532066787E-9 -2.7643336672262605E-5
0.1942511971230704 0.716812779625243 0.08273823779707914 0 4.901404930332542E-8 -1.5788552756953716E-8 -2.7628371473604265E-5
0.14442364609626682 0.6895139486023729 0.07960445430492032 0 4.9305234693182216E-8 -1.1821079195151334E-8 -2.7637402001406044E-5
0.1913914876174544 0.7797285375111098 0.08801717214843206 0 5.4070922193143566E-8 -1.0425326763110541E-8 -2.7625452012777492E-5
0.196130597538861 0.9039628493277602 0.09999999999999998 0 6.644681354840219E-8 -5.6770984017057904E-9 -2.7637005846481363E-5
0.020086990102898373 0.582926818943489 0.07076019404513119 0 4.2541944899520337E-8 3.453426210310267E-9 -2.764433843723764E-5
-0.17894546311077822 0.7718277883825889 0.08706002927260566 0 6.031632027219183E-8 1.603883492881506E-8 -2.7627286809550534E-5
0.04599891718688658 0.6542488180254783 0.07585611859697282 0 4.844928188376178E-8 -3.6974085844647684E-9 -2.7643315301145042E-5
-0.007855133722757698 0.6491499078369714 0.07536310530979572 0 4.805972174930498E-8 2.8715714381212487E-10 -2.764395505173031E-5
-0.13380906082414654 0.7600240739879767 0.08523325950883376 0 5.662978546007847E-8 1.072329306985824E-8 -2.76309822027858E-5
-0.04850890629174576 0.6781878024575423 0.07767733236817918 0 4.973508119501566E-8 1.6083573458333225E-9 -2.7640445118617142E-5
-0.09794458893422112 0.7138796015511557 0.08090449857215169 0 5.225443400737121E-8 5.492135799360225E-9 -2.763596942747142E-5
-0.7603438011582597 0.3738096376808479 0.09217483686370775 0 2.0881159959199765E-8 5.685206435326814E-8 -2.7617470142063653E-5
-0.6767294999436547 0.3833870641168077 0.0857669286165472 0 3.085518434621747E-8 4.916442598422267E-8 -2.7610727433853196E-5
-0.7186415188607147 0.46354605628657686 0.09293928953994947 0 3.053452529603506E-8 6.082104311727106E-8 -2.761769609591034E-5
-0.14285595486183847 0.8282574032154251 0.09152546819348935 0 6.055130837392787E-8 1.6276934624945418E-8 -2.7631004551590137E-5
-0.09363126894349026 0.9202489260084377 0.09999999999999998 0 6.479172854040707E-8 1.5391754460713748E-8 -2.7636115432422838E-5
0.09361324045256657 0.9202507597854978 0.09999999999999996 0 7.146114180206042E-8 1.5156712256495067E-9 -2.763603571809457E-5
0.14341620299378274 0.8294494640794721 0.09164675622284839 0 6.216309294705796E-8 -4.918311543423662E-9 -2.7630910891724686E-5
0.08739963386816947 0.6969472503405287 0.07943927986118828 0 5.204149491293362E-8 -8.336374769533123E-9 -2.7638095310773046E-5
0.1332242410665833 0.7460807458646898 0.0840331591986956 0 5.459816093918009E-8 -9.863080087327505E-9 -2.7631896832525873E-5
0.011531729957052445 0.7092408490309093 0.07999382505294728 0 5.295801186910407E-8 -5.3421575229134346E-9 -2.7633666401310844E-5
-0.08028628936017151 0.7814679591465112 0.08645850584417021 0 5.408538355944584E-8 6.639260922300743E-9 -2.7626483941434218E-5
-0.04561230651596534 0.7294921334214546 0.08175631121749642 0 5.1936845559117195E-8 -4.492525130282852E-10 -2.7630536973372398E-5
-2.6622719632600497E-6 0.924994933365257 0.09999999999999994 0 6.848907785736347E-8 9.358063262721819E-9 -2.7631631573741273E-5
-0.057540995049113024 0.8423979795604504 0.0918960227632853 0 5.8119704885788045E-8 1.0938112850144454E-8 -2.762410048809126E-5
0.04284010489062188 0.8515402282381707 0.09269147861274166 0 6.662389126300351E-8 4.408408822734299E-9 -2.7623244894612486E-5
0.06678793864290467 0.7745216917616873 0.0857326633705871 0 6.138899501759856E-8 -5.3855281453388335E-9 -2.7624998605227713E-5
-0.010066347156763605 0.7750831353836388 0.08553470969702802 0 5.618610327195333E-8 -1.5786294335917072E-9 -2.761708855729032E-5
