% Model:
% Version:
% Dimension:          3
% Nodes:              691
% Expressions:        4
% Description:        Surface
% X                       Y                        Z                        Color                    DeformX                  DeformY                  DeformZ
0.09361324045256657 0.9202507597854978 0.09999999999999996 0 1.3911002063724123E-7 -1.1104675289315493E-8 0.04997702362730407
0.19613059753886136 0.9039628493277616 0.10000000000000006 0 1.3301461567777587E-7 -2.5361392697289232E-8 0.04997702504586593
0.2873578563384961 0.8792328678266589 0.09999999999999998 0 1.3062095003340096E-7 -3.809938750223217E-8 0.04997703397724251
0.6177594130735132 0.6884753307245892 0.0999999999999999 0 1.0960519090966851E-7 -8.879638403135206E-8 0.04997704437593472
0.684790004400319 0.6218349412241562 0.09999999999999998 0 1.002811546103865E-7 -9.957015448136464E-8 0.04997704055746673
-2.6622719632544978E-6 0.924994933365257 0.09999999999999995 0 1.36470337026509E-7 3.163950227537212E-9 0.04997702599180318
0.042840104890621886 0.8515402282381707 0.09269147861274166 0 1.2971302089490525E-7 -4.8145596332327585E-9 0.0499770362097933
0.37075219693550476 0.8474432642497914 0.09999999999999995 0 1.309581143529718E-7 -5.209638242098936E-8 0.049977035097981154
0.14341620299378263 0.8294494640794716 0.09164675622284833 0 1.237789500530263E-7 -2.1062987580123565E-8 0.04997703095747184
0.2216527773738334 0.8287572231622684 0.09320319712735281 0 1.209144128337456E-7 -2.983252625994021E-8 0.04997703713194067
0.29491717071644885 0.8166669280321706 0.09422261270086468 0 1.2355522648125714E-7 -3.9871673596518426E-8 0.04997704379819906
0.5485314952955888 0.74480230687788 0.1000000000000001 0 1.13297292282126E-7 -7.576962473460216E-8 0.04997704067680489
0.5518007966248653 0.6760563257947593 0.09465507346897212 0 1.0559406940245737E-7 -7.750479051312659E-8 0.049977051001616146
0.5876935447112426 0.6161088910778022 0.09257893706827944 0 9.993298612527662E-8 -8.74381615736535E-8 0.049977052027665045
0.750154542605984 0.541195955123228 0.09999999999999999 0 8.658304818159652E-8 -1.057857602096544E-7 0.04997704433559835
0.6504705486077746 0.5465931881196746 0.09240305490818576 0 8.699149439843683E-8 -9.513923336611363E-8 0.04997704631137039
0.8010710017272109 0.46249419126110153 0.09999999999999994 0 7.785347330656732E-8 -1.1558492663014227E-7 0.04997705116142757
0.8437752416466553 0.3790359375932063 0.09999999999999998 0 6.678008326959655E-8 -1.250458814376729E-7 0.04997704882171899
-0.09363126894349026 0.9202489260084377 0.09999999999999998 0 1.3245503041867352E-7 1.5610056019946395E-8 0.04997701965899286
-0.057540995049113 0.8423979795604501 0.09189602276328529 0 1.2061776276726697E-7 8.58880645963271E-9 0.04997703339595809
0.06678793864290467 0.7745216917616872 0.08573266337058709 0 1.193497403292403E-7 -1.6318670132472243E-8 0.0499770359624566
-0.010066347156763604 0.7750831353836388 0.085534709697028 0 1.1419510057410113E-7 -7.235545278641006E-9 0.04997704225258499
0.33139114289377414 0.7785556133621918 0.09206768166444738 0 1.2130648983673204E-7 -4.828443576097251E-8 0.04997704593140527
0.46249999999999974 0.8010734985006057 0.09999999999999991 0 1.2243108985084552E-7 -6.50326516357813E-8 0.04997703289838387
0.3836506929290542 0.7746515411716933 0.09384509082801115 0 1.2049325599047966E-7 -5.58882117457896E-8 0.04997703934145492
0.1913914876174544 0.7797285375111098 0.08801717214843206 0 1.1238814010911738E-7 -2.991742148084025E-8 0.04997703802969411
0.13322424106658332 0.7460807458646898 0.0840331591986956 0 1.1067080273236849E-7 -2.5388005460083952E-8 0.04997703082272128
0.290977677915208 0.7546407636986491 0.08855875058870188 0 1.1501669502497722E-7 -4.5711880247105756E-8 0.049977052480797125
0.23873623781901876 0.768060257846817 0.08814793343306236 0 1.108121057689504E-7 -3.6688279234333594E-8 0.049977048024171085
0.0873996338681695 0.6969472503405288 0.07943927986118829 0 1.0483725935600715E-7 -2.075431818242227E-8 0.04997702433181312
0.5230354883414245 0.6422697488364205 0.0903707538749386 0 9.851031602657355E-8 -7.545146515023333E-8 0.04997705824904834
0.4904238791693691 0.6985151762406319 0.09277567976728547 0 1.0480015447936399E-7 -6.832997727568495E-8 0.04997704620274145
0.49825230464030656 0.6040689738252 0.08623250303750964 0 8.908490006899466E-8 -7.76722860234873E-8 0.0499770585675992
0.5828756184496425 0.5332115379316272 0.08685116301599329 0 8.363949702039515E-8 -9.03068501122054E-8 0.0499770480317354
0.5354804188313992 0.5793968081607486 0.0867593250488703 0 9.013585165034006E-8 -8.534894045177095E-8 0.04997705687136629
0.706135052883472 0.46732786457169856 0.09212747065803698 0 7.469981500254191E-8 -9.978928800156503E-8 0.049977056786567525
0.626960623589047 0.4522983371432033 0.08535306995964971 0 6.6545444669749E-8 -9.268742981360824E-8 0.04997705138988636
0.7564175363077812 0.3862256756237963 0.09237249347625182 0 6.72683134721553E-8 -1.1344317912463156E-7 0.04997705967555995
0.7978472984237353 0.3041762806928352 0.09281227257926786 0 5.358816783485432E-8 -1.1801657681282863E-7 0.04997705293433126
0.5572755215547441 0.4510872900080025 0.08061070588876622 0 6.743942515952897E-8 -8.648463983122363E-8 0.049977040156779486
0.8809325160784339 0.2820885436790224 0.09999999999999994 0 5.141269363224169E-8 -1.2686724498272303E-7 0.04997704988885884
0.8318102133114372 0.22322523392999072 0.09353078509252773 0 4.198775637561733E-8 -1.1898102149579918E-7 0.04997705954283783
-0.19616860770583672 0.9039546015730862 0.09999999999999996 0 1.339193199996134E-7 3.060524475897069E-8 0.049977016644873064
-0.14285595486183858 0.8282574032154257 0.09152546819348939 0 1.220682550721835E-7 1.9759537636897534E-8 0.049977024943641084
-0.08028628936017151 0.7814679591465112 0.08645850584417021 0 1.1251309649218169E-7 5.794362084373494E-9 0.04997703134467356
-0.04561230651596534 0.7294921334214545 0.08175631121749641 0 1.068957793725132E-7 -3.71096810075799E-9 0.04997702869941318
0.011531729957052473 0.70924084903091 0.0799938250529473 0 1.0656843793028059E-7 -1.2537136684684757E-8 0.04997702702864451
0.3464548928541494 0.7191482470167311 0.08759713317592265 0 1.1181981095292704E-7 -5.5736326343214655E-8 0.04997704359192835
0.41227210451772556 0.7140762315680476 0.090018645217313 0 1.0831047180112543E-7 -6.125821544894712E-8 0.0499770404197528
0.19425119712307035 0.7168127796252429 0.08273823779707913 0 1.0314725658422453E-7 -3.553961131306468E-8 0.049977035946068546
0.1444236460962668 0.6895139486023729 0.07960445430492033 0 1.0161277105703503E-7 -2.8168237856910814E-8 0.04997702627446531
0.26473613188816314 0.6988930987695542 0.08313425830297129 0 1.0349832409751553E-7 -4.90013716911887E-8 0.04997704399034823
0.31546555307223756 0.6681703741372859 0.0824215607208193 0 1.0151261428216727E-7 -5.500713821229305E-8 0.04997703785605183
0.04599891718688658 0.6542488180254783 0.07585611859697282 0 9.838842845593952E-8 -1.3308232584635809E-8 0.049977018846577105
0.1041493181168425 0.6209165315731189 0.07394244219969821 0 9.298611917346047E-8 -1.8215297814381826E-8 0.049977020442979386
0.4534199638911959 0.634338879041937 0.0859386615701075 0 9.089889040704652E-8 -6.856420337966441E-8 0.04997704921101714
0.4723939921181885 0.5653277489130147 0.08223903081434113 0 8.175024091181375E-8 -7.731482604530543E-8 0.049977048084321914
0.5096255127299391 0.5106912413470729 0.08097857821614195 0 7.717051870845056E-8 -8.27418957222034E-8 0.04997704235733808
0.49005227512439603 0.44470401859070546 0.07629562530822705 0 6.91479550730689E-8 -7.653641860219254E-8 0.049977033423580376
0.6719229666176102 0.3884051108238118 0.08561888827579651 0 5.7548246017195046E-8 -1.0306065539848834E-7 0.049977063843404154
0.585360990165672 0.3703838402167338 0.07867156144500052 0 5.393018866997554E-8 -9.084581681168936E-8 0.04997704077100497
0.7133503615870089 0.32015636681811027 0.08613118221459616 0 5.201482809421668E-8 -1.1093381416707142E-7 0.049977055801340556
0.7561533810021166 0.25116889240286866 0.08746370240455795 0 4.160669422947901E-8 -1.1102961641625843E-7 0.04997705524983929
0.4678168231247622 0.39722837411780604 0.07282402579327739 0 6.542808035247961E-8 -7.119788006725582E-8 0.04997703271471487
0.5201731653431543 0.38799390136202994 0.0753439569886662 0 6.076760487226958E-8 -8.028373085186778E-8 0.04997703291370134
0.9051251569294584 0.19071818089926673 0.09999999999999992 0 3.920615269433615E-8 -1.310910498661453E-7 0.04997705820494676
0.7902639371480997 0.1788726841459575 0.08869278761371618 0 3.188919144112349E-8 -1.1368188993547721E-7 0.04997706894623211
0.8510855832446352 0.14814580550682155 0.0937894978149824 0 3.359843206851719E-8 -1.2577932966287272E-7 0.0499770671019331
-0.2873939485029833 0.8792210714939994 0.09999999999999992 0 1.2935329546866422E-7 4.400127746359244E-8 0.049977021630244624
-0.23130254147882853 0.8233581280344335 0.09294490463014163 0 1.2419917403784886E-7 3.4933728605505234E-8 0.04997702898429528
-0.31654977457237843 0.8071051679018628 0.09409208829712742 0 1.155868784792936E-7 4.6496891821734546E-8 0.0499770305484195
-0.17894546311077822 0.7718277883825889 0.08706002927260566 0 1.1803011187703844E-7 2.1933547683967327E-8 0.04997702862993657
-0.13380906082414656 0.7600240739879769 0.08523325950883374 0 1.1359199731214217E-7 1.352038331060965E-8 0.04997702602970507
-0.09794458893422107 0.7138796015511553 0.08090449857215165 0 1.0614641534974672E-7 5.795274315475556E-9 0.04997702239634156
-0.048508906291745806 0.6781878024575432 0.07767733236817927 0 1.0125446178196754E-7 -1.5016898567729176E-9 0.04997701943501561
-0.0078551337227577 0.6491499078369712 0.07536310530979572 0 9.764480831458388E-8 -5.633268656408458E-9 0.049977017170793454
-0.22520922840433794 0.7458968973346558 0.08588793599516023 0 1.1585884499664421E-7 2.630070119217115E-8 0.049977035493408734
0.3676404370066046 0.6367719158122648 0.08211917016769558 0 9.464330727549955E-8 -6.003270447432899E-8 0.04997703553720641
0.1936377969261951 0.6392946953673746 0.07676490405819383 0 9.525417999575719E-8 -3.4558309570291554E-8 0.049977026041964474
0.2841334503354857 0.6165726819630527 0.07759808624216208 0 9.332637807761697E-8 -4.910233175194214E-8 0.04997702813563514
0.15199695343335892 0.5713443637747505 0.07128864354870554 0 8.790236341254657E-8 -2.1648038534173895E-8 0.04997702725466497
0.020086990102898376 0.582926818943489 0.07076019404513119 0 8.76952467217542E-8 -4.4390276857842955E-9 0.04997701827990646
0.09263905094403112 0.5551170207203663 0.06943102413110944 0 8.27246023666262E-8 -1.181419805377599E-8 0.049977028146660114
0.40094975894605217 0.5652131577221657 0.07869394977656125 0 8.237238763661807E-8 -6.452287562775961E-8 0.049977033781110354
0.44736034083495335 0.4974141441538551 0.07684191432450417 0 7.497425393246461E-8 -7.106169366472012E-8 0.04997703419115512
0.43140219656813134 0.4287675225971859 0.07244484890584983 0 6.959779713838968E-8 -6.456784610302758E-8 0.04997703341595563
0.6341588941531795 0.31283518999890125 0.0798162445324894 0 4.6521552990461024E-8 -9.948491039282966E-8 0.049977044802954264
0.5293785213896149 0.3388907230126146 0.07386902220939724 0 5.433831610268072E-8 -8.116055222255489E-8 0.049977032255124565
0.5661686439840169 0.30314954318445153 0.07485251919573685 0 4.7998944802893955E-8 -8.675490597829022E-8 0.04997703433544379
0.6744856330743808 0.25899543825752414 0.08106282636378112 0 4.000604137934564E-8 -1.0309444154554563E-7 0.049977046223996714
0.7226994437477959 0.19973529248782174 0.08334138075756292 0 2.9908058574125686E-8 -1.0612713383037428E-7 0.04997705556320132
0.432283916850713 0.3802988180284773 0.07026687195777442 0 6.5829672506303E-8 -6.449855969618011E-8 0.04997703760880345
0.471669282894354 0.34325991058700306 0.07076541111671207 0 5.929380914361271E-8 -7.180892148751603E-8 0.04997703368211512
0.9192877608705788 0.10260257931928718 0.09999999999999994 0 2.7296066714641188E-8 -1.3851707058190744E-7 0.049977058424540206
0.8038717607621602 0.12213857484508563 0.08895470660031483 0 2.539466182303551E-8 -1.2226887570942087E-7 0.04997707273038585
0.7461230180043805 0.13265602880629776 0.08402816782270865 0 1.9054719151926973E-8 -1.1301448994707643E-7 0.04997706603251373
0.8513706752696019 0.07427003550197267 0.09288407134507307 0 2.1778248581481773E-8 -1.3019337876050808E-7 0.04997706314029827
-0.37078556224583165 0.8474286657041801 0.09999999999999998 0 1.198798166586171E-7 5.366163909211463E-8 0.04997701920801603
-0.2837405614792432 0.7514739211838952 0.08805204152803742 0 1.1035274003262667E-7 3.571855721605545E-8 0.04997704112364553
-0.34402355613461416 0.7467533926463904 0.08979839619713195 0 1.0567280429903099E-7 4.503986151733054E-8 0.04997703044018158
-0.37812997462304876 0.7796968295885027 0.09405159466762453 0 1.1032696502679911E-7 5.2910455298055804E-8 0.049977023464864365
-0.1720142422395265 0.7059350940103875 0.08139872432652721 0 1.0873545437968311E-7 1.676295412461883E-8 0.04997702373369574
-0.11459365381122653 0.6489796043007033 0.07609123122821615 0 9.823617414751458E-8 1.0879853770407084E-8 0.04997701620812463
-0.05636556989485568 0.6123374883168238 0.07290850863136557 0 9.316183705036519E-8 4.901456913248716E-9 0.04997701579654835
-0.25001651455608 0.6877574831582878 0.0818288600417976 0 1.05003001182843E-7 2.4589965605665095E-8 0.04997702916730644
-0.052031801679697585 0.5443357511275841 0.06842717285738567 0 8.512087978069159E-8 7.641751558975629E-9 0.049977023525436405
0.3180361598450387 0.5508547874957042 0.07440724687637126 0 8.394775358362239E-8 -5.065663672087951E-8 0.04997702449221319
0.22784343961994075 0.5451094489255655 0.0712614275403811 0 8.642055089862365E-8 -3.509380110025675E-8 0.04997702593763745
0.15223360853370177 0.5114589799667827 0.06762073099832457 0 8.220553324502765E-8 -2.0218145989265905E-8 0.04997704216159445
0.001253333994083932 0.5186888782774371 0.06673044987207258 0 7.911949577404648E-8 -1.222118849056312E-9 0.04997702553579767
0.04502055801070238 0.5239593119206278 0.06715619876796415 0 7.718777212418798E-8 -6.571273423986839E-9 0.049977028440095356
0.09307018049889716 0.48701542238591894 0.06541754354915293 0 7.004745345061407E-8 -1.4958584898993325E-8 0.04997704545410777
-0.028427878816465992 0.4894039605592073 0.06510500934199118 0 7.751827169137317E-8 1.4004183074892836E-9 0.049977029402018945
0.3618627937090411 0.47199806236141684 0.07152593305679358 0 7.345445314964849E-8 -5.3110089320375775E-8 0.04997702971824495
0.3818998921620359 0.39282083230988174 0.06849211870683777 0 6.669809391796752E-8 -5.365326248710931E-8 0.04997704456557678
0.5964895386590119 0.24538252217967105 0.07505456752399718 0 4.046925478859625E-8 -9.019364465470136E-8 0.04997703656116106
0.5023235944487768 0.2915186453354023 0.07059623054924216 0 5.040438703447681E-8 -7.554409301032567E-8 0.04997703304409909
0.5325092597313041 0.25445661626164345 0.07121936353097057 0 4.463631437152652E-8 -7.887497472980146E-8 0.04997703479466594
0.6524176664552401 0.20477109599706136 0.07797707686621597 0 3.2299005272829175E-8 -9.828183688767607E-8 0.04997704264587167
0.6908574756839181 0.1584953945063365 0.07995126254637963 0 2.3062102432848647E-8 -1.0380208591392958E-7 0.049977050856345066
0.5953591891669738 0.1936606882201294 0.07369160395615945 0 3.509929781686345E-8 -8.90236160468427E-8 0.04997703862660199
0.6892086201904363 0.11760753932384704 0.079182235454291 0 1.7399024430458673E-8 -1.0536126346242963E-7 0.04997705019019105
0.405879084331799 0.3317218591300754 0.06705525860874957 0 6.050081915250765E-8 -6.332754712188254E-8 0.04997704637046148
0.4374027432196878 0.28280425722565 0.06685837267776955 0 5.106381041933143E-8 -6.743794585202403E-8 0.04997703938292785
0.9249999999999994 2.4083227273235917E-16 0.09999999999999988 0 1.1904401778099221E-8 -1.3757264212107066E-7 0.049977054823739375
0.7822439697509949 0.07342341173252223 0.08646750245519459 0 1.5415158322206096E-8 -1.2201789490999874E-7 0.049977064684120706
0.7247257834183622 0.08520662975023731 0.08165698245211614 0 1.2673163099925917E-8 -1.1244341098174814E-7 0.04997705643341927
0.8252770499196596 2.2719212644267835E-16 0.09008727174442381 0 8.3883859958885E-9 -1.2349531048952268E-7 0.04997705983796674
0.8548200389796248 -0.0652462727687064 0.09314675085287963 0 1.7516063031715535E-9 -1.2481893047689166E-7 0.04997706358604177
-0.4625 0.8010734985006055 0.09999999999999995 0 1.1518273009366719E-7 6.697544582607223E-8 0.04997701301857269
-0.4789401191209053 0.7197628636157833 0.09385470752197606 0 1.0630044464948546E-7 6.965930211736794E-8 0.0499770219114034
-0.5083123257938114 0.6756675576578802 0.09200745306162256 0 1.0001331944639445E-7 7.401511241065354E-8 0.04997702979638058
-0.32754350874215143 0.6890222378899378 0.08446715933764734 0 1.0055541478325908E-7 3.760878566278217E-8 0.04997702729230045
-0.41247406389305447 0.7144260354671815 0.09005646238462256 0 1.0483621014748832E-7 5.641539497894162E-8 0.04997702281941778
-0.19051431605916905 0.626194724144322 0.07575740850014469 0 9.483786089393812E-8 2.116318500560374E-8 0.04997701666184013
-0.12546868182070262 0.5661421054611622 0.07053660282173835 0 8.57518996352236E-8 1.9084752820862172E-8 0.04997702255755674
-0.19168892528151546 0.5624523066487603 0.07149027116733264 0 8.244346868400288E-8 2.5939389261711575E-8 0.04997701866485331
-0.29003290264585363 0.6297052539110426 0.07871782471366957 0 9.443082504149104E-8 3.19925986476626E-8 0.04997701780656372
-0.10596501162257628 0.5041773372256166 0.0665257287102945 0 7.9532884300126E-8 1.6259894550506003E-8 0.04997703968571878
-0.0710277803670786 0.4813038479979327 0.0648997774631422 0 7.910147433015094E-8 7.176167096350357E-9 0.04997703691374343
0.27234892372669683 0.47172217328134014 0.06829621029644013 0 7.501844786359854E-8 -4.038078372184963E-8 0.049977029008710136
0.21079455863719812 0.4693257584201238 0.06648483672306539 0 7.807633613092585E-8 -3.331860873717757E-8 0.04997703530491845
0.14985938251764008 0.45279307874260605 0.06437801254812757 0 7.401471640674941E-8 -2.9263988419957707E-8 0.04997704904257106
0.18545604713463826 0.4304739947807409 0.06393784680976806 0 7.125659301283432E-8 -3.4141572365463745E-8 0.04997703924424616
0.11053788187593885 0.4306223745782792 0.0626902062642271 0 6.506862155006335E-8 -2.665588443775261E-8 0.04997704441353491
0.019795838688718648 0.4703114259817322 0.0640444060829731 0 7.052559521923839E-8 -6.989180094230241E-9 0.04997703063227256
0.06533055038853271 0.4354649165439313 0.06247764990259347 0 6.338981531317576E-8 -1.766415462233898E-8 0.04997703678791823
-0.04037960269203985 0.4408570318083466 0.0625957773306699 0 7.139243486887694E-8 -1.209113125061763E-9 0.04997703091085573
0.3329058545937796 0.33325924236807375 0.06406157186555389 0 5.094887466607585E-8 -5.490158198962524E-8 0.04997705820740425
0.30693864167133966 0.4042133776050551 0.06608285286906407 0 6.16178367687034E-8 -4.303052597654747E-8 0.04997704180410369
0.5387084587482874 0.20560708274998704 0.07032262751622614 0 3.953410771412394E-8 -7.841317943235542E-8 0.049977040479796474
0.47599510640454495 0.23047538821938993 0.06733340193971542 0 4.179610046969089E-8 -6.895743049319908E-8 0.04997704102249005
0.5285393108936259 0.16518893231571916 0.06885934434787161 0 3.595539053543636E-8 -7.719225934454106E-8 0.04997704884960443
0.6359863797306671 0.1341128294488754 0.07542020319546491 0 2.4110854319297616E-8 -9.670573418999989E-8 0.04997704176485135
0.5665181445886517 0.15558354761445173 0.07104008880031383 0 3.342761674830332E-8 -8.48026105772389E-8 0.049977043021390805
0.660910431014522 0.06111123862815046 0.0764443497197492 0 1.237575315539005E-8 -1.0160950234796214E-7 0.04997704252798973
0.3628225028367361 0.2686598783514226 0.06303900336729049 0 4.510945777777099E-8 -6.167346754398388E-8 0.04997704446591081
0.40159415937487913 0.22227119456522582 0.06342742714419668 0 3.738267443183921E-8 -6.222048114887464E-8 0.04997704193335436
0.8374232558848936 -0.1293417213860296 0.09218338983550127 0 -6.526859701521273E-9 -1.2476016194570603E-7 0.0499770727914188
0.9192877606928149 -0.10260258091221071 0.09999999999999994 0 -1.9310507761405262E-9 -1.3507622752581258E-7 0.049977060886088435
0.736498120183538 1.9461726324828643E-16 0.0822207664498539 0 2.7439988939892715E-9 -1.1095810278693865E-7 0.04997705292286961
0.7859407931602105 -0.07401767626946824 0.08680140328934059 0 -5.2514036122809535E-9 -1.1317861078842384E-7 0.049977067103457444
0.7880045515761323 -0.12910173677696724 0.08762058220646912 0 -1.284596169874189E-8 -1.170741854955776E-7 0.04997707656533794
0.7883546035916829 -0.16488856810254315 0.08824892692988198 0 -1.743933364561359E-8 -1.2189514858625077E-7 0.04997707551135592
0.7597010793028802 -0.19500257071099414 0.08634694259141451 0 -2.443088309469791E-8 -1.1870314767845288E-7 0.04997706800546755
-0.5485031394581955 0.7448231888659758 0.09999999999999998 0 1.0831870674211416E-7 8.077543119837167E-8 0.04997701734051965
-0.5596851197575441 0.6634042603718276 0.09419033697962353 0 9.401716477578861E-8 8.030043250484469E-8 0.04997702839011156
-0.4499036574234318 0.6597655574984556 0.08762543161615084 0 1.017500181454892E-7 6.21099140034413E-8 0.04997702759768366
-0.5084523869045262 0.6310249340793687 0.08870435188239581 0 9.478091929047332E-8 7.001975029359904E-8 0.0499770374933991
-0.3679940573528886 0.6373844042186184 0.08217817873449768 0 9.696346751849288E-8 4.486372497708534E-8 0.04997701982556062
-0.42125713605646403 0.6077940464059373 0.08247265847688973 0 9.611903437045074E-8 5.338584741784952E-8 0.049977023349868706
-0.5445828559277581 0.5931276201062035 0.08823074690283744 0 8.518286736809368E-8 7.06898870941501E-8 0.049977034697259524
-0.2598642375444073 0.5690891545970852 0.07365958600480058 0 8.443483946339047E-8 3.201218965115026E-8 0.04997701261601273
-0.146043412013244 0.5032640730580226 0.06704541835555089 0 7.345435098051622E-8 2.1832810882489425E-8 0.049977038858406334
-0.17773060720916645 0.5259463281585312 0.06894804779728927 0 7.536665810012666E-8 2.583127243960399E-8 0.049977026781024225
-0.21172158677062325 0.5198781223671345 0.06933829044213057 0 7.414104722782964E-8 2.9022272873160927E-8 0.04997702102325522
-0.31860245148696237 0.5518356333914171 0.07448895588812982 0 8.351670684169243E-8 4.014105626406964E-8 0.04997701069904945
-0.14030890931253803 0.4679836164169959 0.06501280116403946 0 6.892936440177005E-8 1.4810813050691133E-8 0.04997704558248621
-0.1029411460718821 0.44640858274387013 0.06338188130081228 0 7.211503651591598E-8 5.547773831403639E-9 0.049977042553346146
0.2318898921058528 0.4016450748890024 0.06367695651733307 0 6.31446789357951E-8 -3.820681488711515E-8 0.0499770347470247
0.15384627156060382 0.38391173658918915 0.06118533303935767 0 6.12378566051329E-8 -3.233136325228531E-8 0.049977033240478023
0.08567704016096146 0.39343427128029224 0.06068036954612458 0 5.977258709246921E-8 -2.255630530369041E-8 0.04997703245120983
0.05891091878969271 0.3561813785904501 0.05888183035860122 0 5.58613852883123E-8 -1.569579124958176E-8 0.04997702501296925
0.013052198219917915 0.38970549808144694 0.060109559393507296 0 6.053671704794277E-8 -9.371721917656687E-9 0.04997702531569716
-0.07539656272461731 0.38263872680028077 0.06011274428033935 0 6.130612916889589E-8 1.4373015140133808E-9 0.04997702604492099
0.29687695963224414 0.26583446546620587 0.06049214663587172 0 4.0729401482841714E-8 -5.1728521907159365E-8 0.04997703754984013
0.2625418688185837 0.33648330779519714 0.06181290503458571 0 4.8728826413025934E-8 -4.421642327639747E-8 0.049977038535133286
0.4879508039440347 0.1753290332884817 0.06671893154849401 0 3.471174885368088E-8 -6.906418774074545E-8 0.04997705346568671
0.44078820931890456 0.1777885340956575 0.06428879605061416 0 2.9483254071641823E-8 -6.375538890272096E-8 0.049977051673331115
0.5192463818471629 0.12824117265253684 0.06769417632898124 0 3.2007364276217597E-8 -7.936553620886311E-8 0.04997705541933476
0.5800435663390094 0.07440259297015445 0.07086095755136958 0 2.0798601149630324E-8 -9.028319358116208E-8 0.04997704091645231
0.637168246229727 1.7636191275501274E-16 0.07448630903843242 0 5.733849709432829E-9 -9.68489346880962E-8 0.049977039264768465
0.394490378891255 0.17177804019933987 0.06198157459134764 0 2.657166592316333E-8 -6.06455848387039E-8 0.049977044052159594
0.33827356631260735 0.19741612693850674 0.060186571415137134 0 3.2358077575336064E-8 -5.509202373510637E-8 0.04997703529621935
0.823080640176532 -0.2073363860609292 0.09232209730203018 0 -1.97214576758487E-8 -1.2870911692657169E-7 0.04997706797454451
0.9051251563026288 -0.19071818387397393 0.09999999999999996 0 -1.4989398489787922E-8 -1.3832542947784033E-7 0.049977062852517504
0.6918887433807663 -0.06772116765551028 0.07886795692620671 0 -7.830299617818697E-9 -1.0250858898552795E-7 0.04997704967909185
0.7325342916850162 -0.13408386908087777 0.08291013088256638 0 -1.9764919803618045E-8 -1.0982552162854779E-7 0.04997706580316477
0.7578046117703348 -0.24801668508133748 0.08751626752734717 0 -2.9524389492436628E-8 -1.1671841427867182E-7 0.049977062162318966
0.7040732060431756 -0.2032143579310842 0.08191372549943252 0 -2.7441663666102127E-8 -1.0818371621192223E-7 0.04997705700623574
-0.6177328508859397 0.6884991641819087 0.09999999999999995 0 9.585563758693261E-8 8.74479189995933E-8 0.04997701801646157
-0.6071515389330133 0.6092519905512257 0.0934219469334025 0 8.422931924705536E-8 8.311874184458476E-8 0.04997702321838443
-0.5735399527378838 0.553508622043815 0.08749015204644302 0 7.97332126003771E-8 7.415990665866666E-8 0.04997702598019314
-0.47303326379715877 0.5791284533565412 0.08316905076856485 0 9.167391876281186E-8 5.8249716880817536E-8 0.049977030484588535
-0.39181543828090004 0.55445735722153 0.07760084140770421 0 8.683786737390081E-8 4.9012132426981035E-8 0.04997701463893132
-0.5240933648557364 0.532232296917964 0.0831006990315747 0 8.060185625807322E-8 6.436508052302328E-8 0.04997702494976287
-0.2730034360466586 0.47285582187369307 0.06837705113188602 0 7.006442380025285E-8 3.754576340418196E-8 0.049977016965674005
-0.19156331121345604 0.4731617410648762 0.06625147072173328 0 6.599213451016715E-8 2.3877097467094142E-8 0.049977031222040336
-0.3580569939172612 0.4725541821277962 0.07140049698238948 0 7.157535051210102E-8 4.973408370702261E-8 0.04997701422640308
-0.30165136280488036 0.4184145297189895 0.06656200918217181 0 6.543931521747956E-8 4.3597993847951315E-8 0.049977025148642246
-0.157502577302292 0.4062797025959702 0.06224976286168573 0 6.100259046521105E-8 1.1733255481808156E-8 0.049977031334600804
0.1923176439095004 0.3331039304431941 0.059877835485628056 0 5.1932650012177866E-8 -3.512602967589928E-8 0.04997702740680108
0.10763513709501452 0.32249572723181036 0.058047784011843524 0 5.240851353012637E-8 -2.18321838684592E-8 0.049977023868516886
0.02555769618970364 0.3104658173674803 0.05699894508193309 0 5.0478618096027055E-8 -6.088993884896449E-9 0.049977025599473694
-0.04439277195221167 0.328710102628296 0.0577329050528648 0 5.179307505955426E-8 1.641489145634773E-9 0.04997702210308568
-0.11902524067374878 0.32805250160257865 0.05839824108948766 0 5.1328105533211666E-8 9.800999483898715E-9 0.04997701903316247
-0.017053837843317182 0.27836069099312905 0.05590951428308119 0 4.3984753304158974E-8 2.731847621925733E-9 0.0499770311592884
0.011677278178983168 0.25977319628253465 0.05533524160416193 0 4.371418307382457E-8 -7.688001453398445E-11 0.04997703766676785
0.26432978404622737 0.19520810401833602 0.05761727712614054 0 3.463955103602708E-8 -4.2461425700575933E-8 0.049977030978338687
0.22703812963746223 0.26409762190385005 0.058370438456053005 0 4.171909379815983E-8 -3.8345303890919806E-8 0.049977027666424735
0.4615326701397575 0.12346215125476942 0.06442192515091573 0 2.2151414474883093E-8 -7.239202431914436E-8 0.04997706461929642
0.41609697408913515 0.13788398400008958 0.06237868126929303 0 1.9735560723595932E-8 -6.453402345077409E-8 0.049977051886416594
0.493812622045095 0.06489296717588176 0.06554297030555511 0 1.886392364436878E-8 -8.133525846007799E-8 0.0499770523289717
0.5965173615012843 -0.07939251741876009 0.07200225824383245 0 -2.365287222020251E-9 -8.982343112448634E-8 0.04997704215458232
0.5449077695259101 1.790659953385319E-16 0.06830916124377963 0 1.0331679746736303E-8 -8.372424103983649E-8 0.04997704166729516
0.35923719947272786 0.12552401442410066 0.05970040660633742 0 2.0456189244948695E-8 -5.7824693859257963E-8 0.04997703744558413
0.23462332403576253 0.13422621113694225 0.05564316792853833 0 3.108776644168594E-8 -3.6070351348572594E-8 0.04997704147887753
0.29070078878885497 0.12979410487969603 0.05724274123768994 0 2.677399566381708E-8 -4.691142610937313E-8 0.049977033069330094
0.8014927716328408 -0.29144105877124366 0.09271262928645599 0 -3.16339197344997E-8 -1.2228028420388115E-7 0.04997706076315957
0.8809325145611795 -0.2820885484172241 0.09999999999999999 0 -2.8916259461002822E-8 -1.3567287594822111E-7 0.04997705706340238
0.6510493529215736 -0.15514133280147802 0.07686356365481603 0 -1.8822211684527416E-8 -9.915004560076617E-8 0.049977047469774355
0.5770279320473077 -0.1518434761804153 0.07165568912865206 0 -1.1149138537857083E-8 -8.97680325186222E-8 0.04997704602388344
0.7173493567573875 -0.3169596225802428 0.08634023460744476 0 -3.8605710860121395E-8 -1.0494878839162936E-7 0.049977063918240146
0.6897625743522149 -0.264441860913035 0.0824063475266023 0 -3.4205372985649406E-8 -1.0321132180905893E-7 0.04997705561021273
0.6384778628041973 -0.23491899962832427 0.0777084562971251 0 -2.9693777675378547E-8 -9.70297810514904E-8 0.049977046998116226
-0.6847646792234083 0.6218628292777221 0.09999999999999995 0 8.616762121602026E-8 9.592108887826024E-8 0.04997701128045316
-0.6465139113454264 0.538316822314734 0.09160194260007758 0 7.767166679692264E-8 8.980808876425588E-8 0.04997701922511242
-0.5770660846669927 0.4836246905463882 0.08360849061752018 0 7.448681139269845E-8 7.566750465632648E-8 0.049977019663852866
-0.45509595152323246 0.486640439064581 0.0766367028663977 0 7.490048644517408E-8 5.781352860589409E-8 0.04997701448869522
-0.41803303753571375 0.41861066103869105 0.07131407766744806 0 6.045925336750792E-8 5.7985098859526734E-8 0.04997701743324275
-0.5228737105474611 0.469403410425903 0.0794598201715015 0 7.261052142518204E-8 6.65319423277107E-8 0.049977015654982554
-0.2326279902659774 0.402923498403311 0.06375456788963607 0 6.22386804135798E-8 2.8182596980417878E-8 0.04997702451769309
-0.2807191746564195 0.3771430143239577 0.06401358518053686 0 6.271225395344246E-8 3.7301738434370064E-8 0.049977030121471706
-0.366851516506518 0.3914531813319968 0.06779342734587492 0 5.674172227136863E-8 5.38689827611359E-8 0.04997703176948772
-0.31784422091904324 0.3574692689417032 0.06445327462614314 0 5.984909589356704E-8 4.243074331177529E-8 0.04997704059970014
-0.19326570388917427 0.3347460184966118 0.05996054906425582 0 5.408115553230533E-8 1.9874881253383384E-8 0.049977019187147496
0.14969050843762158 0.2592715660247785 0.05657975437506353 0 4.4118034364268434E-8 -2.4493351061637816E-8 0.049977024947784374
-0.15073713287945018 0.26108437273446894 0.05665087411303694 0 4.100479948756892E-8 1.8227000962145186E-8 0.04997701825207977
0.06630901180929023 0.250856535710505 0.0553186995326227 0 4.526612905918497E-8 -1.0067638446573286E-8 0.049977033728386216
0.017981432514459814 0.22651294475696923 0.05443142027174295 0 4.075453218207481E-8 -2.432623223455005E-9 0.04997704893301408
-0.07471068043782808 0.2615864764835527 0.0556965634877458 0 3.9141269836447764E-8 9.37447314018741E-9 0.0499770270508377
-0.014253461472862217 0.23459230484404994 0.05463523466770248 0 3.675277685516387E-8 3.0964690273165564E-9 0.04997704589825425
0.20062573683728832 0.09527047772396216 0.05430115527057267 0 2.5581029486006222E-8 -3.4542194761672654E-8 0.04997705613345439
0.18890830540911194 0.1893292231980287 0.05555650018582656 0 3.501243906284161E-8 -2.7230743730824393E-8 0.04997703525809045
0.18353225708574536 0.1263657612272312 0.05431954168807018 0 2.715132617688088E-8 -2.6883756494024998E-8 0.049977055122722054
0.4146151646677903 0.077681020975073 0.06157475739077052 0 1.237695423328293E-8 -6.872866283640183E-8 0.04997704711253665
0.4636209692030302 1.4593888372567647E-16 0.06366862151549985 0 6.333343611663416E-9 -7.219985903941381E-8 0.04997704551910481
0.5270134709035552 -0.12362075461980128 0.0680883893303861 0 -3.843190065608035E-9 -8.129621585691179E-8 0.049977056558733406
0.5078212312272355 -0.05773868566153319 0.06628756501631428 0 2.1002724763901603E-9 -7.459902614872885E-8 0.04997705081957544
0.3331467524821928 0.0633273262949379 0.05801432008933982 0 1.472684377715678E-8 -5.476587405875614E-8 0.04997703224725058
0.2538184516803514 0.06940494742292715 0.05542696753822805 0 2.216264008819482E-8 -4.3129504881698224E-8 0.04997703963909313
0.7635253857731481 -0.3782532475337201 0.0926398396720293 0 -4.157316483894573E-8 -1.1433394882486656E-7 0.049977068618473085
0.8437752388147 -0.3790359438971111 0.09999999999999999 0 -4.107642654379926E-8 -1.2682207637794825E-7 0.049977058687419494
0.5898871014295897 -0.20776639827421509 0.07364495662277286 0 -2.222077738808987E-8 -9.207798716160911E-8 0.04997704340966501
0.5408130551366508 -0.18150058753720788 0.06992281214701015 0 -1.4362469489302881E-8 -8.737132304643236E-8 0.049977048907214584
0.6777956079436661 -0.39290477214771746 0.08626804024189792 0 -5.28071341360286E-8 -1.014997210325964E-7 0.04997707607735805
0.6346730356926773 -0.3174870091624343 0.08001946855914076 0 -4.334318687206349E-8 -9.298180638974465E-8 0.049977054240665966
0.5796784116794852 -0.2776116098201063 0.07488927562467991 0 -3.4421021885303674E-8 -8.883546918405315E-8 0.04997704287748324
-0.7501326501074496 0.5412263004122693 0.09999999999999999 0 7.68364552871834E-8 1.0830291641997797E-7 0.0499770123190271
-0.7186415188607144 0.4635460562865767 0.09293928953994947 0 6.647696967191053E-8 1.0342095439435547E-7 0.04997702658924651
-0.5580584193120213 0.42548332869284045 0.0793877523859349 0 6.788348572261469E-8 7.29612812795504E-8 0.0499770150064966
-0.6328963674406778 0.4470501467799965 0.08550954643040555 0 7.166560767100969E-8 8.73107867583515E-8 0.049977025752754776
-0.6767294999436545 0.3833870641168075 0.08576692861654717 0 6.149486258649808E-8 8.885794846640896E-8 0.049977035340903565
-0.4324706598932547 0.3595596935895599 0.06940707877592157 0 4.917579880737877E-8 5.815007543144211E-8 0.049977020581718365
-0.48200836859227103 0.4026983386005155 0.07383556549613608 0 5.995870708527484E-8 6.3723441504979E-8 0.04997701172572999
-0.5442886348821633 0.36830034160648034 0.07595460109733419 0 5.838714087498218E-8 7.136580705708121E-8 0.04997701112042841
-0.3182526738785638 0.31228528282505874 0.06275542647814243 0 5.3238889407926977E-8 3.5523404745898E-8 0.04997703758630771
-0.25621859628623345 0.32661564029958035 0.06125711843708684 0 5.6340583688655366E-8 2.923366685823874E-8 0.04997702562055247
-0.37474174799433474 0.325215240573534 0.06543736846884436 0 4.556905772349998E-8 4.5836777664016464E-8 0.04997703836631994
-0.4300985673768074 0.3012630280350379 0.06711000127247038 0 4.179423092733689E-8 5.5894785120954796E-8 0.049977022176196526
-0.22695325756190313 0.2565120405768185 0.058144911454045704 0 4.295839510008294E-8 2.6811353200475623E-8 0.049977017779012034
-0.18350196867475074 0.18844743574056294 0.05542383280391715 0 2.983351946426932E-8 2.6155938824109714E-8 0.04997702793705372
0.11136664405289663 0.19289268576805546 0.0543171535525474 0 3.5722280564347735E-8 -1.7224117412673238E-8 0.0499770383110896
-0.1122914677939212 0.19449452747555573 0.054363926326504504 0 3.042465892494384E-8 1.466148728014884E-8 0.049977033299703544
7.833096257776418E-4 0.19069362679459012 0.05356840441819727 0 3.279822981052712E-8 -6.220143974162849E-9 0.04997705534925443
0.04520143550094839 0.18418512355280772 0.05354594410814683 0 3.610640594971542E-8 -1.189016017040138E-8 0.04997704902394669
0.017173734845246678 0.1662656573333219 0.05309215701680856 0 3.098970674101394E-8 -1.138049797780291E-8 0.04997705131737553
-0.04746651353754764 0.1829715324610284 0.053532622158623755 0 2.7413753678944454E-8 1.3653547924479582E-9 0.0499770464766337
0.1909210649037195 0.04684254353730668 0.05369730809312632 0 1.6005848007777284E-8 -3.6366774559749466E-8 0.04997705178841534
0.15384433041034729 0.09209874155024392 0.053330182368177645 0 1.6764315594115452E-8 -2.873463761983983E-8 0.04997705884563706
0.13647605991683223 0.1435082568468913 0.053729825805134857 0 2.5413235781542212E-8 -2.079345502489357E-8 0.04997704884064363
0.38492668203237634 1.0023152680894796E-16 0.05989052034096669 0 3.5051941407433014E-9 -6.100767927077203E-8 0.049977036466589624
0.4253355502182104 -0.06042681663517086 0.061949401873126426 0 -6.044903005596128E-9 -6.305751294627965E-8 0.0499770484390073
0.48600244774065643 -0.18106149615140063 0.0667271620082264 0 -1.636470018932961E-8 -8.206631482899312E-8 0.04997705718701103
0.4535801009187721 -0.11979187747949692 0.06395953291420167 0 -1.4129568964820941E-8 -6.96292044576459E-8 0.04997706675169174
0.30024351839566077 1.0287337474471442E-16 0.0566089984335615 0 8.79791571092952E-9 -4.898674599174369E-8 0.049977031780708385
0.2238875048948223 7.961310541061857E-17 0.054346295287657866 0 1.1103409472673726E-8 -3.8132759634219096E-8 0.04997704333448868
0.7176713367395706 -0.46521260674377907 0.09294805270739667 0 -5.726473004779547E-8 -1.1427533796928778E-7 0.049977069982288985
0.8010709981238167 -0.46249419750242293 0.09999999999999998 0 -5.391747915698608E-8 -1.2389955109098916E-7 0.04997706390050921
0.526450453306162 -0.2376825100162034 0.07038843476625323 0 -2.4707593545012608E-8 -8.50475032313074E-8 0.049977043418173175
0.4546475825643904 -0.23293628734368743 0.06627327609670221 0 -2.484181728594905E-8 -7.502552341418651E-8 0.049977048229229507
0.5306797663003683 -0.29923675531161764 0.07251363051783592 0 -3.548905631612213E-8 -8.282724278313816E-8 0.049977040938466756
0.6103906305879975 -0.40135765312469507 0.08172372928462608 0 -5.730425949720784E-8 -9.214045656783852E-8 0.04997705994168184
0.6403517767463041 -0.46278562534170165 0.08686037768572827 0 -6.258870176620183E-8 -1.0044543451562675E-7 0.04997706600749853
0.5664981365845182 -0.34007595181336636 0.07621962270586985 0 -4.5009026657173706E-8 -8.574927956997378E-8 0.04997704545597455
-0.8010558185062641 0.4625204886241073 0.09999999999999998 0 6.316460505147015E-8 1.1300435599607863E-7 0.04997701697910007
-0.7603438011582597 0.3738096376808479 0.09217483686370775 0 5.068954930999203E-8 1.0229716636479658E-7 0.04997702608903051
-0.6064827120561795 0.3683452405387546 0.0800133246078764 0 6.222821345136702E-8 7.868456298837483E-8 0.049977019431202065
-0.6554904399290363 0.3258387756938692 0.08184700708932659 0 5.42705129620105E-8 8.359839838861163E-8 0.04997702256313401
-0.7173789460644423 0.3218656625868021 0.0865204629875929 0 4.8727673418775024E-8 9.339185861197798E-8 0.049977025495620823
-0.4490633670822638 0.262933614095089 0.06682964731028332 0 3.8264747689291213E-8 6.031699680586888E-8 0.0499770198357017
-0.561964870759204 0.31624700130713357 0.07504348009682706 0 5.05936111984728E-8 7.406179448100256E-8 0.04997701032761487
-0.4969688691845382 0.31115828345845914 0.070963541880969 0 4.570829744688307E-8 6.650480702323184E-8 0.049977011506258474
-0.3445240713159381 0.2767146512083848 0.0625551726814487 0 4.465544693083511E-8 3.835461348808023E-8 0.04997703118197414
-0.29822944351534514 0.2720284218761082 0.06072614652584281 0 4.71191105597194E-8 3.281021295292485E-8 0.049977026373891356
-0.278960464150049 0.23105339123962187 0.058930977919053947 0 3.929105082704336E-8 3.2678781255665716E-8 0.04997701977192646
-0.39866775255885006 0.2551376793832062 0.06418286265211672 0 3.894318577267637E-8 5.0236496263811224E-8 0.04997702523932213
-0.43855507291261625 0.22078311851591842 0.06514753629020965 0 3.4969203120569564E-8 6.039885613722542E-8 0.04997702473506289
-0.25569422992480945 0.18010642956677383 0.05704280655464758 0 2.8498778341833504E-8 3.278045190060398E-8 0.04997702135200744
-0.22047029564306936 0.14293411554993973 0.05541545974285534 0 1.99321910929452E-8 3.0279412157625845E-8 0.04997703368698645
-0.18680865935078536 0.12991541986645877 0.05443956342319764 0 1.9970133763837016E-8 2.6295015012387112E-8 0.049977045672481256
-0.13865734030206037 0.13413724110678016 0.05361667711440055 0 2.5863574209895114E-8 1.8085891141090363E-8 0.04997704535287675
-0.13558426904309848 0.09984465055515283 0.05311549222562181 0 2.299183659277421E-8 1.3554859425033674E-8 0.04997704910243727
-0.25161809751440434 0.1255049475699697 0.05598231997151887 0 1.7250926421907203E-8 3.191142588653634E-8 0.04997702795079519
0.19420772375092543 -0.04676552312468657 0.05376845209193871 0 3.14577617506775E-9 -3.0945135024273784E-8 0.0499770527344761
0.07844894660138703 0.13587756131386025 0.05290437550856243 0 2.4835580971045297E-8 -1.755061113211864E-8 0.04997704507874199
0.1581850159804538 4.03666044625459E-17 0.05292729798071231 0 5.464946476868237E-9 -2.8790913897045546E-8 0.04997704893456432
-0.0793293077376864 0.13740239153093967 0.05293577949983721 0 2.5095880621502755E-8 5.127435181130239E-9 0.04997704184213297
-0.10192189467460562 0.10267269443312377 0.05269596908601703 0 2.3230413677196015E-8 7.742326517267029E-9 0.049977043169490205
-0.004334214649360648 0.15163914092247652 0.05281372846092682 0 2.689356733961158E-8 -9.718284232651123E-9 0.049977048417587495
0.035198297345602834 0.13784946141786308 0.05265706254873472 0 2.6102138003328574E-8 -1.4394796335045678E-8 0.04997704535458366
-0.03647527919163236 0.1302798698937503 0.05254752074115307 0 2.3634339613242987E-8 -4.243499913234382E-9 0.049977042564783934
0.12737884186502524 0.04457914646124021 0.05254239887577797 0 8.939750563943502E-9 -2.6764698712954403E-8 0.04997704798869708
0.10177697427875258 0.08834048795367636 0.05253956863179542 0 1.4654738484521565E-8 -2.211423234043746E-8 0.04997704674208481
0.34118511954802583 -0.062154607897978366 0.058312559079427444 0 -3.88252517383963E-9 -5.35684092854263E-8 0.04997703469399852
0.37836392981717903 -0.12391451309547875 0.06047575124681005 0 -1.64822363875701E-8 -5.947584817836539E-8 0.04997704489807787
0.41238404925178007 -0.18021837395374024 0.06296662723972753 0 -2.2857072996603965E-8 -6.790566726586953E-8 0.04997705159428531
0.1676578507312959 -0.08204581170599337 0.05348225864611659 0 -5.7193420892329445E-9 -2.809014103645966E-8 0.04997706189976047
0.20181374228166962 -0.09141964150518621 0.05428754190491373 0 -9.361856176393415E-10 -3.474945749935511E-8 0.04997705841277424
0.25485064501553883 -0.06881848120103617 0.05545206946541742 0 2.3448540501264597E-9 -4.1803840175123165E-8 0.04997704135402087
0.6644823007055147 -0.5389515943966049 0.09297818153954257 0 -6.78997758414255E-8 -1.0429256177304003E-7 0.04997706249355694
0.7501545366059805 -0.541195963440213 0.09999999999999984 0 -6.748547718676656E-8 -1.1898573364111929E-7 0.04997705993863833
0.6027366073062329 -0.5213223560235656 0.08747588350371878 0 -6.713900074119935E-8 -9.162660915924709E-8 0.04997706311367131
0.3907221727608636 -0.23584567652234328 0.06329187670784996 0 -2.7259217756351836E-8 -6.140088376819997E-8 0.04997704837448841
0.47890979704271586 -0.2863984098188226 0.06912760288748078 0 -3.0930469785740366E-8 -7.64865742568216E-8 0.04997704307397135
0.4250914842628162 -0.2904030737883922 0.06650384046370365 0 -3.007261252658662E-8 -6.669371464925431E-8 0.04997704972362498
0.5018045759598764 -0.3463645861940246 0.07254833341115846 0 -4.1374276994226256E-8 -7.821045425317676E-8 0.049977042026611886
0.5395049675561714 -0.4037977139333864 0.07721405836956645 0 -5.368918899306892E-8 -8.195468930750157E-8 0.04997704715566124
0.5629289159938321 -0.47314451663551055 0.08212579004392509 0 -6.34368712930502E-8 -8.437979495158042E-8 0.049977056449078544
-0.8437609348289447 0.37906778281416026 0.09999999999999995 0 5.029711162815904E-8 1.1576345900419038E-7 0.04997701275150832
-0.7888004165309437 0.2903760964571749 0.0915314985584158 0 4.145185441686957E-8 1.0867162142872873E-7 0.04997701993092934
-0.6102329054490165 0.2953318100128198 0.07752504764743698 0 4.905489152056756E-8 7.958329081227742E-8 0.04997701337847416
-0.6672358697757713 0.2726523999513782 0.08092297245691278 0 4.5634843627531695E-8 8.762235450264869E-8 0.04997701747167177
-0.7578216461505273 0.23114048963723496 0.08705889216020636 0 3.758393552419798E-8 1.0618542282437559E-7 0.04997702489652444
-0.7250638207162802 0.2644091498704253 0.08523826785223539 0 4.260712810294425E-8 9.796470832364314E-8 0.049977021413330644
-0.49761740681994665 0.2259943198914076 0.06840949555720777 0 3.318920206880715E-8 7.008209438798646E-8 0.04997701916030924
-0.5531916805568725 0.2548390044927608 0.07250231820116229 0 3.907147181239274E-8 7.523441533845076E-8 0.0499770110390402
-0.3304177610769968 0.2075632873895256 0.060121873146272396 0 3.606105792673396E-8 3.988235573489729E-8 0.04997702101957559
-0.40020050920329836 0.18553375498639196 0.06251643484045977 0 3.400575415943936E-8 5.3049497113679925E-8 0.04997702694777029
-0.4509389353459413 0.1806295394110867 0.06485872161226297 0 3.1010160043900754E-8 6.405359499644996E-8 0.04997703303748669
-0.3081655557366316 0.12979030410922685 0.057834162632571066 0 2.253783263563909E-8 3.815737556784528E-8 0.049977019618034184
-0.21413652185417031 0.10501643106435352 0.05472829937040968 0 1.282986033065586E-8 2.6106160195298283E-8 0.049977042278719734
-0.1657690318723487 0.09663028560186343 0.05359396061230914 0 1.9153539000909822E-8 1.7720389967999063E-8 0.049977053546919316
-0.13208776332768432 0.07040426877471608 0.05277929135503944 0 1.9045394920345597E-8 1.0306473273352808E-8 0.049977046520157546
-0.2668792736165402 0.06671487334767569 0.05579077358601759 0 9.188780432933859E-9 3.1297991648702916E-8 0.04997702553986904
0.13394298555224937 -0.04272165979228181 0.052630185389843605 0 -3.1217585660045036E-9 -2.2856769081471828E-8 0.049977050320889414
0.04273067501608838 0.07401170016957918 0.05192584962618541 0 1.4324371045260642E-8 -1.5359491345890718E-8 0.0499770363335153
-0.07427627943517315 0.042883429926301064 0.051928801697300825 0 1.4937792812877976E-8 2.5067016703657956E-9 0.049977034531679565
0.08580268905133058 2.7924535741052085E-17 0.05192915349305607 0 1.9768552713564765E-9 -1.844601877529453E-8 0.04997703848831246
-0.04304287969149937 0.07455245452975151 0.0519319033593881 0 1.7929179244265967E-8 -3.152208398296267E-9 0.04997703466716177
-2.9796378738924766E-17 0.08577355466188762 0.05192886660175564 0 1.778758667999421E-8 -1.0076522087652944E-8 0.04997703554358877
0.0741595043143772 0.04281600977887492 0.05192749553399362 0 8.2891015609073E-9 -1.8694043687464492E-8 0.04997703775799923
0.12170874450296679 -0.07937873255132208 0.05270638285367756 0 -9.720391694969949E-9 -2.1765141237058372E-8 0.04997705304084559
0.1532214795718842 -0.1047515501973591 0.0534601593182905 0 -1.1071796029665054E-8 -2.951811122282692E-8 0.049977061628526054
0.2997814449763266 -0.13025461904441932 0.057552736756421516 0 -1.1003401682030782E-8 -4.950828197658716E-8 0.049977036617853195
0.34046960443170665 -0.192505611563268 0.060162576700472446 0 -2.3294983505867388E-8 -5.405098888490365E-8 0.04997704103016897
0.34557599933864525 -0.25420475687873284 0.06192004258218349 0 -3.110335141432418E-8 -5.1645619829035885E-8 0.04997704911945561
0.17846806103523252 -0.12182655323316931 0.05415222050793654 0 -9.027232449652241E-9 -3.6582722397516905E-8 0.04997706063821815
0.23090062297727748 -0.133798202671902 0.055538699139373295 0 -7.0284742770336206E-9 -4.297134545873915E-8 0.04997704641084384
0.6050561438570468 -0.6036830020468081 0.09289418017943481 0 -7.391471435714062E-8 -9.337211602809097E-8 0.049977068370440886
0.6847899965302142 -0.6218349498910589 0.09999999999999994 0 -7.677212862512065E-8 -1.0642875027289416E-7 0.0499770594928466
0.5365057739834544 -0.6074638984061791 0.08871198704411519 0 -7.797497556835828E-8 -8.205027109158625E-8 0.049977079125576356
0.5490740032503056 -0.5442731464552362 0.08535659345024513 0 -7.034437025565522E-8 -7.99209509270566E-8 0.04997706704483134
0.3750627258693447 -0.2936858939923493 0.06434654814554322 0 -3.256769052234483E-8 -5.595963417773453E-8 0.0499770574076906
0.3969354899692888 -0.3460112170117684 0.06719703593166886 0 -3.592834885658038E-8 -6.431281115576588E-8 0.04997705922477188
0.4494990254251991 -0.34835776824770576 0.06980849106780326 0 -3.786891326949374E-8 -7.173692815714172E-8 0.04997704691494979
0.4743994852003083 -0.40954268251415876 0.073738234339428 0 -5.045050590230807E-8 -7.43816755782901E-8 0.049977044726401
0.5051728219418842 -0.4543425560441293 0.07763963571270259 0 -5.977631238801236E-8 -7.609394411770255E-8 0.04997704886276239
0.5025098789806551 -0.515963207586209 0.08087711077114171 0 -6.946989130841736E-8 -7.283633212896412E-8 0.049977058741603346
-0.8809225682293763 0.28211960771987943 0.09999999999999996 0 3.801096810574609E-8 1.2448494778326395E-7 0.04997701212388273
-0.828550120997359 0.21135039229983998 0.09293041569195869 0 2.9361976736882428E-8 1.1806170425862024E-7 0.049977025920171524
-0.4876818695036711 0.16005919777938843 0.06641416297022892 0 2.3323890965964988E-8 6.932730612908071E-8 0.04997703711755413
-0.7583678808155521 0.178257805309045 0.085877514601274 0 3.2643844313148915E-8 1.062608586431094E-7 0.04997703306234072
-0.6170663609123308 0.222189336538271 0.07585507468331582 0 3.662687509429649E-8 8.300670120846276E-8 0.04997701208656311
-0.6972424057138273 0.20430689657176634 0.08139617396721441 0 3.745028995207853E-8 9.529161414562322E-8 0.04997702051754055
-0.5518948161465875 0.17422255470543752 0.07046196471921623 0 2.371015773064757E-8 7.623254633635895E-8 0.04997701965794902
-0.36894201678212313 0.12798179161528736 0.06013540062401418 0 2.718823495946156E-8 4.6245047633507105E-8 0.0499770238079109
-0.4362515368769687 0.13236424219261816 0.06326633817399903 0 2.8563317730483455E-8 5.701613181259456E-8 0.0499770396726859
-0.33947513674739144 0.06240362523718613 0.058248486325065116 0 1.4554897096338297E-8 4.109577571601147E-8 0.04997701841819123
-0.18433654548332082 0.048222709230570565 0.05356505347436668 0 9.215516148867926E-9 1.6797606034902948E-8 0.049977044987783145
-0.13330372693534312 0.03517105967265548 0.052587287930552964 0 1.2958265062057934E-8 1.0681229973397357E-8 0.049977042471461966
-0.08544796042127181 1.2633032021521531E-17 0.05192572029476935 0 9.043788469229632E-9 5.986168305327378E-9 0.04997703478884006
-0.2993967149465731 5.4908359945213266E-18 0.05658028588283902 0 1.9336862762045994E-9 3.658623301724805E-8 0.04997701935221566
-0.22270343343645202 -2.7398019802337882E-17 0.054316401779706945 0 -9.442847547145517E-11 2.5661172406214055E-8 0.049977034154447667
-0.27837086784154214 -0.12617379267311218 0.05679356136910862 0 -1.6689398797892886E-8 3.252974386228747E-8 0.04997702635561644
0.07416648351753428 -0.04282003922369633 0.05192757354063934 0 -3.8666990871321915E-9 -1.4860750582922717E-8 0.04997703905905106
-0.07423701450489274 -0.04286076030823398 0.051928362278406685 0 2.7234892572573963E-9 6.274975025731256E-9 0.04997703593653344
5.433302611002987E-16 -9.25534990736191E-16 0.051513083863437 0 5.534490020648151E-9 -6.2143353222738534E-9 0.04997702845402742
-0.10393602836491157 -0.0928684349452979 0.05261104654913398 0 -4.229881099635858E-9 9.721768723959839E-9 0.0499770459600507
0.09263290818595533 -0.09340215664313874 0.05249108753880629 0 -1.088292960820204E-8 -1.7965993033702208E-8 0.04997704817069878
0.13365633223327938 -0.131494330544841 0.053500013617672336 0 -1.493173615243402E-8 -2.9162802940137503E-8 0.049977055099278994
0.32685099627426545 -0.2905697969488598 0.06232853198902639 0 -3.795073754911582E-8 -4.762908333839863E-8 0.049977056194477086
0.25568805190108224 -0.19009790761699052 0.05725179690059135 0 -1.9627626582016298E-8 -4.471070354867987E-8 0.04997703702529078
0.2878012678865199 -0.2461068228137798 0.059620677596610265 0 -3.1461512753024166E-8 -4.498734520306403E-8 0.049977041305031646
0.17648242248939017 -0.17786432905826252 0.055061790182478074 0 -1.7279129244368655E-8 -3.793810626330407E-8 0.049977044513036945
-0.2483235922732361 -0.18165056966040063 0.05686432272721823 0 -2.3255718260126742E-8 2.6501517711924617E-8 0.049977027615416
0.5547456546446986 -0.6639301342123074 0.09391738389868397 0 -8.476475485009378E-8 -9.048947804510691E-8 0.04997707410946498
0.617759403950767 -0.688475338910477 0.09999999999999995 0 -8.654713436695299E-8 -9.797860137965093E-8 0.04997706646952136
0.5055257679581893 -0.637124600070996 0.08897493457515948 0 -8.624116840727653E-8 -8.146059074500317E-8 0.049977078976721434
0.4877536710430043 -0.5826751104622181 0.08420495651136725 0 -8.121717054282828E-8 -7.139479701393522E-8 0.049977072957180894
0.33633282409977666 -0.3398966968888034 0.06444423660906808 0 -4.4231079339014756E-8 -5.396402856249911E-8 0.04997706919769206
0.3632772876174715 -0.38800374757803635 0.06749345504717459 0 -4.616900520006656E-8 -6.512741086647882E-8 0.04997706067987033
0.41704203467651185 -0.4108303752912243 0.07090170067103964 0 -4.8443174977196674E-8 -6.962155443943669E-8 0.04997704896569582
0.4381086940659461 -0.4733073985449338 0.07505155127124846 0 -6.182557007210903E-8 -6.853930625321133E-8 0.0499770469122849
0.4531934148271225 -0.5420428192507506 0.07976926362259741 0 -7.557638820314459E-8 -6.657090765470782E-8 0.04997705761099568
-0.8565041007211142 0.12935729823844902 0.09401883827528355 0 1.501953334230615E-8 1.1618519846161154E-7 0.04997702963460058
-0.9051192255768068 0.1907463267598074 0.09999999999999999 0 2.4088850383448285E-8 1.27220907083406E-7 0.049977019253694493
-0.7940808377677345 0.13178185399490336 0.08820577601429047 0 2.17215587758158E-8 1.068567398171474E-7 0.04997703988233891
-0.33304413722574716 -0.0693067767843958 0.05805530637396814 0 -4.7285971154889225E-9 4.2479260205750354E-8 0.04997702056173119
-0.4742240483662385 0.11256694280313873 0.06494853319711702 0 1.9391540139245508E-8 5.922798227359502E-8 0.04997704397741181
-0.5075730010734563 0.12513873893141758 0.06697106660603604 0 1.531897182029776E-8 6.678590565317234E-8 0.04997703732994354
-0.5430568755805907 0.10886676283437083 0.06886622733636953 0 1.2674248683125103E-8 7.052283880653634E-8 0.04997702555977211
-0.7200856347104287 0.12756375701027653 0.08178787314202199 0 2.867957863889725E-8 9.597653355752611E-8 0.04997702758930667
-0.6366216770914513 0.1480565042375733 0.07568897320024313 0 2.644731054388957E-8 8.521550264153305E-8 0.04997701447846502
-0.5817364775186938 0.11498204866540508 0.07140762999266016 0 1.6052229940029165E-8 7.674923165869329E-8 0.049977017333953856
-0.42774238996431574 0.06497482014443741 0.06209784320535726 0 1.7508768810260402E-8 5.096926526520805E-8 0.04997702987187176
-0.3847166606924661 5.007387460326135E-18 0.05988137680814879 0 7.216703488931906E-9 4.875639309565336E-8 0.04997702016987697
-0.3349183900900527 -0.1391323925724424 0.05894927757126893 0 -1.347181094270643E-8 4.1746886085604154E-8 0.049977024213311405
-0.29014129297673835 -0.2192290809213992 0.05898973037684319 0 -2.5379997756974934E-8 3.621187878192234E-8 0.049977026561807796
-0.30831506111577245 -0.17770170158565646 0.05867258259636438 0 -2.0226110589962925E-8 3.785070386621733E-8 0.049977024615106676
-0.8184909839211807 0.07533925376340875 0.08977629762126751 0 1.1246644468731996E-8 1.0707400018039439E-7 0.049977030498904756
-0.15687445011428935 1.9896548115933566E-17 0.05290395974586269 0 5.6021204837587105E-9 1.622707844432144E-8 0.04997704215494193
-0.12783259126111396 -0.033275347967647646 0.05249920381841622 0 3.5227675026232733E-9 1.4035179826612378E-8 0.0499770426376843
-0.12619399745448542 -0.06614911525416546 0.05266041061116255 0 -3.321958789308345E-10 1.4199884993126847E-8 0.04997704696026402
-0.24680219676358395 -0.07209570484823002 0.05524990662857362 0 -1.1869217880001286E-8 2.976350314978795E-8 0.04997703303966704
-0.22815732549244763 -0.13366956667415794 0.05546555293618707 0 -2.0284889770633487E-8 2.2442278506422182E-8 0.049977037425976076
-0.15093740406319942 -0.09389909648308085 0.053299030733839035 0 -5.779836228855282E-9 1.5665927707934612E-8 0.04997705484944923
-0.17405337917392047 -0.045794392161233266 0.053343830220451034 0 -2.6964900516442623E-9 2.1804688084800004E-8 0.04997704690854226
-0.18973296493485722 -0.18461798069110347 0.055474546986767154 0 -2.375953899369021E-8 1.4882187985670041E-8 0.04997703403129068
-0.1364384943575783 -0.14270773398924902 0.05371629461338726 0 -1.428664709923118E-8 8.325429872388594E-9 0.04997704770296709
0.04273873390329096 -0.07402565857166638 0.05192600533605053 0 -6.77595349030866E-9 -9.257762662895247E-9 0.049977038657071544
-0.04299754043112493 -0.07447392462720538 0.051931021483395706 0 -3.335037380009775E-9 3.0128084198927313E-9 0.04997703696749338
1.3904975238826412E-17 -0.08573627431625096 0.051928505242836896 0 -6.660366175735268E-9 -2.3464401394167117E-9 0.049977038220019046
-0.07925046645516252 -0.13726583442387433 0.052932952804228266 0 -1.4103460260320024E-8 5.143424191708509E-9 0.04997704607228324
0.078463056828959 -0.135902000944921 0.052904876080197075 0 -1.3906856060079693E-8 -1.7270524691909676E-8 0.04997704928273665
0.11138757858716244 -0.19292894544503636 0.054318208030815426 0 -1.9248365602633335E-8 -2.6789771429088078E-8 0.0499770442489577
0.2704412885460667 -0.32134890739138133 0.06148782850104338 0 -4.54273677086857E-8 -4.276063850516169E-8 0.049977049609381416
0.21970172124605267 -0.2547036178054315 0.05790944965811469 0 -3.1512504447664397E-8 -3.8385223543486314E-8 0.049977034808482715
0.06445906182530692 -0.2524774236880237 0.05535114833714504 0 -2.6553478227753167E-8 -2.088739519519167E-8 0.04997704165456293
0.14972579901011426 -0.2593326910893636 0.056582144341893334 0 -2.9784035284360235E-8 -3.043787997931662E-8 0.04997703305152685
0.031363797849434556 -0.30517057546423765 0.0568332914109285 0 -3.708354431226251E-8 -1.4419797183607738E-8 0.04997703594142529
-0.03281109095750645 -0.303248501545522 0.0567724159885361 0 -3.9036304669751185E-8 -5.4215507242722035E-9 0.04997703478510357
-0.22974591189928226 -0.25639797529990704 0.058213734017978094 0 -3.011320174686452E-8 2.6340893835594746E-8 0.0499770261432306
-0.15050660974349658 -0.260685094950677 0.05663516711153095 0 -3.3432973190671325E-8 1.2511850401146792E-8 0.04997702662351171
-0.0010639892128916778 -0.35571530812846325 0.05866683852382106 0 -4.540989743470647E-8 -5.955644003842047E-9 0.049977034457049686
0.4897167015298755 -0.6990669986722716 0.09278011319940965 0 -9.442491209703416E-8 -8.227073619196771E-8 0.04997706911758722
0.5485314847714318 -0.7448023146284537 0.09999999999999996 0 -9.896978299024937E-8 -9.130755863412333E-8 0.04997706518119061
0.4538946410105444 -0.6418290507487608 0.08650541722977732 0 -9.050212270160965E-8 -7.263532354957287E-8 0.04997707000340823
0.43691576165411183 -0.5863880363863174 0.08178506492225697 0 -8.366913714263615E-8 -6.569250222295695E-8 0.04997706205653819
0.30008338071089913 -0.40108479031261085 0.06570468861303413 0 -5.3570417149633545E-8 -5.480613084394573E-8 0.049977054276583784
0.35656776116113886 -0.46142030598113837 0.07075125137743835 0 -5.935913407891031E-8 -6.19151380546496E-8 0.04997704555793406
0.38634553368626 -0.5411366135074784 0.07653244947706513 0 -7.414224691171488E-8 -6.022388005338612E-8 0.04997704725886739
-0.8641324069088798 0.062174994255793294 0.09403348687291993 0 6.773000890430795E-9 1.1505330680854171E-7 0.04997702394336123
-0.9192848102122441 0.10262901652303172 0.09999999999999998 0 1.0958982445662602E-8 1.2385631168924025E-7 0.04997701887603171
-0.7599167871431189 0.06070075634999409 0.08441733903220823 0 1.5185751714799793E-8 9.871044754042054E-8 0.0499770274724405
-0.3798507417992421 -0.12110542276221137 0.06050058794352799 0 -7.598766002978537E-9 4.885474782259692E-8 0.04997702946535217
-0.40842759083875524 -0.05875232359605665 0.06114052778332879 0 -4.785438873973276E-11 5.5256313948421414E-8 0.04997702791910049
-0.5039157942187592 0.07056797810116018 0.06615707446286306 0 9.745802871340809E-9 6.125351290494721E-8 0.04997703076320082
-0.5548238392163808 0.07638757137486703 0.0692570455361671 0 9.434645253892851E-9 7.107683686373757E-8 0.0499770206057307
-0.6893460495224285 0.06354738512595373 0.07863780818203954 0 1.689239327076546E-8 9.033286486566005E-8 0.04997701768406784
-0.6215823870108426 0.05940809814964494 0.0735747228508592 0 1.1799999574312369E-8 8.158186559746444E-8 0.049977012628427346
-0.4662367643365183 -0.05429215722432917 0.06397307879016166 0 -3.4143807994121374E-9 6.531799647174023E-8 0.049977032570546275
-0.46385916918682774 -3.671115297680029E-17 0.06368112390889598 0 4.143466884065456E-9 6.010973722756027E-8 0.049977025857205405
-0.3620108841151937 -0.17400839360604695 0.060635096430618034 0 -1.708740581972977E-8 4.534486420136458E-8 0.049977027998196116
-0.299671918215507 -0.26919022055739933 0.06068803798570996 0 -3.0437122404044036E-8 4.0183402984959265E-8 0.04997703442826611
-0.33027652289156045 -0.22443841547131757 0.060528990644305516 0 -2.5688064948963723E-8 4.317228805925498E-8 0.049977029178562546
-0.8245744171037561 3.2427437940114445E-20 0.09002147282184526 0 1.0449100572206373E-9 1.1191789142694239E-7 0.04997702469743344
-0.19761019796705673 -0.10158906953187434 0.054303584925033156 0 -1.5194155710511323E-8 2.0699591759906356E-8 0.04997705156136052
-0.18403998396844498 -0.12735803584373423 0.05434432437859784 0 -1.6449895205214935E-8 1.4558149528240734E-8 0.049977050850119276
0.002774404310843052 -0.26370741404826953 0.055444406431408536 0 -3.184022861511219E-8 -1.4276279755135345E-8 0.04997704494935169
-0.11217260429255088 -0.1942886498520168 0.05435789315243198 0 -2.502603762295387E-8 5.093610898179715E-9 0.0499770392450716
-0.059917909088264505 -0.2537684697083779 0.05535616729591674 0 -3.490848502126413E-8 -3.296295425434933E-9 0.04997703947111781
0.025874926118163173 -0.1326695098536581 0.05254567933671944 0 -1.2785471374347337E-8 -6.100673312976692E-9 0.04997704873568213
-0.02524383979971824 -0.13300675455069116 0.05254892004091195 0 -1.4102028887722301E-8 1.255729017000744E-9 0.049977047660242864
0.05493858025113073 -0.18721166728009325 0.05366460039291042 0 -1.6779262939858975E-8 -1.5668111575195048E-8 0.04997705277143658
-0.053441146730527585 -0.1870910243981426 0.053652873989227134 0 -2.575355658852541E-8 -9.973987108858439E-11 0.049977050780660406
-0.015811501710617765 -0.22080470166743846 0.05428292799461194 0 -2.8687621988173687E-8 -9.613349406510739E-9 0.04997705711494527
0.001589553534327251 -0.18045943852644147 0.053353802929854637 0 -1.997316407595744E-8 -4.623265335324163E-9 0.049977060258267925
0.01713256069613923 -0.2191946756676691 0.054245341320781695 0 -2.286610381148999E-8 -1.4011799129597759E-8 0.049977058001098695
0.23193963455587202 -0.4017312313397281 0.06368217918749612 0 -5.1458091086323135E-8 -3.979999968875875E-8 0.04997704735563092
0.1923608915779979 -0.3331788376023402 0.059881599761303035 0 -4.3041725017219383E-8 -3.189928188990666E-8 0.049977037847230746
0.10559774308437371 -0.32641465451667345 0.058167036115944384 0 -4.020872693142112E-8 -2.0487312095427185E-8 0.049977034424585856
0.02839276411724587 -0.3973392921812579 0.060485401730235276 0 -5.252654248410434E-8 -8.241966349449153E-9 0.049977039931998216
0.04349199689707277 -0.3606955682361924 0.05897556113419837 0 -4.649794994524095E-8 -1.1314711038198615E-8 0.04997703625401112
-0.2724211583800272 -0.34021230275634196 0.06225471036920945 0 -3.828821773712893E-8 3.32952732958612E-8 0.04997704049377887
-0.04975626500892476 -0.3592625346716331 0.05895024498757896 0 -4.5493813550674986E-8 2.1299681405722645E-9 0.049977034298784265
-0.11115524588477288 -0.32319159740630654 0.058116751891295344 0 -4.170102908949332E-8 1.0326347566608721E-8 0.0499770293045188
-0.1929576265867868 -0.33421241295621784 0.05993362613445384 0 -4.142700512710512E-8 2.315179323608893E-8 0.04997702998002555
-0.00580331192480529 -0.44141011755505605 0.06253303354413747 0 -5.725025319961016E-8 -4.867414141730538E-9 0.049977043461659126
-0.03317807935019408 -0.4000499580003111 0.06062434517611842 0 -5.0274121846082404E-8 7.435095752421808E-10 0.04997703929665634
-0.4124914840826571 -0.7144562081206507 0.09005972521404425 0 -9.920410179632737E-8 5.0210846758052516E-8 0.049977045691715495
-0.4625000000000001 -0.8010734985006056 0.09999999999999992 0 -1.1367233799761963E-7 5.428674861956401E-8 0.04997703883729822
-0.38371343710296635 -0.7748603000238191 0.09386619334345217 0 -1.1151523247030363E-7 4.496205293247624E-8 0.04997704811612739
0.41226227881814503 -0.7140592129571534 0.09001680581831234 0 -9.528664760938752E-8 -6.723224381691489E-8 0.049977064355495045
0.4625000000000003 -0.8010734985006056 0.09999999999999992 0 -1.0605542983214082E-7 -7.741397482232815E-8 0.049977059986624085
0.36763254236248355 -0.6367582418875386 0.08211785344170675 0 -8.69534540265664E-8 -5.6023073388212E-8 0.0499770565920412
0.2724100436150707 -0.4718280360333562 0.06830375115676082 0 -5.9525924004048733E-8 -4.913080201681835E-8 0.0499770441694479
0.31808183532075857 -0.5509338997403103 0.07441383187593022 0 -7.31922876793279E-8 -5.161923833536344E-8 0.049977042364675116
0.2111878992556696 -0.5199281931560845 0.06932845783235407 0 -6.381069959213181E-8 -4.059218045772388E-8 0.049977047249744326
0.021803385387518696 -0.48225449508691837 0.06469299319690376 0 -6.543528494781367E-8 -1.1759292072521078E-8 0.04997704614469474
-0.8627884197170683 -0.05512509329877387 0.09385473111979895 0 -9.687849351437026E-9 1.1980515292176084E-7 0.04997702505224238
-0.9249999999999996 -3.487031299242896E-17 0.0999999999999999 0 -2.9501832532181818E-9 1.2645635127259747E-7 0.04997701508211081
-0.7353276040989696 -1.3378311327871067E-18 0.08212306732579755 0 7.060276175475654E-9 9.909439040952264E-8 0.04997702142805974
-0.4256923062754768 -0.12215318657273537 0.06260425960749795 0 -6.992533561316455E-9 5.5405088820764484E-8 0.04997704085608286
-0.4043520178042478 -0.16901983470521803 0.062374130552393804 0 -1.5332465171507248E-8 4.9323222643579434E-8 0.049977034266817315
-0.46760448929491655 -0.09647351175034935 0.06440527405535054 0 -9.230059282878109E-9 6.532005305092768E-8 0.04997704419865413
-0.5447672634209793 2.858524015158418E-17 0.06830049229574699 0 -1.4136639138868203E-11 7.177630529115859E-8 0.0499770184664595
-0.6361392415232948 1.0428654588114258E-18 0.074412070818866 0 4.345684718448061E-9 8.484297838140127E-8 0.04997701213009387
-0.5124187514513647 -0.051847896831783355 0.06651654728017117 0 -7.656209224166313E-9 7.090541523535747E-8 0.04997702762822984
-0.36799093114432163 -0.6373789894665451 0.08217765681431857 0 -8.508412575538262E-8 4.877735124447387E-8 0.04997704028421327
-0.31827009850817745 -0.5512599811461146 0.07444098367382036 0 -7.406727663615443E-8 3.900739928394317E-8 0.04997702821596842
-0.31386332305040454 -0.40193360988060217 0.06622216379223078 0 -5.104119646806877E-8 3.1695618956975506E-8 0.049977042539128505
-0.344912559069745 -0.4432246070018303 0.06935603931497553 0 -5.970387109402726E-8 3.648900751906249E-8 0.04997703338752872
-0.3337091490042147 -0.3553876317528073 0.06495432896100803 0 -4.4351729763353254E-8 3.86187187849014E-8 0.04997705419059868
-0.383737195098482 -0.21760730691022415 0.06251779019199952 0 -2.5474207098370095E-8 4.859058261064965E-8 0.04997703114042958
-0.33230969380311975 -0.3125744339373021 0.06328313435425742 0 -3.787131128639446E-8 4.557912349036223E-8 0.04997704928605505
-0.3540195296480104 -0.26181915330723304 0.06247659304365877 0 -3.2611751284836757E-8 4.818789384262496E-8 0.049977036222297405
-0.7962287177911112 -0.06074957956360479 0.08762354715881245 0 -5.640980078995534E-9 1.1207286227723088E-7 0.049977030898665245
-0.7351410524947966 -0.06092685497728594 0.08231802271497875 0 -7.388664304562042E-10 1.0247858682279131E-7 0.04997702623989886
-0.4839056580716607 -0.700569999447879 0.09257832058039935 0 -9.585755459556593E-8 5.6615986091334336E-8 0.04997704690658369
-0.548567403595686 -0.7447758606713796 0.09999999999999995 0 -1.0453829045191518E-7 6.498774180997487E-8 0.04997704065972423
-0.43547631470191006 -0.6351536187841573 0.08509247440255902 0 -8.183463052212005E-8 5.549223307241005E-8 0.049977046751878064
-0.4991515386320159 -0.6334110077816721 0.08834372866104905 0 -8.450837277764792E-8 6.230708719053922E-8 0.04997705670780995
0.19075484218748148 -0.47253116432229375 0.06620021711897693 0 -5.5370981512462296E-8 -3.548585536335999E-8 0.04997705481788871
0.04901016908663563 -0.43723836174505165 0.062459634223422635 0 -6.05278940275857E-8 -1.1575910156132916E-8 0.04997704802161193
0.06673635655852123 -0.4767204709635778 0.06461779605353515 0 -6.783141204031892E-8 -1.7832260104407227E-8 0.049977054731400836
0.08201071126761385 -0.3939388987243752 0.06066806698898625 0 -5.263282915330544E-8 -1.3668484320161645E-8 0.04997704469706599
0.15779399244920161 -0.40600143052169285 0.06224217224863409 0 -5.047074842403932E-8 -2.3816804793011708E-8 0.04997705100164194
-0.23228029263418432 -0.4023212684393739 0.06371797650698163 0 -5.273694740438969E-8 2.6224789460291207E-8 0.04997703769971481
-0.272587327693687 -0.4721351010648927 0.06832563375196132 0 -6.485166917163691E-8 2.857769235652213E-8 0.04997703216758
-0.08918266806588586 -0.39015326021997454 0.06056960464965617 0 -4.890648224735965E-8 1.0906904397711147E-8 0.04997704081747344
-0.15459594130071433 -0.39192658728762203 0.061550218588660825 0 -5.2163522484817164E-8 2.0517792330495834E-8 0.04997704100738213
-0.18675532053812563 -0.43493251784630643 0.06418357757579085 0 -6.176018356633101E-8 2.1985285478471994E-8 0.04997704542252244
-0.21375905453868752 -0.4723463627877797 0.06671710658979704 0 -6.811618854029076E-8 2.1626556387832858E-8 0.04997704071971089
-0.030837599095424044 -0.4757419881377715 0.06436680609968097 0 -5.990910009379898E-8 -3.738117767364794E-9 0.04997704598286934
-0.05772042989369192 -0.4373202270026056 0.06251628812885628 0 -5.313844866622784E-8 4.104935908782746E-9 0.049977047281021134
-0.34485879204612635 -0.7195732958375974 0.08756922173357189 0 -1.0248823548711503E-7 4.440079129079462E-8 0.04997705241889169
-0.3147326423667731 -0.6679534491621227 0.08237892997106575 0 -9.186102079016335E-8 4.371772627415822E-8 0.04997704610661326
-0.23145619169988374 -0.5426436945370012 0.07120349698950756 0 -7.599377995415997E-8 2.3971096207864272E-8 0.04997703337904599
-0.28415939775573246 -0.6153602706014173 0.07751426427315904 0 -8.332068212412153E-8 3.7747252767617284E-8 0.049977035718974175
-0.32938286511096027 -0.7771045511687235 0.09186418681824757 0 -1.119274791872749E-7 3.72308790224226E-8 0.04997705769448438
-0.29287844997281653 -0.7560683801841978 0.08874412837590734 0 -1.0611657479743884E-7 3.4762939741459616E-8 0.049977064786287065
-0.3707535969478622 -0.8474426517245004 0.09999999999999994 0 -1.2219414806712397E-7 4.146221919881448E-8 0.049977047045113854
0.3299132550602819 -0.6955796266909601 0.08507057911176502 0 -9.136976599394916E-8 -4.931908768533332E-8 0.049977065776269244
0.29721686832567656 -0.7486484838731736 0.08825580478820183 0 -9.880921799447098E-8 -4.839584454835287E-8 0.04997707748609723
0.36329863298780996 -0.7692008953950569 0.09250410835033807 0 -9.925005210865394E-8 -6.086334829460534E-8 0.049977068017373595
0.37078540548822353 -0.84742873429503 0.09999999999999996 0 -1.1082551301966065E-7 -6.420252893413056E-8 0.049977064139463255
0.28831363121595577 -0.628175946475062 0.07855241106831119 0 -8.432290484771881E-8 -4.2923129521621806E-8 0.04997705084388409
0.2593907519340379 -0.5686281064407216 0.07361593901057979 0 -7.41548234263327E-8 -4.351193295973788E-8 0.04997704253996968
0.1909808398518187 -0.5616900805542804 0.07142639087555927 0 -7.209106145168652E-8 -3.7526906958162776E-8 0.04997704559889645
0.17735047116299676 -0.5251479744589087 0.06889288845838194 0 -6.488751367502321E-8 -3.7580577233333124E-8 0.04997705184649217
-0.006975621790116347 -0.518397225687904 0.06671599267023105 0 -6.821032243213729E-8 -9.729871368250608E-9 0.04997704258457242
-0.05196883438319561 -0.5240326103663052 0.06719869985797552 0 -6.657452612445638E-8 -4.436307003257164E-9 0.04997704452464236
0.051893656645759574 -0.5409828050063739 0.06822031633188269 0 -7.438974781905373E-8 -1.9402889762864497E-8 0.049977044242472464
-0.8393412000270999 -0.10211595922316324 0.09200820531311653 0 -1.6616494837945075E-8 1.1675147463202088E-7 0.04997703403004989
-0.8023821229894582 -0.12465004703532731 0.08885408731398863 0 -1.62713409328976E-8 1.1041916869736153E-7 0.049977042149664586
-0.919283847116488 -0.10263764414409532 0.09999999999999995 0 -1.841728952226098E-8 1.2741127195915976E-7 0.04997702170656044
-0.4286041911968902 -0.211604106404576 0.06443452009247352 0 -2.5643437707483618E-8 5.16213642749118E-8 0.04997703261295223
-0.6752473549062171 -0.06099766201966174 0.07752927755735106 0 -1.4745040820292618E-9 9.231152602446223E-8 0.049977017607493394
-0.4690213191754545 -0.16282051739106812 0.06545407679976868 0 -1.9691244169925363E-8 5.482001435441109E-8 0.04997704353129999
-0.5199939829281818 -0.12464895604080488 0.06768673130026925 0 -2.1186468929038355E-8 6.793456503190274E-8 0.04997703708058003
-0.5844196053235723 -0.07491703801282976 0.07115392026499068 0 -1.040812536354973E-8 7.894829728801662E-8 0.049977017923030366
-0.40158939943089916 -0.5697012631254147 0.07901179842938963 0 -7.283814213907632E-8 5.3280157941592216E-8 0.04997703510848477
-0.3629672679735455 -0.5093150093458657 0.0736457128337714 0 -6.747077198419424E-8 4.396305383963706E-8 0.04997702752099323
-0.36195665189066545 -0.3775113144203722 0.06698450376718919 0 -5.2829650682800755E-8 3.927407421306287E-8 0.0499770484266078
-0.36626813150114046 -0.41664081435894 0.06892167223823108 0 -5.744931255540106E-8 3.899403308175686E-8 0.04997703767051366
-0.3903068178565833 -0.4466269881485596 0.07141764844659583 0 -6.111189172411568E-8 4.4974796352489543E-8 0.049977030422644494
-0.38262787487786487 -0.34149739132768064 0.06638993492953274 0 -5.083333847480288E-8 4.761140787652494E-8 0.04997704730820205
-0.4062559769371703 -0.26147495596378895 0.06471383725610919 0 -3.55276410569436E-8 5.232435380809814E-8 0.049977032901592534
-0.379843340675863 -0.2969419115223147 0.06465963905911938 0 -4.18535248109217E-8 5.131703424894873E-8 0.04997704178983689
-0.735100345459195 -0.11930462056175606 0.08291132970822639 0 -6.952686964565949E-9 1.0093859111505186E-7 0.04997703426109505
-0.5519968333853201 -0.6639303440969675 0.09374464706266032 0 -9.513726923813885E-8 6.713916070561943E-8 0.04997704992887465
-0.6178002971320175 -0.6884386430529175 0.09999999999999999 0 -1.0079101963471986E-7 7.806152883264397E-8 0.0499770393471159
-0.4800125571007386 -0.5637645778356987 0.08255043176744221 0 -7.233615359386727E-8 6.749628183954941E-8 0.049977046423931366
-0.5399346500949583 -0.6040123388311484 0.08868415026698905 0 -8.570459854467597E-8 7.173273271357578E-8 0.04997705503175361
0.1043605879990727 -0.5010308479370807 0.0663275801738497 0 -6.897728531670212E-8 -2.753920472382652E-8 0.04997706118743931
0.14556246178613041 -0.5017461145955597 0.0669511130546236 0 -6.289635115225812E-8 -3.3350088569076616E-8 0.049977062098679616
0.1399468089855873 -0.4672126633962517 0.06496624972127404 0 -5.8357106051567404E-8 -2.646199135378239E-8 0.04997706678360946
0.10408488366078729 -0.44405468685268906 0.06327666735135784 0 -6.098074354124091E-8 -1.7335782727598318E-8 0.04997706115361083
-0.1061373350373039 -0.43371612134398735 0.06278756375601147 0 -5.437092090856332E-8 1.3659678944642112E-8 0.04997705420941027
-0.15386562481962193 -0.515523498759926 0.0678853449092873 0 -7.250299091984259E-8 8.549939394436207E-9 0.04997705089827299
-0.1533021139497205 -0.45854960024362473 0.06473399748772987 0 -6.507078392581313E-8 1.659021708371086E-8 0.04997705725826297
-0.09527352708204248 -0.48999184724793526 0.06560563290386158 0 -6.062992268081082E-8 2.8010455688107648E-9 0.049977057594255685
-0.09590125636856876 -0.5619999312235504 0.06990127823248256 0 -7.37337528571206E-8 6.590575066103415E-10 0.04997704152892135
-0.15663037176370528 -0.5733099421965812 0.07149707499548641 0 -7.81909348745387E-8 1.100792086278754E-8 0.0499770390084941
-0.2643961373711981 -0.69702971973395 0.0829765309474388 0 -9.365640343716683E-8 3.772756903239746E-8 0.049977055186755194
-0.19926692702634366 -0.6350324834465847 0.07658242747619838 0 -8.48795510545375E-8 2.3968974566494887E-8 0.04997703832783912
-0.2937621218403118 -0.8161557505482272 0.0941366022415018 0 -1.1434954067233812E-7 2.8878488143976717E-8 0.049977058356227365
-0.2445064351501806 -0.7666415232960113 0.08818261063739219 0 -1.0157656376672207E-7 2.65409817085732E-8 0.049977064184318354
-0.28738877712844163 -0.8792227618026947 0.09999999999999998 0 -1.2174707923501E-7 2.7424508514916005E-8 0.049977050930309436
0.24692814396934878 -0.6974874410583481 0.08250617855893734 0 -9.706816388176932E-8 -3.554236913578377E-8 0.04997706550141977
0.2521627428797361 -0.7694593063835823 0.08864404636431372 0 -1.072991009062014E-7 -4.46990152771875E-8 0.049977076359442665
0.297447604941039 -0.8106467532563326 0.09375141746476387 0 -1.0828982823313206E-7 -5.5047159171393276E-8 0.04997707258501361
0.28742318143973467 -0.8792115158194408 0.09999999999999996 0 -1.2024432894320724E-7 -5.449169643724815E-8 0.04997706428531625
0.18957159845420457 -0.6243064952889011 0.07560329744867302 0 -8.442995168246677E-8 -3.259938651827292E-8 0.04997704562194722
0.12475562378528372 -0.5650913910725972 0.07045918166236258 0 -7.548101421406751E-8 -3.042136221825655E-8 0.04997704686254789
0.16970055881419605 -0.6915759378642314 0.08021607449160519 0 -9.643934618427951E-8 -2.7592318640298713E-8 0.049977052623159636
-0.02127679909875186 -0.5862434400348021 0.07098260267248739 0 -7.798006957525156E-8 -6.767281238948058E-9 0.049977036658777
0.047679088889249585 -0.6125339534466792 0.07287094188782159 0 -8.301532974664597E-8 -1.504662656847628E-8 0.04997703829342935
-0.8531067718150073 -0.15803750226362162 0.09415708085227006 0 -2.575396925504119E-8 1.1397915830147619E-7 0.04997703390329185
-0.7842181949983064 -0.17459658052838975 0.08806681761589173 0 -2.0954907460539018E-8 1.0187200041980396E-7 0.049977040822309006
-0.9051158299750597 -0.19076243784282004 0.09999999999999996 0 -3.0434502939625276E-8 1.2002932485861616E-7 0.04997702454920609
-0.47800098007166625 -0.2183882854981824 0.06713458210584479 0 -2.9769807599620085E-8 5.660352868142249E-8 0.049977029586908056
-0.4503344724862791 -0.2539143429242661 0.06663047103760426 0 -3.50227852664216E-8 5.5597267740639316E-8 0.04997702811154185
-0.647719142022224 -0.1435812801370505 0.07642272847163623 0 -1.4389688424167984E-8 8.649821992554558E-8 0.049977019408396293
-0.5329845388239062 -0.1985594752136453 0.0698139205090511 0 -2.8750072906625655E-8 6.532334476138898E-8 0.04997702537912949
-0.5744027965338088 -0.14938461510286838 0.07144252826293569 0 -2.1921448594082627E-8 7.453625072187048E-8 0.049977022360731066
-0.44626651447182913 -0.4769553831048422 0.07565680574632234 0 -6.32007532640141E-8 5.829708257799811E-8 0.04997702838054578
-0.5140310251048448 -0.4921578818310024 0.08018045280724437 0 -6.487520282324636E-8 7.100508687547387E-8 0.04997703301137193
-0.4256087219342948 -0.3924588186076942 0.07047472570296819 0 -5.6871369665072564E-8 5.124047360494109E-8 0.049977031366520194
-0.44295395304453694 -0.3153758255937713 0.06823813858748431 0 -4.6635428367906E-8 5.628515559308489E-8 0.04997702893529314
-0.722493271850469 -0.18466121884148878 0.08299584497449673 0 -1.7464690787290067E-8 9.491549846385327E-8 0.04997703141179683
-0.6008930547011089 -0.6092572756078648 0.09299302035398636 0 -8.988126395626907E-8 7.833483601216659E-8 0.04997704311665459
-0.684830613311738 -0.6217902179859557 0.09999999999999995 0 -9.150745328631227E-8 8.86861161615753E-8 0.04997703003529989
-0.5678213237459835 -0.5376676061363831 0.08613904983735729 0 -7.484773979863163E-8 7.793612748145493E-8 0.04997704094678046
-0.10379006268918359 -0.6311723493295895 0.07466578004946203 0 -8.447516119383173E-8 7.542523386654143E-9 0.049977036774578536
-0.2012336657215405 -0.7196538123444206 0.08312630758513646 0 -9.360221474743035E-8 2.5416000811848536E-8 0.04997705286564702
-0.14538614431124028 -0.6947291331504665 0.08002955113164488 0 -9.250582114385299E-8 1.692538063661545E-8 0.04997704388202874
-0.2244810935107963 -0.8295744817427091 0.09335179876408069 0 -1.11928130932545E-7 1.9289873193439282E-8 0.04997705540018422
-0.1948530319449167 -0.7756068237085788 0.08772926134592988 0 -1.0226188265128023E-7 1.9568091186210876E-8 0.04997705629998914
-0.1961900777341867 -0.9039499420937565 0.09999999999999996 0 -1.242035825441614E-7 1.4820365105434153E-8 0.049977047214494
0.18083964416846282 -0.7595104378227607 0.08602850609777067 0 -1.0709893746015972E-7 -3.22486454661661E-8 0.04997706244247062
0.22639239794839497 -0.823169454837357 0.09279966487488275 0 -1.149327370845665E-7 -4.485020246679208E-8 0.04997706683286844
0.1962292603758944 -0.9039414372048344 0.1 0 -1.2493740245780167E-7 -4.109727289326228E-8 0.04997705634474116
0.115198487208555 -0.6531897985847656 0.07640980333620502 0 -8.889747764761862E-8 -2.202155100560094E-8 0.04997704334463666
0.13075868837865867 -0.7179080095003469 0.08165710231721485 0 -9.846986542658972E-8 -2.2398603717431295E-8 0.049977052588091535
0.11581756539084577 -0.7588114009433137 0.08487399945221091 0 -1.0248249462226881E-7 -2.1494473671620572E-8 0.04997705729324685
0.049373389215154787 -0.6762514634930521 0.07753347573866784 0 -9.112458460534453E-8 -1.0113427223037954E-8 0.049977044176767384
-0.018713178495829663 -0.6598847879456909 0.07617577755495697 0 -8.92972936228146E-8 -1.2348294455039367E-9 0.04997704013176044
-0.6738902730202501 -0.2204985208373878 0.07997070091519397 0 -2.4237065051661864E-8 8.968203209950189E-8 0.049977023247080664
-0.8340398056073672 -0.21902107573341584 0.09363611174877712 0 -3.242722993711039E-8 1.081226979683798E-7 0.049977030392491406
-0.7682837005378527 -0.21778108265977308 0.08762455506029669 0 -2.679369611059277E-8 9.926155051620873E-8 0.049977033390250815
-0.8809151182252344 -0.2821428693025129 0.09999999999999996 0 -4.2590009957687306E-8 1.1588033637147397E-7 0.049977020015215166
-0.5165019276401033 -0.27345997871285094 0.07083650833060155 0 -3.72814437863802E-8 6.517555210431386E-8 0.049977019958052926
-0.598583551544961 -0.22602979228178174 0.07467942546060534 0 -2.8388173838258114E-8 7.821166989805589E-8 0.04997701830033354
-0.5551101229584549 -0.47007014883430126 0.08146563252731462 0 -6.117157910645408E-8 7.517064423722691E-8 0.04997703182960566
-0.5105636494997625 -0.4275668331221898 0.07661161867134536 0 -5.630776422256323E-8 6.788661888903724E-8 0.04997702499905085
-0.504302912589223 -0.3476237550984314 0.07274022680505549 0 -4.732113351760366E-8 6.540063799392134E-8 0.04997702088283353
-0.7177089386751472 -0.2549295522420565 0.0843570467432338 0 -3.080030326374984E-8 9.608065348165962E-8 0.049977028272758905
-0.6531660790226061 -0.2763311132584134 0.0799841441751332 0 -3.2580138922800225E-8 8.940745983872919E-8 0.04997702449363874
-0.8437556437212325 -0.37907955935377746 0.0999999999999999 0 -5.801457902938456E-8 1.1404068972694447E-7 0.049977023529411795
-0.8010515387579304 -0.4625279007956028 0.09999999999999996 0 -6.901802005820263E-8 1.0460983598598273E-7 0.049977030435080345
-0.7501479603301011 -0.5412050791178039 0.09999999999999992 0 -7.785927708454782E-8 9.488623273866085E-8 0.04997702835886468
-0.5998767009898777 -0.4788913706345559 0.08487289614566725 0 -6.265821482155876E-8 7.929132554382916E-8 0.04997703536680699
-0.6562422498346266 -0.5241856689594518 0.09146905933596002 0 -7.337619409354064E-8 8.404874016362631E-8 0.049977035358195976
-0.08839747535315964 -0.7039498716595032 0.08000538942626953 0 -9.624044005418781E-8 9.766847211049384E-9 0.0499770451494473
-0.13806578705455586 -0.7497079460326577 0.08441541385599154 0 -1.01354579429412E-7 1.4594348622472441E-8 0.049977050597887096
-0.14308797449955213 -0.8318118172195702 0.0918642159103333 0 -1.1501936798968222E-7 9.994742971141702E-9 0.04997705280019443
-0.09361073890939048 -0.9202510142029422 0.09999999999999995 0 -1.3029287922628575E-7 5.521571377219196E-10 0.049977051145302064
0.09365704332523053 -0.9202463037324216 0.1 0 -1.2356938943109442E-7 -2.6163886405828773E-8 0.049977055467592374
2.0711142119751377E-5 -0.9249949331376578 0.09999999999999996 0 -1.2758789822687237E-7 -1.3612296084412337E-8 0.04997705807834042
0.12762107521700664 -0.8265826692803618 0.09113421310198927 0 -1.1153106183136148E-7 -2.80053556037315E-8 0.049977059683591146
0.08068135396090603 -0.7141673032968792 0.08075294753127603 0 -9.581657235887028E-8 -1.395389157413125E-8 0.049977051014154186
0.06358506183867194 -0.7827017733005066 0.08643167294964102 0 -1.0265544686572046E-7 -1.3939659878935403E-8 0.0499770638989332
0.02032803985547743 -0.7231235035279147 0.08113718206932351 0 -9.732500615842469E-8 -3.1438859375987196E-9 0.04997705471680286
-0.03309170223836219 -0.7328034628470876 0.08197501691133365 0 -1.0162590298719262E-7 4.335208816823421E-9 0.04997705533396549
-0.7926496756412598 -0.2913333375023676 0.0919087000057277 0 -4.1856429001365055E-8 1.056609069079001E-7 0.049977027886780406
-0.5810426636905172 -0.3157640075984303 0.07626188231201679 0 -3.857663824005421E-8 7.812480794056685E-8 0.04997702113970156
-0.5773213056470615 -0.42632356756478973 0.08066830857907491 0 -5.2810360099533184E-8 7.721902414128964E-8 0.04997703026992455
-0.5604495700519321 -0.38109429561078195 0.0775098294695611 0 -4.715195109041802E-8 7.504960854903034E-8 0.04997702459082229
-0.6449966839705538 -0.44452809810358646 0.08625924084344862 0 -5.597888698391448E-8 8.302676435040744E-8 0.04997704099819061
-0.6508158876168189 -0.3390076459058359 0.08199721983987755 0 -4.0128629762275614E-8 9.122251407139657E-8 0.049977034054003125
-0.7091826270730177 -0.3233083988571452 0.08590988858162861 0 -4.265436212998338E-8 9.927212025261772E-8 0.04997703520791254
-0.7619010673352372 -0.3837317836320327 0.09273617861998763 0 -5.788338206971829E-8 1.0300316721749197E-7 0.04997703739888414
-0.7143597851634016 -0.46065181317541964 0.09243904770387959 0 -6.532178487854043E-8 9.001159718910452E-8 0.04997704097042127
-0.07537530152887754 -0.7754914719888757 0.0858872030654022 0 -1.0982691354794257E-7 6.050399625639314E-9 0.04997705805127228
-0.048377865911234746 -0.8513117859798408 0.09269807273978156 0 -1.205726853680651E-7 -5.07056914657873E-9 0.049977062831847156
0.043935839967012356 -0.8511210240129371 0.09265635168129686 0 -1.133629739147022E-7 -1.839454422241276E-8 0.04997706555314619
-0.004822548609299441 -0.7855262944057825 0.08645491759740057 0 -1.0800195713495702E-7 -3.250107981051835E-9 0.04997707080625997
-0.615323196863825 -0.38077552285640776 0.08115372829448383 0 -4.427551174796498E-8 8.385154114279142E-8 0.049977033618372045
-0.6821995337018092 -0.3893517946424338 0.0864501634511279 0 -4.978547544587874E-8 9.292186344238834E-8 0.04997704774824071
