% Model:
% Version:
% Dimension:          3
% Nodes:              691
% Expressions:        4
% Description:        Surface
% X                       Y                        Z                        Color                    DeformX                  DeformY                  DeformZ
0.7501545366059812 -0.5411959634402135 0.09999999999999992 0 -4.412043442589984E-8 -7.341839812411943E-8 -2.76215370841855E-5
0.8010709981238165 -0.4624941975024229 0.09999999999999998 0 -3.473373989510344E-8 -7.546212052101144E-8 -2.7616556770737805E-5
0.09365704332523052 -0.9202463037324213 0.1 0 -7.874744960251329E-8 -1.5393147388900224E-8 -2.762254103161087E-5
0.1962292603758942 -0.9039414372048337 0.09999999999999995 0 -8.107717467444227E-8 -2.489760737411892E-8 -2.762389122451689E-5
0.2874231814397345 -0.8792115158194402 0.09999999999999994 0 -7.78293173007163E-8 -3.34825047743711E-8 -2.761762966655749E-5
0.6177594039507672 -0.6884753389104772 0.09999999999999995 0 -5.507315209769218E-8 -5.9574004745015766E-8 -2.7617139782708473E-5
0.6847899965302143 -0.621834949891059 0.09999999999999994 0 -4.901986520823516E-8 -6.444245514867536E-8 -2.7623214909754123E-5
0.6644823007055147 -0.538951594396605 0.09297818153954257 0 -4.467064793454297E-8 -6.325281601379822E-8 -2.761863275534568E-5
2.0711142119768948E-5 -0.9249949331376585 0.09999999999999999 0 -8.247325228309878E-8 -7.818532919894761E-9 -2.7617709658922386E-5
0.04393583996701241 -0.8511210240129379 0.09265635168129693 0 -7.238411074645375E-8 -1.0182104086345648E-8 -2.761058672581075E-5
0.7176713367395712 -0.4652126067437795 0.09294805270739674 0 -3.798233830826188E-8 -7.029519525718591E-8 -2.7610116024739534E-5
0.8437752388147 -0.3790359438971111 0.09999999999999999 0 -2.6295670205067884E-8 -7.596354416902835E-8 -2.7621026461376773E-5
0.7635253857731481 -0.3782532475337201 0.0926398396720293 0 -2.687972007991912E-8 -6.772497880341044E-8 -2.7610563398807918E-5
0.5547456546446984 -0.6639301342123076 0.09391738389868395 0 -5.461373272898058E-8 -5.532389829709331E-8 -2.760863784874332E-5
0.5485314847714319 -0.7448023146284535 0.09999999999999996 0 -6.429066425920814E-8 -5.6557144952727725E-8 -2.7618851274129108E-5
0.12762107521700677 -0.8265826692803626 0.09113421310198931 0 -7.195670827326752E-8 -1.5325715478650417E-8 -2.7618197438039468E-5
0.22639239794839497 -0.823169454837357 0.09279966487488275 0 -7.560810214233151E-8 -2.6964638312636275E-8 -2.7613194134384784E-5
0.3707854054882235 -0.84742873429503 0.09999999999999998 0 -7.025342499219292E-8 -3.8805543258244715E-8 -2.761895714025654E-5
0.297447604941039 -0.8106467532563327 0.09375141746476388 0 -6.971951452069622E-8 -3.342525051679122E-8 -2.760872253564538E-5
0.6050561438570463 -0.6036830020468074 0.09289418017943475 0 -4.7135440772269266E-8 -5.553126163371798E-8 -2.761365066590985E-5
0.5365057739834548 -0.6074638984061794 0.08871198704411523 0 -5.092954005804104E-8 -4.7775743336204084E-8 -2.7602558066930952E-5
0.640351776746304 -0.4627856253417016 0.08686037768572825 0 -4.348408152002338E-8 -6.05407793902215E-8 -2.7613730343575183E-5
0.6027366073062329 -0.5213223560235656 0.08747588350371878 0 -4.4858561763231856E-8 -5.379365297195702E-8 -2.761745197750803E-5
0.11581756539084577 -0.7588114009433137 0.08487399945221091 0 -6.668492069651426E-8 -9.359485556314736E-9 -2.7619669527669547E-5
-0.09361073890939044 -0.9202510142029422 0.09999999999999994 0 -8.539707907289214E-8 1.3563156537228746E-9 -2.7622318710536055E-5
-0.19619007773418676 -0.9039499420937565 0.09999999999999996 0 -8.010213222680355E-8 1.013534780147676E-8 -2.7623533686380814E-5
-0.2873887771284415 -0.8792227618026944 0.09999999999999995 0 -7.88675886939298E-8 1.7841726361842354E-8 -2.7617166815855766E-5
0.06358506183867196 -0.7827017733005069 0.08643167294964106 0 -6.549983623499079E-8 -4.595305498182058E-9 -2.761207349058298E-5
-0.04837786591123471 -0.8513117859798404 0.09269807273978152 0 -7.955677475878326E-8 -1.7732842582035584E-9 -2.7611087065921415E-5
-0.004822548609299431 -0.7855262944057821 0.08645491759740055 0 -7.06687155438812E-8 2.4568100057122466E-9 -2.7603558375269117E-5
0.8809325145611795 -0.2820885484172241 0.09999999999999999 0 -1.9259642954458672E-8 -8.279428174221375E-8 -2.7622007369396845E-5
0.677795607943666 -0.39290477214771735 0.0862680402418979 0 -3.742985996144018E-8 -5.946209638543779E-8 -2.760276739006613E-5
0.6103906305879976 -0.40135765312469535 0.08172372928462611 0 -4.15194937090606E-8 -5.368840189421898E-8 -2.7618751989906606E-5
0.8014927716328404 -0.2914410587712435 0.09271262928645595 0 -2.1542453045128672E-8 -7.3569001559998E-8 -2.761780748115718E-5
0.7173493567573874 -0.31695962258024274 0.08634023460744475 0 -2.722923855286839E-8 -6.069027012502704E-8 -2.761431400552466E-5
0.8230806401765318 -0.20733638606092913 0.09232209730203018 0 -1.4102918157708893E-8 -7.88681512049761E-8 -2.7609967485785296E-5
0.5055257679581893 -0.637124600070996 0.08897493457515948 0 -5.7517023229234706E-8 -4.881619727044365E-8 -2.7602938169403937E-5
0.4897167015298755 -0.6990669986722716 0.09278011319940965 0 -6.224739710368325E-8 -5.050957059166669E-8 -2.7613584771899064E-5
0.46249999999999986 -0.8010734985006049 0.09999999999999984 0 -6.815130744101709E-8 -4.7191990215993256E-8 -2.7623905613329685E-5
0.18083964416846285 -0.7595104378227608 0.08602850609777069 0 -7.129948465449966E-8 -1.6686611738935464E-8 -2.7615957103055236E-5
0.2521627428797361 -0.7694593063835823 0.08864404636431371 0 -7.0994495065631E-8 -2.540116449609669E-8 -2.7603609820867614E-5
0.36329863298781023 -0.7692008953950572 0.09250410835033814 0 -6.305132496732473E-8 -3.5756795999424066E-8 -2.7613941195365343E-5
0.29721686832567656 -0.7486484838731736 0.08825580478820183 0 -6.370317292289935E-8 -2.6717888643305842E-8 -2.7603094393838486E-5
0.566498136584519 -0.34007595181336675 0.07621962270586992 0 -3.251370610788381E-8 -4.9521613494911733E-8 -2.7632240903151688E-5
0.5490740032503059 -0.5442731464552364 0.08535659345024513 0 -4.6782016361632975E-8 -4.492572088331477E-8 -2.7613644962980434E-5
0.4877536710430043 -0.5826751104622181 0.08420495651136725 0 -5.547895054381249E-8 -3.9634686109685244E-8 -2.7607936796700148E-5
0.5629289159938321 -0.47314451663551055 0.08212579004392509 0 -4.376286764937149E-8 -4.85539622702709E-8 -2.7623132641465387E-5
0.5395049675561714 -0.4037977139333864 0.07721405836956645 0 -3.776517437825155E-8 -4.724473262810761E-8 -2.7631262992517E-5
0.08068135396090602 -0.714167303296879 0.080752947531276 0 -6.248795884269908E-8 -3.6279788533006026E-9 -2.7624750858632765E-5
0.1307586883786586 -0.7179080095003467 0.08165710231721483 0 -6.495975103864472E-8 -9.432006406674664E-9 -2.7624326336413914E-5
-0.3707535969478622 -0.8474426517245004 0.09999999999999994 0 -8.090376731964489E-8 2.739384842041893E-8 -2.7618366152959327E-5
-0.14308797449955207 -0.83181181721957 0.0918642159103333 0 -7.500862815299361E-8 8.248127583887367E-9 -2.7618621298212E-5
-0.22448109351079631 -0.8295744817427092 0.09335179876408067 0 -7.192525968065292E-8 1.3164932405627039E-8 -2.761390765084027E-5
-0.2937621218403122 -0.816155750548228 0.09413660224150187 0 -7.496248045733637E-8 1.9022296542161287E-8 -2.7608939339119567E-5
0.02032803985547743 -0.7231235035279147 0.08113718206932351 0 -6.347001159463498E-8 3.97355726691481E-9 -2.7619727754219078E-5
0.049373389215154835 -0.676251463493053 0.07753347573866787 0 -5.988636027705648E-8 -1.409353128600342E-9 -2.7630556199801742E-5
-0.07537530152887752 -0.7754914719888756 0.0858872030654022 0 -7.301431200760097E-8 8.000209080436774E-9 -2.761454042292659E-5
-0.03309170223836219 -0.7328034628470876 0.08197501691133365 0 -6.720774311277415E-8 8.596273776831612E-9 -2.7617921942720548E-5
0.9051251563026282 -0.1907181838739738 0.09999999999999992 0 -1.0177536705981555E-8 -8.422566955008172E-8 -2.7615554515308825E-5
0.6346730356926771 -0.3174870091624341 0.08001946855914073 0 -3.2022932014984555E-8 -5.310670595621323E-8 -2.7623522408207035E-5
0.7578046117703346 -0.24801668508133742 0.08751626752734717 0 -2.1787665612221692E-8 -7.029452697353935E-8 -2.761568413816216E-5
0.6897625743522149 -0.264441860913035 0.0824063475266023 0 -2.5656724185501685E-8 -6.038040566625517E-8 -2.7621921842730238E-5
0.7597010793028803 -0.19500257071099417 0.08634694259141452 0 -1.9519861445061733E-8 -7.219246245595693E-8 -2.760934258007722E-5
0.7883546035916825 -0.1648885681025431 0.08824892692988197 0 -1.4115941554396956E-8 -7.39058335318657E-8 -2.7601744377619642E-5
0.8374232558848942 -0.12934172138602965 0.09218338983550128 0 -5.063876530554021E-9 -7.424711879718659E-8 -2.7604430355419522E-5
0.7880045515761319 -0.1291017367769672 0.0876205822064691 0 -1.1433975226548547E-8 -6.914554237886192E-8 -2.7600286755017325E-5
0.45389464101054455 -0.6418290507487612 0.08650541722977734 0 -6.145791454365523E-8 -4.26777918154844E-8 -2.7611456364052536E-5
0.4122622788181451 -0.7140592129571535 0.09001680581831237 0 -6.220088604607507E-8 -3.951313782803169E-8 -2.7617605937099524E-5
0.1697005588141962 -0.6915759378642319 0.08021607449160523 0 -6.441754011035929E-8 -1.2549093343428653E-8 -2.7624868327351627E-5
0.24692814396934865 -0.6974874410583478 0.08250617855893733 0 -6.476993029743328E-8 -1.645050072017079E-8 -2.7613575300954453E-5
0.3299132550602819 -0.6955796266909601 0.08507057911176502 0 -5.9244966731673705E-8 -2.588006889878648E-8 -2.7614717711302048E-5
0.5796784116794852 -0.2776116098201063 0.07488927562467991 0 -2.525794975471853E-8 -5.184824168218285E-8 -2.7634145020048887E-5
0.5306797663003683 -0.29923675531161764 0.07251363051783592 0 -2.5187129924610287E-8 -4.845335271341087E-8 -2.7636074503869038E-5
0.5018045759598764 -0.34636458619402455 0.07254833341115845 0 -2.8540142067165794E-8 -4.541056910842966E-8 -2.7635418072016427E-5
0.43691576165411183 -0.5863880363863174 0.08178506492225697 0 -5.767475132280673E-8 -3.657604877358895E-8 -2.7618395910500536E-5
0.5025098789806555 -0.5159632075862093 0.08087711077114174 0 -4.741856166111461E-8 -4.02334637728703E-8 -2.7621184406557778E-5
0.4531934148271225 -0.5420428192507506 0.07976926362259741 0 -5.2046070463081056E-8 -3.656778695643064E-8 -2.7622331609319696E-5
0.5051728219418842 -0.4543425560441293 0.07763963571270259 0 -4.109498380615526E-8 -4.326508974591215E-8 -2.7630114395173586E-5
0.4743994852003083 -0.40954268251415876 0.073738234339428 0 -3.418972919668104E-8 -4.310454665204591E-8 -2.763340853332038E-5
0.115198487208555 -0.6531897985847656 0.07640980333620502 0 -5.8976909220475794E-8 -9.815163762764676E-9 -2.7632645183106175E-5
-0.4625000000000001 -0.8010734985006056 0.09999999999999992 0 -7.473180277328915E-8 3.527909365885421E-8 -2.7623271919983966E-5
-0.3837134371029664 -0.7748603000238192 0.09386619334345218 0 -7.422004832743063E-8 3.026795841760099E-8 -2.761613671748412E-5
-0.3293828651109605 -0.7771045511687245 0.09186418681824765 0 -7.46304876646713E-8 2.548471439847084E-8 -2.760819633511006E-5
-0.4839056580716607 -0.700569999447879 0.09257832058039935 0 -6.242393552822971E-8 3.654235839871067E-8 -2.7613354857505605E-5
0.04767908888924959 -0.6125339534466794 0.07287094188782159 0 -5.5305101100953126E-8 -6.378368566003025E-9 -2.7635885589078184E-5
-0.19485303194491674 -0.7756068237085788 0.08772926134592987 0 -6.530338807426232E-8 1.509865683674098E-8 -2.761329098924864E-5
-0.1380657870545559 -0.7497079460326577 0.08441541385599156 0 -6.590758406017543E-8 1.3208438118126663E-8 -2.7620223684472515E-5
-0.24450643515018045 -0.7666415232960108 0.08818261063739213 0 -6.503186091242681E-8 1.940076430700002E-8 -2.76040013793276E-5
-0.29287844997281653 -0.7560683801841976 0.08874412837590734 0 -7.006190676720033E-8 2.5015717584856735E-8 -2.76019508871594E-5
-0.018713178495829663 -0.6598847879456907 0.07617577755495693 0 -5.892320383617893E-8 3.862030486684587E-9 -2.7632888288870668E-5
-0.08839747535315964 -0.7039498716595032 0.08000538942626953 0 -6.337590987656274E-8 1.1095096366435089E-8 -2.7626530863154284E-5
0.8548200389796248 -0.0652462727687064 0.09314675085287963 0 -1.868528283108504E-10 -7.34812001660906E-8 -2.7612951809960918E-5
0.9192877606928158 -0.10260258091221079 0.10000000000000002 0 -1.8015458814557238E-9 -8.034019542882076E-8 -2.7616652323580767E-5
0.6384778628041976 -0.2349189996283244 0.07770845629712514 0 -2.2763418403252194E-8 -5.690783525113392E-8 -2.7629901057111848E-5
0.7040732060431756 -0.2032143579310842 0.08191372549943252 0 -2.2139393614404606E-8 -6.459883420488306E-8 -2.7620010266274725E-5
0.5898871014295897 -0.20776639827421509 0.07364495662277284 0 -1.6774411074868624E-8 -5.452764840673299E-8 -2.7632886495439653E-5
0.7325342916850157 -0.13408386908087772 0.08291013088256632 0 -1.812299370980125E-8 -6.479507652276202E-8 -2.7610678714983604E-5
0.8252770499196602 1.9257059754862352E-16 0.09008727174442388 0 2.940292899684027E-9 -7.378149794976062E-8 -2.7615518282994083E-5
0.7859407931602105 -0.07401767626946823 0.08680140328934058 0 -6.7836141209837134E-9 -6.542693583951685E-8 -2.7609026684362717E-5
-0.499151538632016 -0.6334110077816723 0.08834372866104906 0 -5.474351422892774E-8 4.1462456844821176E-8 -2.7602266435571428E-5
-0.539934650094959 -0.6040123388311489 0.08868415026698911 0 -5.744730687213279E-8 4.868772778805074E-8 -2.760218604734762E-5
-0.55199683338532 -0.6639303440969675 0.09374464706266032 0 -6.353864367726179E-8 4.3383612896428853E-8 -2.760759786483128E-5
-0.5485674035956859 -0.7447758606713794 0.09999999999999995 0 -6.848166722249187E-8 4.134568510333565E-8 -2.761797619107856E-5
0.36763254236248405 -0.6367582418875392 0.08211785344170683 0 -5.811984911536871E-8 -3.055879468386128E-8 -2.7623712143957587E-5
0.18957159845420457 -0.6243064952889011 0.07560329744867302 0 -5.6157904717819595E-8 -1.645024318544233E-8 -2.7631600745586354E-5
0.28831363121595577 -0.628175946475062 0.0785524110683112 0 -5.590630102778029E-8 -2.1598682523373808E-8 -2.7628162948907016E-5
0.526450453306162 -0.23768251001620336 0.07038843476625324 0 -1.7701148813826624E-8 -5.086146106117974E-8 -2.7632842960865572E-5
0.47890979704271586 -0.2863984098188226 0.06912760288748078 0 -2.1323345235034215E-8 -4.4840637055812646E-8 -2.763349318134346E-5
0.4494990254251993 -0.3483577682477059 0.06980849106780328 0 -2.4915610939438237E-8 -4.16973298106383E-8 -2.7630242325542314E-5
0.38634553368626057 -0.5411366135074791 0.07653244947706521 0 -5.0610112650132996E-8 -3.370033395281038E-8 -2.7631986210318573E-5
0.43810869406594616 -0.47330739854493387 0.07505155127124848 0 -4.206295793963958E-8 -3.924363847036037E-8 -2.763187231415108E-5
0.4170420346765119 -0.4108303752912244 0.07090170067103962 0 -3.20827515045836E-8 -4.1357125246451814E-8 -2.762877874380332E-5
0.1909808398518187 -0.5616900805542806 0.07142639087555928 0 -4.728767997941502E-8 -2.124957156892958E-8 -2.7631032037425217E-5
0.12475562378528363 -0.5650913910725969 0.07045918166236254 0 -5.0444732156289384E-8 -1.7636871199879238E-8 -2.7628548832092786E-5
0.05189365664575958 -0.5409828050063739 0.06822031633188272 0 -5.063096781557558E-8 -1.0454460673062286E-8 -2.7629467694540295E-5
-0.41249148408265685 -0.71445620812065 0.0900597252140442 0 -6.518516157687236E-8 3.401266453121845E-8 -2.761702569377091E-5
-0.34485879204612635 -0.7195732958375974 0.08756922173357189 0 -6.834196803286465E-8 3.187068329774895E-8 -2.7612432718538213E-5
-0.4354763147019103 -0.6351536187841577 0.08509247440255904 0 -5.2140461291846E-8 3.811500980868604E-8 -2.761436611485315E-5
-0.02127679909875187 -0.5862434400348023 0.07098260267248742 0 -5.166637142567594E-8 -1.746429258459265E-9 -2.763573859163917E-5
-0.20123366572154053 -0.7196538123444207 0.08312630758513646 0 -5.973076781937877E-8 2.0656694464760264E-8 -2.7616057522278496E-5
-0.1453861443112404 -0.6947291331504667 0.08002955113164492 0 -6.008839711198662E-8 1.5199799578725573E-8 -2.7626287656253736E-5
-0.26439613737119816 -0.6970297197339501 0.08297653094743883 0 -6.092295189947345E-8 2.957487727280407E-8 -2.761179641020292E-5
-0.314732642366773 -0.6679534491621226 0.08237892997106575 0 -6.063059408282237E-8 3.286694811851287E-8 -2.761913263222512E-5
-0.10379006268918363 -0.6311723493295898 0.07466578004946206 0 -5.560820532323014E-8 8.109873053800142E-9 -2.763394344795382E-5
0.7822439697509947 0.07342341173252223 0.08646750245519458 0 6.012278315776352E-9 -7.463908861824104E-8 -2.7609128868401972E-5
0.9249999999999998 2.358937726024754E-16 0.09999999999999994 0 6.570601744570475E-9 -8.267945455066435E-8 -2.7621345463657056E-5
0.851370675269602 0.07427003550197267 0.09288407134507307 0 1.2398321671681835E-8 -7.922585278443692E-8 -2.761120945568118E-5
0.8038717607621603 0.12213857484508564 0.0889547066003148 0 1.3417293657972347E-8 -7.38377375131814E-8 -2.7600377214982154E-5
0.5408130551366507 -0.18150058753720788 0.06992281214701015 0 -1.0349714768489589E-8 -5.2418334199333435E-8 -2.7626779758171965E-5
0.7247257834183621 0.0852066297502373 0.08165698245211614 0 2.5922003068958283E-9 -6.807377012805104E-8 -2.761672165092953E-5
0.6510493529215736 -0.15514133280147802 0.07686356365481603 0 -1.6130020930870117E-8 -5.838429991886337E-8 -2.7628640206283942E-5
0.5770279320473081 -0.15184347618041535 0.07165568912865208 0 -8.69482946720063E-9 -5.290727076357128E-8 -2.7629540307947576E-5
0.6918887433807659 -0.06772116765551027 0.07886795692620667 0 -9.77228988471702E-9 -5.967556131579274E-8 -2.762563851168087E-5
0.7364981201835382 1.7871933341171726E-16 0.08222076644985389 0 -2.7818652845463647E-9 -6.587010291168765E-8 -2.7621743054710225E-5
-0.48001255710073826 -0.5637645778356982 0.08255043176744216 0 -4.645758944521943E-8 4.774891855894391E-8 -2.7612399682228143E-5
-0.5678213237459834 -0.537667606136383 0.08613904983735729 0 -5.016408307518348E-8 5.342276460745743E-8 -2.761446830696884E-5
-0.600893054701109 -0.6092572756078649 0.09299302035398636 0 -6.115787971942122E-8 5.195749722366737E-8 -2.761200940160319E-5
-0.6178002971320171 -0.688438643052917 0.09999999999999995 0 -6.764694138114375E-8 5.0695298298517447E-8 -2.761619419752802E-5
0.31808183532075807 -0.5509338997403093 0.07441383187593008 0 -4.9071862459532453E-8 -2.8668549356001614E-8 -2.7636156242135682E-5
0.2593907519340379 -0.5686281064407216 0.07361593901057979 0 -4.901537960295829E-8 -2.3649000743129476E-8 -2.763532029553645E-5
0.4250914842628162 -0.2904030737883922 0.06650384046370365 0 -2.0247412999784574E-8 -3.7891391554431445E-8 -2.7626558739255265E-5
0.4860024477406568 -0.1810614961514008 0.06672716200822644 0 -1.2405027569166055E-8 -5.001034317385849E-8 -2.7618161026556064E-5
0.4546475825643904 -0.2329362873436874 0.0662732760967022 0 -1.8110739413491275E-8 -4.4634136661632766E-8 -2.762755278962217E-5
0.39693548996928896 -0.3460112170117685 0.06719703593166886 0 -2.308442727331053E-8 -3.7038394422380844E-8 -2.761753359550969E-5
0.3565677611611388 -0.4614203059811383 0.07075125137743832 0 -4.019587366365919E-8 -3.68704623093507E-8 -2.763229915970373E-5
0.36327728761747163 -0.38800374757803646 0.06749345504717459 0 -3.102688450460295E-8 -3.966303147107582E-8 -2.761631724972134E-5
0.3750627258693446 -0.2936858939923492 0.0643465481455432 0 -2.255541774358118E-8 -2.979749781554427E-8 -2.761856221716336E-5
0.14556246178613044 -0.5017461145955597 0.06695111305462358 0 -4.1369284371356895E-8 -1.9417083010901527E-8 -2.761315832133765E-5
0.1773504711629968 -0.5251479744589087 0.06889288845838194 0 -4.2093039808841384E-8 -2.1990282002343443E-8 -2.762419223114056E-5
0.2111878992556696 -0.5199281931560845 0.06932845783235407 0 -4.132852996658922E-8 -2.321721069496181E-8 -2.7629315902908195E-5
0.10436058799907272 -0.5010308479370807 0.0663275801738497 0 -4.745915390347631E-8 -1.5782309261454204E-8 -2.761328529102526E-5
0.06673635655852131 -0.4767204709635782 0.06461779605353521 0 -4.761809534384532E-8 -8.050591515169152E-9 -2.761880177896145E-5
-0.006975621790116399 -0.5183972256879046 0.06671599267023115 0 -4.564170974583728E-8 -3.895787058444058E-9 -2.7629649270149904E-5
0.021803385387518696 -0.4822544950869184 0.06469299319690378 0 -4.487759641393439E-8 -4.368454428159357E-9 -2.762647661168718E-5
-0.05196883438319561 -0.5240326103663052 0.06719869985797552 0 -4.36505618516771E-8 -1.0091116820467477E-9 -2.7626685102040816E-5
-0.3679909311443217 -0.6373789894665455 0.08217765681431859 0 -5.5425076212892427E-8 3.506567068989628E-8 -2.76230194261045E-5
-0.40158939943089916 -0.5697012631254147 0.07901179842938963 0 -4.682591015466078E-8 3.779727300588322E-8 -2.7626415109276894E-5
-0.09590125636856872 -0.5619999312235502 0.06990127823248253 0 -4.8677424914323543E-8 1.7048447231214806E-9 -2.7628863109810725E-5
-0.19926692702634366 -0.6350324834465847 0.07658242747619838 0 -5.567399536999715E-8 1.9392154291042644E-8 -2.7629911622149184E-5
-0.2841593977557326 -0.6153602706014176 0.07751426427315905 0 -5.5047686377897877E-8 2.859818571248903E-8 -2.762992723110195E-5
-0.15663037176370528 -0.5733099421965812 0.07149707499548641 0 -5.243757840367728E-8 8.780545380222919E-9 -2.762988273897758E-5
0.6892086201904363 0.11760753932384704 0.079182235454291 0 5.559886783054725E-9 -6.2885032075151E-8 -2.7622099015981853E-5
0.7461230180043805 0.1326560288062978 0.08402816782270867 0 6.465141277387427E-9 -6.759825863554354E-8 -2.7606416885338384E-5
0.6908574756839181 0.1584953945063365 0.07995126254637963 0 9.046239170779157E-9 -6.129587731754092E-8 -2.7620657621659917E-5
0.9192877608705788 0.10260257931928718 0.09999999999999994 0 1.6487793534939494E-8 -8.407214971552913E-8 -2.7615995023459202E-5
0.8510855832446352 0.14814580550682163 0.09378949781498243 0 2.028560603725963E-8 -7.494023711549787E-8 -2.7605896511001254E-5
0.7902639371481001 0.17887268414595758 0.08869278761371624 0 1.6879984148470937E-8 -6.604332154152116E-8 -2.760295000912732E-5
0.5270134709035552 -0.12362075461980128 0.0680883893303861 0 -2.931513921515055E-9 -4.708380346944957E-8 -2.7618333316584524E-5
0.660910431014522 0.06111123862815046 0.0764443497197492 0 3.5235899951004358E-9 -6.053650583311805E-8 -2.763056451816315E-5
0.5965173615012839 -0.07939251741876008 0.07200225824383245 0 -3.7658482341603044E-9 -5.1977899173408246E-8 -2.763262498994003E-5
0.6371682462297272 1.7636191275501287E-16 0.07448630903843244 0 1.240532877274372E-10 -5.694694058063626E-8 -2.7634655437360548E-5
-0.5998767009898777 -0.47889137063455584 0.08487289614566726 0 -4.11143815502689E-8 5.307569188544368E-8 -2.761815068931978E-5
-0.4462665144718288 -0.4769553831048419 0.07565680574632232 0 -4.216492254270151E-8 4.045098156830255E-8 -2.763063432176469E-5
-0.514031025104845 -0.49215788183100256 0.08018045280724438 0 -4.28367557734197E-8 4.945908298951947E-8 -2.7623784865311492E-5
-0.5551101229584549 -0.4700701488343014 0.08146563252731463 0 -4.023457633020004E-8 5.140298742719506E-8 -2.7623220155938665E-5
-0.6562422498346266 -0.5241856689594518 0.09146905933596002 0 -4.91790877447447E-8 5.471983573383341E-8 -2.7616662233711514E-5
-0.6848306133117381 -0.6217902179859557 0.09999999999999995 0 -6.183644502157485E-8 5.77207776968033E-8 -2.7622225676421216E-5
0.27241004361507065 -0.4718280360333558 0.06830375115676078 0 -3.9737169421904594E-8 -2.8502411625189633E-8 -2.7632805614326228E-5
0.4535801009187721 -0.11979187747949692 0.06395953291420167 0 -1.3464106260964888E-8 -3.929267093081869E-8 -2.760764014088056E-5
0.39072217276086296 -0.23584567652234287 0.06329187670784985 0 -2.037372082622149E-8 -3.4385854123957946E-8 -2.7627032665660295E-5
0.41238404925178007 -0.18021837395374024 0.06296662723972753 0 -1.896386841439777E-8 -3.973590461085415E-8 -2.7623294689741078E-5
0.33633282409977633 -0.33989669688880314 0.06444423660906805 0 -3.16987093417122E-8 -2.9873448476536755E-8 -2.760698568438286E-5
0.30008338071089913 -0.40108479031261085 0.06570468861303413 0 -3.768087713892091E-8 -3.2668484385561616E-8 -2.7622245678630178E-5
0.32685099627426545 -0.2905697969488598 0.06232853198902638 0 -2.809246549469023E-8 -2.4007309333577913E-8 -2.7619352512294587E-5
0.34557599933864525 -0.25420475687873284 0.06192004258218349 0 -2.3219971887478432E-8 -2.7019830944434475E-8 -2.762617096566844E-5
0.13994680898558723 -0.4672126633962515 0.06496624972127402 0 -3.872642981673255E-8 -1.2800516844179412E-8 -2.760807833262949E-5
0.19075484218748176 -0.4725311643222945 0.06620021711897697 0 -3.548697220476506E-8 -1.9148501178157275E-8 -2.762095550016363E-5
0.04901016908663563 -0.43723836174505165 0.062459634223422635 0 -4.246224891038998E-8 -2.711522374116084E-9 -2.7624854837741427E-5
0.10408488366078726 -0.44405468685268895 0.0632766673513578 0 -4.2591112555037255E-8 -5.5557079100574126E-9 -2.7612862739844815E-5
-0.03083759909542402 -0.4757419881377713 0.06436680609968096 0 -3.965541300252002E-8 8.505401111515114E-10 -2.762539380535603E-5
-0.0058033119248053185 -0.4414101175550563 0.06253303354413749 0 -3.89020565852352E-8 1.0773513546622524E-9 -2.762825565981166E-5
-0.39030681785658333 -0.4466269881485597 0.07141764844659583 0 -4.186074743475762E-8 3.019019524649976E-8 -2.7630201549193484E-5
-0.09527352708204243 -0.48999184724793493 0.06560563290386152 0 -3.9520631962800896E-8 3.931225375444407E-9 -2.7612294488921468E-5
-0.31827009850817745 -0.5512599811461146 0.07444098367382036 0 -4.924549357979671E-8 2.806203196808554E-8 -2.763579149595285E-5
-0.36296726797354567 -0.5093150093458659 0.07364571283377143 0 -4.485305327171875E-8 3.0622743915300974E-8 -2.7634649350450885E-5
-0.1538656248196219 -0.515523498759926 0.0678853449092873 0 -4.991871865428502E-8 6.514372125722854E-9 -2.7617624444446123E-5
-0.23145619169988374 -0.5426436945370011 0.07120349698950754 0 -5.1804717216442725E-8 1.7731271529659005E-8 -2.7633171416802025E-5
0.02839276411724586 -0.3973392921812578 0.06048540173023527 0 -3.6622084292052926E-8 -4.532254757757565E-10 -2.763222568772132E-5
0.6359863797306674 0.13411282944887548 0.07542020319546493 0 1.1345095237299709E-8 -5.702404161809835E-8 -2.7629813271438467E-5
0.7226994437477957 0.1997352924878217 0.08334138075756291 0 1.3725714303608145E-8 -6.202439734449478E-8 -2.761536353803651E-5
0.6524176664552398 0.20477109599706128 0.07797707686621592 0 1.5784529969630508E-8 -5.783710336057084E-8 -2.762763546144257E-5
0.9051251569294585 0.19071818089926676 0.09999999999999994 0 2.3690585245761696E-8 -7.75180566089495E-8 -2.7614417175693123E-5
0.8318102133114379 0.22322523392999097 0.09353078509252784 0 2.4662981816563655E-8 -6.925677059714017E-8 -2.761178512342407E-5
0.7561533810021175 0.2511688924028691 0.08746370240455802 0 2.2721471885533513E-8 -6.526352760310022E-8 -2.761485604365206E-5
0.5078212312272354 -0.05773868566153316 0.06628756501631425 0 -5.245597641926819E-10 -4.143259775213214E-8 -2.7623075696019338E-5
0.580043566339009 0.07440259297015442 0.07086095755136954 0 1.1169911652019911E-8 -5.345091890347879E-8 -2.7631366707563187E-5
0.5449077695259106 1.435041058529122E-16 0.06830916124377966 0 4.647109433276731E-9 -4.865523853725581E-8 -2.763161433273449E-5
-0.6449966839705535 -0.4445280981035864 0.08625924084344859 0 -3.6194608558792104E-8 5.437599967430642E-8 -2.7610414231082335E-5
-0.5773213056470615 -0.42632356756478973 0.08066830857907491 0 -3.4210020294161393E-8 5.2273145755530503E-8 -2.762343582024282E-5
-0.42560872193429483 -0.3924588186076942 0.07047472570296821 0 -4.049628549376325E-8 3.4568651219089513E-8 -2.7627466478135773E-5
-0.5105636494997626 -0.4275668331221898 0.07661161867134533 0 -3.7813820880259925E-8 4.657494438991597E-8 -2.7631171306470406E-5
-0.6821995337018094 -0.3893517946424338 0.08645016345112792 0 -3.292694624630616E-8 6.228899767908159E-8 -2.7601581589850886E-5
-0.7143597851634019 -0.46065181317541976 0.09243904770387963 0 -4.445471230002832E-8 5.7563209646926305E-8 -2.7608068287830466E-5
-0.7501479603301018 -0.5412050791178046 0.09999999999999998 0 -5.243044537696131E-8 6.042564584559982E-8 -2.7620415458616294E-5
0.23193963455587194 -0.401731231339728 0.06368217918749611 0 -3.5489856454562186E-8 -2.124500473736367E-8 -2.762834085833868E-5
0.4253355502182103 -0.060426816635170834 0.06194940187312641 0 -8.567054274794112E-9 -3.423726018313572E-8 -2.7624982749312292E-5
0.3783639298171796 -0.12391451309547895 0.06047575124681011 0 -1.561452011220124E-8 -3.310858471346938E-8 -2.7629075371189087E-5
0.3404696044317066 -0.192505611563268 0.06016257670047243 0 -1.8739658643237344E-8 -2.9680440196105647E-8 -2.7633513535470232E-5
0.2704412885460664 -0.32134890739138106 0.06148782850104334 0 -3.3870154979307235E-8 -2.2128578408076913E-8 -2.7625728996517307E-5
0.28780126788651955 -0.24610682281377952 0.05962067759661022 0 -2.3996488570406137E-8 -2.340852563382211E-8 -2.7633407098283247E-5
0.15779399244920164 -0.4060014305216929 0.062242172248634084 0 -3.421357558256327E-8 -9.17513765737928E-9 -2.7623639926341148E-5
0.08201071126761389 -0.3939388987243753 0.060668066988986274 0 -3.696724686531683E-8 -3.030102281201969E-9 -2.7628513563663947E-5
0.04349199689707277 -0.3606955682361924 0.05897556113419837 0 -3.260879273923576E-8 -2.706382256378168E-9 -2.7635953171925543E-5
-0.05772042989369192 -0.4373202270026056 0.06251628812885628 0 -3.495558530247774E-8 7.277237464351908E-9 -2.7623184130099114E-5
-0.03317807935019408 -0.4000499580003112 0.06062434517611841 0 -3.4153917905846944E-8 5.246810779289649E-9 -2.763150153602951E-5
-0.3619566518906658 -0.37751131442037245 0.06698450376718922 0 -3.7404407498793935E-8 2.606459386154822E-8 -2.7612478841633444E-5
-0.36626813150114024 -0.4166408143589399 0.06892167223823106 0 -3.988456719272064E-8 2.5531510755312325E-8 -2.762347220360917E-5
-0.3449125590697449 -0.44322460700183025 0.06935603931497553 0 -4.073352611466669E-8 2.4170684910993434E-8 -2.762873241765135E-5
-0.1061373350373039 -0.43371612134398735 0.06278756375601147 0 -3.632224224812637E-8 1.4236679724655208E-8 -2.7615003930681317E-5
-0.1533021139497205 -0.45854960024362473 0.06473399748772989 0 -4.559859009059992E-8 1.4619968770000986E-8 -2.7610860466043288E-5
-0.27258732769368704 -0.47213510106489254 0.06832563375196132 0 -4.4443214132771433E-8 2.0162000864413764E-8 -2.7632543621336757E-5
-0.2137590545386873 -0.47234636278777903 0.06671710658979699 0 -4.779743927108472E-8 1.6390755337035037E-8 -2.7625773923796933E-5
-0.18675532053812582 -0.4349325178463068 0.06418357757579088 0 -4.352404933949875E-8 1.8225677571269847E-8 -2.762156886924241E-5
-0.3826278748778653 -0.34149739132768103 0.06638993492953281 0 -3.732271673637355E-8 3.329456420826339E-8 -2.7612517392512E-5
-0.0010639892128916778 -0.35571530812846325 0.05866683852382106 0 -3.174238617087329E-8 2.812878249904049E-10 -2.7636768091119165E-5
0.5665181445886517 0.15558354761445173 0.07104008880031383 0 1.9462734425384136E-8 -4.8773303101217516E-8 -2.7627646199857043E-5
0.5953591891669738 0.1936606882201294 0.07369160395615945 0 1.912901186665804E-8 -5.1535945605149856E-8 -2.7631470820009848E-5
0.5192463818471629 0.12824117265253684 0.06769417632898124 0 1.9467049373891484E-8 -4.577705169961176E-8 -2.7615464504500404E-5
0.5285393108936259 0.16518893231571916 0.06885934434787161 0 2.1453584914305887E-8 -4.315998600952355E-8 -2.7621369027071015E-5
0.6744856330743806 0.25899543825752414 0.08106282636378111 0 2.062691182754647E-8 -6.157463357025927E-8 -2.7623065344847863E-5
0.5964895386590124 0.24538252217967127 0.07505456752399722 0 2.1748877878230672E-8 -5.271178126038023E-8 -2.7632448739939537E-5
0.8809325160784339 0.2820885436790224 0.09999999999999994 0 3.101134596155061E-8 -7.46874083150902E-8 -2.7620607154857596E-5
0.7133503615870089 0.32015636681811027 0.08613118221459619 0 2.942623874034778E-8 -6.747718807391776E-8 -2.761243221420349E-5
0.7978472984237357 0.3041762806928354 0.09281227257926788 0 3.193075689694693E-8 -7.016481854747519E-8 -2.7616358266756273E-5
0.4636209692030302 1.4593888372567647E-16 0.06366862151549985 0 5.975207769568157E-10 -4.140323344811757E-8 -2.7627243572748022E-5
0.4938126220450951 0.06489296717588176 0.06554297030555511 0 9.682252113429108E-9 -4.901136206265748E-8 -2.7619552127538894E-5
-0.6153231968638251 -0.38077552285640803 0.08115372829448388 0 -2.8066117186864096E-8 5.686748855751658E-8 -2.7618120840737775E-5
-0.560449570051932 -0.3810942956107818 0.0775098294695611 0 -3.107030794030249E-8 5.105193658553595E-8 -2.7629203310840818E-5
-0.4429539530445369 -0.3153758255937713 0.06823813858748431 0 -3.441437213858172E-8 3.870240878296611E-8 -2.762844753979721E-5
-0.5043029125892239 -0.34762375509843185 0.07274022680505556 0 -3.320553053736643E-8 4.447342853076104E-8 -2.76346060406661E-5
-0.6508158876168189 -0.3390076459058359 0.08199721983987755 0 -2.6110410416088413E-8 6.233006159711163E-8 -2.7615851476116817E-5
-0.7091826270730176 -0.32330839885714513 0.08590988858162861 0 -2.9337272604314257E-8 6.72054916456024E-8 -2.7612322158581976E-5
-0.7619010673352372 -0.3837317836320327 0.09273617861998763 0 -4.110616395511472E-8 6.802705223172666E-8 -2.7608906282846726E-5
-0.8010515387579304 -0.4625279007956028 0.09999999999999996 0 -4.7770394714259524E-8 6.744207748260487E-8 -2.7615413806506777E-5
0.19236089157799777 -0.33317883760233996 0.059881599761303 0 -3.0790002071214884E-8 -1.5392272487449803E-8 -2.7636657780783642E-5
0.38492668203237634 1.0023152680894796E-16 0.05989052034096669 0 -2.2596476433274374E-9 -3.435836483929698E-8 -2.7635800447225502E-5
0.2997814449763267 -0.1302546190444194 0.057552736756421544 0 -9.791336890089211E-9 -2.7291520790515554E-8 -2.7636871859161907E-5
0.3411851195480258 -0.06215460789797836 0.058312559079427444 0 -6.328831152805843E-9 -2.9189120884432644E-8 -2.7638205534401136E-5
0.25568805190108224 -0.19009790761699052 0.05725179690059135 0 -1.517643967718915E-8 -2.4820088034402622E-8 -2.763677774637585E-5
0.21970172124605264 -0.25470361780543144 0.057909449658114676 0 -2.3546399845401452E-8 -2.0405043403994717E-8 -2.7639291060072617E-5
0.23090062297727731 -0.13379820267190193 0.05553869913937325 0 -5.600466021568729E-9 -2.439859448808877E-8 -2.7626516535133733E-5
0.10559774308437374 -0.32641465451667345 0.0581670361159444 0 -2.825175956679601E-8 -8.567471641523788E-9 -2.763868652016165E-5
0.031363797849434556 -0.30517057546423765 0.0568332914109285 0 -2.6202955709405037E-8 -6.4375830676910794E-9 -2.7635612517980847E-5
-0.08918266806588585 -0.39015326021997465 0.06056960464965617 0 -3.325406263994773E-8 1.241419439410129E-8 -2.7628528839329872E-5
-0.049756265008924744 -0.359262534671633 0.05895024498757894 0 -3.1573868471728067E-8 5.7632264881605485E-9 -2.7635818901971826E-5
-0.33370914900421456 -0.3553876317528072 0.06495432896100803 0 -3.0185592381614236E-8 2.6949472636622803E-8 -2.7607469247345975E-5
-0.31386332305040454 -0.4019336098806021 0.0662221637922308 0 -3.4381406768928336E-8 2.108281932112364E-8 -2.7620221654581133E-5
-0.15459594130071444 -0.3919265872876224 0.06155021858866086 0 -3.631914464346526E-8 1.85089290680193E-8 -2.7626580779220654E-5
-0.2322802926341843 -0.4023212684393738 0.06371797650698165 0 -3.620261777980463E-8 2.0025153476097518E-8 -2.7627670827000626E-5
-0.33230969380311987 -0.31257443393730217 0.06328313435425743 0 -2.6030936479441466E-8 3.399709301683543E-8 -2.761200964716552E-5
-0.37984334067586323 -0.29694191152231486 0.06465963905911942 0 -3.076549839528307E-8 3.7162336513225144E-8 -2.76176767947763E-5
-0.03281109095750644 -0.303248501545522 0.05677241598853609 0 -2.8179828418839875E-8 -8.644297381674969E-10 -2.7635341664536258E-5
0.002774404310843052 -0.26370741404826953 0.055444406431408536 0 -2.3174034357856833E-8 -7.810743789795745E-9 -2.762569380241541E-5
-0.4503344724862791 -0.2539143429242661 0.06663047103760426 0 -2.6119794359181266E-8 3.762383351957427E-8 -2.7628314823972807E-5
-0.40625597693717014 -0.2614749559637888 0.06471383725610917 0 -2.6307380280127743E-8 3.6742290384290986E-8 -2.762523150420167E-5
0.4615326701397575 0.12346215125476942 0.06442192515091573 0 9.832592769800457E-9 -4.1825700241922904E-8 -2.7605979609390307E-5
0.5387084587482873 0.20560708274998704 0.07032262751622614 0 2.2888458388500525E-8 -4.3897588533417054E-8 -2.7628975834367996E-5
0.4879508039440348 0.17532903328848173 0.06671893154849401 0 1.9647112111834058E-8 -3.7169820587800754E-8 -2.761627767620408E-5
0.532509259731304 0.25445661626164345 0.07121936353097057 0 2.5392121521698497E-8 -4.4742358768125693E-8 -2.7633568637490964E-5
0.6341588941531792 0.31283518999890103 0.07981624453248937 0 2.424722004095124E-8 -6.012695221423949E-8 -2.762298791206644E-5
0.5661686439840169 0.30314954318445153 0.07485251919573685 0 2.619132765820013E-8 -5.092348057029689E-8 -2.7633181907794977E-5
0.8437752416466553 0.3790359375932063 0.09999999999999998 0 4.1192141097621094E-8 -7.49207130860095E-8 -2.7619188585672544E-5
0.6719229666176102 0.38840511082381185 0.08561888827579653 0 3.130027713813617E-8 -6.182689690857935E-8 -2.760250888950393E-5
0.7564175363077813 0.38622567562379634 0.09237249347625182 0 4.12222909547814E-8 -6.783368681606252E-8 -2.760741823809047E-5
0.41461516466779025 0.07768102097507298 0.06157475739077051 0 2.477772556771616E-9 -4.058188546815218E-8 -2.762403785354673E-5
0.41609697408913526 0.13788398400008967 0.062378681269293045 0 6.632695440447019E-9 -3.637298322425358E-8 -2.7618137585103536E-5
0.3331467524821928 0.06332732629493788 0.0580143200893398 0 5.576005074244311E-9 -3.0904063936747395E-8 -2.763861258522393E-5
-0.47800098007166614 -0.21838828549818234 0.06713458210584479 0 -2.273053483321622E-8 3.7127030957885964E-8 -2.7625390451145063E-5
-0.581042663690517 -0.3157640075984302 0.07626188231201678 0 -2.600883932822063E-8 5.303700035046143E-8 -2.7631115765233415E-5
-0.516501927640104 -0.27345997871285144 0.07083650833060166 0 -2.717139124063429E-8 4.3605713660516456E-8 -2.763422457725828E-5
-0.6531660790226061 -0.2763311132584134 0.0799841441751332 0 -2.1975985836725436E-8 6.040327586466705E-8 -2.7624573526214623E-5
-0.7177089386751481 -0.25492955224205677 0.08435704674323387 0 -2.1184984621539597E-8 6.355671922613776E-8 -2.761810804831765E-5
-0.7682837005378522 -0.21778108265977297 0.08762455506029665 0 -1.9045871951919217E-8 6.396645970350326E-8 -2.7610630566830598E-5
-0.7926496756412593 -0.29133333750236745 0.09190870000572768 0 -3.003329593864913E-8 6.903804688826195E-8 -2.7616150279344017E-5
-0.8437556437212325 -0.37907955935377746 0.0999999999999999 0 -4.121683959865899E-8 7.459809855777298E-8 -2.7619694198201616E-5
0.14972579901011426 -0.2593326910893636 0.056582144341893334 0 -2.1515358972278785E-8 -1.6159938642541162E-8 -2.764018865588408E-5
0.30024351839566077 1.0287337474471442E-16 0.0566089984335615 0 3.027036227212806E-9 -2.6811225021634535E-8 -2.7639902258349492E-5
0.25485064501553867 -0.06881848120103613 0.0554520694654174 0 2.6933019659094313E-10 -2.1987981806800578E-8 -2.763097343721675E-5
0.2018137422816696 -0.09141964150518621 0.054287541904913736 0 -1.7690260645333874E-9 -1.7734165759255914E-8 -2.761370489082095E-5
0.1764824224893901 -0.17786432905826247 0.05506179018247805 0 -1.3440604213257272E-8 -2.2239282805774153E-8 -2.7628301701185814E-5
0.17846806103523252 -0.12182655323316927 0.054152220507936534 0 -8.208197968634512E-9 -2.0793249309529572E-8 -2.7611587306074156E-5
0.06445906182530688 -0.2524774236880236 0.055351148337145016 0 -1.8572590701242836E-8 -1.1133988674482211E-8 -2.7630136393724414E-5
0.01713256069613923 -0.2191946756676691 0.054245341320781695 0 -1.6628051953421435E-8 -6.7827719760206606E-9 -2.7612594918632003E-5
-0.015811501710617768 -0.22080470166743846 0.054282927994611936 0 -2.231635468645595E-8 -4.143777579249674E-9 -2.7612777058642135E-5
-0.11115524588477288 -0.32319159740630654 0.058116751891295344 0 -2.965432957034206E-8 1.0678331848884453E-8 -2.7638976912697715E-5
-0.2724211583800276 -0.34021230275634257 0.06225471036920954 0 -2.505979956880035E-8 2.4948975162714592E-8 -2.76230733296523E-5
-0.19295762658678686 -0.33421241295621795 0.059933626134453855 0 -2.8657191767504777E-8 1.9098344810706855E-8 -2.7636037732811038E-5
-0.299671918215507 -0.26919022055739933 0.06068803798570996 0 -2.1005980345199847E-8 3.0375138533425374E-8 -2.7627564840035443E-5
-0.35401952964801076 -0.2618191533072333 0.0624765930436588 0 -2.347681427504342E-8 3.543733217201906E-8 -2.7623797742996844E-5
-0.059917909088264505 -0.2537684697083779 0.05535616729591674 0 -2.669264945709593E-8 -1.8319296493061313E-10 -2.762962628101667E-5
-0.4286041911968905 -0.21160410640457614 0.06443452009247358 0 -1.907525433498336E-8 3.482658407469791E-8 -2.7624130874303546E-5
-0.3837371950984817 -0.21760730691022395 0.06251779019199943 0 -1.867139054742E-8 3.4229720904035154E-8 -2.7627326064489673E-5
0.44078820931890417 0.17778853409565737 0.06428879605061415 0 1.4267182331274446E-8 -3.4340571017890496E-8 -2.7617706861535203E-5
0.4759951064045458 0.23047538821939026 0.0673334019397155 0 2.3796592098768022E-8 -3.775525585309334E-8 -2.7627475699883942E-5
0.5023235944487765 0.29151864533540206 0.07059623054924213 0 2.918045042811803E-8 -4.303501913542416E-8 -2.7634282804192377E-5
0.5853609901656723 0.37038384021673393 0.07867156144500055 0 2.857284786232573E-8 -5.4092025968418126E-8 -2.762535512348936E-5
0.5293785213896149 0.3388907230126146 0.07386902220939724 0 3.061951491236804E-8 -4.72920269388321E-8 -2.763418594781667E-5
0.8010710017272104 0.46249419126110125 0.09999999999999991 0 4.780002753656246E-8 -6.776275630225866E-8 -2.761458925932662E-5
0.626960623589047 0.4522983371432033 0.08535306995964971 0 3.6889891215002436E-8 -5.385911715803045E-8 -2.7613175610611425E-5
0.7061350528834721 0.4673278645716987 0.09212747065803699 0 4.4312936571823016E-8 -5.686730843082499E-8 -2.7608065180789288E-5
0.3592371994727271 0.12552401442410036 0.05970040660633737 0 7.998378179426855E-9 -3.264727730138842E-8 -2.763243394116077E-5
0.39449037889125516 0.17177804019933995 0.06198157459134765 0 1.1661930232752487E-8 -3.366029169421084E-8 -2.7625137507217297E-5
0.2907007887888551 0.1297941048796961 0.057242741237689944 0 1.4089435257826585E-8 -2.5361334651437772E-8 -2.7636210128606265E-5
0.2538184516803514 0.06940494742292715 0.05542696753822805 0 1.2698362339644029E-8 -2.347046821613553E-8 -2.7630494374420146E-5
0.20062573683728857 0.09527047772396227 0.054301155270572714 0 1.4769623594535129E-8 -1.7729539753411027E-8 -2.761300794254698E-5
-0.4690213191754545 -0.16282051739106812 0.06545407679976868 0 -1.5673335701183464E-8 3.582117801219008E-8 -2.7611099319568497E-5
-0.5329845388239064 -0.1985594752136454 0.06981392050905111 0 -2.266209304528503E-8 4.285581980157834E-8 -2.762727764904262E-5
-0.5985835515449605 -0.2260297922817816 0.07467942546060531 0 -2.0657085538866388E-8 5.2179341403304884E-8 -2.7632211912898232E-5
-0.6738902730202506 -0.22049852083738797 0.07997070091519404 0 -1.661323734258207E-8 5.954581003975664E-8 -2.7624349953692654E-5
-0.7224932718504692 -0.1846612188414888 0.08299584497449673 0 -1.1648397894271146E-8 6.21153606476491E-8 -2.7613894930788873E-5
-0.784218194998307 -0.17459658052838994 0.0880668176158918 0 -1.5496595386145754E-8 6.56889218786047E-8 -2.76020365225667E-5
-0.8340398056073667 -0.21902107573341573 0.09363611174877708 0 -2.440084108712191E-8 6.922354625107055E-8 -2.7611192821545677E-5
-0.8809151182252344 -0.2821428693025129 0.09999999999999996 0 -3.0965859943559425E-8 7.441780987418E-8 -2.7620638601783897E-5
0.11138757858716244 -0.19292894544503636 0.054318208030815426 0 -1.4539717133795302E-8 -1.4544061017883172E-8 -2.7627811161847562E-5
0.2238875048948224 7.238912562247948E-17 0.054346295287657886 0 5.3574337483794255E-9 -2.0001389514817847E-8 -2.7627704349391676E-5
0.19420772375092543 -0.04676552312468657 0.053768452091938715 0 -7.779204929644787E-11 -1.4359275133414424E-8 -2.7618702850721524E-5
0.16765785073129597 -0.0820458117059934 0.0534822586461166 0 -7.027489032542674E-9 -1.2893902893279045E-8 -2.7609711951720203E-5
0.1532214795718842 -0.1047515501973591 0.0534601593182905 0 -1.1147426115325722E-8 -1.507646551769383E-8 -2.7610083973774947E-5
0.13365633223327952 -0.1314943305448411 0.053500013617672364 0 -1.3552345882602606E-8 -1.5748613985040174E-8 -2.761665764090973E-5
0.1909210649037196 0.04684254353730671 0.053697308093126346 0 7.781169330644912E-9 -2.002014556672318E-8 -2.7618138455984103E-5
0.05493858025113072 -0.1872116672800932 0.053664600392910426 0 -1.2319014806677309E-8 -6.430129697437477E-9 -2.7618280478521734E-5
0.0015895535343272628 -0.18045943852644164 0.053353802929854664 0 -1.580454939056327E-8 1.7636255674162504E-9 -2.7609664788917355E-5
-0.053441146730527564 -0.18709102439814254 0.05365287398922711 0 -2.114513038916502E-8 3.348903953281157E-9 -2.7617916486728332E-5
-0.15050660974349658 -0.260685094950677 0.05663516711153095 0 -2.470946454847921E-8 1.075901901110271E-8 -2.7640058574028917E-5
-0.22974591189928226 -0.256397975299907 0.05821373401797809 0 -2.149447771922098E-8 2.0315146320547734E-8 -2.7638057416203948E-5
-0.2901412929767384 -0.21922908092139923 0.05898973037684318 0 -1.8663830978069116E-8 2.6920037028144563E-8 -2.763525478068364E-5
-0.3302765228915605 -0.22443841547131757 0.06052899064430553 0 -1.8617942435881642E-8 3.170843680911045E-8 -2.763128804544398E-5
-0.11217260429255088 -0.1942886498520168 0.05435789315243198 0 -1.994412286896196E-8 5.396861196272057E-9 -2.762795800235339E-5
-0.4043520178042477 -0.16901983470521795 0.062374130552393804 0 -1.1111527809428938E-8 3.3836858705818845E-8 -2.7622868394524066E-5
-0.36201088411519367 -0.17400839360604692 0.060635096430618034 0 -1.2678117600789622E-8 3.215508586505363E-8 -2.7630757193951553E-5
-0.42569230627547644 -0.12215318657273527 0.06260425960749791 0 -5.25417458100599E-9 3.874354187693174E-8 -2.7614881763837883E-5
-0.467604489294916 -0.09647351175034927 0.06440527405535047 0 -8.786429273652676E-9 4.636861589289633E-8 -2.7609598157502736E-5
0.40159415937487924 0.2222711945652258 0.06342742714419668 0 1.9795257012543402E-8 -3.4918613443806085E-8 -2.7626226362026297E-5
0.4374027432196876 0.28280425722564984 0.06685837267776952 0 3.027923984487447E-8 -3.8323978043732264E-8 -2.762767711845705E-5
0.4716692828943538 0.34325991058700284 0.07076541111671204 0 3.5324504039709064E-8 -4.096849524774243E-8 -2.763223239911859E-5
0.5572755215547438 0.4510872900080022 0.08061070588876619 0 3.781546227047528E-8 -5.129245893093977E-8 -2.7623897299356402E-5
0.5201731653431543 0.38799390136202994 0.0753439569886662 0 3.445306804078266E-8 -4.6955199380391684E-8 -2.7632322341636634E-5
0.7501545426059838 0.541195955123228 0.09999999999999998 0 5.232852661140233E-8 -6.069441643488936E-8 -2.761922562105954E-5
0.5828756184496425 0.5332115379316271 0.0868511630159933 0 4.971509698270544E-8 -5.38923503072162E-8 -2.761432914991898E-5
0.650470548607775 0.5465931881196748 0.09240305490818579 0 5.239401965530115E-8 -5.522130154947358E-8 -2.7616306731517194E-5
0.33827356631260735 0.19741612693850677 0.06018657141513714 0 1.6082752850572916E-8 -3.1100441540208436E-8 -2.7632937210515367E-5
0.2643297840462276 0.19520810401833616 0.057617277126140565 0 1.8492536423315393E-8 -2.2379690360568604E-8 -2.7636681362024606E-5
0.23462332403576286 0.13422621113694244 0.055643167928538385 0 1.8184607457308023E-8 -1.7497067804547217E-8 -2.7627219921602954E-5
0.1835322570857455 0.12636576122723128 0.05431954168807021 0 1.469882781561586E-8 -1.1013243372859594E-8 -2.7613205633809434E-5
0.15384433041034717 0.09209874155024383 0.0533301823681776 0 6.161126816638217E-9 -1.4402777658717361E-8 -2.7609809967239478E-5
-0.5199939829281822 -0.124648956040805 0.06768673130026932 0 -1.9115586299827168E-8 4.615031698770251E-8 -2.7615105706554623E-5
-0.5744027965338087 -0.14938461510286838 0.07144252826293566 0 -1.8394801396001736E-8 4.9801464570346286E-8 -2.7628083105612063E-5
-0.6477191420222239 -0.14358128013705043 0.07642272847163621 0 -1.0996992761657709E-8 5.776455388234338E-8 -2.762816893425778E-5
-0.735100345459195 -0.11930462056175606 0.08291132970822637 0 -4.6299450804368714E-9 6.741561604649997E-8 -2.7609678379767534E-5
-0.8023821229894582 -0.12465004703532732 0.08885408731398864 0 -1.3451737830494059E-8 7.321215025305047E-8 -2.7599338770567762E-5
-0.8531067718150073 -0.15803750226362165 0.09415708085227005 0 -2.096537839108032E-8 7.400725120214181E-8 -2.7606156189778433E-5
-0.9051158299750595 -0.19076243784282 0.09999999999999995 0 -2.369221326452236E-8 7.721093976327504E-8 -2.7614025899122765E-5
-0.8393412000271001 -0.10211595922316327 0.09200820531311653 0 -1.4889823687432315E-8 7.750034963705657E-8 -2.760574837491327E-5
-0.5124187514513647 -0.05184789683178334 0.06651654728017117 0 -9.5116485273527E-9 4.949174535376285E-8 -2.7623793299494725E-5
-0.4662367643365183 -0.05429215722432917 0.06397307879016166 0 -5.2355727878581185E-9 4.6416330799459484E-8 -2.7620658760865434E-5
0.07846305682895906 -0.1359020009449211 0.0529048760801971 0 -1.2234804762501953E-8 -6.79531640181371E-9 -2.76216611504774E-5
0.1581850159804538 4.03666044625459E-17 0.05292729798071231 0 -2.2955133852052034E-10 -1.4147523616428378E-8 -2.7621381365220584E-5
0.1339429855522494 -0.042721659792281826 0.052630185389843626 0 -6.505304700013025E-9 -9.476339873792583E-9 -2.762031433762694E-5
0.12170874450296679 -0.07937873255132208 0.05270638285367756 0 -1.112580591423084E-8 -9.013815012101433E-9 -2.761791778612825E-5
0.0926329081859553 -0.0934021566431387 0.052491087538806276 0 -1.150656725734714E-8 -6.755318649796594E-9 -2.7622513425325893E-5
-0.07925046645516257 -0.1372658344238745 0.05293295280422828 0 -1.2144323393897535E-8 7.191067538645975E-9 -2.7621458056174688E-5
0.12737884186502532 0.04457914646124025 0.052542398875778 0 8.9604025012942E-10 -1.3792578322135632E-8 -2.7621176423082895E-5
0.025874926118163208 -0.13266950985365822 0.05254567933671947 0 -1.1224102621004776E-8 1.5636295512063678E-9 -2.762119667924455E-5
-0.025243839799718233 -0.13300675455069116 0.052548920040911946 0 -1.2450461522854665E-8 6.188633936005818E-9 -2.7621166564379655E-5
-0.18973296493485722 -0.18461798069110355 0.055474546986767154 0 -1.907690719667306E-8 1.1010335325479734E-8 -2.7630764788971903E-5
-0.2483235922732361 -0.1816505696604007 0.05686432272721824 0 -1.8636149011778943E-8 1.9465718241386056E-8 -2.7635234233465413E-5
-0.30831506111577245 -0.17770170158565643 0.058672582596364375 0 -1.5715369017352556E-8 2.7569369517121035E-8 -2.76361152684166E-5
-0.13643849435757827 -0.142707733989249 0.05371629461338724 0 -1.1947469927433652E-8 7.309697837566422E-9 -2.761829049759817E-5
-0.184039983968445 -0.12735803584373426 0.05434432437859786 0 -1.4857521681891757E-8 1.0974138690719994E-8 -2.761351841643905E-5
-0.10393602836491156 -0.0928684349452979 0.05261104654913399 0 -4.622761735718491E-9 1.0423670634887483E-8 -2.762038685970976E-5
-0.33491839009005275 -0.13913239257244242 0.05894927757126896 0 -1.098953004393731E-8 3.001439238500106E-8 -2.763510588080656E-5
-0.379850741799242 -0.12110542276221135 0.060500587943527986 0 -6.003571630671978E-9 3.4680049407815675E-8 -2.7627973073051564E-5
-0.40842759083875496 -0.05875232359605658 0.061140527783328784 0 -1.7445953129675948E-9 3.949763071614881E-8 -2.7627575696424693E-5
0.36282250283673584 0.2686598783514224 0.06303900336729046 0 2.5063131090373E-8 -3.6468332350763364E-8 -2.762235646219794E-5
0.4058790843317993 0.3317218591300756 0.06705525860874961 0 3.712864952053136E-8 -3.5931057606904455E-8 -2.7619309490408603E-5
0.4678168231247622 0.39722837411780604 0.07282402579327739 0 3.861433954325299E-8 -4.0625904767524835E-8 -2.763189652402151E-5
0.43228391685071293 0.3802988180284773 0.07026687195777441 0 3.990150575874817E-8 -3.577284787671103E-8 -2.762712035834666E-5
0.5096255127299391 0.5106912413470729 0.08097857821614195 0 4.440930607910526E-8 -5.012778132883227E-8 -2.761990373770647E-5
0.49005227512439575 0.44470401859070535 0.07629562530822705 0 3.984267834992192E-8 -4.4857871632411645E-8 -2.763023859834113E-5
0.5354804188313992 0.5793968081607486 0.0867593250488703 0 5.378595026497063E-8 -5.1490498076704187E-8 -2.7603993106180028E-5
0.6847900044003186 0.621834941224156 0.09999999999999994 0 6.175921888283744E-8 -5.799897029952504E-8 -2.7620643139092346E-5
0.5876935447112426 0.6161088910778022 0.09257893706827944 0 6.167587141665112E-8 -5.0913918377228514E-8 -2.7608446179997175E-5
0.2968769596322443 0.26583446546620604 0.06049214663587174 0 2.0840321366998157E-8 -3.000377887639354E-8 -2.7628779756862114E-5
0.22703812963746217 0.26409762190385 0.058370438456053005 0 2.1946122797316702E-8 -2.0320712338804343E-8 -2.7638007067687634E-5
0.18890830540911197 0.18932922319802872 0.05555650018582656 0 1.921374531890062E-8 -1.1146550184088203E-8 -2.763175503112909E-5
0.10177697427875262 0.08834048795367637 0.05253956863179544 0 4.304191650597248E-9 -1.0546737052532481E-8 -2.7621238421076974E-5
0.13647605991683223 0.1435082568468913 0.053729825805134857 0 1.2089630460967571E-8 -7.443607994404676E-9 -2.761852886847304E-5
0.14969050843762163 0.2592715660247786 0.05657975437506356 0 2.4649573201946712E-8 -1.0573863735226018E-8 -2.763989313097648E-5
-0.5844196053235717 -0.07491703801282973 0.07115392026499065 0 -1.0866377964839693E-8 5.362956948968944E-8 -2.763108617490462E-5
-0.7351410524947968 -0.060926854977285956 0.08231802271497875 0 -1.5545178023236463E-9 6.891381087002557E-8 -2.761683496133347E-5
-0.6752473549062168 -0.060997662019661704 0.07752927755735102 0 -2.4541387113351553E-9 6.202531444470632E-8 -2.7627732756952685E-5
-0.7962287177911108 -0.06074957956360477 0.08762354715881242 0 -6.278376892482229E-9 7.515804737349299E-8 -2.7609874692121596E-5
-0.8627884197170684 -0.055125093298773874 0.09385473111979895 0 -1.0408124699386336E-8 7.922846677719493E-8 -2.7613143168766506E-5
-0.9192838471164881 -0.10263764414409532 0.09999999999999994 0 -1.6384880163411316E-8 8.376030678832707E-8 -2.76151059812483E-5
-0.5447672634209793 2.858524015158418E-17 0.06830049229574699 0 -4.575672977541399E-9 4.856529722710803E-8 -2.76308866164617E-5
-0.4638591691868275 2.797468827787367E-18 0.06368112390889594 0 -5.869666990936367E-10 4.130154145645207E-8 -2.7626602315699818E-5
0.04273067501608843 0.07401170016957923 0.051925849626185475 0 4.804010360673187E-9 -6.923016802277817E-9 -2.7630887461103948E-5
0.04273873390329096 -0.07402565857166639 0.05192600533605054 0 -8.382675726567091E-9 -7.191530531563906E-10 -2.7630895280291452E-5
0.08580268905133058 2.7616060966210454E-17 0.05192915349305607 0 -3.6421536940667115E-9 -7.654555606051996E-9 -2.763076997274874E-5
0.07416648351753428 -0.042820039223696336 0.051927573540639343 0 -7.181383979635304E-9 -4.6627289837827955E-9 -2.763064150150456E-5
-0.04299754043112494 -0.07447392462720538 0.05193102148339571 0 -4.804517140511138E-9 6.969227626769714E-9 -2.7630729906179122E-5
0.07415950431437714 0.04281600977887487 0.051927495533993596 0 3.963261733922607E-10 -8.55484024710657E-9 -2.763059537569127E-5
1.3904975238826412E-17 -0.08573627431625096 0.051928505242836896 0 -7.584825030692676E-9 3.914690255022329E-9 -2.7630610643986468E-5
-2.9796378738924766E-17 0.08577355466188762 0.05192886660175564 0 7.696393627706871E-9 -3.932266772425788E-9 -2.7630583649820603E-5
-0.22815732549244747 -0.13366956667415786 0.05546555293618704 0 -1.8277983927214877E-8 1.648140022609062E-8 -2.7625570655483995E-5
-0.27837086784154214 -0.12617379267311213 0.056793561369108604 0 -1.5000438338889193E-8 2.3852113265301023E-8 -2.7634825030411742E-5
-0.15093740406319933 -0.09389909648308081 0.05329903073383901 0 -6.042419351181563E-9 1.3843601709880846E-8 -2.7610150107687217E-5
-0.19761019796705667 -0.10158906953187431 0.054303584925033135 0 -1.4961099449044848E-8 1.6369931781835843E-8 -2.761206531247826E-5
-0.12619399745448537 -0.06614911525416545 0.052660410611162535 0 -2.1233521017965647E-9 1.3689819503261953E-8 -2.7618410727484642E-5
-0.07423701450489274 -0.042860760308234 0.05192836227840669 0 -3.9510535959428947E-10 8.539823880514334E-9 -2.7630543357179306E-5
-0.4277423899643161 0.06497482014443749 0.06209784320535729 0 9.242492433230882E-9 3.4074130391518513E-8 -2.762284431855129E-5
-0.33304413722574777 -0.06930677678439595 0.058055306373968225 0 -5.9951241665126955E-9 3.081434481339636E-8 -2.7637898195707948E-5
-0.3847166606924661 9.345124501562139E-19 0.059881376808148805 0 2.3351276903942163E-9 3.424578332901292E-8 -2.7635301626753602E-5
0.3329058545937796 0.33325924236807375 0.06406157186555389 0 2.749681455126846E-8 -3.1356239061010784E-8 -2.760681960738961E-5
0.49825230464030634 0.6040689738251999 0.08623250303750961 0 5.144728426745628E-8 -4.581197641011638E-8 -2.760135062734392E-5
0.3818998921620359 0.39282083230988174 0.06849211870683777 0 4.010899490734124E-8 -2.7597573874844552E-8 -2.761943055011415E-5
0.4314021965681312 0.42876752259718576 0.07244484890584979 0 4.112213959290013E-8 -3.5951291467689724E-8 -2.7630132857916676E-5
0.4723939921181883 0.5653277489130144 0.08223903081434109 0 4.613300535068949E-8 -4.674381794913029E-8 -2.7612518439929095E-5
0.44736034083495346 0.4974141441538552 0.07684191432450417 0 4.290304193323491E-8 -4.170101567780455E-8 -2.7627826189276418E-5
0.5230354883414245 0.6422697488364204 0.0903707538749386 0 5.8881879846895505E-8 -4.2363230235533546E-8 -2.760098881695595E-5
0.6177594130735138 0.6884753307245898 0.09999999999999995 0 6.758756874653424E-8 -5.084309363766609E-8 -2.7614684925719602E-5
0.5518007966248653 0.6760563257947593 0.09465507346897212 0 6.420930645972112E-8 -4.297373945454549E-8 -2.7607708874764544E-5
0.2625418688185837 0.33648330779519714 0.06181290503458571 0 2.5126049034536966E-8 -2.4397312754298344E-8 -2.762572357167444E-5
0.10763513709501461 0.3224957272318108 0.058047784011843594 0 2.964612584838505E-8 -1.0223911069911812E-8 -2.763872132070176E-5
0.19231764390950024 0.3331039304431938 0.059877835485628014 0 2.8541753922186232E-8 -1.9027075694654655E-8 -2.763611967274104E-5
0.11136664405289663 0.19289268576805546 0.0543171535525474 0 1.9798988273269747E-8 -5.267307873939909E-9 -2.7627584103492284E-5
0.07844894660138711 0.13587756131386042 0.05290437550856248 0 1.1976202357882967E-8 -7.276293136036189E-9 -2.7621560663517507E-5
0.03519829734560284 0.13784946141786306 0.05265706254873472 0 1.3190521096737572E-8 -6.423904444497559E-9 -2.7620457693773513E-5
0.06630901180929025 0.2508565357105051 0.05531869953262273 0 2.6325530344502043E-8 -5.806123379852163E-10 -2.7630016140861798E-5
-0.017053837843317182 0.27836069099312905 0.05590951428308119 0 2.3707249631525463E-8 7.736289209481907E-9 -2.7630195100563988E-5
0.011677278178983168 0.25977319628253465 0.05533524160416193 0 2.437601936468181E-8 6.482769637569523E-9 -2.7624795359712595E-5
-0.036475279191632355 0.1302798698937502 0.052547520741153056 0 1.123110265935282E-8 -9.590327846211579E-11 -2.7621843328867963E-5
-0.004334214649360648 0.15163914092247652 0.05281372846092682 0 1.3307319298111339E-8 -3.872212417588196E-9 -2.761628233941759E-5
-0.5548238392163805 0.07638757137486699 0.06925704553616709 0 8.198483338747684E-10 4.72540258417656E-8 -2.7627031860955363E-5
-0.6361392415232946 1.3179599374821288E-17 0.07441207081886599 0 -2.8392987065223893E-12 5.664760630689023E-8 -2.7633728647827494E-5
-0.7353276040989696 1.376885046738379E-19 0.08212306732579755 0 2.9812480387849877E-9 6.547133232074058E-8 -2.76206726883736E-5
-0.8245744171037558 1.994957568951944E-17 0.09002147282184524 0 -2.7554710565889015E-9 7.339474350430285E-8 -2.7614048195374605E-5
-0.9249999999999996 -3.487031299242896E-17 0.0999999999999999 0 -6.4049615175055756E-9 8.240031574095425E-8 -2.7619924168948133E-5
-0.6215823870108426 0.05940809814964494 0.0735747228508592 0 4.244319248053831E-9 5.4129892818969383E-8 -2.7632766474328382E-5
-0.5039157942187592 0.07056797810116018 0.06615707446286308 0 1.332952648488836E-9 4.020981156158837E-8 -2.761893230297275E-5
-0.4742240483662385 0.11256694280313873 0.06494853319711702 0 8.685934967690191E-9 3.9764347165721684E-8 -2.7606069147350002E-5
-0.4362515368769683 0.13236424219261794 0.06326633817399899 0 1.6732994871705094E-8 3.960047533848766E-8 -2.7611443433604533E-5
-0.3689420167821231 0.1279817916152874 0.06013540062401418 0 1.5463289952582183E-8 3.248451152045404E-8 -2.7629936008999294E-5
-0.40020050920329836 0.18553375498639205 0.06251643484045978 0 1.928896522047535E-8 3.75412771762124E-8 -2.7624450978446002E-5
-0.11902524067374867 0.3280525016025783 0.058398241089487615 0 2.858472487866919E-8 9.298046485608816E-9 -2.7638451979772855E-5
-0.278960464150049 0.23105339123962187 0.058930977919053947 0 2.194384330881061E-8 2.3684586742445594E-8 -2.7635040225454283E-5
5.529796886260846E-16 -9.523255661324038E-16 0.05151308386343702 0 1.9012923272396998E-11 -2.2514430000430676E-12 -2.763916005865586E-5
-0.043042879691499385 0.0745524545297515 0.0519319033593881 0 8.496654117025237E-9 6.9774227819005E-10 -2.7630677951823425E-5
-0.24680219676358373 -0.07209570484822997 0.055249906628573604 0 -1.31321714047188E-8 2.2763399806008337E-8 -2.7628543707347395E-5
-0.1740533791739203 -0.0457943921612332 0.05334383022045102 0 -5.494450005569382E-9 1.8706842272259033E-8 -2.761672809094246E-5
-0.12783259126111418 -0.033275347967647695 0.052499203818416273 0 -2.453130635441906E-11 1.3416294268603963E-8 -2.7622222503090965E-5
-0.08544796042127181 1.2633032021521531E-17 0.05192572029476935 0 3.650378366048078E-9 7.621813263129465E-9 -2.763075144833533E-5
-0.33947513674739144 0.06240362523718613 0.058248486325065116 0 6.265102688255968E-9 2.898833861390034E-8 -2.7637670630618522E-5
-0.30816555573663146 0.12979030410922676 0.05783416263257108 0 1.0609964622173851E-8 2.7683780150497526E-8 -2.7636330363515808E-5
-0.22695325756190307 0.2565120405768185 0.05814491145404571 0 2.417382510500002E-8 2.0591474506200575E-8 -2.7638204754798815E-5
-0.25569422992480956 0.1801064295667739 0.05704280655464759 0 1.381024381102799E-8 2.5090851506454126E-8 -2.763540386859163E-5
-0.07471068043782807 0.26158647648355277 0.05569656348774581 0 1.9839803520514433E-8 1.1315247151858706E-8 -2.7633329810445018E-5
-0.15073713287945018 0.26108437273446883 0.05665087411303693 0 2.1851361444361945E-8 1.6095617585556253E-8 -2.764001536643733E-5
-0.0793293077376864 0.13740239153093972 0.052935779499837216 0 1.2380086690988996E-8 6.96630224468535E-9 -2.762132753859386E-5
-0.299396714946573 6.0549876586637245E-18 0.05658028588283899 0 -3.09624313785142E-9 2.6696359682620423E-8 -2.7639283086399338E-5
-0.39181543828090004 0.55445735722153 0.07760084140770424 0 5.273279450378833E-8 3.3543628273998495E-8 -2.7628644357757937E-5
-0.42125713605646403 0.6077940464059373 0.08247265847688973 0 5.9307184848613056E-8 3.6243892921414565E-8 -2.7617711172268566E-5
-0.4499036574234317 0.6597655574984553 0.0876254316161508 0 6.231552954489345E-8 4.3331261831553486E-8 -2.7611319641179482E-5
-0.4789401191209052 0.7197628636157833 0.09385470752197607 0 6.384397974263082E-8 4.9202874587531725E-8 -2.7614688689952085E-5
0.30693864167133966 0.4042133776050551 0.06608285286906407 0 3.443919121994446E-8 -2.0951189482816242E-8 -2.7621190819312393E-5
0.45341996389119593 0.6343388790419371 0.0859386615701075 0 5.168537708874556E-8 -3.911728370182691E-8 -2.7609496330907186E-5
0.36186279370904106 0.47199806236141656 0.0715259330567936 0 4.2713942032497805E-8 -2.8221423445411667E-8 -2.763210344059297E-5
0.400949758946052 0.5652131577221655 0.07869394977656127 0 4.676093386674072E-8 -3.771588807356497E-8 -2.7626088079012297E-5
0.4904238791693691 0.6985151762406319 0.09277567976728547 0 6.224543110914174E-8 -3.706206623820314E-8 -2.7611319816380224E-5
0.5485314952955888 0.74480230687788 0.1000000000000001 0 6.834342985414581E-8 -4.155232567359866E-8 -2.761634843421025E-5
-0.157502577302292 0.4062797025959702 0.06224976286168574 0 3.420671172811728E-8 9.078718784319434E-9 -2.7623028737182298E-5
-0.04439277195221168 0.328710102628296 0.0577329050528648 0 2.8897987814265876E-8 5.129588448132241E-9 -2.763729184382556E-5
0.025557696189703685 0.3104658173674805 0.05699894508193312 0 2.8446646742705537E-8 1.1557513846781586E-9 -2.7635824007677672E-5
0.05891091878969271 0.3561813785904501 0.05888183035860122 0 3.1381038118399067E-8 -6.7231025815511E-9 -2.763583481998367E-5
-0.07539656272461737 0.3826387268002811 0.060112744280339386 0 3.561660873081536E-8 3.207811725956207E-9 -2.7631152827282767E-5
-0.19156331121345582 0.4731617410648756 0.06625147072173321 0 3.5747392464215297E-8 1.9306518146422887E-8 -2.7620401779502297E-5
-0.31860245148696237 0.5518356333914171 0.0744889558881298 0 4.9395388732882464E-8 2.862780342739762E-8 -2.7635032262068978E-5
0.23188989210585279 0.40164507488900236 0.06367695651733306 0 3.612734254924309E-8 -2.0097427843202497E-8 -2.7627479029673745E-5
0.18545604713463834 0.43047399478074116 0.06393784680976809 0 4.2751451957400836E-8 -1.8532228677802508E-8 -2.7621617488566168E-5
0.15384627156060351 0.3839117365891883 0.06118533303935759 0 3.52024312625221E-8 -1.8337649392000938E-8 -2.762842582701877E-5
0.08567704016096148 0.3934342712802923 0.06068036954612458 0 3.3304153407561745E-8 -1.2201214298894735E-8 -2.7627872221353094E-5
-0.04746651353754765 0.1829715324610284 0.053532622158623755 0 1.2235774923995021E-8 4.860640009657664E-9 -2.7616511991683107E-5
0.01717373484524668 0.1662656573333219 0.053092157016808576 0 1.659294878151328E-8 -4.403714204628348E-9 -2.7613521773362548E-5
7.833096257776418E-4 0.19069362679459012 0.05356840441819727 0 1.7132283000228952E-8 -1.5145310614051819E-10 -2.7608590044739628E-5
-0.014253461472862217 0.23459230484404994 0.05463523466770248 0 1.8786349528858284E-8 8.300783962076237E-9 -2.7616639861395224E-5
0.04520143550094837 0.1841851235528076 0.053545944108146816 0 2.071791032470157E-8 -3.4438256068214458E-9 -2.7615958734387363E-5
0.017981432514459814 0.22651294475696923 0.05443142027174295 0 2.3164067176236557E-8 4.5043215442464775E-9 -2.761450294593796E-5
-0.4509389353459413 0.18062953941108667 0.06485872161226297 0 1.6652051107015574E-8 4.579587050330007E-8 -2.7616547759937653E-5
-0.43855507291261625 0.22078311851591842 0.06514753629020965 0 1.8464615400696397E-8 4.2775512142541367E-8 -2.762447788815621E-5
-0.5430568755805911 0.1088667628343709 0.0688662273363696 0 2.306931365414824E-9 4.731273672573796E-8 -2.7621923705776566E-5
-0.5075730010734566 0.12513873893141766 0.06697106660603608 0 4.012109269676298E-9 4.549627433223877E-8 -2.761119844438513E-5
-0.4876818695036711 0.16005919777938846 0.06641416297022892 0 1.0127203617205283E-8 4.9090860747495056E-8 -2.7611484352137046E-5
-0.5817364775186938 0.11498204866540508 0.07140762999266016 0 5.447058318477896E-9 5.142205910657329E-8 -2.7628556963400456E-5
-0.6893460495224288 0.06354738512595376 0.07863780818203957 0 9.29072635245939E-9 5.917052906504579E-8 -2.7625067981761036E-5
-0.7599167871431189 0.060700756349994105 0.08441733903220823 0 7.940372601897432E-9 6.368217599734355E-8 -2.761267122979464E-5
-0.8184909839211809 0.07533925376340878 0.08977629762126756 0 3.408350695159491E-9 6.88092843519038E-8 -2.7607187945923817E-5
-0.8641324069088798 0.06217499425579329 0.09403348687291993 0 -2.1273105329815723E-10 7.428850326694011E-8 -2.761226954243871E-5
-0.919284810212244 0.10262901652303173 0.09999999999999994 0 2.0152850951653312E-9 8.000211443328685E-8 -2.761456641772663E-5
-0.7200856347104291 0.1275637570102766 0.08178787314202204 0 1.7760712399479588E-8 6.306034553983783E-8 -2.7612830885438607E-5
-0.6366216770914513 0.14805650423757327 0.07568897320024312 0 1.422102344403262E-8 5.6853099350743964E-8 -2.762869115923246E-5
-0.5083123257938114 0.6756675576578803 0.09200745306162258 0 5.991116275161157E-8 5.204123016617981E-8 -2.7606809030110276E-5
-0.5084523869045262 0.6310249340793687 0.08870435188239581 0 5.6987725869788126E-8 4.81133638398698E-8 -2.760009892193314E-5
-0.5485031394581954 0.7448231888659755 0.09999999999999998 0 6.475887103525821E-8 5.6489444205773783E-8 -2.7616388461466625E-5
-0.47303326379715877 0.5791284533565413 0.08316905076856485 0 5.647745798628925E-8 3.8348902418521544E-8 -2.7609485159319782E-5
-0.45509595152323223 0.4866404390645807 0.07663670286639768 0 4.4477768516264585E-8 3.901277806555004E-8 -2.7628187982608416E-5
-0.4180330375357138 0.4186106610386911 0.07131407766744807 0 3.3509334894453034E-8 4.1273306661562424E-8 -2.7628109515962983E-5
-0.35805699391726126 0.4725541821277961 0.0714004969823895 0 4.167460582398852E-8 3.6200363126481984E-8 -2.7632132354119254E-5
-0.3304177610769968 0.2075632873895256 0.060121873146272396 0 2.0049115606308043E-8 2.813257838188321E-8 -2.763248492512601E-5
-0.3986677525588505 0.2551376793832065 0.06418286265211677 0 2.054633659648776E-8 3.474488479403278E-8 -2.7624718438500042E-5
-0.19326570388917413 0.3347460184966116 0.05996054906425581 0 3.110883222760508E-8 1.5381896249411662E-8 -2.7635952165787726E-5
-0.2326279902659774 0.402923498403311 0.06375456788963607 0 3.574888361335786E-8 2.1493757157833362E-8 -2.7627669540480077E-5
-0.2730034360466582 0.4728558218736924 0.06837705113188595 0 3.9981799468591225E-8 2.8596063035042015E-8 -2.7632176853922985E-5
-0.30165136280488025 0.41841452971898935 0.0665620091821718 0 3.8263642524742115E-8 3.3173108736198425E-8 -2.7624416004203706E-5
-0.2982294435153453 0.2720284218761083 0.06072614652584282 0 2.7640219436028422E-8 2.2735446891770066E-8 -2.7626825086459624E-5
-0.28071917465641966 0.3771430143239578 0.06401358518053687 0 3.7663351952547716E-8 2.8053965880050152E-8 -2.7621154804295317E-5
-0.25621859628623345 0.3266156402995803 0.061257118437086824 0 3.3905723033126413E-8 2.136384513916295E-8 -2.7627707654750785E-5
-0.07427627943517316 0.042883429926301085 0.05192880169730083 0 7.238488473867419E-9 4.709306230278131E-9 -2.7630593149796493E-5
-0.10192189467460559 0.10267269443312377 0.05269596908601702 0 1.2391532041773199E-8 8.405114575243093E-9 -2.76200965688847E-5
-0.22270343343645202 -2.7398019802337882E-17 0.054316401779706945 0 -5.254379887913622E-9 1.991310380769332E-8 -2.7627184004786107E-5
-0.1568744501142894 1.9427769320198104E-18 0.05290395974586273 0 3.267293615641091E-10 1.4024987793205854E-8 -2.762132338615258E-5
-0.1333037269353432 0.03517105967265549 0.05258728793055297 0 5.764622014393044E-9 9.721465395113776E-9 -2.7621139027789097E-5
-0.2668792736165403 0.06671487334767572 0.055790773586017584 0 5.457090112890782E-10 2.311178117439024E-8 -2.7633110927927842E-5
-0.25161809751440434 0.1255049475699697 0.05598231997151887 0 5.4545968432134814E-9 2.449445802431159E-8 -2.7630099659424828E-5
-0.2204702956430696 0.1429341155499399 0.055415459742855375 0 7.157207707242754E-9 2.4523149448622436E-8 -2.762507247759731E-5
-0.18350196867475072 0.18844743574056294 0.05542383280391714 0 1.4580382617508871E-8 2.2341531648592545E-8 -2.763103919261314E-5
-0.1122914677939212 0.19449452747555573 0.054363926326504504 0 1.4735411272972975E-8 1.4664649879583171E-8 -2.7627687730334366E-5
-0.13865734030206042 0.13413724110678021 0.05361667711440056 0 1.341434963671956E-8 1.673903301892595E-8 -2.7616207424788172E-5
-0.3679940573528883 0.637384404218618 0.08217817873449762 0 5.849726406532661E-8 3.055432979573944E-8 -2.7622267471435446E-5
-0.4124740638930545 0.7144260354671818 0.09005646238462257 0 6.248722507867911E-8 3.957084365456296E-8 -2.761605053677017E-5
-0.4625000000000002 0.8010734985006057 0.09999999999999998 0 6.849528161962766E-8 4.7255144686724175E-8 -2.762228673397134E-5
0.41227210451772545 0.7140762315680472 0.09001864521731297 0 6.494882485738241E-8 -3.41251415217212E-8 -2.7615817301872372E-5
0.27234892372669683 0.47172217328134014 0.06829621029644013 0 4.4309894311938594E-8 -2.0226105515478992E-8 -2.763184608005903E-5
0.36764043700660404 0.6367719158122639 0.08211917016769554 0 5.530444125057805E-8 -3.510713881662035E-8 -2.762213160833416E-5
0.31803615984503875 0.5508547874957042 0.07440724687637126 0 4.90915507597428E-8 -2.820459379299473E-8 -2.763481734382685E-5
0.46250000000000013 0.8010734985006064 0.09999999999999999 0 7.455485276555359E-8 -3.544413866948813E-8 -2.7621776367421725E-5
0.3836506929290541 0.7746515411716932 0.09384509082801112 0 7.398573149526846E-8 -3.03760657378774E-8 -2.761501809297151E-5
-0.14030890931253803 0.4679836164169959 0.06501280116403946 0 3.8866593757848325E-8 1.2998376736468386E-8 -2.760763121033022E-5
-0.10294114607188212 0.4464085827438704 0.06338188130081227 0 4.311884891916878E-8 5.766271936140416E-9 -2.7612232691633102E-5
0.013052198219917906 0.38970549808144683 0.06010955939350729 0 3.435038609615549E-8 -2.885903157063396E-9 -2.76337204426493E-5
-0.04037960269203984 0.44085703180834646 0.06259577733066987 0 4.2592041052458165E-8 2.360080599700069E-9 -2.762555526169313E-5
0.06533055038853267 0.4354649165439312 0.06247764990259344 0 3.473852564873321E-8 -8.447447997459586E-9 -2.762202313924791E-5
0.21079455863719812 0.4693257584201238 0.0664848367230654 0 4.7519585706813454E-8 -1.64209204877779E-8 -2.7624848983839415E-5
-0.2117215867706234 0.5198781223671348 0.06933829044213057 0 4.1486989471784315E-8 2.3306685298058424E-8 -2.762879325850242E-5
-0.1460434120132441 0.503264073058023 0.06704541835555092 0 4.1554165875264455E-8 1.9665704610019927E-8 -2.761325521064065E-5
-0.17773060720916653 0.5259463281585314 0.0689480477972893 0 4.2335457094976936E-8 2.1933870003014423E-8 -2.7623854927467785E-5
-0.2900329026458535 0.6297052539110424 0.07871782471366953 0 5.6203986292112904E-8 2.1902723015413067E-8 -2.762689284054105E-5
-0.2598642375444073 0.5690891545970852 0.07365958600480058 0 4.9301601600143445E-8 2.3638619126277503E-8 -2.7634508591616135E-5
0.1498593825176401 0.45279307874260616 0.06437801254812758 0 4.4366296219301486E-8 -1.5574143119571456E-8 -2.761070609676999E-5
0.11053788187593885 0.4306223745782792 0.0626902062642271 0 3.662162337480787E-8 -1.5024503482158647E-8 -2.7615321636975153E-5
-0.4490633670822637 0.26293361409508886 0.06682964731028329 0 1.9558322944968636E-8 4.2081745490138375E-8 -2.7628074450251286E-5
-0.4300985673768074 0.3012630280350379 0.0671100012724704 0 2.1030305885725986E-8 3.8651684583540426E-8 -2.762559507781418E-5
-0.49761740681994665 0.2259943198914076 0.06840949555720777 0 1.653104693695678E-8 4.92404262967105E-8 -2.7627708927100663E-5
-0.5518948161465873 0.17422255470543743 0.07046196471921622 0 9.901022591533306E-9 5.2479551847525904E-8 -2.7626211469521316E-5
-0.4324706598932548 0.35955969358955997 0.06940707877592157 0 2.53532303992905E-8 4.0719085844600725E-8 -2.7625790226960433E-5
-0.7940808377677345 0.13178185399490336 0.08820577601429047 0 1.0806803049818639E-8 6.986876766492336E-8 -2.7597685920052992E-5
-0.8565041007211139 0.12935729823844902 0.09401883827528355 0 4.439083083408172E-9 7.57611496209569E-8 -2.760564403939209E-5
-0.9051192255768065 0.19074632675980735 0.09999999999999998 0 1.0431375666032675E-8 8.403825892457173E-8 -2.7613040754348194E-5
-0.7583678808155521 0.178257805309045 0.085877514601274 0 1.9157411916392627E-8 7.117996965141488E-8 -2.7604938408677884E-5
-0.6170663609123308 0.222189336538271 0.07585507468331582 0 2.0441255748146453E-8 5.563876238180254E-8 -2.7630330399171463E-5
-0.6972424057138269 0.20430689657176623 0.08139617396721441 0 2.2413064674069558E-8 6.35415100197499E-8 -2.7619245713883445E-5
-0.5596851197575441 0.6634042603718276 0.09419033697962355 0 5.469370875215547E-8 5.555500727763875E-8 -2.7606719354770805E-5
-0.5445828559277583 0.5931276201062036 0.08823074690283748 0 4.945357684457289E-8 4.688070368528003E-8 -2.7602465413850215E-5
-0.6177328508859395 0.6884991641819085 0.09999999999999992 0 5.540460579985047E-8 5.948940634948308E-8 -2.761452420743623E-5
-0.5240933648557363 0.5322322969179639 0.08310069903157469 0 4.79781419850093E-8 4.1759545778426126E-8 -2.76142641422296E-5
-0.482008368592271 0.40269833860051546 0.07383556549613608 0 3.398676764477806E-8 4.3556840890015706E-8 -2.7631866505105797E-5
-0.5228737105474611 0.469403410425903 0.07945982017150148 0 4.3255600859875395E-8 4.407008049806988E-8 -2.7624972643872333E-5
-0.3178442209190435 0.3574692689417035 0.06445327462614317 0 3.590400938979888E-8 3.120403288189911E-8 -2.7609899156692034E-5
-0.3668515165065182 0.391453181331997 0.06779342734587494 0 3.110834484001673E-8 3.995747784591617E-8 -2.7616214067732898E-5
-0.37474174799433474 0.32521524057353407 0.06543736846884436 0 2.3432467876566688E-8 3.157038083487736E-8 -2.7610883486338736E-5
-0.3445240713159381 0.2767146512083848 0.0625551726814487 0 2.501582697810795E-8 2.577412477077289E-8 -2.7620268541032245E-5
-0.31825267387856393 0.31228528282505885 0.06275542647814246 0 3.167308380246331E-8 2.4325583026524617E-8 -2.7613972545066864E-5
-0.13208776332768443 0.07040426877471616 0.05277929135503948 0 9.971229892171218E-9 9.381644942146515E-9 -2.7616499441277582E-5
-0.13558426904309848 0.09984465055515283 0.05311549222562181 0 1.2357138401808972E-8 1.2411547680197076E-8 -2.7613251310915347E-5
-0.18433654548332082 0.04822270923057056 0.05356505347436668 0 1.4162594525183506E-9 1.3081648027177419E-8 -2.761681372290642E-5
-0.2141365218541703 0.10501643106435352 0.054728299370409676 0 2.0596040091520978E-9 2.072965088423797E-8 -2.7617471354075105E-5
-0.18680865935078547 0.12991541986645883 0.054439563423197654 0 7.828448503138032E-9 2.236333520273789E-8 -2.761447550355029E-5
-0.1657690318723488 0.09663028560186346 0.05359396061230915 0 8.742483996667071E-9 1.495751030433774E-8 -2.7607948529364836E-5
-0.3275435087421515 0.689022237889938 0.08446715933764735 0 5.933092141767811E-8 2.539921608270415E-8 -2.7614819165177297E-5
-0.3440235561346144 0.746753392646391 0.089798396197132 0 6.150297197246327E-8 3.184260463630655E-8 -2.76097903966979E-5
-0.3781299746230488 0.7796968295885027 0.09405159466762453 0 6.453760990492992E-8 3.780906833589922E-8 -2.7614958758270695E-5
-0.37078556224583165 0.8474286657041803 0.09999999999999998 0 7.059537242629438E-8 3.8823659330265403E-8 -2.7617872290856446E-5
0.33139114289377414 0.7785556133621918 0.09206768166444738 0 7.459834897702688E-8 -2.552300877849765E-8 -2.76076513130444E-5
0.3464548928541494 0.7191482470167311 0.08759713317592265 0 6.819854125303961E-8 -3.2075633098645405E-8 -2.7611697751845343E-5
0.31546555307223767 0.6681703741372863 0.08242156072081934 0 6.054313469439418E-8 -3.288959698360656E-8 -2.7618355494729068E-5
0.22784343961994072 0.5451094489255655 0.0712614275403811 0 5.189196967287081E-8 -1.740345938545979E-8 -2.763239921572042E-5
0.28413345033548576 0.6165726819630529 0.0775980862421621 0 5.504861668493159E-8 -2.8549459987318564E-8 -2.7629030763394032E-5
0.290977677915208 0.7546407636986492 0.08855875058870188 0 6.955200727329787E-8 -2.50338657316164E-8 -2.760116627715354E-5
0.37075219693550476 0.8474432642497914 0.09999999999999995 0 8.067661353256227E-8 -2.741751472089022E-8 -2.761727967878656E-5
-0.10596501162257625 0.5041773372256164 0.06652572871029448 0 4.751837546106536E-8 1.6239588095856515E-8 -2.7613461733681073E-5
-0.07102778036707863 0.4813038479979327 0.06489977746314218 0 4.8227343626978115E-8 9.055065709753E-9 -2.7617724734719496E-5
0.019795838688718658 0.4703114259817324 0.06404440608297313 0 4.010113105290046E-8 -2.4592339364134234E-10 -2.76263342138751E-5
-0.028427878816465992 0.4894039605592073 0.06510500934199118 0 4.6157991524527696E-8 5.545504250826092E-9 -2.7626008449467284E-5
0.09307018049889713 0.4870154223859189 0.06541754354915294 0 3.8661932841676414E-8 -4.335560225875892E-9 -2.7612435239899794E-5
0.15223360853370174 0.5114589799667827 0.06762073099832455 0 4.9483441515033565E-8 -6.485604666270166E-9 -2.761601404324019E-5
-0.19168892528151515 0.5624523066487594 0.07149027116733256 0 4.753225084618443E-8 2.124248891212883E-8 -2.7630624737787478E-5
-0.12546868182070262 0.5661421054611622 0.07053660282173835 0 5.053541726309814E-8 1.7937614626897516E-8 -2.7628431507240035E-5
-0.25001651455608004 0.6877574831582879 0.0818288600417976 0 6.369516848592987E-8 1.656411845337296E-8 -2.761527427412924E-5
-0.19051431605916905 0.626194724144322 0.07575740850014469 0 5.661038386807862E-8 1.6437249190616222E-8 -2.763101753263277E-5
-0.496968869184538 0.31115828345845903 0.07096354188096898 0 2.4568769826692757E-8 4.561518460587692E-8 -2.763355601393987E-5
-0.5531916805568735 0.25483900449276115 0.07250231820116239 0 2.1017856883653554E-8 5.133138423067109E-8 -2.7633114429344284E-5
-0.8285501209973593 0.21135039229984 0.09293041569195869 0 1.4354177591644949E-8 7.907601670678403E-8 -2.7608799058037386E-5
-0.8809225682293763 0.28211960771987943 0.09999999999999996 0 1.9465903333094925E-8 8.252303525896598E-8 -2.7619206634104888E-5
-0.7578216461505274 0.23114048963723496 0.08705889216020636 0 2.130930833702651E-8 7.107271768585123E-8 -2.761205087786861E-5
-0.5442886348821633 0.36830034160648034 0.07595460109733419 0 3.4365058502516155E-8 4.7839797343374096E-8 -2.7630921538853193E-5
-0.6102329054490169 0.29533181001281994 0.07752504764743703 0 2.9013550011410953E-8 5.25161161644068E-8 -2.762775483523927E-5
-0.6672358697757713 0.2726523999513782 0.08092297245691278 0 2.6926209977170424E-8 5.744763812638356E-8 -2.7621995418678113E-5
-0.7250638207162802 0.2644091498704253 0.08523826785223539 0 2.4488391259066883E-8 6.461825859153336E-8 -2.761606205361581E-5
-0.6071515389330133 0.6092519905512257 0.0934219469334025 0 4.7845222409566814E-8 5.587431765044077E-8 -2.7611366089225964E-5
-0.5735399527378838 0.553508622043815 0.08749015204644302 0 4.6140041453571987E-8 4.8832111188437874E-8 -2.761099695625845E-5
-0.6847646792234087 0.6218628292777222 0.09999999999999995 0 4.9366618522233576E-8 6.440278288608698E-8 -2.762023103108841E-5
-0.5770660846669927 0.4836246905463882 0.08360849061752018 0 4.4534418789234795E-8 5.0235905415643633E-8 -2.76186721952124E-5
-0.5580584193120216 0.42548332869284067 0.07938775238593494 0 4.090975945515429E-8 4.8628331066549413E-8 -2.762528038519377E-5
-0.28374056147924315 0.7514739211838952 0.0880520415280374 0 6.581982012135175E-8 2.5769128199435587E-8 -2.760077634160249E-5
-0.3165497745723784 0.8071051679018629 0.09409208829712741 0 6.825814544577989E-8 3.467782542075387E-8 -2.760907326364603E-5
-0.28739394850298333 0.8792210714939998 0.09999999999999995 0 7.826852482434122E-8 3.361233884198312E-8 -2.761714410653833E-5
0.29491717071644896 0.8166669280321706 0.09422261270086467 0 7.486731039689832E-8 -1.910015234113637E-8 -2.7608343515093253E-5
0.15199695343335898 0.5713443637747507 0.07128864354870555 0 5.20490514721589E-8 -8.013428225288416E-9 -2.762928415240103E-5
0.2647361318881631 0.6988930987695543 0.08313425830297129 0 6.093421102826195E-8 -2.961417818454574E-8 -2.7610750640144076E-5
0.19363779692619498 0.6392946953673742 0.07676490405819379 0 5.582444770511496E-8 -1.8823763321297763E-8 -2.7629291030965863E-5
0.23873623781901862 0.7680602578468166 0.08814793343306232 0 6.465363990647878E-8 -1.8785890222285802E-8 -2.7604572446458954E-5
0.28735785633849587 0.8792328678266585 0.09999999999999996 0 7.869491561397695E-8 -1.786392441738643E-8 -2.7616512791077953E-5
0.045020558010702406 0.5239593119206281 0.06715619876796416 0 4.392214164463423E-8 1.4451946321290136E-9 -2.7627551407822124E-5
-0.05203180167969757 0.5443357511275837 0.06842717285738563 0 5.0924388616150954E-8 1.0454557793102991E-8 -2.7629852604671014E-5
0.00125333399408392 0.5186888782774369 0.06673044987207258 0 4.6186163206768356E-8 4.468730727616294E-9 -2.762971822289088E-5
0.09263905094403112 0.5551170207203664 0.06943102413110942 0 4.777433720108599E-8 -1.3067648077659194E-9 -2.7627862834970913E-5
-0.22520922840433807 0.7458968973346561 0.08588793599516027 0 7.150564100884202E-8 1.9515345339943624E-8 -2.760821306472549E-5
-0.056365569894855645 0.6123374883168232 0.07290850863136553 0 5.5428401815578045E-8 7.39017882324616E-9 -2.7635663431325886E-5
-0.11459365381122652 0.6489796043007032 0.07609123122821615 0 5.869549829729983E-8 1.0197035305252532E-8 -2.7632890448799926E-5
-0.17201424223952635 0.7059350940103869 0.08139872432652714 0 6.634689159799644E-8 1.2906476735192088E-8 -2.762242210398746E-5
-0.5619648707592039 0.31624700130713346 0.07504348009682706 0 2.9338631038310298E-8 4.9619122643425055E-8 -2.7632179622580802E-5
-0.7888004165309431 0.29037609645717466 0.09153149855841576 0 2.2162569626320612E-8 7.178592949750636E-8 -2.7614628344386677E-5
-0.8437609348289447 0.37906778281416026 0.09999999999999995 0 2.656425996245488E-8 7.57454769708504E-8 -2.7617899323087957E-5
-0.6064827120561797 0.3683452405387546 0.08001332460787643 0 3.8362155415716176E-8 5.17555602326297E-8 -2.7620272745517425E-5
-0.6554904399290363 0.3258387756938692 0.08184700708932659 0 3.274874730545504E-8 5.4015930982839126E-8 -2.7616208156932983E-5
-0.7173789460644423 0.321865662586802 0.08652046298759287 0 2.7577215250032233E-8 6.040828792962089E-8 -2.761104374450516E-5
-0.6465139113454262 0.538316822314734 0.09160194260007758 0 4.5074878175623506E-8 6.051285615868135E-8 -2.761540700099965E-5
-0.7501326501074496 0.5412263004122692 0.09999999999999996 0 4.4408568437556685E-8 7.330021165468386E-8 -2.761842242686509E-5
-0.8010558185062641 0.4625204886241073 0.09999999999999998 0 3.496388747868659E-8 7.527057339155316E-8 -2.7613488797814688E-5
-0.6328963674406779 0.44705014677999644 0.08550954643040555 0 4.376876505830311E-8 5.8866137786071126E-8 -2.7611282745921308E-5
-0.2313025414788286 0.8233581280344338 0.09294490463014164 0 7.587196492146643E-8 2.7683147738474168E-8 -2.761267547416273E-5
-0.19616860770583666 0.9039546015730862 0.09999999999999994 0 8.138798631394354E-8 2.508245396593811E-8 -2.7624043177507853E-5
0.2216527773738334 0.8287572231622684 0.0932031971273528 0 7.161444360883951E-8 -1.2944724683737294E-8 -2.761370272499987E-5
0.10414931811684251 0.6209165315731189 0.07394244219969823 0 5.4586908464709103E-8 -7.190723227685365E-9 -2.763398446253311E-5
0.1942511971230704 0.716812779625243 0.08273823779707914 0 5.967389288015818E-8 -1.990009246891911E-8 -2.761734958856001E-5
0.14442364609626682 0.6895139486023729 0.07960445430492032 0 5.959752240511239E-8 -1.511718969736468E-8 -2.7626988474385842E-5
0.1913914876174544 0.7797285375111098 0.08801717214843206 0 6.564481224776084E-8 -1.4536251097160063E-8 -2.761360501584728E-5
0.196130597538861 0.9039628493277602 0.09999999999999998 0 7.984816789833257E-8 -9.98342644688582E-9 -2.7623563053468104E-5
0.020086990102898373 0.582926818943489 0.07076019404513119 0 5.138056772778447E-8 2.1704616366276283E-9 -2.763561644105303E-5
-0.17894546311077822 0.7718277883825889 0.08706002927260566 0 7.225533537975825E-8 1.7592194867940167E-8 -2.761569901224062E-5
0.04599891718688658 0.6542488180254783 0.07585611859697282 0 5.83206838517153E-8 -5.421072196690483E-9 -2.763365369471652E-5
-0.007855133722757698 0.6491499078369714 0.07536310530979572 0 5.792080095192856E-8 -6.064654593427631E-10 -2.763438868828962E-5
-0.13380906082414654 0.7600240739879767 0.08523325950883376 0 6.834342116619717E-8 1.1623653183602292E-8 -2.761976274667176E-5
-0.04850890629174576 0.6781878024575423 0.07767733236817918 0 6.0088170916783E-8 1.3102640711438439E-9 -2.763048256047585E-5
-0.09794458893422112 0.7138796015511557 0.08090449857215169 0 6.321686643267918E-8 5.9023214323309775E-9 -2.7625448186400665E-5
-0.7603438011582597 0.3738096376808479 0.09217483686370775 0 2.6952575252621575E-8 6.689839812852361E-8 -2.7607747682074035E-5
-0.6767294999436547 0.3833870641168077 0.0857669286165472 0 3.702768252058629E-8 5.805836966065056E-8 -2.7601391897306492E-5
-0.7186415188607147 0.46354605628657686 0.09293928953994947 0 3.796178243180997E-8 7.02495933707165E-8 -2.7606908964984528E-5
-0.14285595486183847 0.8282574032154251 0.09152546819348935 0 7.33213956931419E-8 1.725114263587027E-8 -2.7618934664098266E-5
-0.09363126894349026 0.9202489260084377 0.09999999999999998 0 7.888634547577293E-8 1.5554750773784012E-8 -2.76231818134055E-5
0.09361324045256657 0.9202507597854978 0.09999999999999996 0 8.521381276342045E-8 -1.184561595765256E-9 -2.7622971226657614E-5
0.14341620299378274 0.8294494640794721 0.09164675622284839 0 7.449910073217315E-8 -8.314912119470204E-9 -2.761870135566133E-5
0.08739963386816947 0.6969472503405287 0.07943927986118828 0 6.249345349350501E-8 -1.0735507279504545E-8 -2.7627798734487047E-5
0.1332242410665833 0.7460807458646898 0.0840331591986956 0 6.5722025072685E-8 -1.3024821057549298E-8 -2.7620793306528395E-5
0.011531729957052445 0.7092408490309093 0.07999382505294728 0 6.36924207945571E-8 -6.569158276367503E-9 -2.762336916916555E-5
-0.08028628936017151 0.7814679591465112 0.08645850584417021 0 6.606249992791478E-8 6.727207142319148E-9 -2.76152176422499E-5
-0.04561230651596534 0.7294921334214546 0.08175631121749642 0 6.306793172104253E-8 -8.273991419714873E-10 -2.7619969133300673E-5
-2.6622719632600497E-6 0.924994933365257 0.09999999999999994 0 8.248028446391889E-8 8.098249042328247E-9 -2.7618761060087444E-5
-0.057540995049113024 0.8423979795604504 0.0918960227632853 0 7.098247075140227E-8 1.0618816653853273E-8 -2.7612168537742033E-5
0.04284010489062188 0.8515402282381707 0.09269147861274166 0 7.942355321682636E-8 2.5489578454679026E-9 -2.7611183702787266E-5
0.06678793864290467 0.7745216917616873 0.0857326633705871 0 7.300253594893542E-8 -7.52954287327325E-9 -2.7613811581465167E-5
-0.010066347156763605 0.7750831353836388 0.08553470969702802 0 6.794586096597179E-8 -2.5369122530119887E-9 -2.760603070358877E-5
