% Model:
% Version:
% Dimension:          3
% Nodes:              691
% Expressions:        4
% Description:        Surface
% X                       Y                        Z                        Color                    DeformX                  DeformY                  DeformZ
0.7501545366059812 -0.5411959634402135 0.09999999999999992 0 -3.588367477413054E-8 -6.066473330877369E-8 -2.761631818390516E-5
0.8010709981238165 -0.4624941975024229 0.09999999999999998 0 -2.774247076250339E-8 -6.190089176066494E-8 -2.761186358929272E-5
0.09365704332523052 -0.9202463037324213 0.1 0 -6.461088767906958E-8 -1.3113651496084791E-8 -2.7616776872231104E-5
0.1962292603758942 -0.9039414372048337 0.09999999999999995 0 -6.71741608515617E-8 -2.0977377699038958E-8 -2.761770972201478E-5
0.2874231814397345 -0.8792115158194402 0.09999999999999994 0 -6.429839662882329E-8 -2.810433754032803E-8 -2.7611211068473724E-5
0.6177594039507672 -0.6884753389104772 0.09999999999999995 0 -4.451252080541317E-8 -4.8925424178036266E-8 -2.761106366857318E-5
0.6847899965302143 -0.621834949891059 0.09999999999999994 0 -3.950915819615607E-8 -5.272718770691133E-8 -2.761749949351075E-5
0.6644823007055147 -0.538951594396605 0.09297818153954257 0 -3.6454073798872365E-8 -5.192540336316594E-8 -2.7613694687401924E-5
2.0711142119768948E-5 -0.9249949331376585 0.09999999999999999 0 -6.828628657039126E-8 -7.037635984146002E-9 -2.761246313470402E-5
0.04393583996701241 -0.8511210240129379 0.09265635168129693 0 -5.9323659692606595E-8 -8.768102424811315E-9 -2.76057185010562E-5
0.7176713367395712 -0.4652126067437795 0.09294805270739674 0 -3.0932605259084786E-8 -5.812314814334088E-8 -2.7605640038196647E-5
0.8437752388147 -0.3790359438971111 0.09999999999999999 0 -2.0627391628304085E-8 -6.172717005947582E-8 -2.7616919440019652E-5
0.7635253857731481 -0.3782532475337201 0.0926398396720293 0 -2.1207929107890508E-8 -5.4829614965546784E-8 -2.7606681340737823E-5
0.5547456546446984 -0.6639301342123076 0.09391738389868395 0 -4.4427415197177155E-8 -4.573433575734034E-8 -2.760299421057868E-5
0.5485314847714319 -0.7448023146284535 0.09999999999999996 0 -5.2845196734523484E-8 -4.701094518714165E-8 -2.7612524871956484E-5
0.12762107521700677 -0.8265826692803626 0.09113421310198931 0 -5.925808825720831E-8 -1.2586770777375712E-8 -2.7613058750771807E-5
0.22639239794839497 -0.823169454837357 0.09279966487488275 0 -6.294778570566054E-8 -2.2629771496055556E-8 -2.7607563036120092E-5
0.3707854054882235 -0.84742873429503 0.09999999999999998 0 -5.7209411519164865E-8 -3.209561911184326E-8 -2.761243785629116E-5
0.297447604941039 -0.8106467532563327 0.09375141746476388 0 -5.724653094730251E-8 -2.794516741130877E-8 -2.7602855658074953E-5
0.6050561438570463 -0.6036830020468074 0.09289418017943475 0 -3.789655507394172E-8 -4.515014321475203E-8 -2.7608352359895667E-5
0.5365057739834548 -0.6074638984061794 0.08871198704411523 0 -4.162516711596353E-8 -3.852703285635629E-8 -2.7597464740174238E-5
0.640351776746304 -0.4627856253417016 0.08686037768572825 0 -3.646195171395712E-8 -4.965756917004354E-8 -2.760951011924621E-5
0.6027366073062329 -0.5213223560235656 0.08747588350371878 0 -3.6911581616227774E-8 -4.350241295904867E-8 -2.761286199181637E-5
0.11581756539084577 -0.7588114009433137 0.08487399945221091 0 -5.503875502185402E-8 -6.868703368025661E-9 -2.7615179084436356E-5
-0.09361073890939044 -0.9202510142029422 0.09999999999999994 0 -7.131252719804372E-8 6.381019779293423E-10 -2.761772050653547E-5
-0.19619007773418676 -0.9039499420937565 0.09999999999999996 0 -6.630861183402156E-8 7.77407807186955E-9 -2.7619799890374522E-5
-0.2873887771284415 -0.8792227618026944 0.09999999999999995 0 -6.54980168728786E-8 1.4018947679435565E-8 -2.7614343805960887E-5
0.06358506183867196 -0.7827017733005069 0.08643167294964106 0 -5.3493486876640816E-8 -2.9257707245801555E-9 -2.760767919647161E-5
-0.04837786591123471 -0.8513117859798404 0.09269807273978152 0 -6.651911882326306E-8 -1.8368586017779999E-9 -2.760679548666173E-5
-0.004822548609299431 -0.7855262944057821 0.08645491759740055 0 -5.863543772493449E-8 3.031389239827048E-9 -2.7599557391685428E-5
0.8809325145611795 -0.2820885484172241 0.09999999999999999 0 -1.5129768136288226E-8 -6.797258052875821E-8 -2.7618605412887908E-5
0.677795607943666 -0.39290477214771735 0.0862680402418979 0 -3.151383840496459E-8 -4.799066174138267E-8 -2.7599011279429672E-5
0.6103906305879976 -0.40135765312469535 0.08172372928462611 0 -3.54616032181394E-8 -4.3333299545515206E-8 -2.761513220335849E-5
0.8014927716328404 -0.2914410587712435 0.09271262928645595 0 -1.7248823274231176E-8 -6.007353873522131E-8 -2.761453337566417E-5
0.7173493567573874 -0.31695962258024274 0.08634023460744475 0 -2.2518352000923008E-8 -4.8592027875164005E-8 -2.7611061864301995E-5
0.8230806401765318 -0.20733638606092913 0.09232209730203018 0 -1.1144968873002026E-8 -6.503856561195191E-8 -2.7607312173629572E-5
0.5055257679581893 -0.637124600070996 0.08897493457515948 0 -4.77461987183522E-8 -4.00586695150673E-8 -2.759770358962395E-5
0.4897167015298755 -0.6990669986722716 0.09278011319940965 0 -5.1508086214143456E-8 -4.196763597470616E-8 -2.760787570448279E-5
0.46249999999999986 -0.8010734985006049 0.09999999999999984 0 -5.582643330655223E-8 -3.901784562749973E-8 -2.76174117104101E-5
0.18083964416846285 -0.7595104378227608 0.08602850609777069 0 -5.963230608243374E-8 -1.3144469519565443E-8 -2.7611107979734563E-5
0.2521627428797361 -0.7694593063835823 0.08864404636431371 0 -5.9164466036132397E-8 -2.069345074454168E-8 -2.759831470856151E-5
0.36329863298781023 -0.7692008953950572 0.09250410835033814 0 -5.121819839496779E-8 -2.9235914402145872E-8 -2.7608137424231914E-5
0.29721686832567656 -0.7486484838731736 0.08825580478820183 0 -5.2192780223084595E-8 -2.1293409193139823E-8 -2.7597764102455933E-5
0.566498136584519 -0.34007595181336675 0.07621962270586992 0 -2.7418302774371508E-8 -3.992066614906164E-8 -2.7629252516892137E-5
0.5490740032503059 -0.5442731464552364 0.08535659345024513 0 -3.846946828352066E-8 -3.5509589369380126E-8 -2.7609042971805425E-5
0.4877536710430043 -0.5826751104622181 0.08420495651136725 0 -4.6559590706856614E-8 -3.120680870767733E-8 -2.760323078087797E-5
0.5629289159938321 -0.47314451663551055 0.08212579004392509 0 -3.656930949460632E-8 -3.894920212440773E-8 -2.7619077000320532E-5
0.5395049675561714 -0.4037977139333864 0.07721405836956645 0 -3.166164203178141E-8 -3.806210151195812E-8 -2.7627852577699983E-5
0.08068135396090602 -0.714167303296879 0.080752947531276 0 -5.154197062947559E-8 -1.7386238959043992E-9 -2.7620840320672787E-5
0.1307586883786586 -0.7179080095003467 0.08165710231721483 0 -5.3946529950354786E-8 -6.732587101848443E-9 -2.7620100539372383E-5
-0.3707535969478622 -0.8474426517245004 0.09999999999999994 0 -6.807033062249963E-8 2.223468248964203E-8 -2.7616502305842822E-5
-0.14308797449955207 -0.83181181721957 0.0918642159103333 0 -6.230519980614564E-8 6.659766841010973E-9 -2.7615144795130817E-5
-0.22448109351079631 -0.8295744817427092 0.09335179876408067 0 -5.929095761846967E-8 1.0286797286893842E-8 -2.761104588908494E-5
-0.2937621218403122 -0.816155750548228 0.09413660224150187 0 -6.256969255695186E-8 1.5041519615731346E-8 -2.7606733306717262E-5
0.02032803985547743 -0.7231235035279147 0.08113718206932351 0 -5.239819218873337E-8 4.900390384050192E-9 -2.761610323149254E-5
0.049373389215154835 -0.676251463493053 0.07753347573866787 0 -4.9536817718225375E-8 -5.1818535285834015E-11 -2.762715005132502E-5
-0.07537530152887752 -0.7754914719888756 0.0858872030654022 0 -6.115757970995114E-8 7.4395255680178575E-9 -2.7611086154682483E-5
-0.03309170223836219 -0.7328034628470876 0.08197501691133365 0 -5.5999855516986316E-8 8.675659752916979E-9 -2.7614553963035464E-5
0.9051251563026282 -0.1907181838739738 0.09999999999999992 0 -7.499378926961648E-9 -6.90263459166231E-8 -2.761283114132203E-5
0.6346730356926771 -0.3174870091624341 0.08001946855914073 0 -2.7292176828636103E-8 -4.238454587579588E-8 -2.7620504351410275E-5
0.7578046117703346 -0.24801668508133742 0.08751626752734717 0 -1.817401582105605E-8 -5.754533718436268E-8 -2.7612873805604116E-5
0.6897625743522149 -0.264441860913035 0.0824063475266023 0 -2.1772568556281037E-8 -4.8761268243614823E-8 -2.7619165895507924E-5
0.7597010793028803 -0.19500257071099417 0.08634694259141452 0 -1.67466382616319E-8 -5.942770082106024E-8 -2.7606944738285398E-5
0.7883546035916825 -0.1648885681025431 0.08824892692988197 0 -1.1825233030928017E-8 -6.066982830467979E-8 -2.7599508547876547E-5
0.8374232558848942 -0.12934172138602965 0.09218338983550128 0 -3.3461626483921925E-9 -6.019750177789131E-8 -2.7602350491313795E-5
0.7880045515761319 -0.1291017367769672 0.0876205822064691 0 -9.71136085771176E-9 -5.592409591884104E-8 -2.759832766939152E-5
0.45389464101054455 -0.6418290507487612 0.08650541722977734 0 -5.161099926087434E-8 -3.476753682062063E-8 -2.7606376580619393E-5
0.4122622788181451 -0.7140592129571535 0.09001680581831237 0 -5.122558386505982E-8 -3.223378589653476E-8 -2.7612072536001978E-5
0.1697005588141962 -0.6915759378642319 0.08021607449160523 0 -5.380822232130453E-8 -9.240219924614851E-9 -2.7620654569579772E-5
0.24692814396934865 -0.6974874410583478 0.08250617855893733 0 -5.405981482497388E-8 -1.1884502062009585E-8 -2.760892012215096E-5
0.3299132550602819 -0.6955796266909601 0.08507057911176502 0 -4.8559062512304E-8 -1.9963171717087042E-8 -2.7609693528293513E-5
0.5796784116794852 -0.2776116098201063 0.07488927562467991 0 -2.1151480570836136E-8 -4.2052860667449285E-8 -2.7631605955602597E-5
0.5306797663003683 -0.29923675531161764 0.07251363051783592 0 -2.073381238000346E-8 -3.946044261948933E-8 -2.7633520937495626E-5
0.5018045759598764 -0.34636458619402455 0.07254833341115845 0 -2.3339759903883683E-8 -3.687561885817398E-8 -2.763259183168707E-5
0.43691576165411183 -0.5863880363863174 0.08178506492225697 0 -4.869494025024998E-8 -2.8982301678719617E-8 -2.761385124663821E-5
0.5025098789806555 -0.5159632075862093 0.08087711077114174 0 -3.9546911308805E-8 -3.160301987893586E-8 -2.761698318610919E-5
0.4531934148271225 -0.5420428192507506 0.07976926362259741 0 -4.3762166834437136E-8 -2.8734118429684285E-8 -2.761809517237078E-5
0.5051728219418842 -0.4543425560441293 0.07763963571270259 0 -3.41924652349159E-8 -3.462433927672584E-8 -2.7626411172041188E-5
0.4743994852003083 -0.40954268251415876 0.073738234339428 0 -2.7990769149784874E-8 -3.499300106854785E-8 -2.7630176257217627E-5
0.115198487208555 -0.6531897985847656 0.07640980333620502 0 -4.897397412010468E-8 -7.4146759850404E-9 -2.7629049538379257E-5
-0.4625000000000001 -0.8010734985006056 0.09999999999999992 0 -6.267199548429425E-8 2.8648131737090782E-8 -2.7622617767683828E-5
-0.3837134371029664 -0.7748603000238192 0.09386619334345218 0 -6.251643145329164E-8 2.4842696512723226E-8 -2.7615041289007318E-5
-0.3293828651109605 -0.7771045511687245 0.09186418681824765 0 -6.286040782688025E-8 2.09111819224366E-8 -2.760662744065317E-5
-0.4839056580716607 -0.700569999447879 0.09257832058039935 0 -5.193665637372443E-8 2.949744149357441E-8 -2.761381771730053E-5
0.04767908888924959 -0.6125339534466794 0.07287094188782159 0 -4.594944252448994E-8 -5.092548038396579E-9 -2.7633019557058004E-5
-0.19485303194491674 -0.7756068237085788 0.08772926134592987 0 -5.348972791519842E-8 1.264147520661058E-8 -2.7610682895989873E-5
-0.1380657870545559 -0.7497079460326577 0.08441541385599156 0 -5.447219214519037E-8 1.162950305195071E-8 -2.7617427034096425E-5
-0.24450643515018045 -0.7666415232960108 0.08818261063739213 0 -5.3379451253690364E-8 1.6152254267998173E-8 -2.76018488032423E-5
-0.29287844997281653 -0.7560683801841976 0.08874412837590734 0 -5.8597427629975506E-8 2.0997356145408532E-8 -2.7600273261335008E-5
-0.018713178495829663 -0.6598847879456907 0.07617577755495693 0 -4.8845145253128115E-8 4.116388555844944E-9 -2.7630043848775476E-5
-0.08839747535315964 -0.7039498716595032 0.08000538942626953 0 -5.263314146009933E-8 1.0269856461843875E-8 -2.7623778941592783E-5
0.8548200389796248 -0.0652462727687064 0.09314675085287963 0 5.091267241394386E-10 -5.915246046941142E-8 -2.7611321949736734E-5
0.9192877606928158 -0.10260258091221079 0.10000000000000002 0 -5.242815611686123E-10 -6.492378913738043E-8 -2.7614589839397936E-5
0.6384778628041976 -0.2349189996283244 0.07770845629712514 0 -1.9339818435903875E-8 -4.6151479870920796E-8 -2.762751990868482E-5
0.7040732060431756 -0.2032143579310842 0.08191372549943252 0 -1.922730381739124E-8 -5.276042821729594E-8 -2.7617694021839618E-5
0.5898871014295897 -0.20776639827421509 0.07364495662277284 0 -1.3775325707183474E-8 -4.458560532570214E-8 -2.7630852540571072E-5
0.7325342916850157 -0.13408386908087772 0.08291013088256632 0 -1.631216250231055E-8 -5.2499708982149605E-8 -2.7608818634930624E-5
0.8252770499196602 1.9257059754862352E-16 0.09008727174442388 0 2.6030831683023714E-9 -5.995770087888827E-8 -2.7614441158340975E-5
0.7859407931602105 -0.07401767626946823 0.08680140328934058 0 -5.936096444175782E-9 -5.225117957315591E-8 -2.760748973561443E-5
-0.499151538632016 -0.6334110077816723 0.08834372866104906 0 -4.5310655189000646E-8 3.413145012713273E-8 -2.7603484399840623E-5
-0.539934650094959 -0.6040123388311489 0.08868415026698911 0 -4.850308823920845E-8 4.070520978308454E-8 -2.7604058557283783E-5
-0.55199683338532 -0.6639303440969675 0.09374464706266032 0 -5.367124978669998E-8 3.525702975753985E-8 -2.7609031759728456E-5
-0.5485674035956859 -0.7447758606713794 0.09999999999999995 0 -5.7355025330577E-8 3.3333192031122075E-8 -2.7618624298718748E-5
0.36763254236248405 -0.6367582418875392 0.08211785344170683 0 -4.8351181190710516E-8 -2.4067616809206597E-8 -2.7619023868664834E-5
0.18957159845420457 -0.6243064952889011 0.07560329744867302 0 -4.659495550957936E-8 -1.2867466158345244E-8 -2.762784578273738E-5
0.28831363121595577 -0.628175946475062 0.0785524110683112 0 -4.627434935547168E-8 -1.64088006281094E-8 -2.7623895938069942E-5
0.526450453306162 -0.23768251001620336 0.07038843476625324 0 -1.4221675672219769E-8 -4.1959593798184636E-8 -2.7630773958903102E-5
0.47890979704271586 -0.2863984098188226 0.06912760288748078 0 -1.7069105740997266E-8 -3.670625883307398E-8 -2.7631208649650512E-5
0.4494990254251993 -0.3483577682477059 0.06980849106780328 0 -1.968046572381578E-8 -3.4022736432436275E-8 -2.7627582140694338E-5
0.38634553368626057 -0.5411366135074791 0.07653244947706521 0 -4.2338636388850845E-8 -2.696443616367658E-8 -2.7628018890057687E-5
0.43810869406594616 -0.47330739854493387 0.07505155127124848 0 -3.485824655586633E-8 -3.169686952176696E-8 -2.762825839798001E-5
0.4170420346765119 -0.4108303752912244 0.07090170067103962 0 -2.586079018832453E-8 -3.4187709919886004E-8 -2.7625746651415135E-5
0.1909808398518187 -0.5616900805542806 0.07142639087555928 0 -3.870361056351725E-8 -1.7684450730866646E-8 -2.762778446204122E-5
0.12475562378528363 -0.5650913910725969 0.07045918166236254 0 -4.1816434567392234E-8 -1.5140557740538645E-8 -2.7625625197306784E-5
0.05189365664575958 -0.5409828050063739 0.06822031633188272 0 -4.239350470105124E-8 -9.146026274975028E-9 -2.7627159816821986E-5
-0.41249148408265685 -0.71445620812065 0.0900597252140442 0 -5.443448473129847E-8 2.808907367250831E-8 -2.761672476212258E-5
-0.34485879204612635 -0.7195732958375974 0.08756922173357189 0 -5.747124354459077E-8 2.7007733973744825E-8 -2.7611506609024988E-5
-0.4354763147019103 -0.6351536187841577 0.08509247440255904 0 -4.263631288860965E-8 3.1774332580633644E-8 -2.7614984464291188E-5
-0.02127679909875187 -0.5862434400348023 0.07098260267248742 0 -4.2738013124409906E-8 -1.5829559002010607E-9 -2.763352194681508E-5
-0.20123366572154053 -0.7196538123444207 0.08312630758513646 0 -4.8786803840255465E-8 1.805335745230758E-8 -2.7613985117895327E-5
-0.1453861443112404 -0.6947291331504667 0.08002955113164492 0 -4.950896810929043E-8 1.3461738213865049E-8 -2.7624016883064366E-5
-0.26439613737119816 -0.6970297197339501 0.08297653094743883 0 -5.035924902947075E-8 2.5957843847220237E-8 -2.7610411250376863E-5
-0.314732642366773 -0.6679534491621226 0.08237892997106575 0 -5.0544475002498365E-8 2.843708341144484E-8 -2.7618412313466483E-5
-0.10379006268918363 -0.6311723493295898 0.07466578004946206 0 -4.6003315290446753E-8 6.986920558740888E-9 -2.7631914219823814E-5
0.7822439697509947 0.07342341173252223 0.08646750245519458 0 4.51195433853946E-9 -6.154224425728694E-8 -2.760867268636552E-5
0.9249999999999998 2.358937726024754E-16 0.09999999999999994 0 6.21530306454035E-9 -6.718337010298107E-8 -2.762005382017914E-5
0.851370675269602 0.07427003550197267 0.09288407134507307 0 1.0872814781866265E-8 -6.497094003594267E-8 -2.7610616470555883E-5
0.8038717607621603 0.12213857484508564 0.0889547066003148 0 1.1135968076537532E-8 -6.03810093518265E-8 -2.7600218240584956E-5
0.5408130551366507 -0.18150058753720788 0.06992281214701015 0 -7.762144841524083E-9 -4.3295679207852845E-8 -2.762508645753813E-5
0.7247257834183621 0.0852066297502373 0.08165698245211614 0 9.129098600730633E-10 -5.593834135009732E-8 -2.7616467997298674E-5
0.6510493529215736 -0.15514133280147802 0.07686356365481603 0 -1.397315134515675E-8 -4.74412850797831E-8 -2.762683225711605E-5
0.5770279320473081 -0.15184347618041535 0.07165568912865208 0 -6.581500105240006E-9 -4.3193125434843546E-8 -2.7627960420139785E-5
0.6918887433807659 -0.06772116765551027 0.07886795692620667 0 -9.010183368941707E-9 -4.807113470006429E-8 -2.76243734139486E-5
0.7364981201835382 1.7871933341171726E-16 0.08222076644985389 0 -3.10444416582964E-9 -5.35314062865989E-8 -2.762086356356703E-5
-0.48001255710073826 -0.5637645778356982 0.08255043176744216 0 -3.809708774583397E-8 4.0668401898420864E-8 -2.761407038793887E-5
-0.5678213237459834 -0.537667606136383 0.08613904983735729 0 -4.2277899046726686E-8 4.4966791936144246E-8 -2.7617221025916967E-5
-0.600893054701109 -0.6092572756078649 0.09299302035398636 0 -5.218117121546706E-8 4.3038145565566335E-8 -2.7614423837508357E-5
-0.6178002971320171 -0.688438643052917 0.09999999999999995 0 -5.744996043651079E-8 4.1570397489530455E-8 -2.76180292258585E-5
0.31808183532075807 -0.5509338997403093 0.07441383187593008 0 -4.064744532206728E-8 -2.3043005129615355E-8 -2.7632395873644388E-5
0.2593907519340379 -0.5686281064407216 0.07361593901057979 0 -4.031657603523441E-8 -1.8968898995159065E-8 -2.7631681069397867E-5
0.4250914842628162 -0.2904030737883922 0.06650384046370365 0 -1.5926977284419347E-8 -3.064066205532765E-8 -2.762443038815667E-5
0.4860024477406568 -0.1810614961514008 0.06672716200822644 0 -9.819869260465115E-9 -4.179237278679256E-8 -2.761663851615653E-5
0.4546475825643904 -0.2329362873436874 0.0662732760967022 0 -1.4701283332571889E-8 -3.691725261080103E-8 -2.7625751518568056E-5
0.39693548996928896 -0.3460112170117685 0.06719703593166886 0 -1.788434657270515E-8 -3.0227751449942645E-8 -2.7615084752190582E-5
0.3565677611611388 -0.4614203059811383 0.07075125137743832 0 -3.317636542074347E-8 -3.066655418380763E-8 -2.7629101883562614E-5
0.36327728761747163 -0.38800374757803646 0.06749345504717459 0 -2.516358624040482E-8 -3.338516650223435E-8 -2.7613673712009396E-5
0.3750627258693446 -0.2936858939923492 0.0643465481455432 0 -1.8181717920834342E-8 -2.3366064222883835E-8 -2.7616593563026896E-5
0.14556246178613044 -0.5017461145955597 0.06695111305462358 0 -3.373052279605364E-8 -1.6621983006931144E-8 -2.761063075720253E-5
0.1773504711629968 -0.5251479744589087 0.06889288845838194 0 -3.408303114370609E-8 -1.866775755060045E-8 -2.7621310218982787E-5
0.2111878992556696 -0.5199281931560845 0.06932845783235407 0 -3.33967216098803E-8 -1.9349323969309463E-8 -2.7626304847374086E-5
0.10436058799907272 -0.5010308479370807 0.0663275801738497 0 -3.983814382795355E-8 -1.3652527840080006E-8 -2.7610990456745268E-5
0.06673635655852131 -0.4767204709635782 0.06461779605353521 0 -4.0385817829759814E-8 -6.5396711556086365E-9 -2.7616917480789273E-5
-0.006975621790116399 -0.5183972256879046 0.06671599267023115 0 -3.777174435583148E-8 -3.5445585002038044E-9 -2.762789095097891E-5
0.021803385387518696 -0.4822544950869184 0.06469299319690378 0 -3.756795800150798E-8 -3.576109461971791E-9 -2.7624823073274763E-5
-0.05196883438319561 -0.5240326103663052 0.06719869985797552 0 -3.570438880813204E-8 -1.3739083562373897E-9 -2.7625179758704372E-5
-0.3679909311443217 -0.6373789894665455 0.08217765681431859 0 -4.5844413610570345E-8 2.9779553269545242E-8 -2.7623021098786102E-5
-0.40158939943089916 -0.5697012631254147 0.07901179842938963 0 -3.832091292594012E-8 3.194111829966658E-8 -2.762731173483347E-5
-0.09590125636856872 -0.5619999312235502 0.06990127823248253 0 -4.015026865633758E-8 6.623376575182773E-10 -2.7627352969549918E-5
-0.19926692702634366 -0.6350324834465847 0.07658242747619838 0 -4.604507764984913E-8 1.6757594266468624E-8 -2.7628552829216596E-5
-0.2841593977557326 -0.6153602706014176 0.07751426427315905 0 -4.576456932174918E-8 2.4611578235992826E-8 -2.7629412750816574E-5
-0.15663037176370528 -0.5733099421965812 0.07149707499548641 0 -4.375505219912618E-8 6.780262993141937E-9 -2.7628721295288312E-5
0.6892086201904363 0.11760753932384704 0.079182235454291 0 3.3685046478949907E-9 -5.134272091356591E-8 -2.7622139617998763E-5
0.7461230180043805 0.1326560288062978 0.08402816782270867 0 4.025090596254154E-9 -5.510725263886683E-8 -2.7606444643761433E-5
0.6908574756839181 0.1584953945063365 0.07995126254637963 0 6.201419036389E-9 -4.9726510063514344E-8 -2.7620967039899065E-5
0.9192877608705788 0.10260257931928718 0.09999999999999994 0 1.4498534859397294E-8 -6.86800880999414E-8 -2.7615469948351693E-5
0.8510855832446352 0.14814580550682163 0.09378949781498243 0 1.7581164764625628E-8 -6.069280634445295E-8 -2.760582656853899E-5
0.7902639371481001 0.17887268414595758 0.08869278761371624 0 1.3694571091626732E-8 -5.281464365304947E-8 -2.76032059206363E-5
0.5270134709035552 -0.12362075461980128 0.0680883893303861 0 -1.2615081840435972E-9 -3.820338724145705E-8 -2.761710109183263E-5
0.660910431014522 0.06111123862815046 0.0764443497197492 0 2.23777771880397E-9 -4.946259649008315E-8 -2.7630282616655987E-5
0.5965173615012839 -0.07939251741876008 0.07200225824383245 0 -2.8058270766466435E-9 -4.1956167593273165E-8 -2.7631517190250283E-5
0.6371682462297272 1.7636191275501287E-16 0.07448630903843244 0 -1.8449449737365408E-10 -4.6262218237054086E-8 -2.763400620499543E-5
-0.5998767009898777 -0.47889137063455584 0.08487289614566726 0 -3.4175609590461174E-8 4.409103194694453E-8 -2.7621762232901416E-5
-0.4462665144718288 -0.4769553831048419 0.07565680574632232 0 -3.5141434713283E-8 3.3844033895314145E-8 -2.7632759636002215E-5
-0.514031025104845 -0.49215788183100256 0.08018045280724438 0 -3.562202553778455E-8 4.180820117548161E-8 -2.7626424893647426E-5
-0.5551101229584549 -0.4700701488343014 0.08146563252731463 0 -3.339791618677197E-8 4.3104227122131076E-8 -2.762646339341625E-5
-0.6562422498346266 -0.5241856689594518 0.09146905933596002 0 -4.15796350927013E-8 4.489499382089445E-8 -2.7620425730301232E-5
-0.6848306133117381 -0.6217902179859557 0.09999999999999995 0 -5.273602696617883E-8 4.7517923164640554E-8 -2.762535585073727E-5
0.27241004361507065 -0.4718280360333558 0.06830375115676078 0 -3.255611424872592E-8 -2.366620715196548E-8 -2.7629888941372104E-5
0.4535801009187721 -0.11979187747949692 0.06395953291420167 0 -1.184946901783901E-8 -3.162395038984093E-8 -2.7606654637964106E-5
0.39072217276086296 -0.23584567652234287 0.06329187670784985 0 -1.691575962486041E-8 -2.771799434269625E-8 -2.762543264153842E-5
0.41238404925178007 -0.18021837395374024 0.06296662723972753 0 -1.6388206615712415E-8 -3.27292619245774E-8 -2.762201849113035E-5
0.33633282409977633 -0.33989669688880314 0.06444423660906805 0 -2.6594476130145467E-8 -2.4057196584923526E-8 -2.760482105004227E-5
0.30008338071089913 -0.40108479031261085 0.06570468861303413 0 -3.161203849318063E-8 -2.74167161982508E-8 -2.761976263634914E-5
0.32685099627426545 -0.2905697969488598 0.06232853198902638 0 -2.3767982515924935E-8 -1.8365525515192154E-8 -2.761759570769472E-5
0.34557599933864525 -0.25420475687873284 0.06192004258218349 0 -1.9470850865775194E-8 -2.1085080864254668E-8 -2.7624606536790027E-5
0.13994680898558723 -0.4672126633962515 0.06496624972127402 0 -3.1630805177429554E-8 -1.0114683381414277E-8 -2.7605854100354218E-5
0.19075484218748176 -0.4725311643222945 0.06620021711897697 0 -2.830124736923435E-8 -1.5637967124363925E-8 -2.7618424375375626E-5
0.04901016908663563 -0.43723836174505165 0.062459634223422635 0 -3.585440077675013E-8 -1.5057785006722343E-9 -2.762338610790151E-5
0.10408488366078726 -0.44405468685268895 0.0632766673513578 0 -3.586542192325345E-8 -3.460324282464771E-9 -2.761101773193918E-5
-0.03083759909542402 -0.4757419881377713 0.06436680609968096 0 -3.246116403084841E-8 7.965897117610554E-10 -2.7624132840933805E-5
-0.0058033119248053185 -0.4414101175550563 0.06253303354413749 0 -3.224116450722403E-8 1.4061680934747549E-9 -2.762709975603465E-5
-0.39030681785658333 -0.4466269881485597 0.07141764844659583 0 -3.5278852029055077E-8 2.443987648279547E-8 -2.7632066956069672E-5
-0.09527352708204243 -0.48999184724793493 0.06560563290386152 0 -3.2121795395884656E-8 2.857019022575868E-9 -2.7611365592522774E-5
-0.31827009850817745 -0.5512599811461146 0.07444098367382036 0 -4.0981117452469405E-8 2.3498327387292575E-8 -2.7636116654005958E-5
-0.36296726797354567 -0.5093150093458659 0.07364571283377143 0 -3.727035048578042E-8 2.533380100401519E-8 -2.763572712418611E-5
-0.1538656248196219 -0.515523498759926 0.0678853449092873 0 -4.214001789593064E-8 4.523274627183747E-9 -2.761691978531153E-5
-0.23145619169988374 -0.5426436945370011 0.07120349698950754 0 -4.3632930024606905E-8 1.45285356774155E-8 -2.7632847884967985E-5
0.02839276411724586 -0.3973392921812578 0.06048540173023527 0 -3.064726667114036E-8 4.0229841400063726E-10 -2.763119157164376E-5
0.6359863797306674 0.13411282944887548 0.07542020319546493 0 8.89710884606989E-9 -4.63672285409821E-8 -2.7630072127614477E-5
0.7226994437477957 0.1997352924878217 0.08334138075756291 0 1.0217022964827876E-8 -4.9923680229707733E-8 -2.761588343029903E-5
0.6524176664552398 0.20477109599706128 0.07797707686621592 0 1.2204906804107244E-8 -4.690630623955616E-8 -2.7628317424280586E-5
0.9051251569294585 0.19071818089926676 0.09999999999999994 0 2.0297405089164385E-8 -6.236490615456966E-8 -2.761454263187316E-5
0.8318102133114379 0.22322523392999097 0.09353078509252784 0 2.0761912792649034E-8 -5.5331110553045833E-8 -2.7612263828863828E-5
0.7561533810021175 0.2511688924028691 0.08746370240455802 0 1.8384970276324163E-8 -5.260202189014216E-8 -2.7615650723908293E-5
0.5078212312272354 -0.05773868566153316 0.06628756501631425 0 9.973035874990294E-11 -3.2881923420578336E-8 -2.7622358828953964E-5
0.580043566339009 0.07440259297015442 0.07086095755136954 0 9.681806120879023E-9 -4.372016530888025E-8 -2.7631354607848E-5
0.5449077695259106 1.435041058529122E-16 0.06830916124377966 0 4.3489016739337595E-9 -3.9499776638818105E-8 -2.7631191185182455E-5
-0.6449966839705535 -0.4445280981035864 0.08625924084344859 0 -2.983500238315061E-8 4.467864400140285E-8 -2.7614802787735817E-5
-0.5773213056470615 -0.42632356756478973 0.08066830857907491 0 -2.8079208979873438E-8 4.360849081600265E-8 -2.7627297674230885E-5
-0.42560872193429483 -0.3924588186076942 0.07047472570296821 0 -3.479012774662834E-8 2.824110794281655E-8 -2.763012795544538E-5
-0.5105636494997626 -0.4275668331221898 0.07661161867134533 0 -3.1612028425219626E-8 3.89435042773373E-8 -2.7634353770962893E-5
-0.6821995337018094 -0.3893517946424338 0.08645016345112792 0 -2.7471187339648018E-8 5.1993300496939974E-8 -2.7606868204750066E-5
-0.7143597851634019 -0.46065181317541976 0.09243904770387963 0 -3.790684778586769E-8 4.681162351528885E-8 -2.7613029776887144E-5
-0.7501479603301018 -0.5412050791178046 0.09999999999999998 0 -4.4651734259888174E-8 4.917049900717108E-8 -2.762498629259322E-5
0.23193963455587194 -0.401731231339728 0.06368217918749611 0 -2.941454757509941E-8 -1.7101767053582588E-8 -2.76261609297207E-5
0.4253355502182103 -0.060426816635170834 0.06194940187312641 0 -7.895050295849977E-9 -2.704509018396461E-8 -2.762448686917397E-5
0.3783639298171796 -0.12391451309547895 0.06047575124681011 0 -1.3932094751080607E-8 -2.6674523776662564E-8 -2.7628305934577578E-5
0.3404696044317066 -0.192505611563268 0.06016257670047243 0 -1.5968441235655133E-8 -2.3848777276707766E-8 -2.763240867739426E-5
0.2704412885460664 -0.32134890739138106 0.06148782850104334 0 -2.9060888048725963E-8 -1.7394449319970737E-8 -2.762398179725547E-5
0.28780126788651955 -0.24610682281377952 0.05962067759661022 0 -2.0377062380222877E-8 -1.8419684287508827E-8 -2.7632133597700915E-5
0.15779399244920164 -0.4060014305216929 0.062242172248634084 0 -2.8078757741651628E-8 -6.2313019986408116E-9 -2.762179637491193E-5
0.08201071126761389 -0.3939388987243753 0.060668066988986274 0 -3.103483861183418E-8 -1.3145161945552885E-9 -2.762718114067222E-5
0.04349199689707277 -0.3606955682361924 0.05897556113419837 0 -2.7208827824633237E-8 -1.6251109991402182E-9 -2.7635102351093613E-5
-0.05772042989369192 -0.4373202270026056 0.06251628812885628 0 -2.8373215817183438E-8 6.77428700781718E-9 -2.7622409313016492E-5
-0.03317807935019408 -0.4000499580003112 0.06062434517611841 0 -2.8151858479532748E-8 5.117762403135502E-9 -2.7630848178122885E-5
-0.3619566518906658 -0.37751131442037245 0.06698450376718922 0 -3.189584420583677E-8 2.0724640838394673E-8 -2.76146662105345E-5
-0.36626813150114024 -0.4166408143589399 0.06892167223823106 0 -3.3760864948686016E-8 2.0142167137476706E-8 -2.762537120121497E-5
-0.3449125590697449 -0.44322460700183025 0.06935603931497553 0 -3.4178970584184186E-8 1.9128900975180668E-8 -2.7630212836050563E-5
-0.1061373350373039 -0.43371612134398735 0.06278756375601147 0 -2.981193585617407E-8 1.296059478833926E-8 -2.7614602678230625E-5
-0.1533021139497205 -0.45854960024362473 0.06473399748772989 0 -3.871442946260331E-8 1.2607133130897806E-8 -2.7610614364468202E-5
-0.27258732769368704 -0.47213510106489254 0.06832563375196132 0 -3.739650476733777E-8 1.6271179090194462E-8 -2.7633149803987657E-5
-0.2137590545386873 -0.47234636278777903 0.06671710658979699 0 -4.0720724193227766E-8 1.342791328113351E-8 -2.7625891570990535E-5
-0.18675532053812582 -0.4349325178463068 0.06418357757579088 0 -3.702464820217405E-8 1.5670872365988382E-8 -2.76217742816918E-5
-0.3826278748778653 -0.34149739132768103 0.06638993492953281 0 -3.239597367437904E-8 2.7615890843294844E-8 -2.7615198378410703E-5
-0.0010639892128916778 -0.35571530812846325 0.05866683852382106 0 -2.643171525076335E-8 6.459477521535985E-10 -2.7636237516375167E-5
0.5665181445886517 0.15558354761445173 0.07104008880031383 0 1.6679620171372238E-8 -3.926883051536786E-8 -2.7628184492039413E-5
0.5953591891669738 0.1936606882201294 0.07369160395615945 0 1.5733982534808825E-8 -4.15528905383306E-8 -2.7632189979576073E-5
0.5192463818471629 0.12824117265253684 0.06769417632898124 0 1.7125309522679536E-8 -3.705449884950939E-8 -2.761593229419404E-5
0.5285393108936259 0.16518893231571916 0.06885934434787161 0 1.8520603802438535E-8 -3.428406186725631E-8 -2.7622044640538035E-5
0.6744856330743806 0.25899543825752414 0.08106282636378111 0 1.617653864033214E-8 -5.027392071814699E-8 -2.7624049469044426E-5
0.5964895386590124 0.24538252217967127 0.07505456752399722 0 1.752605278648967E-8 -4.270761759809979E-8 -2.763348376831794E-5
0.8809325160784339 0.2820885436790224 0.09999999999999994 0 2.6161470167538855E-8 -5.993547292115372E-8 -2.7621394874553278E-5
0.7133503615870089 0.32015636681811027 0.08613118221459619 0 2.399097642517902E-8 -5.552388615309115E-8 -2.7613732133019833E-5
0.7978472984237357 0.3041762806928354 0.09281227257926788 0 2.6739573220357318E-8 -5.68021239268869E-8 -2.761742462406779E-5
0.4636209692030302 1.4593888372567647E-16 0.06366862151549985 0 3.056709152266653E-10 -3.358980907962352E-8 -2.7627033612165177E-5
0.4938126220450951 0.06489296717588176 0.06554297030555511 0 8.353889041573787E-9 -4.070604343617382E-8 -2.7619681048116646E-5
-0.6153231968638251 -0.38077552285640803 0.08115372829448388 0 -2.268541797732891E-8 4.7595106118491556E-8 -2.7622784568865307E-5
-0.560449570051932 -0.3810942956107818 0.0775098294695611 0 -2.5639427636589454E-8 4.262613949287786E-8 -2.7633299298327205E-5
-0.4429539530445369 -0.3153758255937713 0.06823813858748431 0 -2.9939232196787276E-8 3.207175605629956E-8 -2.763193210741777E-5
-0.5043029125892239 -0.34762375509843185 0.07274022680505556 0 -2.8261558742050327E-8 3.690226001732382E-8 -2.7638427352969485E-5
-0.6508158876168189 -0.3390076459058359 0.08199721983987755 0 -2.1421678995827316E-8 5.249317339389158E-8 -2.762126592456935E-5
-0.7091826270730176 -0.32330839885714513 0.08590988858162861 0 -2.4952419221910802E-8 5.646687706284909E-8 -2.7618504983379442E-5
-0.7619010673352372 -0.3837317836320327 0.09273617861998763 0 -3.581866460030821E-8 5.651026840926828E-8 -2.761509864704195E-5
-0.8010515387579304 -0.4625279007956028 0.09999999999999996 0 -4.127983027408903E-8 5.536495778440931E-8 -2.7621279282131234E-5
0.19236089157799777 -0.33317883760233996 0.059881599761303 0 -2.5800119144410555E-8 -1.1921371364376419E-8 -2.7635187151628568E-5
0.38492668203237634 1.0023152680894796E-16 0.05989052034096669 0 -2.5489390285129444E-9 -2.7839410870184406E-8 -2.7635815626330976E-5
0.2997814449763267 -0.1302546190444194 0.057552736756421544 0 -8.009815373636064E-9 -2.2141511269394753E-8 -2.763634616300312E-5
0.3411851195480258 -0.06215460789797836 0.058312559079427444 0 -5.6287993948544015E-9 -2.3377283690843125E-8 -2.7637969986794905E-5
0.25568805190108224 -0.19009790761699052 0.05725179690059135 0 -1.2447142979890437E-8 -2.037219010658267E-8 -2.7636031404524036E-5
0.21970172124605264 -0.25470361780543144 0.057909449658114676 0 -1.9795480513679078E-8 -1.6520861859360815E-8 -2.763825750641614E-5
0.23090062297727731 -0.13379820267190193 0.05553869913937325 0 -3.767798642956541E-9 -2.036982543913831E-8 -2.7626251939861303E-5
0.10559774308437374 -0.32641465451667345 0.0581670361159444 0 -2.3381127395799385E-8 -6.501623569565157E-9 -2.7637723601798048E-5
0.031363797849434556 -0.30517057546423765 0.0568332914109285 0 -2.1683864124028785E-8 -5.574228481542554E-9 -2.7635246278596656E-5
-0.08918266806588585 -0.39015326021997465 0.06056960464965617 0 -2.7424970972418476E-8 1.1387160552374469E-8 -2.7628344823673386E-5
-0.049756265008924744 -0.359262534671633 0.05895024498757894 0 -2.6220480251531602E-8 5.3509332331857786E-9 -2.7635590678670034E-5
-0.33370914900421456 -0.3553876317528072 0.06495432896100803 0 -2.501098842499317E-8 2.2042586749949506E-8 -2.7609579080349207E-5
-0.31386332305040454 -0.4019336098806021 0.0662221637922308 0 -2.8460810550194094E-8 1.650801326009753E-8 -2.7621769138007958E-5
-0.15459594130071444 -0.3919265872876224 0.06155021858866086 0 -3.048507549749827E-8 1.6443200838233146E-8 -2.7626875363625518E-5
-0.2322802926341843 -0.4023212684393738 0.06371797650698165 0 -3.0236467116842425E-8 1.673504386181851E-8 -2.762851040624673E-5
-0.33230969380311987 -0.31257443393730217 0.06328313435425743 0 -2.1533837253918723E-8 2.9094883716354464E-8 -2.7614455030579385E-5
-0.37984334067586323 -0.29694191152231486 0.06465963905911942 0 -2.6543576887592137E-8 3.150970052393415E-8 -2.762069839050862E-5
-0.03281109095750644 -0.303248501545522 0.05677241598853609 0 -2.370803345856577E-8 -1.0294463591360042E-9 -2.7635412219514967E-5
0.002774404310843052 -0.26370741404826953 0.055444406431408536 0 -1.9319425765998293E-8 -7.421609065592638E-9 -2.76258082244764E-5
-0.4503344724862791 -0.2539143429242661 0.06663047103760426 0 -2.2626180684426757E-8 3.085546108577231E-8 -2.763238560838982E-5
-0.40625597693717014 -0.2614749559637888 0.06471383725610917 0 -2.2665163573302548E-8 3.0663915242361575E-8 -2.7628799817852367E-5
0.4615326701397575 0.12346215125476942 0.06442192515091573 0 7.571466582761457E-9 -3.405585517539111E-8 -2.7606547874202213E-5
0.5387084587482873 0.20560708274998704 0.07032262751622614 0 1.9308202502236025E-8 -3.4852586295322386E-8 -2.7629876268668987E-5
0.4879508039440348 0.17532903328848173 0.06671893154849401 0 1.6555347052763538E-8 -2.896458625804308E-8 -2.761709820780705E-5
0.532509259731304 0.25445661626164345 0.07121936353097057 0 2.1030581513512765E-8 -3.5797442261789933E-8 -2.763476991260823E-5
0.6341588941531792 0.31283518999890103 0.07981624453248937 0 1.8939453545897105E-8 -4.949207501888923E-8 -2.7624366585525778E-5
0.5661686439840169 0.30314954318445153 0.07485251919573685 0 2.1046420014702662E-8 -4.141741946071686E-8 -2.763461042291169E-5
0.8437752416466553 0.3790359375932063 0.09999999999999998 0 3.479578056608919E-8 -6.078101607713561E-8 -2.762066001477238E-5
0.6719229666176102 0.38840511082381185 0.08561888827579653 0 2.4776215784068375E-8 -5.055537594128048E-8 -2.7604278578358476E-5
0.7564175363077813 0.38622567562379634 0.09237249347625182 0 3.472235813954382E-8 -5.515394303229158E-8 -2.7609057945489477E-5
0.41461516466779025 0.07768102097507298 0.06157475739077051 0 9.494340939601143E-10 -3.35826875559016E-8 -2.7624445390428516E-5
0.41609697408913526 0.13788398400008967 0.062378681269293045 0 4.143104915257301E-9 -2.9352167571133896E-8 -2.761889729961474E-5
0.3331467524821928 0.06332732629493788 0.0580143200893398 0 4.276049982809154E-9 -2.5241689042708637E-8 -2.763916462535606E-5
-0.47800098007166614 -0.21838828549818234 0.06713458210584479 0 -1.9822108626446607E-8 2.991634102824796E-8 -2.7630036830588734E-5
-0.581042663690517 -0.3157640075984302 0.07626188231201678 0 -2.1628582990767487E-8 4.4264997270650064E-8 -2.7636003270862267E-5
-0.516501927640104 -0.27345997871285144 0.07083650833060166 0 -2.341308801850881E-8 3.581607450838358E-8 -2.7638808118586326E-5
-0.6531660790226061 -0.2763311132584134 0.0799841441751332 0 -1.8284102254187318E-8 5.0504885939319736E-8 -2.7630576083870916E-5
-0.7177089386751481 -0.25492955224205677 0.08435704674323387 0 -1.789501968158667E-8 5.2660350401633876E-8 -2.7625005095198844E-5
-0.7682837005378522 -0.21778108265977297 0.08762455506029665 0 -1.6400359035613077E-8 5.228372210219773E-8 -2.761842354586255E-5
-0.7926496756412593 -0.29133333750236745 0.09190870000572768 0 -2.6242532424626016E-8 5.7011894615459705E-8 -2.7623542463030014E-5
-0.8437556437212325 -0.37907955935377746 0.0999999999999999 0 -3.6090180076802475E-8 6.182860284182732E-8 -2.762682460191705E-5
0.14972579901011426 -0.2593326910893636 0.056582144341893334 0 -1.769952995435478E-8 -1.340767812063654E-8 -2.7639468042581835E-5
0.30024351839566077 1.0287337474471442E-16 0.0566089984335615 0 2.735292298788016E-9 -2.1679792096758995E-8 -2.7640191421682826E-5
0.25485064501553867 -0.06881848120103613 0.0554520694654174 0 1.0703931419876002E-9 -1.7585003746394878E-8 -2.7631017739437523E-5
0.2018137422816696 -0.09141964150518621 0.054287541904913736 0 -6.14209119568747E-10 -1.4188796574526207E-8 -2.761383763520374E-5
0.1764824224893901 -0.17786432905826247 0.05506179018247805 0 -1.0913934652105511E-8 -1.908098187488308E-8 -2.762800184745879E-5
0.17846806103523252 -0.12182655323316927 0.054152220507936534 0 -6.572514746565629E-9 -1.76187955266132E-8 -2.7611640100457367E-5
0.06445906182530688 -0.2524774236880236 0.055351148337145016 0 -1.488106516717667E-8 -9.759014725472957E-9 -2.7629941287809635E-5
0.01713256069613923 -0.2191946756676691 0.054245341320781695 0 -1.3476707864736495E-8 -6.179214244833247E-9 -2.761292407040224E-5
-0.015811501710617768 -0.22080470166743846 0.054282927994611936 0 -1.9148661970897754E-8 -4.067218067514117E-9 -2.761331453699472E-5
-0.11115524588477288 -0.32319159740630654 0.058116751891295344 0 -2.489138069787531E-8 9.272590217948011E-9 -2.763946671236163E-5
-0.2724211583800276 -0.34021230275634257 0.06225471036920954 0 -2.0093835470426324E-8 2.099879694352531E-8 -2.7624755413941448E-5
-0.19295762658678686 -0.33421241295621795 0.059933626134453855 0 -2.3750725251476046E-8 1.6399756046309567E-8 -2.7637090049993046E-5
-0.299671918215507 -0.26919022055739933 0.06068803798570996 0 -1.7180747078913916E-8 2.5969000073837122E-8 -2.7630053528104663E-5
-0.35401952964801076 -0.2618191533072333 0.0624765930436588 0 -1.979818681923589E-8 3.017601441682689E-8 -2.762685517047126E-5
-0.059917909088264505 -0.2537684697083779 0.05535616729591674 0 -2.301431179433747E-8 -7.996922264250602E-10 -2.7630244193709417E-5
-0.4286041911968905 -0.21160410640457614 0.06443452009247358 0 -1.6242003430799453E-8 2.8382839435953874E-8 -2.7628326084220004E-5
-0.3837371950984817 -0.21760730691022395 0.06251779019199943 0 -1.5714545276322432E-8 2.848843965068257E-8 -2.7631023782075634E-5
0.44078820931890417 0.17778853409565737 0.06428879605061415 0 1.1138930234650884E-8 -2.691338206558022E-8 -2.7618641302910853E-5
0.4759951064045458 0.23047538821939026 0.0673334019397155 0 1.982342963515434E-8 -2.974576098986132E-8 -2.7628641175254207E-5
0.5023235944487765 0.29151864533540206 0.07059623054924213 0 2.42278055031918E-8 -3.458647097606592E-8 -2.7635747862404768E-5
0.5853609901656723 0.37038384021673393 0.07867156144500055 0 2.2347803573952522E-8 -4.426052446967443E-8 -2.7627140073746166E-5
0.5293785213896149 0.3388907230126146 0.07386902220939724 0 2.4905177591214757E-8 -3.83914134623724E-8 -2.763587406920928E-5
0.8010710017272104 0.46249419126110125 0.09999999999999991 0 4.007184643189604E-8 -5.4324636738839994E-8 -2.7616627925406937E-5
0.626960623589047 0.4522983371432033 0.08535306995964971 0 2.934567865850857E-8 -4.3325913609738946E-8 -2.7615364709780824E-5
0.7061350528834721 0.4673278645716987 0.09212747065803699 0 3.651864201394859E-8 -4.501413558151076E-8 -2.7610245697591377E-5
0.3592371994727271 0.12552401442410036 0.05970040660633737 0 5.706280052840731E-9 -2.656104175803042E-8 -2.7633265279698075E-5
0.39449037889125516 0.17177804019933995 0.06198157459134765 0 8.630988952933232E-9 -2.69955373776392E-8 -2.762614074883444E-5
0.2907007887888551 0.1297941048796961 0.057242741237689944 0 1.1725359657318946E-8 -2.0399290630200566E-8 -2.7637258165539568E-5
0.2538184516803514 0.06940494742292715 0.05542696753822805 0 1.12951234895513E-8 -1.9106562892435478E-8 -2.7631341269691028E-5
0.20062573683728857 0.09527047772396227 0.054301155270572714 0 1.294485677889574E-8 -1.4235923505944454E-8 -2.7614190157237098E-5
-0.4690213191754545 -0.16282051739106812 0.06545407679976868 0 -1.364714568280348E-8 2.8733409286934748E-8 -2.7616102003493882E-5
-0.5329845388239064 -0.1985594752136454 0.06981392050905111 0 -2.0110309817439302E-8 3.4785520190137414E-8 -2.763266475899358E-5
-0.5985835515449605 -0.2260297922817816 0.07467942546060531 0 -1.771887545894851E-8 4.310358439837238E-8 -2.7638067651285868E-5
-0.6738902730202506 -0.22049852083738797 0.07997070091519404 0 -1.3829913244093158E-8 4.930898869959888E-8 -2.7631072066176584E-5
-0.7224932718504692 -0.1846612188414888 0.08299584497449673 0 -9.484818231070097E-9 5.1121481609903006E-8 -2.7621470463713236E-5
-0.784218194998307 -0.17459658052838994 0.0880668176158918 0 -1.3558854373725588E-8 5.374863738502925E-8 -2.7610395590845432E-5
-0.8340398056073667 -0.21902107573341573 0.09363611174877708 0 -2.1808607635461254E-8 5.6539813985162467E-8 -2.7619715325505482E-5
-0.8809151182252344 -0.2821428693025129 0.09999999999999996 0 -2.7420754539023513E-8 6.10414710024385E-8 -2.7629104374512393E-5
0.11138757858716244 -0.19292894544503636 0.054318208030815426 0 -1.1784339567737912E-8 -1.243337349553275E-8 -2.7627750955834787E-5
0.2238875048948224 7.238912562247948E-17 0.054346295287657886 0 5.058122060066328E-9 -1.6115890901774633E-8 -2.7628281735212624E-5
0.19420772375092543 -0.04676552312468657 0.053768452091938715 0 3.6443706860043947E-10 -1.0947631085276746E-8 -2.7619138278746957E-5
0.16765785073129597 -0.0820458117059934 0.0534822586461166 0 -6.0270985534331105E-9 -9.904927783352524E-9 -2.761006205241183E-5
0.1532214795718842 -0.1047515501973591 0.0534601593182905 0 -9.787712208943314E-9 -1.231548937969534E-8 -2.761036708125091E-5
0.13365633223327952 -0.1314943305448411 0.053500013617672364 0 -1.1770243637816255E-8 -1.3296797777284768E-8 -2.7616874950718574E-5
0.1909210649037196 0.04684254353730671 0.053697308093126346 0 6.728729829467514E-9 -1.6678387150795373E-8 -2.7619110012978586E-5
0.05493858025113072 -0.1872116672800932 0.053664600392910426 0 -9.666809212085238E-9 -5.230100400725882E-9 -2.7618586265959416E-5
0.0015895535343272628 -0.18045943852644164 0.053353802929854664 0 -1.3274117563604887E-8 2.105748184379242E-9 -2.7610356257566536E-5
-0.053441146730527564 -0.18709102439814254 0.05365287398922711 0 -1.8526099477760793E-8 2.813440532577595E-9 -2.7618948273096472E-5
-0.15050660974349658 -0.260685094950677 0.05663516711153095 0 -2.0952916879120625E-8 8.704391875931275E-9 -2.764131995016389E-5
-0.22974591189928226 -0.256397975299907 0.05821373401797809 0 -1.7839168645957228E-8 1.700555811994074E-8 -2.7640016760444957E-5
-0.2901412929767384 -0.21922908092139923 0.05898973037684318 0 -1.5629627240520314E-8 2.2646611704341574E-8 -2.763804024237129E-5
-0.3302765228915605 -0.22443841547131757 0.06052899064430553 0 -1.552169374004171E-8 2.6806558838270776E-8 -2.7634412203224702E-5
-0.11217260429255088 -0.1942886498520168 0.05435789315243198 0 -1.7230644113040507E-8 3.928298552462065E-9 -2.7629386206903778E-5
-0.4043520178042477 -0.16901983470521795 0.062374130552393804 0 -8.943777931704467E-9 2.775881727758108E-8 -2.76271538478542E-5
-0.36201088411519367 -0.17400839360604692 0.060635096430618034 0 -1.0405331856237142E-8 2.6740445671373785E-8 -2.7634578627675217E-5
-0.42569230627547644 -0.12215318657273527 0.06260425960749791 0 -3.8513465531745625E-9 3.2319921805019086E-8 -2.7619748515666483E-5
-0.467604489294916 -0.09647351175034927 0.06440527405535047 0 -7.824343648596082E-9 3.9285880274752534E-8 -2.7615105270466405E-5
0.40159415937487924 0.2222711945652258 0.06342742714419668 0 1.5956616461204416E-8 -2.813613124310124E-8 -2.7627492566949246E-5
0.4374027432196876 0.28280425722564984 0.06685837267776952 0 2.5470359225127224E-8 -3.0948005418960805E-8 -2.7629203761193407E-5
0.4716692828943538 0.34325991058700284 0.07076541111671204 0 2.954471339445284E-8 -3.302135318544137E-8 -2.7634029524707854E-5
0.5572755215547438 0.4510872900080022 0.08061070588876619 0 3.02977273465102E-8 -4.1915337466645485E-8 -2.7626160098174E-5
0.5201731653431543 0.38799390136202994 0.0753439569886662 0 2.7951779685217987E-8 -3.820101194006471E-8 -2.7634292621881468E-5
0.7501545426059838 0.541195955123228 0.09999999999999998 0 4.334404134654363E-8 -4.809213151553198E-8 -2.7621774240364175E-5
0.5828756184496425 0.5332115379316271 0.0868511630159933 0 4.0875830896615675E-8 -4.4077934849336756E-8 -2.7616993890972172E-5
0.650470548607775 0.5465931881196748 0.09240305490818579 0 4.3333652914710805E-8 -4.4281112365696424E-8 -2.7618979408062388E-5
0.33827356631260735 0.19741612693850677 0.06018657141513714 0 1.2640772174039258E-8 -2.5359859759968E-8 -2.7634211871760804E-5
0.2643297840462276 0.19520810401833616 0.057617277126140565 0 1.50793795912332E-8 -1.7851732585919494E-8 -2.7638140612652248E-5
0.23462332403576286 0.13422621113694244 0.055643167928538385 0 1.5742752666461052E-8 -1.345235080446963E-8 -2.7628471914354176E-5
0.1835322570857455 0.12636576122723128 0.05431954168807021 0 1.2373129076561059E-8 -7.801066968346769E-9 -2.7614609769745087E-5
0.15384433041034717 0.09209874155024383 0.0533301823681776 0 4.377131689425496E-9 -1.1669689249161953E-8 -2.7611174106064717E-5
-0.5199939829281822 -0.124648956040805 0.06768673130026932 0 -1.7738258010427693E-8 3.826060888994634E-8 -2.7620956379212454E-5
-0.5744027965338087 -0.14938461510286838 0.07144252826293566 0 -1.6662668700445533E-8 4.1075764577418966E-8 -2.7634324034927054E-5
-0.6477191420222239 -0.14358128013705043 0.07642272847163621 0 -9.420398702146232E-9 4.79061968958279E-8 -2.7635265710359953E-5
-0.735100345459195 -0.11930462056175606 0.08291132970822637 0 -3.5272689226068296E-9 5.6209320927869014E-8 -2.7617963833984944E-5
-0.8023821229894582 -0.12465004703532732 0.08885408731398864 0 -1.2335537839741279E-8 6.09798722884382E-8 -2.7608346066165285E-5
-0.8531067718150073 -0.15803750226362165 0.09415708085227005 0 -1.937169166235835E-8 6.101319752119129E-8 -2.7615449754393663E-5
-0.9051158299750595 -0.19076243784282 0.09999999999999995 0 -2.1636265958754824E-8 6.343318023112898E-8 -2.7623619863089266E-5
-0.8393412000271001 -0.10211595922316327 0.09200820531311653 0 -1.4178713712174211E-8 6.469888996747437E-8 -2.761537951132444E-5
-0.5124187514513647 -0.05184789683178334 0.06651654728017117 0 -9.300522091493354E-9 4.170214650504427E-8 -2.76301293661246E-5
-0.4662367643365183 -0.05429215722432917 0.06397307879016166 0 -4.952225370529774E-9 3.934501038874794E-8 -2.762647035939607E-5
0.07846305682895906 -0.1359020009449211 0.0529048760801971 0 -1.0394330375470615E-8 -5.2324362671468596E-9 -2.7622157203978643E-5
0.1581850159804538 4.03666044625459E-17 0.05292729798071231 0 -5.400314514294327E-10 -1.1329787999507073E-8 -2.7622248346089022E-5
0.1339429855522494 -0.042721659792281826 0.052630185389843626 0 -6.138712540801423E-9 -7.042458300490486E-9 -2.762106269546228E-5
0.12170874450296679 -0.07937873255132208 0.05270638285367756 0 -1.0176861955492793E-8 -6.768960608209608E-9 -2.7618517027082154E-5
0.0926329081859553 -0.0934021566431387 0.052491087538806276 0 -1.0340623728498639E-8 -4.975980250385389E-9 -2.7623188867709547E-5
-0.07925046645516257 -0.1372658344238745 0.05293295280422828 0 -1.0329553264618241E-8 6.22912198314236E-9 -2.7623011514010526E-5
0.12737884186502532 0.04457914646124025 0.052542398875778 0 -1.3435091224948537E-10 -1.148192322083947E-8 -2.7622429146506736E-5
0.025874926118163208 -0.13266950985365822 0.05254567933671947 0 -9.448959703175298E-9 2.280608983649808E-9 -2.7622036612858857E-5
-0.025243839799718233 -0.13300675455069116 0.052548920040911946 0 -1.0685359811687782E-8 6.087230899496261E-9 -2.762234973497594E-5
-0.18973296493485722 -0.18461798069110355 0.055474546986767154 0 -1.6548659393120758E-8 8.309108597533551E-9 -2.7632901277618925E-5
-0.2483235922732361 -0.1816505696604007 0.05686432272721824 0 -1.6181663856657165E-8 1.5838678823380866E-8 -2.763791291488039E-5
-0.30831506111577245 -0.17770170158565643 0.058672582596364375 0 -1.3353984004451651E-8 2.2997544628152128E-8 -2.7639384783915435E-5
-0.13643849435757827 -0.142707733989249 0.05371629461338724 0 -1.0067357278383883E-8 5.440153766279056E-9 -2.762026386634463E-5
-0.184039983968445 -0.12735803584373426 0.05434432437859786 0 -1.3243166919470073E-8 8.346212216319824E-9 -2.7616000170304923E-5
-0.10393602836491156 -0.0928684349452979 0.05261104654913399 0 -3.5283213646285846E-9 9.05656297031562E-9 -2.7622416368689148E-5
-0.33491839009005275 -0.13913239257244242 0.05894927757126896 0 -9.26021155640774E-9 2.5014333090248325E-8 -2.7638920655608602E-5
-0.379850741799242 -0.12110542276221135 0.060500587943527986 0 -4.5893379223801605E-9 2.8971922539516734E-8 -2.7632373887044205E-5
-0.40842759083875496 -0.05875232359605658 0.061140527783328784 0 -1.3514417160026475E-9 3.332799630290268E-8 -2.763273299312019E-5
0.36282250283673584 0.2686598783514224 0.06303900336729046 0 2.0481935812342045E-8 -3.0321865062774166E-8 -2.7623946417707143E-5
0.4058790843317993 0.3317218591300756 0.06705525860874961 0 3.1536938283546224E-8 -2.9070640710960066E-8 -2.762114651841869E-5
0.4678168231247622 0.39722837411780604 0.07282402579327739 0 3.19689754120845E-8 -3.273592485484014E-8 -2.763398363603319E-5
0.43228391685071293 0.3802988180284773 0.07026687195777441 0 3.3529881886937564E-8 -2.8471607007734945E-8 -2.762916714962348E-5
0.5096255127299391 0.5106912413470729 0.08097857821614195 0 3.5938176870811733E-8 -4.1530570210498135E-8 -2.762252195865262E-5
0.49005227512439575 0.44470401859070535 0.07629562530822705 0 3.2433349494201345E-8 -3.659400213740437E-8 -2.7632543820348005E-5
0.5354804188313992 0.5793968081607486 0.0867593250488703 0 4.420883920737961E-8 -4.245485705299317E-8 -2.7606925306356133E-5
0.6847900044003186 0.621834941224156 0.09999999999999994 0 5.148737846149378E-8 -4.647003907919629E-8 -2.7623679764234166E-5
0.5876935447112426 0.6161088910778022 0.09257893706827944 0 5.15053543599868E-8 -4.100521023923918E-8 -2.7611519094215888E-5
0.2968769596322443 0.26583446546620604 0.06049214663587174 0 1.6300422120520985E-8 -2.4941479628635787E-8 -2.7630496153593712E-5
0.22703812963746217 0.26409762190385 0.058370438456053005 0 1.7423195573528466E-8 -1.6403314846691066E-8 -2.7639895703260325E-5
0.18890830540911197 0.18932922319802872 0.05555650018582656 0 1.5880782979242517E-8 -7.850720651831732E-9 -2.7633433274463157E-5
0.10177697427875262 0.08834048795367637 0.05253956863179544 0 2.5653729009854892E-9 -8.65720182382295E-9 -2.762283747675594E-5
0.13647605991683223 0.1435082568468913 0.053729825805134857 0 9.477250969469283E-9 -4.997893402523126E-9 -2.7620214184985926E-5
0.14969050843762163 0.2592715660247786 0.05657975437506356 0 2.0182573589551553E-8 -7.919005575435894E-9 -2.7642021390811144E-5
-0.5844196053235717 -0.07491703801282973 0.07115392026499065 0 -1.0339267735411968E-8 4.472976647814655E-8 -2.7638041915275787E-5
-0.7351410524947968 -0.060926854977285956 0.08231802271497875 0 -1.3922769160150971E-9 5.769145092354912E-8 -2.7625614298206057E-5
-0.6752473549062168 -0.060997662019661704 0.07752927755735102 0 -2.231654498482584E-9 5.1721915497510943E-8 -2.763582544604076E-5
-0.7962287177911108 -0.06074957956360477 0.08762354715881242 0 -6.184683902205755E-9 6.300207482054042E-8 -2.7619361861113598E-5
-0.8627884197170684 -0.055125093298773874 0.09385473111979895 0 -1.048312886317103E-8 6.605716218252052E-8 -2.7623455636885348E-5
-0.9192838471164881 -0.10263764414409532 0.09999999999999994 0 -1.5763545762677216E-8 6.974066022042172E-8 -2.7625664582422443E-5
-0.5447672634209793 2.858524015158418E-17 0.06830049229574699 0 -5.22696729217459E-9 4.0262381801842184E-8 -2.7637972943225023E-5
-0.4638591691868275 2.797468827787367E-18 0.06368112390889594 0 -1.1796523832252746E-9 3.425532915856713E-8 -2.7632782989446187E-5
0.04273067501608843 0.07401170016957923 0.051925849626185475 0 3.2738042710395024E-9 -5.9841903133199234E-9 -2.763275639246306E-5
0.04273873390329096 -0.07402565857166639 0.05192600533605054 0 -7.539713878336692E-9 2.5233645849508635E-10 -2.7631983501719247E-5
0.08580268905133058 2.7616060966210454E-17 0.05192915349305607 0 -3.970635509395344E-9 -6.007686070004385E-9 -2.7632012707268152E-5
0.07416648351753428 -0.042820039223696336 0.051927573540639343 0 -6.8283172348110145E-9 -3.1937565291078514E-9 -2.7631717423392456E-5
-0.04299754043112494 -0.07447392462720538 0.05193102148339571 0 -3.982237525581827E-9 6.568065664490168E-9 -2.7632400947397122E-5
0.07415950431437714 0.04281600977887487 0.051927495533993596 0 -6.216678162539289E-10 -7.104105719616997E-9 -2.7632125028217813E-5
1.3904975238826412E-17 -0.08573627431625096 0.051928505242836896 0 -6.567629551660458E-9 4.204024129532764E-9 -2.763190968639796E-5
-2.9796378738924766E-17 0.08577355466188762 0.05192886660175564 0 5.958614279742066E-9 -3.6821301561096764E-9 -2.763278830564258E-5
-0.22815732549244747 -0.13366956667415786 0.05546555293618704 0 -1.658238287767975E-8 1.3158417968238727E-8 -2.7628405193202372E-5
-0.27837086784154214 -0.12617379267311213 0.056793561369108604 0 -1.3449392748316312E-8 1.9736302452723618E-8 -2.7638182539311078E-5
-0.15093740406319933 -0.09389909648308081 0.05329903073383901 0 -4.950602601584282E-9 1.1730833656537687E-8 -2.7612563977908868E-5
-0.19761019796705667 -0.10158906953187431 0.054303584925033135 0 -1.3766279104139786E-8 1.3520643882628358E-8 -2.7614839470400654E-5
-0.12619399745448537 -0.06614911525416545 0.052660410611162535 0 -1.467061915036684E-9 1.1962233609186425E-8 -2.762078838934218E-5
-0.07423701450489274 -0.042860760308234 0.05192836227840669 0 -9.216890957153456E-11 7.632220297332813E-9 -2.7632637210738536E-5
-0.4277423899643161 0.06497482014443749 0.06209784320535729 0 7.61866063479044E-9 2.7577318455550126E-8 -2.7629063386454793E-5
-0.33304413722574777 -0.06930677678439595 0.058055306373968225 0 -5.387500606389626E-9 2.5826004517231994E-8 -2.764219573565679E-5
-0.3847166606924661 9.345124501562139E-19 0.059881376808148805 0 1.7930732339343855E-9 2.8433495499666274E-8 -2.764061679562215E-5
0.3329058545937796 0.33325924236807375 0.06406157186555389 0 2.187995704476582E-8 -2.5697573216507255E-8 -2.760878603724355E-5
0.49825230464030634 0.6040689738251999 0.08623250303750961 0 4.147667707300677E-8 -3.738991178520998E-8 -2.760442294586079E-5
0.3818998921620359 0.39282083230988174 0.06849211870683777 0 3.353812842494212E-8 -2.1125822556462797E-8 -2.7621608025419332E-5
0.4314021965681312 0.42876752259718576 0.07244484890584979 0 3.397273361474837E-8 -2.8658320273583185E-8 -2.7632424669657162E-5
0.4723939921181883 0.5653277489130144 0.08223903081434109 0 3.678663575837625E-8 -3.875473118047401E-8 -2.7615429607691715E-5
0.44736034083495346 0.4974141441538552 0.07684191432450417 0 3.4649951609441294E-8 -3.413501126921464E-8 -2.763043683238877E-5
0.5230354883414245 0.6422697488364204 0.0903707538749386 0 4.8296493999898525E-8 -3.3525010645243475E-8 -2.760422018670437E-5
0.6177594130735138 0.6884753307245898 0.09999999999999995 0 5.625221714039183E-8 -4.041721010975337E-8 -2.7618086268607955E-5
0.5518007966248653 0.6760563257947593 0.09465507346897212 0 5.308026216017597E-8 -3.365184399275076E-8 -2.7611078676444242E-5
0.2625418688185837 0.33648330779519714 0.06181290503458571 0 1.9449911974192948E-8 -1.989535201048494E-8 -2.7627841358466846E-5
0.10763513709501461 0.3224957272318108 0.058047784011843594 0 2.414335199503743E-8 -8.254858822754704E-9 -2.7641265403492987E-5
0.19231764390950024 0.3331039304431938 0.059877835485628014 0 2.290290043839776E-8 -1.5676864486194776E-8 -2.7638399647014086E-5
0.11136664405289663 0.19289268576805546 0.0543171535525474 0 1.6385352074777436E-8 -3.232362731740414E-9 -2.762960229342464E-5
0.07844894660138711 0.13587756131386042 0.05290437550856248 0 9.466219871107398E-9 -5.770063671912192E-9 -2.7623501644080357E-5
0.03519829734560284 0.13784946141786306 0.05265706254873472 0 1.0630325133516238E-8 -5.616111310306631E-9 -2.7622660062398003E-5
0.06630901180929025 0.2508565357105051 0.05531869953262273 0 2.1958631085890908E-8 7.22488746794071E-10 -2.7632494668521103E-5
-0.017053837843317182 0.27836069099312905 0.05590951428308119 0 1.88461096717196E-8 7.694524035609999E-9 -2.7633296826529835E-5
0.011677278178983168 0.25977319628253465 0.05533524160416193 0 1.9834249702728468E-8 6.9047485256976906E-9 -2.7627632057603042E-5
-0.036475279191632355 0.1302798698937502 0.052547520741153056 0 8.756951459836022E-9 -4.3748282922976924E-10 -2.7624511636946035E-5
-0.004334214649360648 0.15163914092247652 0.05281372846092682 0 1.050479239897373E-8 -3.7020372275310326E-9 -2.761880429561037E-5
-0.5548238392163805 0.07638757137486699 0.06925704553616709 0 -1.079429175047639E-9 3.877945423837182E-8 -2.7634779618005126E-5
-0.6361392415232946 1.3179599374821288E-17 0.07441207081886599 0 -7.306333682449467E-10 4.6932008150509776E-8 -2.764185705633028E-5
-0.7353276040989696 1.376885046738379E-19 0.08212306732579755 0 2.157583450294531E-9 5.42312952893889E-8 -2.762995106877542E-5
-0.8245744171037558 1.994957568951944E-17 0.09002147282184524 0 -3.6772795847247553E-9 6.079128173996232E-8 -2.7624374530953392E-5
-0.9249999999999996 -3.487031299242896E-17 0.0999999999999999 0 -7.451979508568375E-9 6.826587748454144E-8 -2.7631443572365183E-5
-0.6215823870108426 0.05940809814964494 0.0735747228508592 0 2.5650335089028482E-9 4.462621601476262E-8 -2.764117014011288E-5
-0.5039157942187592 0.07056797810116018 0.06615707446286308 0 -4.3309177301406074E-10 3.2526685858011996E-8 -2.7626054153318405E-5
-0.4742240483662385 0.11256694280313873 0.06494853319711702 0 6.256007634185974E-9 3.253430015539531E-8 -2.761312339340307E-5
-0.4362515368769683 0.13236424219261794 0.06326633817399899 0 1.4004636749294375E-8 3.2957660116017653E-8 -2.7618177996422762E-5
-0.3689420167821231 0.1279817916152874 0.06013540062401418 0 1.2849286761045893E-8 2.6893346301998178E-8 -2.7635873030093902E-5
-0.40020050920329836 0.18553375498639205 0.06251643484045978 0 1.5714102355144E-8 3.145203883350894E-8 -2.7631062913978975E-5
-0.11902524067374867 0.3280525016025783 0.058398241089487615 0 2.2845698590844346E-8 7.619297065497703E-9 -2.7642565307375066E-5
-0.278960464150049 0.23105339123962187 0.058930977919053947 0 1.7695416503983834E-8 1.9488212056189125E-8 -2.764047499691762E-5
5.529796886260846E-16 -9.523255661324038E-16 0.05151308386343702 0 -3.3855085532359054E-10 2.653175277270215E-10 -2.7640941204373167E-5
-0.043042879691499385 0.0745524545297515 0.0519319033593881 0 6.9200749433526476E-9 2.6095229015238195E-10 -2.7633145286735697E-5
-0.24680219676358373 -0.07209570484822997 0.055249906628573604 0 -1.2434759466888979E-8 1.9130685702403865E-8 -2.7631970059656368E-5
-0.1740533791739203 -0.0457943921612332 0.05334383022045102 0 -5.186478662613738E-9 1.621601736657381E-8 -2.7619646853641913E-5
-0.12783259126111418 -0.033275347967647695 0.052499203818416273 0 1.019378878193433E-10 1.1654487736407486E-8 -2.7624811164906978E-5
-0.08544796042127181 1.2633032021521531E-17 0.05192572029476935 0 3.258489735125671E-9 6.525185274544168E-9 -2.763317543848702E-5
-0.33947513674739144 0.06240362523718613 0.058248486325065116 0 4.737255227272158E-9 2.3870666838477645E-8 -2.7642897327140788E-5
-0.30816555573663146 0.12979030410922676 0.05783416263257108 0 8.002497563423805E-9 2.304394093480744E-8 -2.764159988238892E-5
-0.22695325756190307 0.2565120405768185 0.05814491145404571 0 1.953808752600451E-8 1.721038578530533E-8 -2.7643169079073993E-5
-0.25569422992480956 0.1801064295667739 0.05704280655464759 0 1.0410143080877544E-8 2.1266776637480125E-8 -2.7640352878306148E-5
-0.07471068043782807 0.26158647648355277 0.05569656348774581 0 1.5213931422804967E-8 1.0350240326555096E-8 -2.7636823850016965E-5
-0.15073713287945018 0.26108437273446883 0.05665087411303693 0 1.718669009560307E-8 1.391929986252679E-8 -2.7644205671614906E-5
-0.0793293077376864 0.13740239153093972 0.052935779499837216 0 9.768368837052667E-9 5.939852024482818E-9 -2.7624371339701625E-5
-0.299396714946573 6.0549876586637245E-18 0.05658028588283899 0 -3.5894236397211192E-9 2.2220053250068366E-8 -2.7643699323793646E-5
-0.39181543828090004 0.55445735722153 0.07760084140770424 0 4.3041518683313444E-8 2.7555990564869317E-8 -2.7636589911704254E-5
-0.42125713605646403 0.6077940464059373 0.08247265847688973 0 4.869551461770387E-8 2.979126307110841E-8 -2.762618485420188E-5
-0.4499036574234317 0.6597655574984553 0.0876254316161508 0 5.08009482278563E-8 3.642473901365765E-8 -2.7620300086787925E-5
-0.4789401191209052 0.7197628636157833 0.09385470752197607 0 5.128228485691051E-8 4.183667885598855E-8 -2.7624188862017817E-5
0.30693864167133966 0.4042133776050551 0.06608285286906407 0 2.7683519710777448E-8 -1.5713163448671895E-8 -2.7623527276733888E-5
0.45341996389119593 0.6343388790419371 0.0859386615701075 0 4.123151268960108E-8 -3.143443497455959E-8 -2.7612725949566952E-5
0.36186279370904106 0.47199806236141656 0.0715259330567936 0 3.48727756678895E-8 -2.2069656996067694E-8 -2.7634677014676718E-5
0.400949758946052 0.5652131577221655 0.07869394977656127 0 3.7421014943834625E-8 -3.090716078106682E-8 -2.7629047481095464E-5
0.4904238791693691 0.6985151762406319 0.09277567976728547 0 5.0760663871876406E-8 -2.8758944636890566E-8 -2.761480367348614E-5
0.5485314952955888 0.74480230687788 0.1000000000000001 0 5.611025789558151E-8 -3.226962652866468E-8 -2.762001573131228E-5
-0.157502577302292 0.4062797025959702 0.06224976286168574 0 2.7153481780070267E-8 6.781726200180393E-9 -2.7627748164579848E-5
-0.04439277195221168 0.328710102628296 0.0577329050528648 0 2.320068996494288E-8 4.64405649251083E-9 -2.7640767562635145E-5
0.025557696189703685 0.3104658173674805 0.05699894508193312 0 2.3092055479883403E-8 1.7972620064647667E-9 -2.763875424389807E-5
0.05891091878969271 0.3561813785904501 0.05888183035860122 0 2.5306503495631694E-8 -5.5458522924968545E-9 -2.7638727553137706E-5
-0.07539656272461737 0.3826387268002811 0.060112744280339386 0 2.9017370033064126E-8 2.2204800101780283E-9 -2.7635039776872767E-5
-0.19156331121345582 0.4731617410648756 0.06625147072173321 0 2.755873821200784E-8 1.646900708994917E-8 -2.7625660291868837E-5
-0.31860245148696237 0.5518356333914171 0.0744889558881298 0 3.980025703580653E-8 2.3788466306083363E-8 -2.764202219044057E-5
0.23188989210585279 0.40164507488900236 0.06367695651733306 0 2.9400474935966408E-8 -1.6094743880638325E-8 -2.7629934170402477E-5
0.18545604713463834 0.43047399478074116 0.06393784680976809 0 3.554833358855746E-8 -1.5290988608516444E-8 -2.7624283074650297E-5
0.15384627156060351 0.3839117365891883 0.06118533303935759 0 2.8732782359195108E-8 -1.5616452444255183E-8 -2.763101390832125E-5
0.08567704016096148 0.3934342712802923 0.06068036954612458 0 2.664370865688254E-8 -1.0591831267366023E-8 -2.7630752655867106E-5
-0.04746651353754765 0.1829715324610284 0.053532622158623755 0 8.901870544351642E-9 4.337165299405402E-9 -2.7619483007141645E-5
0.01717373484524668 0.1662656573333219 0.053092157016808576 0 1.3565953376657697E-8 -3.889315795300021E-9 -2.7615957344009015E-5
7.833096257776418E-4 0.19069362679459012 0.05356840441819727 0 1.3701550998064464E-8 9.77819361513861E-11 -2.761123289579581E-5
-0.014253461472862217 0.23459230484404994 0.05463523466770248 0 1.4636032955910552E-8 8.307307631286411E-9 -2.7619559256614818E-5
0.04520143550094837 0.1841851235528076 0.053545944108146816 0 1.7416590861678535E-8 -2.4789040409735465E-9 -2.7618292095791326E-5
0.017981432514459814 0.22651294475696923 0.05443142027174295 0 1.9164669111184963E-8 5.029386056968914E-9 -2.7617171398069515E-5
-0.4509389353459413 0.18062953941108667 0.06485872161226297 0 1.312448456252489E-8 3.891544102501104E-8 -2.7623730874028704E-5
-0.43855507291261625 0.22078311851591842 0.06514753629020965 0 1.4286541238635372E-8 3.608253995895168E-8 -2.7631728432867336E-5
-0.5430568755805911 0.1088667628343709 0.0688662273363696 0 -1.1241190587398196E-10 3.9014101709043866E-8 -2.7629753438665183E-5
-0.5075730010734566 0.12513873893141766 0.06697106660603608 0 1.3538812782601643E-9 3.774509532473667E-8 -2.761871911130639E-5
-0.4876818695036711 0.16005919777938846 0.06641416297022892 0 6.911763070702747E-9 4.164191718573536E-8 -2.761898429127472E-5
-0.5817364775186938 0.11498204866540508 0.07140762999266016 0 2.896406437204769E-9 4.252307477774767E-8 -2.7636880718560257E-5
-0.6893460495224288 0.06354738512595376 0.07863780818203957 0 7.480685199777938E-9 4.8622273313682546E-8 -2.7634297210735278E-5
-0.7599167871431189 0.060700756349994105 0.08441733903220823 0 6.104221613578143E-9 5.2052293535797724E-8 -2.762271513069535E-5
-0.8184909839211809 0.07533925376340878 0.08977629762126756 0 1.2681722424600658E-9 5.628120492129382E-8 -2.7618044233320188E-5
-0.8641324069088798 0.06217499425579329 0.09403348687291993 0 -2.1932428857964195E-9 6.106795004201906E-8 -2.762357010239155E-5
-0.919284810212244 0.10262901652303173 0.09999999999999994 0 -6.977977157969334E-10 6.593075772628151E-8 -2.762685392344865E-5
-0.7200856347104291 0.1275637570102766 0.08178787314202204 0 1.487440547773504E-8 5.2026625153426125E-8 -2.7622891454799753E-5
-0.6366216770914513 0.14805650423757327 0.07568897320024312 0 1.1080874447592834E-8 4.7099978719668135E-8 -2.763788735173021E-5
-0.5083123257938114 0.6756675576578803 0.09200745306162258 0 4.807540206561755E-8 4.422265994561269E-8 -2.7616625535704796E-5
-0.5084523869045262 0.6310249340793687 0.08870435188239581 0 4.5910572009503567E-8 4.029702864061253E-8 -2.7609810971601633E-5
-0.5485031394581954 0.7448231888659755 0.09999999999999998 0 5.1710314580120165E-8 4.8047458852269424E-8 -2.7626913525028345E-5
-0.47303326379715877 0.5791284533565413 0.08316905076856485 0 4.630809050067577E-8 3.108991955813386E-8 -2.761857861180745E-5
-0.45509595152323223 0.4866404390645807 0.07663670286639768 0 3.587717621390747E-8 3.203945756689361E-8 -2.7636760634221852E-5
-0.4180330375357138 0.4186106610386911 0.07131407766744807 0 2.607227984635925E-8 3.4881848068097266E-8 -2.7635968381177142E-5
-0.35805699391726126 0.4725541821277961 0.0714004969823895 0 3.337868353227065E-8 3.074474869144618E-8 -2.7639404872881804E-5
-0.3304177610769968 0.2075632873895256 0.060121873146272396 0 1.615591594100339E-8 2.3132075753704375E-8 -2.7638397821797147E-5
-0.3986677525588505 0.2551376793832065 0.06418286265211677 0 1.5829540364829722E-8 2.867066062008046E-8 -2.763166081263453E-5
-0.19326570388917413 0.3347460184966116 0.05996054906425581 0 2.52086119971522E-8 1.2524852664780617E-8 -2.764083412108317E-5
-0.2326279902659774 0.402923498403311 0.06375456788963607 0 2.8695846439987775E-8 1.8010931150653306E-8 -2.76332011148157E-5
-0.2730034360466582 0.4728558218736924 0.06837705113188595 0 3.173847633694083E-8 2.447548701882879E-8 -2.7638388053956903E-5
-0.30165136280488025 0.41841452971898935 0.0665620091821718 0 3.090652399181083E-8 2.8603839671830718E-8 -2.7630815901778524E-5
-0.2982294435153453 0.2720284218761083 0.06072614652584282 0 2.2706513818455405E-8 1.823209983597949E-8 -2.7632654366721422E-5
-0.28071917465641966 0.3771430143239578 0.06401358518053687 0 3.100454168347844E-8 2.3815842059212648E-8 -2.7627168904509646E-5
-0.25621859628623345 0.3266156402995803 0.061257118437086824 0 2.8098158640570564E-8 1.751506313977159E-8 -2.763326140101609E-5
-0.07427627943517316 0.042883429926301085 0.05192880169730083 0 6.159232331911785E-9 3.780828375875963E-9 -2.763315209197121E-5
-0.10192189467460559 0.10267269443312377 0.05269596908601702 0 1.0331469594918437E-8 7.024936364330778E-9 -2.7623178292368008E-5
-0.22270343343645202 -2.7398019802337882E-17 0.054316401779706945 0 -5.708210956321744E-9 1.664342485797931E-8 -2.763083524932253E-5
-0.1568744501142894 1.9427769320198104E-18 0.05290395974586273 0 -9.644499971432498E-11 1.1795220083548186E-8 -2.762435987265844E-5
-0.1333037269353432 0.03517105967265549 0.05258728793055297 0 4.783404864140942E-9 7.857155540636608E-9 -2.7624159696725555E-5
-0.2668792736165403 0.06671487334767572 0.055790773586017584 0 -1.0115584952677761E-9 1.9132233720341852E-8 -2.7637593868669345E-5
-0.25161809751440434 0.1255049475699697 0.05598231997151887 0 2.9486892355119616E-9 2.0743410890615645E-8 -2.7634739950472714E-5
-0.2204702956430696 0.1429341155499399 0.055415459742855375 0 4.383612120056436E-9 2.1259259940484033E-8 -2.7629475085290572E-5
-0.18350196867475072 0.18844743574056294 0.05542383280391714 0 1.1083497817856004E-8 1.9654240168479362E-8 -2.763526977904926E-5
-0.1122914677939212 0.19449452747555573 0.054363926326504504 0 1.1178628237196963E-8 1.310622852970447E-8 -2.7631258406070555E-5
-0.13865734030206042 0.13413724110678021 0.05361667711440056 0 1.0825071539147599E-8 1.4769923149508983E-8 -2.7619765030846233E-5
-0.3679940573528883 0.637384404218618 0.08217817873449762 0 4.742705175138258E-8 2.4933259523754E-8 -2.7630100652790588E-5
-0.4124740638930545 0.7144260354671818 0.09005646238462257 0 5.007500994106513E-8 3.3241242934972984E-8 -2.762462777581781E-5
-0.4625000000000002 0.8010734985006057 0.09999999999999998 0 5.456455096956805E-8 4.014162254707481E-8 -2.7631687318250915E-5
0.41227210451772545 0.7140762315680472 0.09001864521731297 0 5.321888712508364E-8 -2.7121831392301922E-8 -2.7619372352675593E-5
0.27234892372669683 0.47172217328134014 0.06829621029644013 0 3.6468138930956995E-8 -1.55500759378381E-8 -2.7634518456699518E-5
0.36764043700660404 0.6367719158122639 0.08211917016769554 0 4.481648027665384E-8 -2.884260007992187E-8 -2.7625406205563097E-5
0.31803615984503875 0.5508547874957042 0.07440724687637126 0 3.9984763609736526E-8 -2.2765715859015415E-8 -2.763776999078768E-5
0.46250000000000013 0.8010734985006064 0.09999999999999999 0 6.142765292964286E-8 -2.7592105794440794E-8 -2.7625642044607893E-5
0.3836506929290541 0.7746515411716932 0.09384509082801112 0 6.129220686569828E-8 -2.385431500849024E-8 -2.7618766761658522E-5
-0.14030890931253803 0.4679836164169959 0.06501280116403946 0 3.080841255254429E-8 1.0972027442516686E-8 -2.7612331766335486E-5
-0.10294114607188212 0.4464085827438704 0.06338188130081227 0 3.54513290613597E-8 4.334331037731699E-9 -2.7616524819534173E-5
0.013052198219917906 0.38970549808144683 0.06010955939350729 0 2.770172877923714E-8 -2.45208108814152E-9 -2.7636979741224328E-5
-0.04037960269203984 0.44085703180834646 0.06259577733066987 0 3.5069379364088814E-8 1.930040225901811E-9 -2.7629318481535238E-5
0.06533055038853267 0.4354649165439312 0.06247764990259344 0 2.7384276481917414E-8 -7.169648947208922E-9 -2.762512423976867E-5
0.21079455863719812 0.4693257584201238 0.0664848367230654 0 3.970288437674969E-8 -1.2759425767344321E-8 -2.7627603764949333E-5
-0.2117215867706234 0.5198781223671348 0.06933829044213057 0 3.250507417899435E-8 2.0149717524711286E-8 -2.763439572758424E-5
-0.1460434120132441 0.503264073058023 0.06704541835555092 0 3.290612110041021E-8 1.7548040181543432E-8 -2.7618098101761004E-5
-0.17773060720916653 0.5259463281585314 0.0689480477972893 0 3.3281186754704746E-8 1.9313144196563675E-8 -2.762908747943346E-5
-0.2900329026458535 0.6297052539110424 0.07871782471366953 0 4.531949558121891E-8 1.750637136378425E-8 -2.763369555888633E-5
-0.2598642375444073 0.5690891545970852 0.07365958600480058 0 3.9459045671065215E-8 1.972103566027078E-8 -2.7640801778465902E-5
0.1498593825176401 0.45279307874260616 0.06437801254812758 0 3.678823768598808E-8 -1.2916180355834247E-8 -2.761353853331171E-5
0.11053788187593885 0.4306223745782792 0.0626902062642271 0 2.9376262779512866E-8 -1.3010940656234204E-8 -2.761821349092436E-5
-0.4490633670822637 0.26293361409508886 0.06682964731028329 0 1.467959462939439E-8 3.521991765574812E-8 -2.7635663505771588E-5
-0.4300985673768074 0.3012630280350379 0.0671100012724704 0 1.553220266215908E-8 3.2081655298259413E-8 -2.7633131948041212E-5
-0.49761740681994665 0.2259943198914076 0.06840949555720777 0 1.2226028159406739E-8 4.162710426263683E-8 -2.7635698200683645E-5
-0.5518948161465873 0.17422255470543743 0.07046196471921622 0 6.405160092637752E-9 4.403176384045682E-8 -2.76345581841794E-5
-0.4324706598932548 0.35955969358955997 0.06940707877592157 0 1.8888134051491953E-8 3.410650457669201E-8 -2.7633605979597344E-5
-0.7940808377677345 0.13178185399490336 0.08820577601429047 0 7.77184614316503E-9 5.77008158889016E-8 -2.7608672433285056E-5
-0.8565041007211139 0.12935729823844902 0.09401883827528355 0 1.3698445628615368E-9 6.264137662196453E-8 -2.7617370846950252E-5
-0.9051192255768065 0.19074632675980735 0.09999999999999998 0 6.289320039371445E-9 7.016399566485731E-8 -2.762581520494896E-5
-0.7583678808155521 0.178257805309045 0.085877514601274 0 1.5399274998290105E-8 5.95489078203951E-8 -2.7615815684432212E-5
-0.6170663609123308 0.222189336538271 0.07585507468331582 0 1.6101180617773482E-8 4.61752986689111E-8 -2.7639754124481968E-5
-0.6972424057138269 0.20430689657176623 0.08139617396721441 0 1.829074109389652E-8 5.284467526783468E-8 -2.7629543829933613E-5
-0.5596851197575441 0.6634042603718276 0.09419033697962355 0 4.3019187070949114E-8 4.693982605334803E-8 -2.7617218054312108E-5
-0.5445828559277583 0.5931276201062036 0.08823074690283748 0 3.898661216352661E-8 3.850587339404445E-8 -2.761256650238177E-5
-0.6177328508859395 0.6884991641819085 0.09999999999999992 0 4.3249404878842385E-8 4.9979707336764574E-8 -2.762589775827943E-5
-0.5240933648557363 0.5322322969179639 0.08310069903157469 0 3.855665831408107E-8 3.3708236856047584E-8 -2.762390055196453E-5
-0.482008368592271 0.40269833860051546 0.07383556549613608 0 2.676798414395058E-8 3.616890613966994E-8 -2.764048384374794E-5
-0.5228737105474611 0.469403410425903 0.07945982017150148 0 3.4889821353808656E-8 3.604166423501623E-8 -2.763437550177268E-5
-0.3178442209190435 0.3574692689417035 0.06445327462614317 0 2.9547259503191168E-8 2.6384537820231087E-8 -2.761629230833161E-5
-0.3668515165065182 0.391453181331997 0.06779342734587494 0 2.4157564766957017E-8 3.436743266736067E-8 -2.7623330932008023E-5
-0.37474174799433474 0.32521524057353407 0.06543736846884436 0 1.7574821052254815E-8 2.586307476428813E-8 -2.761784553670172E-5
-0.3445240713159381 0.2767146512083848 0.0625551726814487 0 1.997718146672608E-8 2.0544794049155344E-8 -2.7626661761694362E-5
-0.31825267387856393 0.31228528282505885 0.06275542647814246 0 2.6063331954800786E-8 1.9504248010018835E-8 -2.762020027154563E-5
-0.13208776332768443 0.07040426877471616 0.05277929135503948 0 8.419745664237814E-9 7.529078292087765E-9 -2.7619692310238276E-5
-0.13558426904309848 0.09984465055515283 0.05311549222562181 0 1.0326387192247875E-8 1.0497569987789333E-8 -2.76166208997081E-5
-0.18433654548332082 0.04822270923057056 0.05356505347436668 0 2.0014803183678695E-10 1.0407268551862557E-8 -2.7620374395751346E-5
-0.2141365218541703 0.10501643106435352 0.054728299370409676 0 -9.28880831211223E-11 1.7572756569395154E-8 -2.762162298127811E-5
-0.18680865935078547 0.12991541986645883 0.054439563423197654 0 5.284189639601459E-9 1.963273658338372E-8 -2.7618477163484844E-5
-0.1657690318723488 0.09663028560186346 0.05359396061230915 0 6.749490157424384E-9 1.2566269287696246E-8 -2.761158513874291E-5
-0.3275435087421515 0.689022237889938 0.08446715933764735 0 4.7417269625369855E-8 2.040493867213578E-8 -2.7622220215600096E-5
-0.3440235561346144 0.746753392646391 0.089798396197132 0 4.8595022617664174E-8 2.657446219435944E-8 -2.761749403580602E-5
-0.3781299746230488 0.7796968295885027 0.09405159466762453 0 5.103737225117295E-8 3.20013349232744E-8 -2.762315901184147E-5
-0.37078556224583165 0.8474286657041803 0.09999999999999998 0 5.594693940972634E-8 3.312230568097294E-8 -2.7626026758031117E-5
0.33139114289377414 0.7785556133621918 0.09206768166444738 0 6.184715289500504E-8 -1.988050547680197E-8 -2.761138863406431E-5
0.3464548928541494 0.7191482470167311 0.08759713317592265 0 5.6390280569479296E-8 -2.616668390366925E-8 -2.7615273202229115E-5
0.31546555307223767 0.6681703741372863 0.08242156072081934 0 4.9554767998985104E-8 -2.748739490441025E-8 -2.7621760160960466E-5
0.22784343961994072 0.5451094489255655 0.0712614275403811 0 4.286576493010336E-8 -1.3455054305578421E-8 -2.7635404964543824E-5
0.28413345033548576 0.6165726819630529 0.0775980862421621 0 4.488780179399286E-8 -2.3666235057489536E-8 -2.763225569158145E-5
0.290977677915208 0.7546407636986492 0.08855875058870188 0 5.7186563963286887E-8 -2.0060155908920545E-8 -2.7604831386799257E-5
0.37075219693550476 0.8474432642497914 0.09999999999999995 0 6.682079040219344E-8 -2.110970582906103E-8 -2.7621207813991244E-5
-0.10596501162257625 0.5041773372256164 0.06652572871029448 0 3.889469437154391E-8 1.4758025821977696E-8 -2.7617916708052793E-5
-0.07102778036707863 0.4813038479979327 0.06489977746314218 0 4.0014953157703135E-8 8.13155864946669E-9 -2.7621824402998973E-5
0.019795838688718658 0.4703114259817324 0.06404440608297313 0 3.214734019722305E-8 2.923334986660952E-10 -2.762977132763115E-5
-0.028427878816465992 0.4894039605592073 0.06510500934199118 0 3.785147039283124E-8 5.304201705716639E-9 -2.7629801467113836E-5
0.09307018049889713 0.4870154223859189 0.06541754354915294 0 3.0494775255669875E-8 -2.605710645553221E-9 -2.7615560062943284E-5
0.15223360853370174 0.5114589799667827 0.06762073099832455 0 4.096487612979526E-8 -3.78465435171418E-9 -2.7619029956587627E-5
-0.19168892528151515 0.5624523066487594 0.07149027116733256 0 3.785625029226883E-8 1.839803010409928E-8 -2.7636092804427464E-5
-0.12546868182070262 0.5661421054611622 0.07053660282173835 0 4.086221232831012E-8 1.61383982329095E-8 -2.7633200720048185E-5
-0.25001651455608004 0.6877574831582879 0.0818288600417976 0 5.185582345102438E-8 1.2786193928822348E-8 -2.7621671675101455E-5
-0.19051431605916905 0.626194724144322 0.07575740850014469 0 4.58642398766894E-8 1.3602378811936468E-8 -2.763659045502344E-5
-0.496968869184538 0.31115828345845903 0.07096354188096898 0 1.8858716154530308E-8 3.8002305367770866E-8 -2.7641966574233147E-5
-0.5531916805568735 0.25483900449276115 0.07250231820116239 0 1.6194337722909233E-8 4.285181844784941E-8 -2.7641937870550697E-5
-0.8285501209973593 0.21135039229984 0.09293041569195869 0 9.970754852226487E-9 6.63656096171533E-8 -2.7620765645030943E-5
-0.8809225682293763 0.28211960771987943 0.09999999999999996 0 1.3844246295549603E-8 6.900219181821422E-8 -2.7632297612058006E-5
-0.7578216461505274 0.23114048963723496 0.08705889216020636 0 1.668106637259547E-8 5.9440989385464864E-8 -2.7623268898884404E-5
-0.5442886348821633 0.36830034160648034 0.07595460109733419 0 2.766896187987876E-8 3.948632168655684E-8 -2.764019226680301E-5
-0.6102329054490169 0.29533181001281994 0.07752504764743703 0 2.3471438081381535E-8 4.3148731454820014E-8 -2.76375050232726E-5
-0.6672358697757713 0.2726523999513782 0.08092297245691278 0 2.1706107507850843E-8 4.7203103500126215E-8 -2.7632335102006086E-5
-0.7250638207162802 0.2644091498704253 0.08523826785223539 0 1.9345932214168067E-8 5.3484651044066337E-8 -2.762707728456456E-5
-0.6071515389330133 0.6092519905512257 0.0934219469334025 0 3.7045145582703394E-8 4.652735251030041E-8 -2.7622369853409933E-5
-0.5735399527378838 0.553508622043815 0.08749015204644302 0 3.63159811749124E-8 4.00103173608423E-8 -2.7621367330507553E-5
-0.6847646792234087 0.6218628292777222 0.09999999999999995 0 3.8273548770048E-8 5.386071791905379E-8 -2.763234717544967E-5
-0.5770660846669927 0.4836246905463882 0.08360849061752018 0 3.588298310896837E-8 4.13642052537089E-8 -2.7628844093455228E-5
-0.5580584193120216 0.42548332869284067 0.07938775238593494 0 3.324864795692551E-8 4.0056200908827616E-8 -2.763497392408373E-5
-0.28374056147924315 0.7514739211838952 0.0880520415280374 0 5.287361002766206E-8 2.1441374745762545E-8 -2.7607692809194913E-5
-0.3165497745723784 0.8071051679018629 0.09409208829712741 0 5.433528868804729E-8 2.9818574680390816E-8 -2.761645941432116E-5
-0.28739394850298333 0.8792210714939998 0.09999999999999995 0 6.314206892307163E-8 2.9193385224586414E-8 -2.7624146932368824E-5
0.29491717071644896 0.8166669280321706 0.09422261270086467 0 6.15179848972435E-8 -1.4079099610748794E-8 -2.7612123839400055E-5
0.15199695343335898 0.5713443637747507 0.07128864354870555 0 4.257030954751334E-8 -5.319178864362262E-9 -2.7632480113876782E-5
0.2647361318881631 0.6988930987695543 0.08313425830297129 0 4.946110836538029E-8 -2.5056951912132927E-8 -2.761425322848252E-5
0.19363779692619498 0.6392946953673742 0.07676490405819379 0 4.528313199447073E-8 -1.5445695686280603E-8 -2.763262286288083E-5
0.23873623781901862 0.7680602578468166 0.08814793343306232 0 5.20810442316716E-8 -1.4690081712965208E-8 -2.760821869562883E-5
0.28735785633849587 0.8792328678266585 0.09999999999999996 0 6.433778534157775E-8 -1.2970238570900383E-8 -2.7620368077589468E-5
0.045020558010702406 0.5239593119206281 0.06715619876796416 0 3.5119104534147624E-8 2.3883002717312173E-9 -2.7630982344940277E-5
-0.05203180167969757 0.5443357511275837 0.06842717285738563 0 4.169213680085845E-8 9.827518673195833E-9 -2.7633934543002186E-5
0.00125333399408392 0.5186888782774369 0.06673044987207258 0 3.74282740025726E-8 4.702576895762527E-9 -2.763337955335061E-5
0.09263905094403112 0.5551170207203664 0.06943102413110942 0 3.851081284448355E-8 4.112284368638506E-10 -2.7631169981377525E-5
-0.22520922840433807 0.7458968973346561 0.08588793599516027 0 5.8696533057541535E-8 1.610685191508954E-8 -2.7614362319785994E-5
-0.056365569894855645 0.6123374883168232 0.07290850863136553 0 4.506663838980825E-8 6.6780284196177325E-9 -2.763988606580573E-5
-0.11459365381122652 0.6489796043007032 0.07609123122821615 0 4.764851853553037E-8 8.551668805257912E-9 -2.7637673482160865E-5
-0.17201424223952635 0.7059350940103869 0.08139872432652714 0 5.427026549036889E-8 1.0344144551791012E-8 -2.7627883244291146E-5
-0.5619648707592039 0.31624700130713346 0.07504348009682706 0 2.349209117732844E-8 4.099656599378424E-8 -2.7641429813080443E-5
-0.7888004165309431 0.29037609645717466 0.09153149855841576 0 1.651915364777901E-8 5.967094766143282E-8 -2.7626602194819746E-5
-0.8437609348289447 0.37906778281416026 0.09999999999999995 0 1.9375833605295343E-8 6.277997893340874E-8 -2.7631093651592168E-5
-0.6064827120561797 0.3683452405387546 0.08001332460787643 0 3.16106556269448E-8 4.243810844250204E-8 -2.7630341978104456E-5
-0.6554904399290363 0.3258387756938692 0.08184700708932659 0 2.665830588709533E-8 4.3946132463888186E-8 -2.762669219611403E-5
-0.7173789460644423 0.321865662586802 0.08652046298759287 0 2.1490534286710178E-8 4.938554150450456E-8 -2.7622293816807328E-5
-0.6465139113454262 0.538316822314734 0.09160194260007758 0 3.543545882453821E-8 5.05611207668264E-8 -2.7626711424617563E-5
-0.7501326501074496 0.5412263004122692 0.09999999999999996 0 3.4607486081537585E-8 6.175532123736006E-8 -2.7631145657323344E-5
-0.8010558185062641 0.4625204886241073 0.09999999999999998 0 2.642930693619746E-8 6.294997403423522E-8 -2.762655258552686E-5
-0.6328963674406779 0.44705014677999644 0.08550954643040555 0 3.567777730364587E-8 4.913187195326668E-8 -2.7622048090652314E-5
-0.2313025414788286 0.8233581280344338 0.09294490463014164 0 6.174047250872909E-8 2.415117104962969E-8 -2.7618931389204957E-5
-0.19616860770583666 0.9039546015730862 0.09999999999999994 0 6.593814126348638E-8 2.20805580914277E-8 -2.7629834695746684E-5
0.2216527773738334 0.8287572231622684 0.0932031971273528 0 5.806579635708171E-8 -9.15097471664898E-9 -2.761740060301975E-5
0.10414931811684251 0.6209165315731189 0.07394244219969823 0 4.427715890796112E-8 -5.29518641631552E-9 -2.763740000835098E-5
0.1942511971230704 0.716812779625243 0.08273823779707914 0 4.790332272416405E-8 -1.6527014920686344E-8 -2.7620864458040517E-5
0.14442364609626682 0.6895139486023729 0.07960445430492032 0 4.822847108087438E-8 -1.256842807440038E-8 -2.7630461963631846E-5
0.1913914876174544 0.7797285375111098 0.08801717214843206 0 5.286970648009257E-8 -1.1231112208849839E-8 -2.761721821861034E-5
0.196130597538861 0.9039628493277602 0.09999999999999998 0 6.505963759340298E-8 -6.626531525514558E-9 -2.7627274834738306E-5
0.020086990102898373 0.582926818943489 0.07076019404513119 0 4.1594794889804495E-8 2.6975532278102682E-9 -2.7639292635936975E-5
-0.17894546311077822 0.7718277883825889 0.08706002927260566 0 5.905407421681244E-8 1.490240477044813E-8 -2.762128611264847E-5
0.04599891718688658 0.6542488180254783 0.07585611859697282 0 4.740875560402027E-8 -4.49152450516874E-9 -2.7637305390768487E-5
-0.007855133722757698 0.6491499078369714 0.07536310530979572 0 4.701684624843143E-8 -5.511084769628842E-10 -2.7638308541241752E-5
-0.13380906082414654 0.7600240739879767 0.08523325950883376 0 5.5397981454107493E-8 9.649601941099059E-9 -2.7624824723774223E-5
-0.04850890629174576 0.6781878024575423 0.07767733236817918 0 4.864307030236109E-8 7.042578040815483E-10 -2.763470372368457E-5
-0.09794458893422112 0.7138796015511557 0.08090449857215169 0 5.109976015764069E-8 4.503518539767652E-9 -2.7630118913704582E-5
-0.7603438011582597 0.3738096376808479 0.09217483686370775 0 1.9953535077344324E-8 5.520906581572982E-8 -2.761983038979197E-5
-0.6767294999436547 0.3833870641168077 0.0857669286165472 0 2.995804335024264E-8 4.765414000178596E-8 -2.7612441712188672E-5
-0.7186415188607147 0.46354605628657686 0.09293928953994947 0 2.9505357655820692E-8 5.919063268889173E-8 -2.7618880762441606E-5
-0.14285595486183847 0.8282574032154251 0.09152546819348935 0 5.9213468993406096E-8 1.511851749551169E-8 -2.7624112105203577E-5
-0.09363126894349026 0.9202489260084377 0.09999999999999998 0 6.332559198045933E-8 1.4173902582884616E-8 -2.7627830157448157E-5
0.09361324045256657 0.9202507597854978 0.09999999999999996 0 7.003567604928744E-8 4.696340885157917E-10 -2.7626647671531423E-5
0.14341620299378274 0.8294494640794721 0.09164675622284839 0 6.08835905011052E-8 -5.814217178318225E-9 -2.7622332791188037E-5
0.08739963386816947 0.6969472503405287 0.07943927986118828 0 5.094732097859383E-8 -9.135539669765353E-9 -2.76313653521745E-5
0.1332242410665833 0.7460807458646898 0.0840331591986956 0 5.3439719427625093E-8 -1.0675220947296512E-8 -2.76243522960947E-5
0.011531729957052445 0.7092408490309093 0.07999382505294728 0 5.183388061120959E-8 -6.219137459942581E-9 -2.7627213463070318E-5
-0.08028628936017151 0.7814679591465112 0.08645850584417021 0 5.2835201078005816E-8 5.59923417032582E-9 -2.761973968290729E-5
-0.04561230651596534 0.7294921334214546 0.08175631121749642 0 5.077162799452038E-8 -1.4004792998969336E-9 -2.762418467423688E-5
-2.6622719632600497E-6 0.924994933365257 0.09999999999999994 0 6.703831918649146E-8 8.22542988473946E-9 -2.762271902094306E-5
-0.057540995049113024 0.8423979795604504 0.0918960227632853 0 5.678278753940796E-8 9.852666717576296E-9 -2.7616505065369255E-5
0.04284010489062188 0.8515402282381707 0.09269147861274166 0 6.529535718775272E-8 3.4056765612786725E-9 -2.7614950980725865E-5
0.06678793864290467 0.7745216917616873 0.0857326633705871 0 6.018007437927098E-8 -6.280920202963962E-9 -2.7617474749660974E-5
-0.010066347156763605 0.7750831353836388 0.08553470969702802 0 5.49616633742047E-8 -2.5431135764817305E-9 -2.7609994377671295E-5
