% Model:
% Version:
% Dimension:          3
% Nodes:              691
% Expressions:        4
% Description:        Surface
% X                       Y                        Z                        Color                    DeformX                  DeformY                  DeformZ
0.09361324045256657 0.9202507597854978 0.09999999999999996 0 1.3673633003396474E-7 3.268583132150241E-9 0.049977015975927186
0.19613059753886136 0.9039628493277616 0.10000000000000006 0 1.3080724696940979E-7 -9.865530510593217E-9 0.04997701606845053
0.2873578563384961 0.8792328678266589 0.09999999999999998 0 1.286677540848119E-7 -2.160345570787515E-8 0.04997702388926418
0.6177594130735132 0.6884753307245892 0.0999999999999999 0 1.0962739789276139E-7 -6.867352313370897E-8 0.04997703114515823
0.684790004400319 0.6218349412241562 0.09999999999999998 0 1.0099772049762223E-7 -7.871240956013211E-8 0.049977026956557466
-2.6622719632544978E-6 0.924994933365257 0.09999999999999995 0 1.3405033371278757E-7 1.6513382510066204E-8 0.04997701960721521
0.042840104890621886 0.8515402282381707 0.09269147861274166 0 1.27988083605706E-7 8.973001647802562E-9 0.04997702952825505
0.37075219693550476 0.8474432642497914 0.09999999999999995 0 1.2933300843624287E-7 -3.4685515501218516E-8 0.04997702406726648
0.14341620299378263 0.8294494640794716 0.09164675622284833 0 1.222705154421372E-7 -6.180492218519545E-9 0.04997702300055355
0.2216527773738334 0.8287572231622684 0.09320319712735281 0 1.19425270449192E-7 -1.4087060813360233E-8 0.049977028132270736
0.29491717071644885 0.8166669280321706 0.09422261270086468 0 1.2219875739979498E-7 -2.3319117007026495E-8 0.049977033887879496
0.5485314952955888 0.74480230687788 0.1000000000000001 0 1.1273515609096416E-7 -5.64072114627091E-8 0.04997702794915818
0.5518007966248653 0.6760563257947593 0.09465507346897212 0 1.0569642929616314E-7 -5.813144693945603E-8 0.04997703859806086
0.5876935447112426 0.6161088910778022 0.09257893706827944 0 1.0064012624150013E-7 -6.768008215957676E-8 0.04997703953793793
0.750154542605984 0.541195955123228 0.09999999999999999 0 8.814437135572409E-8 -8.42145837699848E-8 0.0499770305133811
0.6504705486077746 0.5465931881196746 0.09240305490818576 0 8.8423819973927E-8 -7.469420074293452E-8 0.049977033522378776
0.8010710017272109 0.46249419126110153 0.09999999999999994 0 8.02422387109147E-8 -9.345997912443136E-8 0.049977037295961924
0.8437752416466553 0.3790359375932063 0.09999999999999998 0 7.004708208622668E-8 -1.0245704702741711E-7 0.04997703505296436
-0.09363126894349026 0.9202489260084377 0.09999999999999998 0 1.3009006168239106E-7 2.7935960057331352E-8 0.049977014584418986
-0.057540995049113 0.8423979795604501 0.09189602276328529 0 1.1898458657891127E-7 2.1276316189162977E-8 0.049977028123140546
0.06678793864290467 0.7745216917616872 0.08573266337058709 0 1.1836062458115702E-7 -2.29953086217938E-9 0.04997702926017414
-0.010066347156763604 0.7750831353836388 0.085534709697028 0 1.1320117517342893E-7 5.9429151855922526E-9 0.04997703659005733
0.33139114289377414 0.7785556133621918 0.09206768166444738 0 1.2032475483306097E-7 -3.1341589431798975E-8 0.049977035721216985
0.46249999999999974 0.8010734985006057 0.09999999999999991 0 1.2128576711488522E-7 -4.661478576110667E-8 0.049977020930359904
0.3836506929290542 0.7746515411716933 0.09384509082801115 0 1.195671748002914E-7 -3.836428265687812E-8 0.04997702848591629
0.1913914876174544 0.7797285375111098 0.08801717214843206 0 1.1136146723662519E-7 -1.4525658700382448E-8 0.04997702963848159
0.13322424106658332 0.7460807458646898 0.0840331591986956 0 1.0995962208145627E-7 -1.0649727112829039E-8 0.04997702334284431
0.290977677915208 0.7546407636986491 0.08855875058870188 0 1.1425257738278534E-7 -2.9227298094167892E-8 0.04997704289629091
0.23873623781901876 0.768060257846817 0.08814793343306236 0 1.0990646889710122E-7 -2.077768630032733E-8 0.049977039059176526
0.0873996338681695 0.6969472503405288 0.07943927986118829 0 1.0459823200194363E-7 -6.536823404016488E-9 0.049977017658279575
0.5230354883414245 0.6422697488364205 0.0903707538749386 0 9.89265026351706E-8 -5.6414030831089763E-8 0.049977046357355566
0.4904238791693691 0.6985151762406319 0.09277567976728547 0 1.0465359332012076E-7 -4.9639653864275896E-8 0.04997703440641145
0.49825230464030656 0.6040689738252 0.08623250303750964 0 8.98635247759846E-8 -5.892529785400186E-8 0.049977047162836484
0.5828756184496425 0.5332115379316272 0.08685116301599329 0 8.516230347268526E-8 -7.062941548477108E-8 0.049977036055873
0.5354804188313992 0.5793968081607486 0.0867593250488703 0 9.117537021151384E-8 -6.619084586892317E-8 0.0499770451707135
0.706135052883472 0.46732786457169856 0.09212747065803698 0 7.696240331112642E-8 -7.873845777297697E-8 0.049977043873558044
0.626960623589047 0.4522983371432033 0.08535306995964971 0 6.890414480593844E-8 -7.253695858700859E-8 0.04997703939757337
0.7564175363077812 0.3862256756237963 0.09237249347625182 0 7.038768761536176E-8 -9.18446916255532E-8 0.049977046737941545
0.7978472984237353 0.3041762806928352 0.09281227257926786 0 5.7575371677881785E-8 -9.59639296229133E-8 0.04997704009397165
0.5572755215547441 0.4510872900080025 0.08061070588876622 0 6.976895679976891E-8 -6.711954078110698E-8 0.0499770289160738
0.8809325160784339 0.2820885436790224 0.09999999999999994 0 5.5699214242197216E-8 -1.0387167529933265E-7 0.04997703638549355
0.8318102133114372 0.22322523392999072 0.09353078509252773 0 4.683248702954369E-8 -9.655123537703981E-8 0.04997704689265683
-0.19616860770583672 0.9039546015730862 0.09999999999999996 0 1.3173754746781017E-7 4.1811365846262726E-8 0.04997701305432932
-0.14285595486183858 0.8282574032154257 0.09152546819348939 0 1.2058807923454722E-7 3.151367304855646E-8 0.049977020896478715
-0.08028628936017151 0.7814679591465112 0.08645850584417021 0 1.114658893327252E-7 1.821040237413325E-8 0.04997702661383032
-0.04561230651596534 0.7294921334214545 0.08175631121749641 0 1.0634518341154314E-7 9.063504500587145E-9 0.04997702369090608
0.011531729957052473 0.70924084903091 0.0799938250529473 0 1.0620978874240951E-7 8.536527373870972E-10 0.049977021323813806
0.3464548928541494 0.7191482470167311 0.08759713317592265 0 1.1141453537893332E-7 -3.864799729051157E-8 0.04997703346239554
0.41227210451772556 0.7140762315680476 0.090018645217313 0 1.0797866877609546E-7 -4.343773371718313E-8 0.049977029495312145
0.19425119712307035 0.7168127796252429 0.08273823779707913 0 1.0272703250356505E-7 -2.0139205173444705E-8 0.049977027781003595
0.1444236460962668 0.6895139486023729 0.07960445430492033 0 1.0145045485177104E-7 -1.3326451897595781E-8 0.04997701887594688
0.26473613188816314 0.6988930987695542 0.08313425830297129 0 1.032660772126839E-7 -3.2827496398804704E-8 0.04997703498891093
0.31546555307223756 0.6681703741372859 0.0824215607208193 0 1.0159258589688055E-7 -3.828091021322523E-8 0.049977028348830194
0.04599891718688658 0.6542488180254783 0.07585611859697282 0 9.856524652709792E-8 4.4161036998065435E-10 0.049977012889457446
0.1041493181168425 0.6209165315731189 0.07394244219969821 0 9.349134137927261E-8 -3.8382531015536816E-9 0.04997701384712034
0.4534199638911959 0.634338879041937 0.0859386615701075 0 9.136055806784699E-8 -5.03107863806986E-8 0.04997703817881367
0.4723939921181885 0.5653277489130147 0.08223903081434113 0 8.289888474148231E-8 -5.886947642031009E-8 0.0499770371802533
0.5096255127299391 0.5106912413470729 0.08097857821614195 0 7.887856851567545E-8 -6.389496944874372E-8 0.04997703131673312
0.49005227512439603 0.44470401859070546 0.07629562530822705 0 7.150747852895003E-8 -5.792752104305517E-8 0.04997702295062402
0.6719229666176102 0.3884051108238118 0.08561888827579651 0 6.058224979141193E-8 -8.241997968307716E-8 0.04997705175471005
0.585360990165672 0.3703838402167338 0.07867156144500052 0 5.709187213646523E-8 -7.118600567550998E-8 0.04997702968133481
0.7133503615870089 0.32015636681811027 0.08613118221459616 0 5.5773479847464196E-8 -8.9840012381111E-8 0.0499770436981367
0.7561533810021166 0.25116889240286866 0.08746370240455795 0 4.610416398474916E-8 -8.946120639397194E-8 0.04997704314604978
0.4678168231247622 0.39722837411780604 0.07282402579327739 0 6.825666060580942E-8 -5.284995679567283E-8 0.049977022733729205
0.5201731653431543 0.38799390136202994 0.0753439569886662 0 6.371482461702948E-8 -6.135171352231716E-8 0.049977022415731875
0.9051251569294584 0.19071818089926673 0.09999999999999992 0 4.445158642269561E-8 -1.0782728531649212E-7 0.049977045085355644
0.7902639371480997 0.1788726841459575 0.08869278761371618 0 3.7157646721279055E-8 -9.173174920903872E-8 0.04997705697170789
0.8510855832446352 0.14814580550682155 0.0937894978149824 0 3.923315632957672E-8 -1.0313278745494548E-7 0.049977054766987376
-0.2873939485029833 0.8792210714939994 0.09999999999999992 0 1.2744779314726177E-7 5.421132077945432E-8 0.049977019409114594
-0.23130254147882853 0.8233581280344335 0.09294490463014163 0 1.2279876077169047E-7 4.572804880302715E-8 0.04997702618141087
-0.31654977457237843 0.8071051679018628 0.09409208829712742 0 1.143871183271553E-7 5.6365402357182125E-8 0.04997702900059871
-0.17894546311077822 0.7718277883825889 0.08706002927260566 0 1.1710235846122702E-7 3.3275571517707476E-8 0.04997702528872257
-0.13380906082414656 0.7600240739879769 0.08523325950883374 0 1.12763642188698E-7 2.5347378634616017E-8 0.04997702211079211
-0.09794458893422107 0.7138796015511553 0.08090449857215165 0 1.057563199488124E-7 1.7995538325451114E-8 0.049977018156786186
-0.048508906291745806 0.6781878024575432 0.07767733236817927 0 1.012037917375509E-7 1.1224259446349858E-8 0.04997701465597359
-0.0078551337227577 0.6491499078369712 0.07536310530979572 0 9.787413596557544E-8 7.526534210597336E-9 0.04997701195208802
-0.22520922840433794 0.7458968973346558 0.08588793599516023 0 1.1519991605897935E-7 3.7133448420327695E-8 0.04997703288620833
0.3676404370066046 0.6367719158122648 0.08211917016769558 0 9.50469926591723E-8 -4.273642092520941E-8 0.049977025528944015
0.1936377969261951 0.6392946953673746 0.07676490405819383 0 9.558864531031406E-8 -1.9190396729900972E-8 0.04997701820942406
0.2841334503354857 0.6165726819630527 0.07759808624216208 0 9.390269975460507E-8 -3.274048518691126E-8 0.049977019252773716
0.15199695343335892 0.5713443637747505 0.07128864354870554 0 8.890066107221539E-8 -6.7596067744556024E-9 0.04997702023590819
0.020086990102898376 0.582926818943489 0.07076019404513119 0 8.857570769954708E-8 9.00609902042996E-9 0.04997701293490779
0.09263905094403112 0.5551170207203663 0.06943102413110944 0 8.387990302968832E-8 2.4172269485569133E-9 0.049977021956360564
0.40094975894605217 0.5652131577221657 0.07869394977656125 0 8.349251702565361E-8 -4.6877015089723115E-8 0.04997702371474348
0.44736034083495335 0.4974141441538551 0.07684191432450417 0 7.67865005369695E-8 -5.291645301087552E-8 0.04997702392335253
0.43140219656813134 0.4287675225971859 0.07244484890584983 0 7.209210710732696E-8 -4.661917046589973E-8 0.04997702367629401
0.6341588941531795 0.31283518999890125 0.0798162445324894 0 5.0300617755792E-8 -7.928844251441521E-8 0.049977033538838186
0.5293785213896149 0.3388907230126146 0.07386902220939724 0 5.778998432840999E-8 -6.213665158903833E-8 0.04997702192430658
0.5661686439840169 0.30314954318445153 0.07485251919573685 0 5.183633551211891E-8 -6.732556527023603E-8 0.04997702381846714
0.6744856330743808 0.25899543825752414 0.08106282636378112 0 4.436457196426405E-8 -8.245214218930563E-8 0.04997703487067139
0.7226994437477959 0.19973529248782174 0.08334138075756292 0 3.491140783737346E-8 -8.494582649117318E-8 0.049977044097169174
0.432283916850713 0.3802988180284773 0.07026687195777442 0 6.881461634963161E-8 -4.6551732684967565E-8 0.04997702810321096
0.471669282894354 0.34325991058700306 0.07076541111671207 0 6.26726848384929E-8 -5.343030035867731E-8 0.049977023938937486
0.9192877608705788 0.10260257931928718 0.09999999999999994 0 3.346318841145317E-8 -1.1509126406087317E-7 0.049977045788468774
0.8038717607621602 0.12213857484508563 0.08895470660031483 0 3.126064857842611E-8 -1.0016481516413267E-7 0.04997706099698398
0.7461230180043805 0.13265602880629776 0.08402816782270865 0 2.476968488818793E-8 -9.157102412406166E-8 0.04997705476087584
0.8513706752696019 0.07427003550197267 0.09288407134507307 0 2.8178314697490323E-8 -1.0754244847236526E-7 0.04997705130285166
-0.37078556224583165 0.8474286657041801 0.09999999999999998 0 1.1832745132605694E-7 6.296076130503922E-8 0.049977018283649796
-0.2837405614792432 0.7514739211838952 0.08805204152803742 0 1.0966943505568444E-7 4.592123066681864E-8 0.0499770393128491
-0.34402355613461416 0.7467533926463904 0.08979839619713195 0 1.0507087411824655E-7 5.459130264858628E-8 0.049977029496048
-0.37812997462304876 0.7796968295885027 0.09405159466762453 0 1.0942982428769167E-7 6.210626619141781E-8 0.04997702288796965
-0.1720142422395265 0.7059350940103875 0.08139872432652721 0 1.0844342898178773E-7 2.8157810071328283E-8 0.04997702053630337
-0.11459365381122653 0.6489796043007033 0.07609123122821615 0 9.848466963679101E-8 2.2878745546376648E-8 0.049977012430962996
-0.05636556989485568 0.6123374883168238 0.07290850863136557 0 9.375964489436758E-8 1.7521763880298836E-8 0.049977011364003815
-0.25001651455608 0.6877574831582878 0.0818288600417976 0 1.0492091750649289E-7 3.5136199065853065E-8 0.0499770271129392
-0.052031801679697585 0.5443357511275841 0.06842717285738567 0 8.639341039214238E-8 2.028991389117501E-8 0.049977019278020625
0.3180361598450387 0.5508547874957042 0.07440724687637126 0 8.518209823181884E-8 -3.3938196768442754E-8 0.0499770154885193
0.22784343961994075 0.5451094489255655 0.0712614275403811 0 8.76902553283004E-8 -1.9376298104170064E-8 0.04997701806866685
0.15223360853370177 0.5114589799667827 0.06762073099832457 0 8.379951647456379E-8 -5.343770453711286E-9 0.04997703537955905
0.001253333994083932 0.5186888782774371 0.06673044987207258 0 8.06413908559526E-8 1.199959154017473E-8 0.04997702067334648
0.04502055801070238 0.5239593119206278 0.06715619876796415 0 7.865391111156569E-8 7.129936747656447E-9 0.049977022985533845
0.09307018049889716 0.48701542238591894 0.06541754354915293 0 7.188295500629083E-8 -7.408177917030846E-10 0.04997703951692844
-0.028427878816465992 0.4894039605592073 0.06510500934199118 0 7.933762674172678E-8 1.429082032787343E-8 0.04997702503378876
0.3618627937090411 0.47199806236141684 0.07152593305679358 0 7.548857779597062E-8 -3.5925875706011534E-8 0.04997702056086862
0.3818998921620359 0.39282083230988174 0.06849211870683777 0 6.953688916680493E-8 -3.626544173484443E-8 0.049977035557630764
0.5964895386590119 0.24538252217967105 0.07505456752399718 0 4.491851821321913E-8 -7.043362046372626E-8 0.049977026059636574
0.5023235944487768 0.2915186453354023 0.07059623054924216 0 5.432732073773722E-8 -5.683302264241698E-8 0.049977023248555234
0.5325092597313041 0.25445661626164345 0.07121936353097057 0 4.895599911591274E-8 -5.983229846159854E-8 0.049977024886830264
0.6524176664552401 0.20477109599706136 0.07797707686621597 0 3.720272661377466E-8 -7.789661737959709E-8 0.049977031826799564
0.6908574756839181 0.1584953945063365 0.07995126254637963 0 2.847085771654519E-8 -8.298608433952769E-8 0.049977039943103894
0.5953591891669738 0.1936606882201294 0.07369160395615945 0 4.008285901239308E-8 -6.928362999831931E-8 0.04997702842710234
0.6892086201904363 0.11760753932384704 0.079182235454291 0 2.3231733298411782E-8 -8.456656293947776E-8 0.0499770395389259
0.405879084331799 0.3317218591300754 0.06705525860874957 0 6.396994218961321E-8 -4.5685945776031074E-8 0.049977037394114424
0.4374027432196878 0.28280425722565 0.06685837267776955 0 5.504660935094456E-8 -4.945442711352075E-8 0.04997703031097807
0.9249999999999994 2.4083227273235917E-16 0.09999999999999988 0 1.914031161168189E-8 -1.1407378966209746E-7 0.0499770428792216
0.7822439697509949 0.07342341173252223 0.08646750245519459 0 2.1771327096985122E-8 -1.0016216674472984E-7 0.049977053463550025
0.7247257834183622 0.08520662975023731 0.08165698245211614 0 1.8867001502201996E-8 -9.12455047100655E-8 0.049977045654799185
0.8252770499196596 2.2719212644267835E-16 0.09008727174442381 0 1.5540377117677447E-8 -1.0114141635749971E-7 0.04997704873367274
0.8548200389796248 -0.0652462727687064 0.09314675085287963 0 9.604452189235392E-9 -1.0211309171205204E-7 0.049977052695246
-0.4625 0.8010734985006055 0.09999999999999995 0 1.141415343114281E-7 7.527125795090684E-8 0.04997701357191246
-0.4789401191209053 0.7197628636157833 0.09385470752197606 0 1.0605892267616739E-7 7.775116670425507E-8 0.04997702298448581
-0.5083123257938114 0.6756675576578802 0.09200745306162256 0 1.0022600522289047E-7 8.177715172894165E-8 0.04997703144065043
-0.32754350874215143 0.6890222378899378 0.08446715933764734 0 1.0050369263535962E-7 4.731901179285119E-8 0.04997702631875663
-0.41247406389305447 0.7144260354671815 0.09005646238462256 0 1.0459409411174056E-7 6.521945244026247E-8 0.04997702296073479
-0.19051431605916905 0.626194724144322 0.07575740850014469 0 9.533459064764606E-8 3.233314116810138E-8 0.04997701400312417
-0.12546868182070262 0.5661421054611622 0.07053660282173835 0 8.682299126746381E-8 3.094151233399852E-8 0.04997701922141603
-0.19168892528151546 0.5624523066487603 0.07149027116733264 0 8.357290823014382E-8 3.707809472356281E-8 0.04997701624340731
-0.29003290264585363 0.6297052539110426 0.07871782471366957 0 9.49388763765623E-8 4.2089005535708494E-8 0.04997701651373214
-0.10596501162257628 0.5041773372256166 0.0665257287102945 0 8.121883018838594E-8 2.831125738086533E-8 0.049977036299379815
-0.0710277803670786 0.4813038479979327 0.0648997774631422 0 8.100975916366882E-8 1.9600919474667806E-8 0.049977033137634325
0.27234892372669683 0.47172217328134014 0.06829621029644013 0 7.703005193317768E-8 -2.4190660744117745E-8 0.04997702091171223
0.21079455863719812 0.4693257584201238 0.06648483672306539 0 8.009988752581313E-8 -1.7809798389367497E-8 0.04997702796501434
0.14985938251764008 0.45279307874260605 0.06437801254812757 0 7.619694399082657E-8 -1.4430926841057743E-8 0.049977042521005564
0.18545604713463826 0.4304739947807409 0.06393784680976806 0 7.366765709547391E-8 -1.892187696742006E-8 0.04997703237240708
0.11053788187593885 0.4306223745782792 0.0626902062642271 0 6.74725269351221E-8 -1.2260232014319287E-8 0.049977038466755386
0.019795838688718648 0.4703114259817322 0.0640444060829731 0 7.253167604489506E-8 6.422373842018873E-9 0.04997702569959218
0.06533055038853271 0.4354649165439313 0.06247764990259347 0 6.574500720424219E-8 -3.7630685830512586E-9 0.04997703139389004
-0.04037960269203985 0.4408570318083466 0.0625957773306699 0 7.370361174810813E-8 1.1538857866479122E-8 0.04997702686545077
0.3329058545937796 0.33325924236807375 0.06406157186555389 0 5.437780593223221E-8 -3.807174509151587E-8 0.04997705002697653
0.30693864167133966 0.4042133776050551 0.06608285286906407 0 6.431828243188952E-8 -2.647347678188845E-8 0.04997703359814473
0.5387084587482874 0.20560708274998704 0.07032262751622614 0 4.436194526440852E-8 -5.930857196820036E-8 0.04997703077279758
0.47599510640454495 0.23047538821938993 0.06733340193971542 0 4.6335114634295654E-8 -5.0551877305250205E-8 0.04997703181542919
0.5285393108936259 0.16518893231571916 0.06885934434787161 0 4.119731522008315E-8 -5.8207359718170534E-8 0.04997703945917178
0.6359863797306671 0.1341128294488754 0.07542020319546491 0 2.9737620074229166E-8 -7.651337088844097E-8 0.04997703151451437
0.5665181445886517 0.15558354761445173 0.07104008880031383 0 3.879004121224957E-8 -6.539193374688179E-8 0.049977033313710485
0.660910431014522 0.06111123862815046 0.0764443497197492 0 1.877976233606266E-8 -8.113845769641068E-8 0.049977032475081735
0.3628225028367361 0.2686598783514226 0.06303900336729049 0 4.920985417901988E-8 -4.452402917910032E-8 0.049977036254326195
0.40159415937487913 0.22227119456522582 0.06342742714419668 0 4.1975122859455674E-8 -4.4647538846464776E-8 0.04997703353023845
0.8374232558848936 -0.1293417213860296 0.09218338983550127 0 1.979336316875422E-9 -1.0223931587999609E-7 0.04997706250022067
0.9192877606928149 -0.10260258091221071 0.09999999999999994 0 6.363835555650961E-9 -1.1162279277284569E-7 0.049977049766125686
0.736498120183538 1.9461726324828643E-16 0.0822207664498539 0 9.836075120253734E-9 -8.962529904322762E-8 0.04997704257625029
0.7859407931602105 -0.07401767626946824 0.08680140328934059 0 2.6468401745611885E-9 -9.127111161828579E-8 0.04997705682378083
0.7880045515761323 -0.12910173677696724 0.08762058220646912 0 -4.370423374091434E-9 -9.512814044324437E-8 0.04997706664470063
0.7883546035916829 -0.16488856810254315 0.08824892692988198 0 -8.590015970571785E-9 -9.993426041793457E-8 0.04997706584585312
0.7597010793028802 -0.19500257071099414 0.08634694259141451 0 -1.528337428179594E-8 -9.70736082104648E-8 0.049977058769241176
-0.5485031394581955 0.7448231888659758 0.09999999999999998 0 1.0789485082673105E-7 8.812830575987254E-8 0.0499770193292935
-0.5596851197575441 0.6634042603718276 0.09419033697962353 0 9.439717029711617E-8 8.750764130247987E-8 0.04997703081412899
-0.4499036574234318 0.6597655574984556 0.08762543161615084 0 1.0206915215869106E-7 7.049401883090738E-8 0.049977028459593634
-0.5084523869045262 0.6310249340793687 0.08870435188239581 0 9.543084983620849E-8 7.776620123191937E-8 0.04997703928770552
-0.3679940573528886 0.6373844042186184 0.08217817873449768 0 9.744269780676766E-8 5.4122073350650795E-8 0.049977019600938546
-0.42125713605646403 0.6077940464059373 0.08247265847688973 0 9.692688236286279E-8 6.206210374682975E-8 0.04997702397826089
-0.5445828559277581 0.5931276201062035 0.08823074690283744 0 8.623908166030449E-8 7.803724228068291E-8 0.049977037131746366
-0.2598642375444073 0.5690891545970852 0.07365958600480058 0 8.552763465757856E-8 4.241636578553368E-8 0.049977011111210216
-0.146043412013244 0.5032640730580226 0.06704541835555089 0 7.516064136585558E-8 3.344932801901972E-8 0.04997703601531341
-0.17773060720916645 0.5259463281585312 0.06894804779728927 0 7.685587479821651E-8 3.711084910015488E-8 0.04997702429248492
-0.21172158677062325 0.5198781223671345 0.06933829044213057 0 7.570418707981212E-8 3.993270608361038E-8 0.04997701901983587
-0.31860245148696237 0.5518356333914171 0.07448895588812982 0 8.481234541723722E-8 4.990684338692419E-8 0.04997701006884896
-0.14030890931253803 0.4679836164169959 0.06501280116403946 0 7.098957194622839E-8 2.648030270217213E-8 0.049977042778131725
-0.1029411460718821 0.44640858274387013 0.06338188130081228 0 7.438307396618531E-8 1.7617044349358804E-8 0.04997703931806215
0.2318898921058528 0.4016450748890024 0.06367695651733307 0 6.585438534995235E-8 -2.2481330856945877E-8 0.04997702743331806
0.15384627156060382 0.38391173658918915 0.06118533303935767 0 6.411749441128706E-8 -1.7470622012902803E-8 0.04997702693557323
0.08567704016096146 0.39343427128029224 0.06068036954612458 0 6.255342428660934E-8 -8.442190637480058E-9 0.04997702695135886
0.05891091878969271 0.3561813785904501 0.05888183035860122 0 5.902289065315792E-8 -1.883456756490386E-9 0.04997701997735033
0.013052198219917915 0.38970549808144694 0.060109559393507296 0 6.33599713755279E-8 3.9467135496704126E-9 0.049977020747643666
-0.07539656272461731 0.38263872680028077 0.06011274428033935 0 6.421643510451667E-8 1.3790339251708427E-8 0.049977022647762014
0.29687695963224414 0.26583446546620587 0.06049214663587172 0 4.484003702707965E-8 -3.5312296697396676E-8 0.049977030065490306
0.2625418688185837 0.33648330779519714 0.06181290503458571 0 5.210725210207989E-8 -2.8166307703128605E-8 0.049977031136242585
0.4879508039440347 0.1753290332884817 0.06671893154849401 0 3.982772814109171E-8 -5.053314035867286E-8 0.04997704442135447
0.44078820931890456 0.1777885340956575 0.06428879605061416 0 3.455216032293264E-8 -4.575200179876338E-8 0.049977043085468395
0.5192463818471629 0.12824117265253684 0.06769417632898124 0 3.762908640776836E-8 -6.048972395687422E-8 0.04997704631360493
0.5800435663390094 0.07440259297015445 0.07086095755136958 0 2.701516332073414E-8 -7.072752821288219E-8 0.049977031526792545
0.637168246229727 1.7636191275501274E-16 0.07448630903843242 0 1.2763214187434338E-8 -7.664845877441505E-8 0.049977029782684854
0.394490378891255 0.17177804019933987 0.06198157459134764 0 3.168478877575918E-8 -4.316041397059252E-8 0.049977035957466255
0.33827356631260735 0.19741612693850674 0.060186571415137134 0 3.718683399466017E-8 -3.822868912126403E-8 0.04997702766321753
0.823080640176532 -0.2073363860609292 0.09232209730203018 0 -1.0408256809742173E-8 -1.0633968322557591E-7 0.0499770583773919
0.9051251563026288 -0.19071818387397393 0.09999999999999996 0 -5.792381331352922E-9 -1.1501414887439146E-7 0.049977052542584714
0.6918887433807663 -0.06772116765551028 0.07886795692620671 0 -5.5360934993285685E-11 -8.168144671109302E-8 0.04997704013561161
0.7325342916850162 -0.13408386908087777 0.08291013088256638 0 -1.1266866795028079E-8 -8.852066013471559E-8 0.049977056352680106
0.7578046117703348 -0.24801668508133748 0.08751626752734717 0 -1.9827467937500843E-8 -9.51210658299257E-8 0.049977053304728555
0.7040732060431756 -0.2032143579310842 0.08191372549943252 0 -1.8244745272181812E-8 -8.72062773966327E-8 0.04997704822551302
-0.6177328508859397 0.6884991641819087 0.09999999999999995 0 9.604755434575918E-8 9.403972925874698E-8 0.049977021196725244
-0.6071515389330133 0.6092519905512257 0.0934219469334025 0 8.518845220661579E-8 8.980044822659973E-8 0.049977026501525086
-0.5735399527378838 0.553508622043815 0.08749015204644302 0 8.120990857268342E-8 8.118514909731544E-8 0.049977028953585606
-0.47303326379715877 0.5791284533565412 0.08316905076856485 0 9.28055774128709E-8 6.636100385063722E-8 0.04997703194196944
-0.39181543828090004 0.55445735722153 0.07760084140770421 0 8.815334213373078E-8 5.798994097317001E-8 0.04997701502656007
-0.5240933648557364 0.532232296917964 0.0831006990315747 0 8.224368594469886E-8 7.19146520847798E-8 0.049977027281708934
-0.2730034360466586 0.47285582187369307 0.06837705113188602 0 7.212853619076906E-8 4.778226237568515E-8 0.049977015958667916
-0.19156331121345604 0.4731617410648762 0.06625147072173328 0 6.80177805920177E-8 3.499317946313424E-8 0.04997702909589807
-0.3580569939172612 0.4725541821277962 0.07140049698238948 0 7.368952092785307E-8 5.90535943546331E-8 0.049977014401309555
-0.30165136280488036 0.4184145297189895 0.06656200918217181 0 6.807012506761035E-8 5.351181818417351E-8 0.0499770247056243
-0.157502577302292 0.4062797025959702 0.06224976286168573 0 6.369485617983163E-8 2.3201332490746353E-8 0.04997702895778341
0.1923176439095004 0.3331039304431941 0.059877835485628056 0 5.533410127789907E-8 -1.985261958631653E-8 0.04997702083700185
0.10763513709501452 0.32249572723181036 0.058047784011843524 0 5.591350695852863E-8 -7.492993137739688E-9 0.04997701834873687
0.02555769618970364 0.3104658173674803 0.05699894508193309 0 5.411181989798492E-8 7.348217440069505E-9 0.04997702112969474
-0.04439277195221167 0.328710102628296 0.0577329050528648 0 5.5249634065507E-8 1.431950390136618E-8 0.04997701846660606
-0.11902524067374878 0.32805250160257865 0.05839824108948766 0 5.480993855083738E-8 2.166766582823821E-8 0.04997701637418382
-0.017053837843317182 0.27836069099312905 0.05590951428308119 0 4.795558069297135E-8 1.5696765669197122E-8 0.04997702732099916
0.011677278178983168 0.25977319628253465 0.05533524160416193 0 4.787265845472804E-8 1.319790488240433E-8 0.04997703352222748
0.26432978404622737 0.19520810401833602 0.05761727712614054 0 3.94734890022756E-8 -2.641924415457258E-8 0.04997702413531486
0.22703812963746223 0.26409762190385005 0.058370438456053005 0 4.583378230148286E-8 -2.2702639921752753E-8 0.04997702096488948
0.4615326701397575 0.12346215125476942 0.06442192515091573 0 2.7794624595973637E-8 -5.416460782294749E-8 0.049977056093180115
0.41609697408913515 0.13788398400008958 0.06237868126929303 0 2.5209348919682963E-8 -4.6812951177738705E-8 0.04997704373329623
0.493812622045095 0.06489296717588176 0.06554297030555511 0 2.513427354160451E-8 -6.275297735258647E-8 0.04997704378507986
0.5965173615012843 -0.07939251741876009 0.07200225824383245 0 5.471733178331455E-9 -7.008708117434678E-8 0.04997703346453043
0.5449077695259101 1.790659953385319E-16 0.06830916124377963 0 1.7307671207821922E-8 -6.457087664806044E-8 0.04997703299152641
0.35923719947272786 0.12552401442410066 0.05970040660633742 0 2.603926336651478E-8 -4.074036359283443E-8 0.0499770299078786
0.23462332403576253 0.13422621113694225 0.05564316792853833 0 3.655261561205906E-8 -2.036808458185617E-8 0.049977035176282276
0.29070078878885497 0.12979410487969603 0.05724274123768994 0 3.2294876684486986E-8 -3.05885718130315E-8 0.04997702620292879
0.8014927716328408 -0.29144105877124366 0.09271262928645599 0 -2.145819812311038E-8 -1.001899385944489E-7 0.0499770519082383
0.8809325145611795 -0.2820885484172241 0.09999999999999999 0 -1.879168216178916E-8 -1.1264977360938073E-7 0.0499770476395055
0.6510493529215736 -0.15514133280147802 0.07686356365481603 0 -1.015991266931255E-8 -7.878753762261572E-8 0.04997703878136487
0.5770279320473077 -0.1518434761804153 0.07165568912865206 0 -2.566430752490428E-9 -7.026155782881613E-8 0.04997703786186765
0.7173493567573875 -0.3169596225802428 0.08634023460744476 0 -2.822152993331635E-8 -8.386405877459071E-8 0.049977055717461645
0.6897625743522149 -0.264441860913035 0.0824063475266023 0 -2.4386000017178573E-8 -8.241879630841227E-8 0.04997704729074331
0.6384778628041973 -0.23491899962832427 0.0777084562971251 0 -2.0214002621437116E-8 -7.682810826684092E-8 0.04997703883741924
-0.6847646792234083 0.6218628292777221 0.09999999999999995 0 8.708669936292961E-8 1.0177416958504662E-7 0.049977015647248275
-0.6465139113454264 0.538316822314734 0.09160194260007758 0 7.937600419174557E-8 9.604736982506318E-8 0.04997702329326671
-0.5770660846669927 0.4836246905463882 0.08360849061752018 0 7.666539979026656E-8 8.26355040934665E-8 0.049977022896231835
-0.45509595152323246 0.486640439064581 0.0766367028663977 0 7.69406888126994E-8 6.609205280290835E-8 0.04997701598147789
-0.41803303753571375 0.41861066103869105 0.07131407766744806 0 6.315920498328073E-8 6.66449814676353E-8 0.04997701860699899
-0.5228737105474611 0.469403410425903 0.0794598201715015 0 7.488105146838064E-8 7.407762973583657E-8 0.04997701815758319
-0.2326279902659774 0.402923498403311 0.06375456788963607 0 6.499424569511205E-8 3.8837249825724975E-8 0.049977023171348105
-0.2807191746564195 0.3771430143239577 0.06401358518053686 0 6.575393561555475E-8 4.743079758962469E-8 0.04997702951058781
-0.366851516506518 0.3914531813319968 0.06779342734587492 0 5.968419849855824E-8 6.307330043015743E-8 0.049977032308666985
-0.31784422091904324 0.3574692689417032 0.06445327462614314 0 6.311173842998663E-8 5.215433972491336E-8 0.04997704055599213
-0.19326570388917427 0.3347460184966118 0.05996054906425582 0 5.751937361900126E-8 3.093857830061283E-8 0.049977017501986847
0.14969050843762158 0.2592715660247785 0.05657975437506353 0 4.827472262916276E-8 -9.704835593605082E-9 0.04997701914862996
-0.15073713287945018 0.26108437273446894 0.05665087411303694 0 4.5189684793174974E-8 2.9734941360301093E-8 0.049977016191797376
0.06630901180929023 0.250856535710505 0.0553186995326227 0 4.951087834367215E-8 3.803349117568242E-9 0.04997702894278478
0.017981432514459814 0.22651294475696923 0.05443142027174295 0 4.525728940723478E-8 1.0904442398146917E-8 0.049977044804627585
-0.07471068043782808 0.2615864764835527 0.0556965634877458 0 4.329869088089557E-8 2.1708015539795254E-8 0.049977023994884004
-0.014253461472862217 0.23459230484404994 0.05463523466770248 0 4.117726006710119E-8 1.608293822512368E-8 0.04997704214597987
0.20062573683728832 0.09527047772396216 0.05430115527057267 0 3.145100701277685E-8 -1.9222941309151965E-8 0.049977050314857684
0.18890830540911194 0.1893292231980287 0.05555650018582656 0 3.989702773822589E-8 -1.2023432879516293E-8 0.04997702925670209
0.18353225708574536 0.1263657612272312 0.05431954168807018 0 3.2693341630774404E-8 -1.174731678814717E-8 0.04997704938778782
0.4146151646677903 0.077681020975073 0.06157475739077052 0 1.8479000042492076E-8 -5.10335489103707E-8 0.04997703924711015
0.4636209692030302 1.4593888372567647E-16 0.06366862151549985 0 1.3269855735160539E-8 -5.3965138685098364E-8 0.04997703755437964
0.5270134709035552 -0.12362075461980128 0.0680883893303861 0 4.419459264648358E-9 -6.2359459559311E-8 0.04997704863408302
0.5078212312272355 -0.05773868566153319 0.06628756501631428 0 9.662880867452074E-9 -5.5871298974942625E-8 0.04997704274394032
0.3331467524821928 0.0633273262949379 0.05801432008933982 0 2.0954169581972556E-8 -3.7982783832393396E-8 0.04997702521408475
0.2538184516803514 0.06940494742292715 0.05542696753822805 0 2.831069015140105E-8 -2.7226756729645925E-8 0.04997703335955826
0.7635253857731481 -0.3782532475337201 0.0926398396720293 0 -3.0520531840889634E-8 -9.277500636738862E-8 0.04997706044092648
0.8437752388147 -0.3790359438971111 0.09999999999999999 0 -2.998195259630212E-8 -1.0430459393009095E-7 0.04997705010278522
0.5898871014295897 -0.20776639827421509 0.07364495662277286 0 -1.3049898312754839E-8 -7.24353322175108E-8 0.0499770354265231
0.5408130551366508 -0.18150058753720788 0.06992281214701015 0 -5.4885579935252075E-9 -6.828947442432032E-8 0.04997704113453816
0.6777956079436661 -0.39290477214771746 0.08626804024189792 0 -4.167302187097244E-8 -8.097574274895404E-8 0.04997706834583872
0.6346730356926773 -0.3174870091624343 0.08001946855914076 0 -3.301657368374376E-8 -7.287240866121939E-8 0.04997704646510047
0.5796784116794852 -0.2776116098201063 0.07488927562467991 0 -2.453143095223292E-8 -6.934399620737493E-8 0.04997703523691088
-0.7501326501074496 0.5412263004122693 0.09999999999999999 0 7.863401225160766E-8 1.134331194787581E-7 0.04997701787827854
-0.7186415188607144 0.4635460562865767 0.09293928953994947 0 6.901507720520453E-8 1.0886835000981753E-7 0.049977031910789595
-0.5580584193120213 0.42548332869284045 0.0793877523859349 0 7.063057137347112E-8 8.01179909789182E-8 0.04997701813250178
-0.6328963674406778 0.4470501467799965 0.08550954643040555 0 7.427074699086859E-8 9.367094904195702E-8 0.0499770298862404
-0.6767294999436545 0.3833870641168075 0.08576692861654717 0 6.479600634009347E-8 9.473299131879167E-8 0.049977040269676774
-0.4324706598932547 0.3595596935895599 0.06940707877592157 0 5.24889493836225E-8 6.663968818010614E-8 0.049977022119868576
-0.48200836859227103 0.4026983386005155 0.07383556549613608 0 6.286969740678692E-8 7.16910955941934E-8 0.049977013840505215
-0.5442886348821633 0.36830034160648034 0.07595460109733419 0 6.17039049436055E-8 7.865617510520234E-8 0.0499770142036877
-0.3182526738785638 0.31228528282505874 0.06275542647814243 0 5.696701155800753E-8 4.523077418702632E-8 0.049977037666338334
-0.25621859628623345 0.32661564029958035 0.06125711843708684 0 5.988957651896952E-8 3.961453156237977E-8 0.049977024812555566
-0.37474174799433474 0.325215240573534 0.06543736846884436 0 4.919609434652474E-8 5.4938825447180344E-8 0.04997703919281725
-0.4300985673768074 0.3012630280350379 0.06711000127247038 0 4.57064850313419E-8 6.439567591995874E-8 0.04997702382759208
-0.22695325756190313 0.2565120405768185 0.058144911454045704 0 4.721995016191142E-8 3.749250770741876E-8 0.04997701674850108
-0.18350196867475074 0.18844743574056294 0.05542383280391715 0 3.4788408044210486E-8 3.7293472069831845E-8 0.04997702647605021
0.11136664405289663 0.19289268576805546 0.0543171535525474 0 4.05671550492237E-8 -2.869819159794825E-9 0.049977033172119566
-0.1122914677939212 0.19449452747555573 0.054363926326504504 0 3.529244862293053E-8 2.6573113297440717E-8 0.04997703089377719
7.833096257776418E-4 0.19069362679459012 0.05356840441819727 0 3.767758158480348E-8 6.92261214200128E-9 0.04997705152604016
0.04520143550094839 0.18418512355280772 0.05354594410814683 0 4.1046717956030056E-8 1.737022811540588E-9 0.04997704468322873
0.017173734845246678 0.1662656573333219 0.05309215701680856 0 3.612177516233929E-8 1.9370015449059347E-9 0.04997704735803213
-0.04746651353754764 0.1829715324610284 0.053532622158623755 0 3.238488582461173E-8 1.3980279841905843E-8 0.049977043270196586
0.1909210649037195 0.04684254353730668 0.05369730809312632 0 2.2386113820204862E-8 -2.1164134933160237E-8 0.049977046210915574
0.15384433041034729 0.09209874155024392 0.053330182368177645 0 2.2665397677343607E-8 -1.3931830316250157E-8 0.049977053530520746
0.13647605991683223 0.1435082568468913 0.053729825805134857 0 3.077407138851346E-8 -6.1723380711556835E-9 0.049977043566406615
0.38492668203237634 1.0023152680894796E-16 0.05989052034096669 0 1.0413109771241856E-8 -4.365704129972828E-8 0.04997702919664196
0.4253355502182104 -0.06042681663517086 0.061949401873126426 0 1.5127047411539854E-9 -4.526356597123816E-8 0.0499770410538292
0.48600244774065643 -0.18106149615140063 0.0667271620082264 0 -7.516203769356148E-9 -6.361350085047298E-8 0.04997704978475294
0.4535801009187721 -0.11979187747949692 0.06395953291420167 0 -5.936983095929723E-9 -5.152812470282303E-8 0.049977059365630405
0.30024351839566077 1.0287337474471442E-16 0.0566089984335615 0 1.5685944769711427E-8 -3.258157683636129E-8 0.049977025278657834
0.2238875048948223 7.961310541061857E-17 0.054346295287657866 0 1.7982160637723856E-8 -2.25748594161959E-8 0.04997703755463598
0.7176713367395706 -0.46521260674377907 0.09294805270739667 0 -4.5349083006634135E-8 -9.339681067553249E-8 0.04997706213713196
0.8010709981238167 -0.46249419750242293 0.09999999999999998 0 -4.199521122320736E-8 -1.0200510706317314E-7 0.04997705578172671
0.526450453306162 -0.2376825100162034 0.07038843476625323 0 -1.5252368090274407E-8 -6.61523155664056E-8 0.04997703594515244
0.4546475825643904 -0.23293628734368743 0.06627327609670221 0 -1.5453071818868628E-8 -5.695039286015753E-8 0.04997704117944055
0.5306797663003683 -0.29923675531161764 0.07251363051783592 0 -2.5387522658380418E-8 -6.391930248290252E-8 0.04997703360743172
0.6103906305879975 -0.40135765312469507 0.08172372928462608 0 -4.6117118071578936E-8 -7.241444644622889E-8 0.04997705243187411
0.6403517767463041 -0.46278562534170165 0.08686037768572827 0 -5.073477361514671E-8 -8.046044387903772E-8 0.04997705837888812
0.5664981365845182 -0.34007595181336636 0.07621962270586985 0 -3.44727139720589E-8 -6.646090602058464E-8 0.04997703803793222
-0.8010558185062641 0.4625204886241073 0.09999999999999998 0 6.581876002111693E-8 1.1756917365179634E-7 0.04997702349761291
-0.7603438011582597 0.3738096376808479 0.09217483686370775 0 5.4191611584831276E-8 1.072761036620204E-7 0.04997703224459609
-0.6064827120561795 0.3683452405387546 0.0800133246078764 0 6.560574649563317E-8 8.530806482203091E-8 0.049977023395281185
-0.6554904399290363 0.3258387756938692 0.08184700708932659 0 5.813760451040705E-8 8.968696264301348E-8 0.04997702732805774
-0.7173789460644423 0.3218656625868021 0.0865204629875929 0 5.2708653727146714E-8 9.881746255866218E-8 0.04997703115529606
-0.4490633670822638 0.262933614095089 0.06682964731028332 0 4.2589205968666324E-8 6.860529389855349E-8 0.04997702183786452
-0.561964870759204 0.31624700130713357 0.07504348009682706 0 5.446213933103508E-8 8.115026766658968E-8 0.04997701378857949
-0.4969688691845382 0.31115828345845914 0.070963541880969 0 4.9570756567038665E-8 7.428966074944588E-8 0.04997701406616804
-0.3445240713159381 0.2767146512083848 0.0625551726814487 0 4.87665805966029E-8 4.777022565495839E-8 0.049977031708337165
-0.29822944351534514 0.2720284218761082 0.06072614652584281 0 5.1253491287747955E-8 4.2724136699917336E-8 0.04997702627586244
-0.278960464150049 0.23105339123962187 0.058930977919053947 0 4.384213098277126E-8 4.279168689710288E-8 0.04997701950207005
-0.39866775255885006 0.2551376793832062 0.06418286265211672 0 4.331288314046992E-8 5.906455272010047E-8 0.049977026559992255
-0.43855507291261625 0.22078311851591842 0.06514753629020965 0 3.972637989509226E-8 6.879070172841407E-8 0.04997702667902265
-0.25569422992480945 0.18010642956677383 0.05704280655464758 0 3.357197948028981E-8 4.313389203306327E-8 0.04997702086935956
-0.22047029564306936 0.14293411554993973 0.05541545974285534 0 2.538058060067648E-8 4.100638509275134E-8 0.049977032800557986
-0.18680865935078536 0.12991541986645877 0.05443956342319764 0 2.5542353126580277E-8 3.738425127701174E-8 0.04997704436511191
-0.13865734030206037 0.13413724110678016 0.05361667711440055 0 3.137453950093111E-8 2.9698729541284004E-8 0.04997704341132102
-0.13558426904309848 0.09984465055515283 0.05311549222562181 0 2.8864497878044742E-8 2.5193378321278565E-8 0.04997704717960295
-0.25161809751440434 0.1255049475699697 0.05598231997151887 0 2.2897885544343335E-8 4.2297164922951E-8 0.04997702750580916
0.19420772375092543 -0.04676552312468657 0.05376845209193871 0 1.0521714777332412E-8 -1.5724578995570595E-8 0.049977047350454946
0.07844894660138703 0.13587756131386025 0.05290437550856243 0 3.027884083821793E-8 -3.56808821581014E-9 0.049977040479554966
0.1581850159804538 4.03666044625459E-17 0.05292729798071231 0 1.2341928425198771E-8 -1.3958315203290871E-8 0.049977043805197734
-0.0793293077376864 0.13740239153093967 0.05293577949983721 0 3.055401929344808E-8 1.738622076137005E-8 0.0499770391364402
-0.10192189467460562 0.10267269443312377 0.05269596908601703 0 2.906207095200505E-8 1.974776918981798E-8 0.04997704081332526
-0.004334214649360648 0.15163914092247652 0.05281372846092682 0 3.218331933220288E-8 3.3615743707968217E-9 0.0499770447533919
0.035198297345602834 0.13784946141786308 0.05265706254873472 0 3.1529734316060716E-8 -8.855357143697824E-10 0.049977041251935805
-0.03647527919163236 0.1302798698937503 0.05254752074115307 0 2.9156081064460355E-8 8.48119971573147E-9 0.04997703934064404
0.12737884186502524 0.04457914646124021 0.05254239887577797 0 1.534368452182554E-8 -1.2262378919010605E-8 0.0499770430775331
0.10177697427875258 0.08834048795367636 0.05253956863179542 0 2.059695094303506E-8 -7.884709212951854E-9 0.04997704200239271
0.34118511954802583 -0.062154607897978366 0.058312559079427444 0 3.67159151993571E-9 -3.6719266932056194E-8 0.049977028021255046
0.37836392981717903 -0.12391451309547875 0.06047575124681005 0 -8.26515956838861E-9 -4.222476421581944E-8 0.04997703810305234
0.41238404925178007 -0.18021837395374024 0.06296662723972753 0 -1.4035350364669763E-8 -5.028854299809654E-8 0.04997704469808987
0.1676578507312959 -0.08204581170599337 0.05348225864611659 0 2.0355685942515532E-9 -1.3169549846774066E-8 0.04997705683529338
0.20181374228166962 -0.09141964150518621 0.05428754190491373 0 6.918493765338908E-9 -1.945439859841316E-8 0.04997705304329336
0.25485064501553883 -0.06881848120103617 0.05545206946541742 0 9.958849134345214E-9 -2.591717160016984E-8 0.04997703545532359
0.6644823007055147 -0.5389515943966049 0.09297818153954257 0 -5.521704437401981E-8 -8.411410261217475E-8 0.04997705463996266
0.7501545366059805 -0.541195963440213 0.09999999999999984 0 -5.4763232839484845E-8 -9.780646128002172E-8 0.049977051925231566
0.6027366073062329 -0.5213223560235656 0.08747588350371878 0 -5.46470087706309E-8 -7.212539138954535E-8 0.04997705543968686
0.3907221727608636 -0.23584567652234328 0.06329187670784996 0 -1.784529046739434E-8 -4.404919460784668E-8 0.04997704174048063
0.47890979704271586 -0.2863984098188226 0.06912760288748078 0 -2.0970913022134872E-8 -5.816342806545767E-8 0.049977035988543236
0.4250914842628162 -0.2904030737883922 0.06650384046370365 0 -2.0071745788225598E-8 -4.89821234398701E-8 0.049977042945476696
0.5018045759598764 -0.3463645861940246 0.07254833341115846 0 -3.0774148669499794E-8 -5.966924736308305E-8 0.0499770348967147
0.5395049675561714 -0.4037977139333864 0.07721405836956645 0 -4.24747236491955E-8 -6.303976875668491E-8 0.04997703987777189
0.5629289159938321 -0.47314451663551055 0.08212579004392509 0 -5.1469086808282166E-8 -6.527556323050993E-8 0.0499770490023857
-0.8437609348289447 0.37906778281416026 0.09999999999999995 0 5.385890338998906E-8 1.1985106573119542E-7 0.049977020103225786
-0.7888004165309437 0.2903760964571749 0.0915314985584158 0 4.585065733900289E-8 1.133270693909497E-7 0.04997702668883737
-0.6102329054490165 0.2953318100128198 0.07752504764743698 0 5.3187970416560656E-8 8.614955020530482E-8 0.04997701756986941
-0.6672358697757713 0.2726523999513782 0.08092297245691278 0 5.0065576407873393E-8 9.35730822045726E-8 0.04997702252271764
-0.7578216461505273 0.23114048963723496 0.08705889216020636 0 4.255830884071281E-8 1.1115856043388143E-7 0.04997703132908356
-0.7250638207162802 0.2644091498704253 0.08523826785223539 0 4.719269890563304E-8 1.0329511424372116E-7 0.049977027308571294
-0.49761740681994665 0.2259943198914076 0.06840949555720777 0 3.793812905230272E-8 7.784091373481437E-8 0.04997702191575206
-0.5531916805568725 0.2548390044927608 0.07250231820116229 0 4.356852659460708E-8 8.2403134051067E-8 0.049977014513584196
-0.3304177610769968 0.2075632873895256 0.060121873146272396 0 4.0885832706056654E-8 4.9434562050407604E-8 0.04997702149859292
-0.40020050920329836 0.18553375498639196 0.06251643484045977 0 3.910632655933358E-8 6.184562160052865E-8 0.04997702842678289
-0.4509389353459413 0.1806295394110867 0.06485872161226297 0 3.6198927718529194E-8 7.230367243521482E-8 0.0499770352284479
-0.3081655557366316 0.12979030410922685 0.057834162632571066 0 2.8169539452902497E-8 4.7932836616004424E-8 0.04997701992647479
-0.21413652185417031 0.10501643106435352 0.05472829937040968 0 1.8676557561615028E-8 3.689327754809374E-8 0.049977041368164166
-0.1657690318723487 0.09663028560186343 0.05359396061230914 0 2.5070664316246433E-8 2.9030139619517297E-8 0.04997705201829431
-0.13208776332768432 0.07040426877471608 0.05277929135503944 0 2.5229218815368983E-8 2.1976556592481818E-8 0.049977044595652116
-0.2668792736165402 0.06671487334767569 0.05579077358601759 0 1.5468781656714283E-8 4.150644074754612E-8 0.04997702537399151
0.13394298555224937 -0.04272165979228181 0.052630185389843605 0 4.212951494752693E-9 -8.29920541663855E-9 0.049977045521109126
0.04273067501608838 0.07401170016957918 0.05192584962618541 0 2.0424580721389342E-8 -1.7800421400995E-9 0.04997703228926082
-0.07427627943517315 0.042883429926301064 0.051928801697300825 0 2.1395406040858352E-8 1.4801478952275219E-8 0.04997703192386329
0.08580268905133058 2.7924535741052085E-17 0.05192915349305607 0 8.858649072381231E-9 -4.408739343103243E-9 0.04997703411273868
-0.04304287969149937 0.07455245452975151 0.0519319033593881 0 2.4041576962553986E-8 9.489591330452998E-9 0.04997703163046059
-2.9796378738924766E-17 0.08577355466188762 0.05192886660175564 0 2.377097784738536E-8 3.03774385929235E-9 0.04997703197150613
0.0741595043143772 0.04281600977887492 0.05192749553399362 0 1.4716057315911257E-8 -4.7762614182972E-9 0.049977033426060136
0.12170874450296679 -0.07937873255132208 0.05270638285367756 0 -1.99047026418928E-9 -7.349005011178787E-9 0.04997704842209761
0.1532214795718842 -0.1047515501973591 0.0534601593182905 0 -3.0711183308788176E-9 -1.4760864675039878E-8 0.0499770567366463
0.2997814449763266 -0.13025461904441932 0.057552736756421516 0 -2.7286974068761166E-9 -3.313741521176654E-8 0.049977030466964764
0.34046960443170665 -0.192505611563268 0.060162576700472446 0 -1.434931499756941E-8 -3.72454569565839E-8 0.049977034678857786
0.34557599933864525 -0.25420475687873284 0.06192004258218349 0 -2.1491415693602994E-8 -3.4806380432220865E-8 0.049977042812300324
0.17846806103523252 -0.12182655323316931 0.05415222050793654 0 -8.439445860873954E-10 -2.1551536605922525E-8 0.049977055532257154
0.23090062297727748 -0.133798202671902 0.055538699139373295 0 1.282325459427682E-9 -2.7365089740118214E-8 0.049977040850464
0.6050561438570468 -0.6036830020468081 0.09289418017943481 0 -6.050365724782561E-8 -7.39035785255704E-8 0.04997706040433698
0.6847899965302142 -0.6218349498910589 0.09999999999999994 0 -6.31645427656168E-8 -8.608161369206948E-8 0.049977051322419724
0.5365057739834544 -0.6074638984061791 0.08871198704411519 0 -6.448488600716618E-8 -6.332390863722903E-8 0.049977071315709685
0.5490740032503056 -0.5442731464552362 0.08535659345024513 0 -5.7579670144774756E-8 -6.103009346674192E-8 0.049977059432092165
0.3750627258693447 -0.2936858939923493 0.06434654814554322 0 -2.2528670875896598E-8 -3.880977999809319E-8 0.04997705093439207
0.3969354899692888 -0.3460112170117684 0.06719703593166886 0 -2.5320677314219758E-8 -4.694763136241558E-8 0.04997705262857766
0.4494990254251991 -0.34835776824770576 0.06980849106780326 0 -2.724308817596071E-8 -5.3787336624526886E-8 0.04997704003613544
0.4743994852003083 -0.40954268251415876 0.073738234339428 0 -3.916034129367317E-8 -5.6201169560354764E-8 0.04997703770100603
0.5051728219418842 -0.4543425560441293 0.07763963571270259 0 -4.799951767380333E-8 -5.7611563400467764E-8 0.04997704164611179
0.5025098789806551 -0.515963207586209 0.08087711077114171 0 -5.700040519824579E-8 -5.443274833317617E-8 0.04997705137763664
-0.8809225682293763 0.28211960771987943 0.09999999999999996 0 4.262641205478006E-8 1.281534680649657E-7 0.049977020235182884
-0.828550120997359 0.21135039229983998 0.09293041569195869 0 3.464019481322372E-8 1.2227556165005533E-7 0.04997703341165145
-0.4876818695036711 0.16005919777938843 0.06641416297022892 0 2.8758453069269306E-8 7.717832792921525E-8 0.04997703985471963
-0.7583678808155521 0.178257805309045 0.085877514601274 0 3.8174433487959604E-8 1.11217240645836E-7 0.04997703959997347
-0.6170663609123308 0.222189336538271 0.07585507468331582 0 4.152881897440148E-8 8.948359571074173E-8 0.04997701652758227
-0.6972424057138273 0.20430689657176634 0.08139617396721441 0 4.263016928749784E-8 1.0090662468394343E-7 0.04997702613231656
-0.5518948161465875 0.17422255470543752 0.07046196471921623 0 2.9051314965490046E-8 8.339762188843714E-8 0.04997702326835268
-0.36894201678212313 0.12798179161528736 0.06013540062401418 0 3.287644443917997E-8 5.536483740707641E-8 0.049977024948059785
-0.4362515368769687 0.13236424219261816 0.06326633817399903 0 3.4252173823423975E-8 6.541287427847557E-8 0.049977041737000565
-0.33947513674739144 0.06240362523718613 0.058248486325065116 0 2.0922951504845208E-8 5.051986098415547E-8 0.049977019234576064
-0.18433654548332082 0.048222709230570565 0.05356505347436668 0 1.5654826900885305E-8 2.7895338469654945E-8 0.04997704375906178
-0.13330372693534312 0.03517105967265548 0.052587287930552964 0 1.9517600618504717E-8 2.23312171624651E-8 0.049977040605479583
-0.08544796042127181 1.2633032021521531E-17 0.05192572029476935 0 1.5962775856180317E-8 1.8151441679758128E-8 0.04997703236926898
-0.2993967149465731 5.4908359945213266E-18 0.05658028588283902 0 8.948176216241547E-9 4.6432040734207915E-8 0.04997701967849428
-0.22270343343645202 -2.7398019802337882E-17 0.054316401779706945 0 6.879382484221774E-9 3.633540493298051E-8 0.049977033465123846
-0.27837086784154214 -0.12617379267311218 0.05679356136910862 0 -8.314521785230968E-9 4.2588230154391506E-8 0.04997702645078716
0.07416648351753428 -0.04282003922369633 0.05192757354063934 0 3.4753756133083363E-9 -9.5891417233299E-10 0.04997703487761821
-0.07423701450489274 -0.04286076030823398 0.051928362278406685 0 1.0099246765219951E-8 1.8555854644697436E-8 0.04997703342370882
5.433302611002987E-16 -9.25534990736191E-16 0.051513083863437 0 1.2430531952309256E-8 6.883753179633909E-9 0.04997702502805598
-0.10393602836491157 -0.0928684349452979 0.05261104654913398 0 3.6966634997474053E-9 2.1673028949780834E-8 0.049977043835094284
0.09263290818595533 -0.09340215664313874 0.05249108753880629 0 -2.9981143752843055E-9 -3.871141024517702E-9 0.04997704386421922
0.13365633223327938 -0.131494330544841 0.053500013617672336 0 -6.639640979728588E-9 -1.4625758276617749E-8 0.049977050428678164
0.32685099627426545 -0.2905697969488598 0.06232853198902639 0 -2.7940942793654294E-8 -3.1012984902630015E-8 0.0499770500368537
0.25568805190108224 -0.19009790761699052 0.05725179690059135 0 -1.0708209465743848E-8 -2.8845777817331688E-8 0.04997703133102448
0.2878012678865199 -0.2461068228137798 0.059620677596610265 0 -2.1934151227209516E-8 -2.8785607996655832E-8 0.049977035408328714
0.17648242248939017 -0.17786432905826252 0.055061790182478074 0 -8.487346196270239E-9 -2.2941777285363785E-8 0.04997703948804379
-0.2483235922732361 -0.18165056966040063 0.05686432272721823 0 -1.4287920392105234E-8 3.687951461056317E-8 0.04997702732066045
0.5547456546446986 -0.6639301342123074 0.09391738389868397 0 -7.063047442198523E-8 -7.158665219036868E-8 0.04997706603775747
0.617759403950767 -0.688475338910477 0.09999999999999995 0 -7.214490672385345E-8 -7.840847369504639E-8 0.049977058125805336
0.5055257679581893 -0.637124600070996 0.08897493457515948 0 -7.238289758770567E-8 -6.307072795594288E-8 0.04997707117656776
0.4877536710430043 -0.5826751104622181 0.08420495651136725 0 -6.797459620463852E-8 -5.3185048879920144E-8 0.04997706542344093
0.33633282409977666 -0.3398966968888034 0.06444423660906808 0 -3.368008473043115E-8 -3.7265047534654126E-8 0.04997706297345034
0.3632772876174715 -0.38800374757803635 0.06749345504717459 0 -3.508997389895157E-8 -4.8156400376424346E-8 0.04997705425449237
0.41704203467651185 -0.4108303752912243 0.07090170067103964 0 -3.712331868290594E-8 -5.207461128093617E-8 0.049977042212765076
0.4381086940659461 -0.4733073985449338 0.07505155127124846 0 -4.981084380192608E-8 -5.080359779882902E-8 0.04997703994211565
0.4531934148271225 -0.5420428192507506 0.07976926362259741 0 -6.278275175196399E-8 -4.871323061510214E-8 0.04997705037828622
-0.8565041007211142 0.12935729823844902 0.09401883827528355 0 2.1204361998232605E-8 1.2008423435149163E-7 0.049977037673045795
-0.9051192255768068 0.1907463267598074 0.09999999999999999 0 2.969713120962201E-8 1.3061174948173614E-7 0.04997702789610525
-0.7940808377677345 0.13178185399490336 0.08820577601429047 0 2.7792020635793576E-8 1.1142272379844967E-7 0.049977047011820784
-0.33304413722574716 -0.0693067767843958 0.05805530637396814 0 3.0576169767156407E-9 5.1953165246975026E-8 0.049977021376107614
-0.4742240483662385 0.11256694280313873 0.06494853319711702 0 2.5319619277565436E-8 6.721230761660908E-8 0.04997704659734324
-0.5075730010734563 0.12513873893141758 0.06697106660603604 0 2.1140363292846907E-8 7.441541493639745E-8 0.04997704039751044
-0.5430568755805907 0.10886676283437083 0.06886622733636953 0 1.8700655106416116E-8 7.776850306496451E-8 0.04997702914581383
-0.7200856347104287 0.12756375701027653 0.08178787314202199 0 3.469844628171463E-8 1.0133211077832165E-7 0.049977033660242316
-0.6366216770914513 0.1480565042375733 0.07568897320024313 0 3.215145978425229E-8 9.146752789044335E-8 0.04997701932698603
-0.5817364775186938 0.11498204866540508 0.07140762999266016 0 2.2050666408750968E-8 8.358196670440797E-8 0.04997702145560809
-0.42774238996431574 0.06497482014443741 0.06209784320535726 0 2.3909806818650026E-8 5.94431722380871E-8 0.04997703189956019
-0.3847166606924661 5.007387460326135E-18 0.05988137680814879 0 1.4285500964585744E-8 5.7682385019135097E-8 0.04997702165621441
-0.3349183900900527 -0.1391323925724424 0.05894927757126893 0 -4.920554053305821E-9 5.119360130275684E-8 0.049977025068361845
-0.29014129297673835 -0.2192290809213992 0.05898973037684319 0 -1.5972098004367183E-8 4.613378728293581E-8 0.04997702681465633
-0.30831506111577245 -0.17770170158565646 0.05867258259636438 0 -1.1266674656935045E-8 4.758075363171102E-8 0.049977025113572285
-0.8184909839211807 0.07533925376340875 0.08977629762126751 0 1.7953267133656635E-8 1.1136839250380113E-7 0.0499770380648462
-0.15687445011428935 1.9896548115933566E-17 0.05290395974586269 0 1.254686812219692E-8 2.7614760129819455E-8 0.049977040619971165
-0.12783259126111396 -0.033275347967647646 0.05249920381841622 0 1.0813856328331918E-8 2.5733657052096818E-8 0.049977040765661736
-0.12619399745448542 -0.06614911525416546 0.05266041061116255 0 7.313046373526792E-9 2.591198159075928E-8 0.04997704508923742
-0.24680219676358395 -0.07209570484823002 0.05524990662857362 0 -4.102200108964258E-9 4.0168171035544445E-8 0.04997703270344118
-0.22815732549244763 -0.13366956667415794 0.05546555293618707 0 -1.1855245079108182E-8 3.304323799386471E-8 0.04997703686360891
-0.15093740406319942 -0.09389909648308085 0.053299030733839035 0 2.1768026151640286E-9 2.7106544269518412E-8 0.049977053295405166
-0.17405337917392047 -0.045794392161233266 0.053343830220451034 0 4.7490874288750394E-9 3.299934695245303E-8 0.0499770456215317
-0.18973296493485722 -0.18461798069110347 0.055474546986767154 0 -1.47899232039946E-8 2.5893947207113922E-8 0.04997703298567341
-0.1364384943575783 -0.14270773398924902 0.05371629461338726 0 -5.803145101953708E-9 1.991912103477089E-8 0.049977045989838674
0.04273873390329096 -0.07402565857166638 0.05192600533605053 0 9.07387571334995E-10 4.294726739794898E-9 0.04997703485123235
-0.04299754043112493 -0.07447392462720538 0.051931021483395706 0 4.372789699276009E-9 1.5629625916942035E-8 0.04997703411602164
1.3904975238826412E-17 -0.08573627431625096 0.051928505242836896 0 1.1584778060583025E-9 1.0737494890140313E-8 0.04997703489247945
-0.07925046645516252 -0.13726583442387433 0.052932952804228266 0 -5.701382257326715E-9 1.73577859395541E-8 0.049977043677270246
0.078463056828959 -0.135902000944921 0.052904876080197075 0 -5.5589331021074665E-9 -3.3385414249491056E-9 0.04997704516354615
0.11138757858716244 -0.19292894544503636 0.054318208030815426 0 -1.028322953421422E-8 -1.2509380151323781E-8 0.04997703984178931
0.2704412885460667 -0.32134890739138133 0.06148782850104338 0 -3.506998020801566E-8 -2.6777177981153245E-8 0.049977043853851
0.21970172124605267 -0.2547036178054315 0.05790944965811469 0 -2.1884064082406538E-8 -2.2935659239071597E-8 0.049977029453961354
0.06445906182530692 -0.2524774236880237 0.05535114833714504 0 -1.692255046302299E-8 -7.1307123043562205E-9 0.049977037721875166
0.14972579901011426 -0.2593326910893636 0.056582144341893334 0 -2.0094251374277686E-8 -1.5754557449922093E-8 0.04997702830416033
0.031363797849434556 -0.30517057546423765 0.0568332914109285 0 -2.6857738538044696E-8 -1.0331096322583676E-9 0.04997703233366778
-0.03281109095750645 -0.303248501545522 0.0567724159885361 0 -2.8812672718861E-8 7.270451937284601E-9 0.049977031865327586
-0.22974591189928226 -0.25639797529990704 0.058213734017978094 0 -2.0326864774721143E-8 3.691090826185492E-8 0.049977025599675394
-0.15050660974349658 -0.260685094950677 0.05663516711153095 0 -2.3638691652219302E-8 2.3937826562688516E-8 0.04997702508646875
-0.0010639892128916778 -0.35571530812846325 0.05866683852382106 0 -3.460743582107562E-8 7.0700574071506735E-9 0.049977031161887814
0.4897167015298755 -0.6990669986722716 0.09278011319940965 0 -7.983302956996209E-8 -6.407054938070676E-8 0.04997706118560998
0.5485314847714318 -0.7448023146284537 0.09999999999999996 0 -8.38590770442524E-8 -7.250196157875316E-8 0.049977056815271946
0.4538946410105444 -0.6418290507487608 0.08650541722977732 0 -7.655395232480119E-8 -5.4797767055904393E-8 0.049977062440988124
0.43691576165411183 -0.5863880363863174 0.08178506492225697 0 -7.035439704044399E-8 -4.802403501411734E-8 0.049977054765605496
0.30008338071089913 -0.40108479031261085 0.06570468861303413 0 -4.2329572355090874E-8 -3.8530306096637175E-8 0.04997704824721591
0.35656776116113886 -0.46142030598113837 0.07075125137743835 0 -4.7451782819822434E-8 -4.505457805740657E-8 0.049977039064149235
0.38634553368626 -0.5411366135074784 0.07653244947706513 0 -6.133192832225313E-8 -4.307888882467061E-8 0.04997704039527537
-0.8641324069088798 0.062174994255793294 0.09403348687291993 0 1.3686751628437818E-8 1.1885749382683045E-7 0.04997703219041257
-0.9192848102122441 0.10262901652303172 0.09999999999999998 0 1.7524030514756303E-8 1.2707830109214067E-7 0.04997702787079441
-0.7599167871431189 0.06070075634999409 0.08441733903220823 0 2.1970146894799674E-8 1.0362777517462161E-7 0.04997703421006117
-0.3798507417992421 -0.12110542276221137 0.06050058794352799 0 7.848422067618958E-10 5.78186268011875E-8 0.0499770309307232
-0.40842759083875524 -0.05875232359605665 0.06114052778332879 0 7.674964701797901E-9 6.391899604393575E-8 0.04997702976203608
-0.5039157942187592 0.07056797810116018 0.06615707446286306 0 1.614716502850564E-8 6.891060025918832E-8 0.049977033846937746
-0.5548238392163808 0.07638757137486703 0.0692570455361671 0 1.5819583789108716E-8 7.818991636535353E-8 0.04997702439749611
-0.6893460495224285 0.06354738512595373 0.07863780818203954 0 2.3558604550572818E-8 9.600479857453281E-8 0.04997702340298811
-0.6215823870108426 0.05940809814964494 0.0735747228508592 0 1.843464779232702E-8 8.797746578813969E-8 0.04997701738459833
-0.4662367643365183 -0.05429215722432917 0.06397307879016166 0 4.3055661834986E-9 7.33592241882344E-8 0.049977035216834005
-0.46385916918682774 -3.671115297680029E-17 0.06368112390889598 0 1.1271869315272015E-8 6.818445784006453E-8 0.04997702844120414
-0.3620108841151937 -0.17400839360604695 0.060635096430618034 0 -8.133596466755814E-9 5.4495937072923095E-8 0.049977029223173895
-0.299671918215507 -0.26919022055739933 0.06068803798570996 0 -2.046684679453433E-8 4.999651506634465E-8 0.04997703479579652
-0.33027652289156045 -0.22443841547131757 0.060528990644305516 0 -1.619677467545391E-8 5.26603206920022E-8 0.049977029967839356
-0.8245744171037561 3.2427437940114445E-20 0.09002147282184526 0 8.57185271568187E-9 1.1613235824788397E-7 0.04997703244234918
-0.19761019796705673 -0.10158906953187434 0.054303584925033156 0 -7.130853673733687E-9 3.1633794528132935E-8 0.04997705059674174
-0.18403998396844498 -0.12735803584373423 0.05434432437859784 0 -8.112040901386404E-9 2.563757131711344E-8 0.049977049721323746
0.002774404310843052 -0.26370741404826953 0.055444406431408536 0 -2.2068631348438447E-8 -1.1916393315233976E-9 0.04997704165514159
-0.11217260429255088 -0.1942886498520168 0.05435789315243198 0 -1.5984884505877008E-8 1.6943757772871177E-8 0.04997703725145862
-0.059917909088264505 -0.2537684697083779 0.05535616729591674 0 -2.522770089828902E-8 9.110722585083256E-9 0.04997703686949744
0.025874926118163173 -0.1326695098536581 0.05254567933671944 0 -4.46253730277794E-9 7.257822024887972E-9 0.04997704516304183
-0.02524383979971824 -0.13300675455069116 0.05254892004091195 0 -5.762854397538248E-9 1.4057579612995106E-8 0.049977044647030254
0.05493858025113073 -0.18721166728009325 0.05366460039291042 0 -7.866165694039395E-9 -2.0024028671634316E-9 0.049977048923541344
-0.053441146730527585 -0.1870910243981426 0.053652873989227134 0 -1.681301620365532E-8 1.2387941857162427E-8 0.049977048104512034
-0.015811501710617765 -0.22080470166743846 0.05428292799461194 0 -1.9386410985243258E-8 3.2772504846701613E-9 0.049977054024430936
0.001589553534327251 -0.18045943852644147 0.053353802929854637 0 -1.1121372420301744E-8 8.463036453246147E-9 0.0499770569706029
0.01713256069613923 -0.2191946756676691 0.054245341320781695 0 -1.3591698304497039E-8 -7.631186080622838E-10 0.049977054555497405
0.23193963455587202 -0.4017312313397281 0.06368217918749612 0 -4.019443283653224E-8 -2.4264018980704752E-8 0.04997704183354441
0.1923608915779979 -0.3331788376023402 0.059881599761303035 0 -3.253902884321799E-8 -1.677177821488452E-8 0.04997703270808226
0.10559774308437371 -0.32641465451667345 0.058167036115944384 0 -2.9763772504742656E-8 -6.300346666852359E-9 0.049977030068767074
0.02839276411724587 -0.3973392921812579 0.060485401730235276 0 -4.126292038614087E-8 5.09380528622313E-9 0.049977036290906746
0.04349199689707277 -0.3606955682361924 0.05897556113419837 0 -3.5652505562973546E-8 2.1919134500938416E-9 0.04997703248854272
-0.2724211583800272 -0.34021230275634196 0.06225471036920945 0 -2.7537476801792216E-8 4.3393414300600336E-8 0.04997704046863832
-0.04975626500892476 -0.3592625346716331 0.05895024498757896 0 -3.4635012284680715E-8 1.4628709491753717E-8 0.04997703153530886
-0.11115524588477288 -0.32319159740630654 0.058116751891295344 0 -3.122437623998171E-8 2.2167943603954303E-8 0.0499770272712079
-0.1929576265867868 -0.33421241295621784 0.05993362613445384 0 -3.078822440272727E-8 3.4108363860320787E-8 0.049977028937848396
-0.00580331192480529 -0.44141011755505605 0.06253303354413747 0 -4.547528313462314E-8 8.09036079274505E-9 0.049977040137745586
-0.03317807935019408 -0.4000499580003111 0.06062434517611842 0 -3.895998029331497E-8 1.3413786473641309E-8 0.049977036314858704
-0.4124914840826571 -0.7144562081206507 0.09005972521404425 0 -8.402254619538995E-8 5.872070672595244E-8 0.049977047111528346
-0.4625000000000001 -0.8010734985006056 0.09999999999999992 0 -9.741999590813648E-8 6.223607368388768E-8 0.04997704079311361
-0.38371343710296635 -0.7748603000238191 0.09386619334345217 0 -9.563975245215712E-8 5.3766185494813225E-8 0.049977049019053185
0.41226227881814503 -0.7140592129571534 0.09001680581831234 0 -8.047921601870198E-8 -4.986239640847868E-8 0.04997705681361997
0.4625000000000003 -0.8010734985006056 0.09999999999999992 0 -9.023247675200968E-8 -5.9545854189158116E-8 0.04997705183807499
0.36763254236248355 -0.6367582418875386 0.08211785344170675 0 -7.302964079383333E-8 -3.910632797455999E-8 0.04997704957577374
0.2724100436150707 -0.4718280360333562 0.06830375115676082 0 -4.74772008798151E-8 -3.31818621656569E-8 0.049977038231606624
0.31808183532075857 -0.5509338997403103 0.07441383187593022 0 -6.024799363390395E-8 -3.520729319418123E-8 0.04997703592445838
0.2111878992556696 -0.5199281931560845 0.06932845783235407 0 -5.119599538763847E-8 -2.5316700843628177E-8 0.04997704170937451
0.021803385387518696 -0.48225449508691837 0.06469299319690376 0 -5.32024482897742E-8 1.4877159492529792E-9 0.049977042474837335
-0.8627884197170683 -0.05512509329877387 0.09385473111979895 0 -1.5061757878805078E-9 1.2359922115796826E-7 0.04997703340516715
-0.9249999999999996 -3.487031299242896E-17 0.0999999999999999 0 4.727926170032303E-9 1.295964025609687E-7 0.04997702429342182
-0.7353276040989696 -1.3378311327871067E-18 0.08212306732579755 0 1.446853629417152E-8 1.0426298589142106E-7 0.04997702787891411
-0.4256923062754768 -0.12215318657273537 0.06260425960749795 0 1.4366084852964361E-9 6.387503427415768E-8 0.049977042954592474
-0.4043520178042478 -0.16901983470521803 0.062374130552393804 0 -6.403231988640099E-9 5.801856015102396E-8 0.04997703607368265
-0.46760448929491655 -0.09647351175034935 0.06440527405535054 0 -1.048054310222397E-9 7.33414291672828E-8 0.04997704687761878
-0.5447672634209793 2.858524015158418E-17 0.06830049229574699 0 7.185160096894528E-9 7.898337337458105E-8 0.04997702218880389
-0.6361392415232948 1.0428654588114258E-18 0.074412070818866 0 1.1637761280974472E-8 9.107213910920483E-8 0.04997701715362104
-0.5124187514513647 -0.051847896831783355 0.06651654728017117 0 7.726316989302256E-11 7.845117982012356E-8 0.04997703092409591
-0.36799093114432163 -0.6373789894665451 0.08217765681431857 0 -7.084723998102672E-8 5.778776605300379E-8 0.04997704121987725
-0.31827009850817745 -0.5512599811461146 0.07444098367382036 0 -6.087163075026483E-8 4.857453234751412E-8 0.04997702860058668
-0.31386332305040454 -0.40193360988060217 0.06622216379223078 0 -3.9564370028216284E-8 4.133803616610166E-8 0.04997704302171968
-0.344912559069745 -0.4432246070018303 0.06935603931497553 0 -4.77343145318553E-8 4.5789813714408206E-8 0.04997703425420054
-0.3337091490042147 -0.3553876317528073 0.06495432896100803 0 -3.338960006873572E-8 4.805372292586361E-8 0.04997705497271329
-0.383737195098482 -0.21760730691022415 0.06251779019199952 0 -1.602163126893382E-8 5.750288259602586E-8 0.049977032659544444
-0.33230969380311975 -0.3125744339373021 0.06328313435425742 0 -2.7393100347104008E-8 5.503459590689917E-8 0.04997705007316211
-0.3540195296480104 -0.26181915330723304 0.06247659304365877 0 -2.2687592600036522E-8 5.741549340756273E-8 0.04997703732428862
-0.7962287177911112 -0.06074957956360479 0.08762354715881245 0 2.5077848750865517E-9 1.1657829731050958E-7 0.04997703828562673
-0.7351410524947966 -0.06092685497728594 0.08231802271497875 0 7.3327100783049075E-9 1.0763765754278398E-7 0.04997703273900515
-0.4839056580716607 -0.700569999447879 0.09257832058039935 0 -8.07778083297369E-8 6.435856318527799E-8 0.04997704935987166
-0.548567403595686 -0.7447758606713796 0.09999999999999995 0 -8.887476094026906E-8 7.202497610622791E-8 0.04997704395926535
-0.43547631470191006 -0.6351536187841573 0.08509247440255902 0 -6.756891712779098E-8 6.377479825436977E-8 0.04997704863089318
-0.4991515386320159 -0.6334110077816721 0.08834372866104905 0 -7.020711368464813E-8 6.990287585795516E-8 0.049977059491934935
0.19075484218748148 -0.47253116432229375 0.06620021711897693 0 -4.3294349074077676E-8 -2.0416754810527102E-8 0.04997704953566831
0.04901016908663563 -0.43723836174505165 0.062459634223422635 0 -4.88172619189385E-8 1.9739816003542136E-9 0.04997704412522873
0.06673635655852123 -0.4767204709635778 0.06461779605353515 0 -5.567519297654662E-8 -4.100012257605253E-9 0.049977050604300785
0.08201071126761385 -0.3939388987243752 0.06066806698898625 0 -4.1422497697656584E-8 2.473541994262956E-10 0.04997704051692865
0.15779399244920161 -0.40600143052169285 0.06224217224863409 0 -3.9142293859840395E-8 -9.084790926756711E-9 0.04997704609920699
-0.23228029263418432 -0.4023212684393739 0.06371797650698163 0 -4.130608477550864E-8 3.674676619237126E-8 0.049977037109709084
-0.272587327693687 -0.4721351010648927 0.06832563375196132 0 -5.259907713465627E-8 3.865324265324813E-8 0.04997703203725613
-0.08918266806588586 -0.39015326021997454 0.06056960464965617 0 -3.7683288345754336E-8 2.297437158739705E-8 0.04997703848035788
-0.15459594130071433 -0.39192658728762203 0.061550218588660825 0 -4.089117047347368E-8 3.187916171217978E-8 0.0499770394499586
-0.18675532053812563 -0.43493251784630643 0.06418357757579085 0 -4.998232180650481E-8 3.2992713353675895E-8 0.04997704422527673
-0.21375905453868752 -0.4723463627877797 0.06671710658979704 0 -5.5895748961908434E-8 3.2336355612873445E-8 0.0499770398259925
-0.030837599095424044 -0.4757419881377715 0.06436680609968097 0 -4.7733311943363474E-8 8.943019354648455E-9 0.049977042892980446
-0.05772042989369192 -0.4373202270026056 0.06251628812885628 0 -4.139170998774262E-8 1.650342511385329E-8 0.04997704453735371
-0.34485879204612635 -0.7195732958375974 0.08756922173357189 0 -8.730040906875E-8 5.363953251814873E-8 0.049977052893658044
-0.3147326423667731 -0.6679534491621227 0.08237892997106575 0 -7.73048441404353E-8 5.329518304186631E-8 0.04997704626502282
-0.23145619169988374 -0.5426436945370012 0.07120349698950756 0 -6.29536004095546E-8 3.4476356126057764E-8 0.04997703262823818
-0.28415939775573246 -0.6153602706014173 0.07751426427315904 0 -6.940212857714244E-8 4.7667685267280806E-8 0.04997703555435513
-0.32938286511096027 -0.7771045511687235 0.09186418681824757 0 -9.606823746965813E-8 4.66210490277343E-8 0.049977057846749356
-0.29287844997281653 -0.7560683801841978 0.08874412837590734 0 -9.053457223968145E-8 4.4553087487063565E-8 0.04997706448800023
-0.3707535969478622 -0.8474426517245004 0.09999999999999994 0 -1.0546569725093817E-7 5.038710056010557E-8 0.04997704761736158
0.3299132550602819 -0.6955796266909601 0.08507057911176502 0 -7.674926236431925E-8 -3.2822218472415075E-8 0.04997705886160189
0.29721686832567656 -0.7486484838731736 0.08825580478820183 0 -8.355675563430538E-8 -3.226508388454343E-8 0.04997707067676425
0.36329863298780996 -0.7692008953950569 0.09250410835033807 0 -8.377673759435363E-8 -4.4036162585834857E-8 0.04997706063819791
0.37078540548822353 -0.84742873429503 0.09999999999999996 0 -9.442081561365287E-8 -4.7326958849926224E-8 0.04997705645189462
0.28831363121595577 -0.628175946475062 0.07855241106831119 0 -7.047579887509456E-8 -2.6851761964447514E-8 0.04997704443061119
0.2593907519340379 -0.5686281064407216 0.07361593901057979 0 -6.099060678770654E-8 -2.7733534003415454E-8 0.04997703650056687
0.1909808398518187 -0.5616900805542804 0.07142639087555927 0 -5.898997505514342E-8 -2.2479765020823598E-8 0.049977040150340844
0.17735047116299676 -0.5251479744589087 0.06889288845838194 0 -5.22043763726613E-8 -2.2670044604360438E-8 0.04997704658989315
-0.006975621790116347 -0.518397225687904 0.06671599267023105 0 -5.5553042092031296E-8 3.199624432722537E-9 0.04997703917460744
-0.05196883438319561 -0.5240326103663052 0.06719869985797552 0 -5.383608490017626E-8 8.007553592087772E-9 0.04997704160930396
0.051893656645759574 -0.5409828050063739 0.06822031633188269 0 -6.149081706898604E-8 -5.8448278104542495E-9 0.04997704017052592
-0.8393412000270999 -0.10211595922316324 0.09200820531311653 0 -7.95461458729285E-9 1.2078604613767625E-7 0.049977042072654146
-0.8023821229894582 -0.12465004703532731 0.08885408731398863 0 -7.413053529687283E-9 1.1484447030083212E-7 0.04997704966398313
-0.919283847116488 -0.10263764414409532 0.09999999999999995 0 -9.628043348509258E-9 1.3059004075709803E-7 0.04997703092084171
-0.4286041911968902 -0.211604106404576 0.06443452009247352 0 -1.6223243752571688E-8 6.005090262758487E-8 0.049977034754317716
-0.6752473549062171 -0.06099766201966174 0.07752927755735106 0 6.525907430791028E-9 9.811146804626221E-8 0.04997702323907834
-0.4690213191754545 -0.16282051739106812 0.06545407679976868 0 -1.077801469244342E-8 6.281978939636212E-8 0.04997704624034478
-0.5199939829281818 -0.12464895604080488 0.06768673130026925 0 -1.2648223868170524E-8 7.538987649143822E-8 0.04997704050731148
-0.5844196053235723 -0.07491703801282976 0.07115392026499068 0 -2.3537731095677884E-9 8.571883713828054E-8 0.04997702225493313
-0.40158939943089916 -0.5697012631254147 0.07901179842938963 0 -5.936571927503972E-8 6.194452915183454E-8 0.049977036610124446
-0.3629672679735455 -0.5093150093458657 0.0736457128337714 0 -5.472828688704211E-8 5.305690635519246E-8 0.04997702856540843
-0.36195665189066545 -0.3775113144203722 0.06698450376718919 0 -4.159673444297047E-8 4.840139210958042E-8 0.04997704957833482
-0.36626813150114046 -0.41664081435894 0.06892167223823108 0 -4.576809228158178E-8 4.806893065608332E-8 0.0499770388517755
-0.3903068178565833 -0.4466269881485596 0.07141764844659583 0 -4.9069890995588504E-8 5.3785445847948703E-8 0.049977031908422904
-0.38262787487786487 -0.34149739132768064 0.06638993492953274 0 -3.999291785594855E-8 5.652059644176273E-8 0.04997704876637082
-0.4062559769371703 -0.26147495596378895 0.06471383725610919 0 -2.556891621794183E-8 6.098883709985177E-8 0.049977034721658584
-0.379843340675863 -0.2969419115223147 0.06465963905911938 0 -3.1517134304004214E-8 6.026187505269401E-8 0.04997704323214409
-0.735100345459195 -0.11930462056175606 0.08291132970822639 0 1.7597812911550418E-9 1.0608621176890107E-7 0.04997704079140705
-0.5519968333853201 -0.6639303440969675 0.09374464706266032 0 -8.042611563143219E-8 7.415725849980696E-8 0.04997705341976851
-0.6178002971320175 -0.6884386430529175 0.09999999999999999 0 -8.57238850218004E-8 8.436831532151994E-8 0.04997704374900863
-0.4800125571007386 -0.5637645778356987 0.08255043176744221 0 -5.886701989354757E-8 7.531640838185724E-8 0.049977049035591206
-0.5399346500949583 -0.6040123388311484 0.08868415026698905 0 -7.171040978481953E-8 7.889638233108075E-8 0.04997705844223566
0.1043605879990727 -0.5010308479370807 0.0663275801738497 0 -5.6552711564762573E-8 -1.340753849298611E-8 0.04997705665183805
0.14556246178613041 -0.5017461145955597 0.0669511130546236 0 -5.0474086475936696E-8 -1.8775223948215688E-8 0.049977057171415415
0.1399468089855873 -0.4672126633962517 0.06496624972127404 0 -4.6328654716418336E-8 -1.1938740513000374E-8 0.049977061962367106
0.10408488366078729 -0.44405468685268906 0.06327666735135784 0 -4.920737335499119E-8 -3.1933764634044264E-9 0.04997705670226815
-0.1061373350373039 -0.43371612134398735 0.06278756375601147 0 -4.2645463097024766E-8 2.553653083959458E-8 0.049977052030474894
-0.15386562481962193 -0.515523498759926 0.0678853449092873 0 -5.981767338086857E-8 1.9897438522777955E-8 0.049977049202824204
-0.1533021139497205 -0.45854960024362473 0.06473399748772987 0 -5.303981671284315E-8 2.795426549606147E-8 0.049977055621960184
-0.09527352708204248 -0.48999184724793526 0.06560563290386158 0 -4.8265393580739836E-8 1.4785068901140224E-8 0.04997705522443259
-0.09590125636856876 -0.5619999312235504 0.06990127823248256 0 -6.053867190183693E-8 1.2621733638713015E-8 0.04997703907014257
-0.15663037176370528 -0.5733099421965812 0.07149707499548641 0 -6.48363203804026E-8 2.2313563141268264E-8 0.049977037268585746
-0.2643961373711981 -0.69702971973395 0.0829765309474388 0 -7.879275667589018E-8 4.78408091386903E-8 0.04997705462215286
-0.19926692702634366 -0.6350324834465847 0.07658242747619838 0 -7.078362425790912E-8 3.480063701554315E-8 0.04997703702702956
-0.2937621218403118 -0.8161557505482272 0.0941366022415018 0 -9.80510749772129E-8 3.8641984566929744E-8 0.04997705794805513
-0.2445064351501806 -0.7666415232960113 0.08818261063739219 0 -8.590229313639168E-8 3.6850363451655255E-8 0.04997706322590821
-0.28738877712844163 -0.8792227618026947 0.09999999999999998 0 -1.0470189356407004E-7 3.7238801214933836E-8 0.04997705030022267
0.24692814396934878 -0.6974874410583481 0.08250617855893734 0 -8.240142422395325E-8 -1.9933065052408878E-8 0.04997705924976846
0.2521627428797361 -0.7694593063835823 0.08864404636431372 0 -9.178803450437808E-8 -2.905602804057064E-8 0.0499770698722782
0.297447604941039 -0.8106467532563326 0.09375141746476387 0 -9.23048174759174E-8 -3.893649755271579E-8 0.04997706559518204
0.28742318143973467 -0.8792115158194408 0.09999999999999996 0 -1.0343707978763259E-7 -3.851502783478989E-8 0.04997705717288774
0.18957159845420457 -0.6243064952889011 0.07560329744867302 0 -7.060239711446395E-8 -1.758381834791032E-8 0.04997704005218046
0.12475562378528372 -0.5650913910725972 0.07045918166236258 0 -6.232377089975966E-8 -1.608598158505706E-8 0.04997704201950267
0.16970055881419605 -0.6915759378642314 0.08021607449160519 0 -8.182120357981631E-8 -1.2807672991729072E-8 0.04997704708409802
-0.02127679909875186 -0.5862434400348021 0.07098260267248739 0 -6.453353329334016E-8 5.993565682150335E-9 0.04997703330299287
0.047679088889249585 -0.6125339534466792 0.07287094188782159 0 -6.928615665234148E-8 -1.550474501589718E-9 0.04997703414196759
-0.8531067718150073 -0.15803750226362162 0.09415708085227006 0 -1.6455157483024305E-8 1.1785280409098143E-7 0.04997704216986445
-0.7842181949983064 -0.17459658052838975 0.08806681761589173 0 -1.1568565525489248E-8 1.0648027599249069E-7 0.049977048083912255
-0.9051158299750597 -0.19076243784282004 0.09999999999999996 0 -2.069308808427795E-8 1.2333899322686143E-7 0.04997703358670808
-0.47800098007166625 -0.2183882854981824 0.06713458210584479 0 -2.0232739754017582E-8 6.450009886858301E-8 0.04997703242076152
-0.4503344724862791 -0.2539143429242661 0.06663047103760426 0 -2.5113276536907295E-8 6.378758164741901E-8 0.04997703054862413
-0.647719142022224 -0.1435812801370505 0.07642272847163623 0 -5.513098523742611E-9 9.257874036041626E-8 0.04997702467515408
-0.5329845388239062 -0.1985594752136453 0.0698139205090511 0 -1.9383188069517433E-8 7.262998203088213E-8 0.049977028996488475
-0.5744027965338088 -0.14938461510286838 0.07144252826293569 0 -1.305835319148277E-8 8.140358176546645E-8 0.04997702657028598
-0.44626651447182913 -0.4769553831048422 0.07565680574632234 0 -5.076583930945076E-8 6.649880117842758E-8 0.049977030616442535
-0.5140310251048448 -0.4921578818310024 0.08018045280724437 0 -5.220564750042517E-8 7.84728519513472E-8 0.04997703618964399
-0.4256087219342948 -0.3924588186076942 0.07047472570296819 0 -4.5420018120966256E-8 5.967894770290213E-8 0.04997703338735082
-0.44295395304453694 -0.3153758255937713 0.06823813858748431 0 -3.604245461886046E-8 6.454719941705288E-8 0.04997703124571761
-0.722493271850469 -0.18466121884148878 0.08299584497449673 0 -8.045531905852497E-9 1.0018486914736165E-7 0.04997703777139648
-0.6008930547011089 -0.6092572756078648 0.09299302035398636 0 -7.576316322785435E-8 8.483957104283859E-8 0.0499770473951603
-0.684830613311738 -0.6217902179859557 0.09999999999999995 0 -7.714851369823364E-8 9.428628614605432E-8 0.04997703551552517
-0.5678213237459835 -0.5376676061363831 0.08613904983735729 0 -6.159962422792027E-8 8.481408187144266E-8 0.0499770448428267
-0.10379006268918359 -0.6311723493295895 0.07466578004946203 0 -7.047256331603477E-8 1.9404550567882032E-8 0.04997703430085712
-0.2012336657215405 -0.7196538123444206 0.08312630758513646 0 -7.851124602642685E-8 3.6205009597770194E-8 0.04997705144007948
-0.14538614431124028 -0.6947291331504665 0.08002955113164488 0 -7.773894201388178E-8 2.83232882409366E-8 0.04997704180216855
-0.2244810935107963 -0.8295744817427091 0.09335179876408069 0 -9.551666836826722E-8 2.9796851883427704E-8 0.04997705405165705
-0.1948530319449167 -0.7756068237085788 0.08772926134592988 0 -8.651190676742092E-8 3.0410562283163584E-8 0.049977054683611376
-0.1961900777341867 -0.9039499420937565 0.09999999999999996 0 -1.0692100109849431E-7 2.560890738193047E-8 0.049977045335917146
0.18083964416846282 -0.7595104378227607 0.08602850609777067 0 -9.168506784688888E-8 -1.7364736715950644E-8 0.049977056633496234
0.22639239794839497 -0.823169454837357 0.09279966487488275 0 -9.877826463291332E-8 -2.9501295439614267E-8 0.04997706043012844
0.1962292603758944 -0.9039414372048344 0.1 0 -1.0780991111614262E-7 -2.610151520656378E-8 0.0499770500003954
0.115198487208555 -0.6531897985847656 0.07640980333620502 0 -7.471383172771786E-8 -7.810725990674678E-9 0.049977038420302274
0.13075868837865867 -0.7179080095003469 0.08165710231721485 0 -8.353209946492085E-8 -8.038491513684304E-9 0.0499770473668041
0.11581756539084577 -0.7588114009433137 0.08487399945221091 0 -8.705850256995811E-8 -7.306539673723496E-9 0.049977052127936135
0.049373389215154787 -0.6762514634930521 0.07753347573866784 0 -7.665197869143796E-8 3.3851445400133835E-9 0.04997703988482996
-0.018713178495829663 -0.6598847879456909 0.07617577755495697 0 -7.499362183580597E-8 1.153617865540345E-8 0.04997703661864608
-0.6738902730202501 -0.2204985208373878 0.07997070091519397 0 -1.4477947481380233E-8 9.546783224388093E-8 0.04997702889595099
-0.8340398056073672 -0.21902107573341584 0.09363611174877712 0 -2.2477766629629053E-8 1.1218668715758373E-7 0.04997703838442952
-0.7682837005378527 -0.21778108265977308 0.08762455506029669 0 -1.6948193702825644E-8 1.0403196104335208E-7 0.049977040418025274
-0.8809151182252344 -0.2821428693025129 0.09999999999999996 0 -3.186375464963558E-8 1.19429675801322E-7 0.04997702868582516
-0.5165019276401033 -0.27345997871285094 0.07083650833060155 0 -2.709508285175755E-8 7.264996796115982E-8 0.049977023325093434
-0.598583551544961 -0.22602979228178174 0.07467942546060534 0 -1.8650591140533716E-8 8.480774725897418E-8 0.0499770228568437
-0.5551101229584549 -0.47007014883430126 0.08146563252731462 0 -4.871717697015281E-8 8.219883060023354E-8 0.04997703561659766
-0.5105636494997625 -0.4275668331221898 0.07661161867134536 0 -4.438306547344098E-8 7.540291874153046E-8 0.04997702818930747
-0.504302912589223 -0.3476237550984314 0.07274022680505549 0 -3.6311213698616594E-8 7.299646231059937E-8 0.04997702404173614
-0.7177089386751472 -0.2549295522420565 0.0843570467432338 0 -2.0604326149410592E-8 1.0138854158050148E-7 0.04997703455320107
-0.6531660790226061 -0.2763311132584134 0.0799841441751332 0 -2.2221039825709733E-8 9.540747096563912E-8 0.04997702982695439
-0.8437556437212325 -0.37907955935377746 0.0999999999999999 0 -4.624734488326118E-8 1.1797157972084444E-7 0.049977031600989694
-0.8010515387579304 -0.4625279007956028 0.09999999999999996 0 -5.635774030778063E-8 1.089865246989122E-7 0.049977037807485455
-0.7501479603301011 -0.5412050791178039 0.09999999999999992 0 -6.43591394700676E-8 9.979806595048086E-8 0.04997703489911855
-0.5998767009898777 -0.4788913706345559 0.08487289614566725 0 -5.0056380542477146E-8 8.58344005055919E-8 0.04997703978804257
-0.6562422498346266 -0.5241856689594518 0.09146905933596002 0 -6.01880111355942E-8 8.997432807484426E-8 0.04997704054624817
-0.08839747535315964 -0.7039498716595032 0.08000538942626953 0 -8.139202929783159E-8 2.177648477230188E-8 0.04997704236161663
-0.13806578705455586 -0.7497079460326577 0.08441541385599154 0 -8.59427624327849E-8 2.6056339104449265E-8 0.04997704832254131
-0.14308797449955213 -0.8318118172195702 0.0918642159103333 0 -9.862827310541943E-8 2.137810143965142E-8 0.049977050415415364
-0.09361073890939048 -0.9202510142029422 0.09999999999999995 0 -1.1286897829153968E-7 1.243873088188494E-8 0.049977047950405626
0.09365704332523053 -0.9202463037324216 0.1 0 -1.062164927619452E-7 -1.2269750990103753E-8 0.04997705012907739
2.0711142119751377E-5 -0.9249949331376578 0.09999999999999996 0 -1.1014613651636074E-7 -7.226253694025364E-10 0.04997705376716688
0.12762107521700664 -0.8265826692803618 0.09113421310198927 0 -9.530734389519173E-8 -1.3713155123703066E-8 0.04997705423266465
0.08068135396090603 -0.7141673032968792 0.08075294753127603 0 -8.090838629424202E-8 -1.2954793824596853E-10 0.04997704631238529
0.06358506183867194 -0.7827017733005066 0.08643167294964102 0 -8.693293080619553E-8 -3.1907575376659017E-10 0.049977059225603714
0.02032803985547743 -0.7231235035279147 0.08113718206932351 0 -8.229248773151794E-8 1.0030182786326898E-8 0.04997705064443311
-0.03309170223836219 -0.7328034628470876 0.08197501691133365 0 -8.646029674250872E-8 1.693236851056275E-8 0.049977051843005986
-0.7926496756412598 -0.2913333375023676 0.0919087000057277 0 -3.1154263193160904E-8 1.1015532247642253E-7 0.049977035252735606
-0.5810426636905172 -0.3157640075984303 0.07626188231201679 0 -2.785230979884367E-8 8.489701164626747E-8 0.04997702541323533
-0.5773213056470615 -0.42632356756478973 0.08066830857907491 0 -4.0835256749172905E-8 8.401470138262457E-8 0.04997703441534219
-0.5604495700519321 -0.38109429561078195 0.0775098294695611 0 -3.570932974675658E-8 8.203451583460322E-8 0.04997702852927409
-0.6449966839705538 -0.44452809810358646 0.08625924084344862 0 -4.372228776601953E-8 8.908848051935869E-8 0.049977046104158394
-0.6508158876168189 -0.3390076459058359 0.08199721983987755 0 -2.9066693961237876E-8 9.72380889103314E-8 0.04997703932318005
-0.7091826270730177 -0.3233083988571452 0.08590988858162861 0 -3.170043621893621E-8 1.0466037137716497E-7 0.049977041335646503
-0.7619010673352372 -0.3837317836320327 0.09273617861998763 0 -4.617667324505609E-8 1.078128170846303E-7 0.04997704426056381
-0.7143597851634016 -0.46065181317541964 0.09243904770387959 0 -5.279672815046699E-8 9.532134745107456E-8 0.04997704707115032
-0.07537530152887754 -0.7754914719888757 0.0858872030654022 0 -9.41391491710643E-8 1.8180107875087998E-8 0.049977054965774745
-0.048377865911234746 -0.8513117859798408 0.09269807273978156 0 -1.0399334371565726E-7 7.325319569567502E-9 0.04997705926067354
0.043935839967012356 -0.8511210240129371 0.09265635168129686 0 -9.682024589547332E-8 -5.007604478867937E-9 0.04997706093168943
-0.004822548609299441 -0.7855262944057825 0.08645491759740057 0 -9.222308021333715E-8 9.635273676171897E-9 0.0499770668819172
-0.615323196863825 -0.38077552285640776 0.08115372829448383 0 -3.2779649654834326E-8 9.024394175404102E-8 0.0499770383465969
-0.6821995337018092 -0.3893517946424338 0.0864501634511279 0 -3.8115776676627167E-8 9.859074572424499E-8 0.049977053439852585
