% Model:
% Version:
% Dimension:          3
% Nodes:              691
% Expressions:        4
% Description:        Surface
% X                       Y                        Z                        Color                    DeformX                  DeformY                  DeformZ
0.7501545366059812 -0.5411959634402135 0.09999999999999992 0 -3.594174455191453E-8 -5.930998052450201E-8 -2.760712211939229E-5
0.8010709981238165 -0.4624941975024229 0.09999999999999998 0 -2.7882549424221345E-8 -6.046459047701633E-8 -2.7602649384397968E-5
0.09365704332523052 -0.9202463037324213 0.1 0 -6.422392821602241E-8 -1.2717346280330949E-8 -2.7611960535700797E-5
0.1962292603758942 -0.9039414372048337 0.09999999999999995 0 -6.681556614403674E-8 -2.0437988873654733E-8 -2.7612025395021287E-5
0.2874231814397345 -0.8792115158194402 0.09999999999999994 0 -6.397542916091259E-8 -2.7436639871663498E-8 -2.7604776474237198E-5
0.6177594039507672 -0.6884753389104772 0.09999999999999995 0 -4.441385511687807E-8 -4.777514281279041E-8 -2.760233276062853E-5
0.6847899965302143 -0.621834949891059 0.09999999999999994 0 -3.9481907550057964E-8 -5.147417179271699E-8 -2.760847604091676E-5
0.6644823007055147 -0.538951594396605 0.09297818153954257 0 -3.646400226849609E-8 -5.072149556942491E-8 -2.7605185242316374E-5
2.0711142119768948E-5 -0.9249949331376585 0.09999999999999999 0 -6.788423182473059E-8 -6.77095364942568E-9 -2.7608451207467728E-5
0.04393583996701241 -0.8511210240129379 0.09265635168129693 0 -5.8958644749000005E-8 -8.457098478494756E-9 -2.7601511745714363E-5
0.7176713367395712 -0.4652126067437795 0.09294805270739674 0 -3.1019856367168814E-8 -5.683578355046302E-8 -2.7597045398950936E-5
0.8437752388147 -0.3790359438971111 0.09999999999999999 0 -2.0853948106207055E-8 -6.022073285872198E-8 -2.7607818057546855E-5
0.7635253857731481 -0.3782532475337201 0.0926398396720293 0 -2.138369390382405E-8 -5.346819043798173E-8 -2.759816658685555E-5
0.5547456546446984 -0.6639301342123076 0.09391738389868395 0 -4.4310857037032614E-8 -4.469592497716356E-8 -2.7594888824860833E-5
0.5485314847714319 -0.7448023146284535 0.09999999999999996 0 -5.268519060134277E-8 -4.596529878342971E-8 -2.7604183126091296E-5
0.12762107521700677 -0.8265826692803626 0.09113421310198931 0 -5.8917731657428515E-8 -1.2164039365108448E-8 -2.7608188991935156E-5
0.22639239794839497 -0.823169454837357 0.09279966487488275 0 -6.263230454540407E-8 -2.2066046380408858E-8 -2.7601832382755833E-5
0.3707854054882235 -0.84742873429503 0.09999999999999998 0 -5.69287411519347E-8 -3.130918090314336E-8 -2.76053445118463E-5
0.297447604941039 -0.8106467532563327 0.09375141746476388 0 -5.6957858616595093E-8 -2.7279562583475866E-8 -2.7596528811063065E-5
0.6050561438570463 -0.6036830020468074 0.09289418017943475 0 -3.7836940585172246E-8 -4.4037755502737697E-8 -2.7600056577001276E-5
0.5365057739834548 -0.6074638984061794 0.08871198704411523 0 -4.1531401678222426E-8 -3.752821979430677E-8 -2.7589721813967158E-5
0.640351776746304 -0.4627856253417016 0.08686037768572825 0 -3.651021360362447E-8 -4.850525545049573E-8 -2.7601521468990495E-5
0.6027366073062329 -0.5213223560235656 0.08747588350371878 0 -3.690153753129166E-8 -4.2406355803310695E-8 -2.7604918914086325E-5
0.11581756539084577 -0.7588114009433137 0.08487399945221091 0 -5.472817406890492E-8 -6.476863385271592E-9 -2.7610593743844385E-5
-0.09361073890939044 -0.9202510142029422 0.09999999999999994 0 -7.090565455579147E-8 7.75675390891537E-10 -2.7614516735354182E-5
-0.19619007773418676 -0.9039499420937565 0.09999999999999996 0 -6.590914499674409E-8 7.770981251663065E-9 -2.7617479604723777E-5
-0.2873887771284415 -0.8792227618026944 0.09999999999999995 0 -6.511644580412526E-8 1.3890971766794692E-8 -2.7612802617666203E-5
0.06358506183867196 -0.7827017733005069 0.08643167294964106 0 -5.3162405353412205E-8 -2.602052289267492E-9 -2.760347965600642E-5
-0.04837786591123471 -0.8513117859798404 0.09269807273978152 0 -6.614423396515399E-8 -1.6524240863976991E-9 -2.7603374369422655E-5
-0.004822548609299431 -0.7855262944057821 0.08645491759740055 0 -5.8294389321877484E-8 3.2615221283572477E-9 -2.7595931738964943E-5
0.8809325145611795 -0.2820885484172241 0.09999999999999999 0 -1.5456184839707927E-8 -6.640311411900763E-8 -2.7609775303452257E-5
0.677795607943666 -0.39290477214771735 0.0862680402418979 0 -3.163203905945498E-8 -4.678043606068858E-8 -2.759105670319575E-5
0.6103906305879976 -0.40135765312469535 0.08172372928462611 0 -3.554089275284103E-8 -4.223820372857268E-8 -2.7607647161114433E-5
0.8014927716328404 -0.2914410587712435 0.09271262928645595 0 -1.7515684369890485E-8 -5.864858425058842E-8 -2.7606202693353926E-5
0.7173493567573874 -0.31695962258024274 0.08634023460744475 0 -2.2716788165483827E-8 -4.731775398645976E-8 -2.7603191594958604E-5
0.8230806401765318 -0.20733638606092913 0.09232209730203018 0 -1.1496469573494063E-8 -6.357635068527817E-8 -2.7599301221801176E-5
0.5055257679581893 -0.637124600070996 0.08897493457515948 0 -4.7622492704884056E-8 -3.910574823556558E-8 -2.7590112464026317E-5
0.4897167015298755 -0.6990669986722716 0.09278011319940965 0 -5.13448104228679E-8 -4.102895301324264E-8 -2.7600203273038382E-5
0.46249999999999986 -0.8010734985006049 0.09999999999999984 0 -5.560215480833558E-8 -3.809903305376154E-8 -2.760963990374386E-5
0.18083964416846285 -0.7595104378227608 0.08602850609777069 0 -5.933485659892956E-8 -1.2660275567795987E-8 -2.760595646732712E-5
0.2521627428797361 -0.7694593063835823 0.08864404636431371 0 -5.888077007664023E-8 -2.0103901216153273E-8 -2.759250932530822E-5
0.36329863298781023 -0.7692008953950572 0.09250410835033814 0 -5.0971155137300626E-8 -2.8480450261721103E-8 -2.760134848262942E-5
0.29721686832567656 -0.7486484838731736 0.08825580478820183 0 -5.193302994765341E-8 -2.064184978903403E-8 -2.759162242007631E-5
0.566498136584519 -0.34007595181336675 0.07621962270586992 0 -2.7527131147923532E-8 -3.890440377864255E-8 -2.7622374753621484E-5
0.5490740032503059 -0.5442731464552364 0.08535659345024513 0 -3.841993214722004E-8 -3.4499477904565695E-8 -2.7601439678712196E-5
0.4877536710430043 -0.5826751104622181 0.08420495651136725 0 -4.646069429018675E-8 -3.029086294807796E-8 -2.7595987072241572E-5
0.5629289159938321 -0.47314451663551055 0.08212579004392509 0 -3.657411558966989E-8 -3.792580734314759E-8 -2.7611650333800453E-5
0.5395049675561714 -0.4037977139333864 0.07721405836956645 0 -3.170819913522716E-8 -3.708489984588844E-8 -2.7620900693455827E-5
0.08068135396090602 -0.714167303296879 0.080752947531276 0 -5.124908203261129E-8 -1.4045447133181607E-9 -2.7616675916073567E-5
0.1307586883786586 -0.7179080095003467 0.08165710231721483 0 -5.366025563732654E-8 -6.327743432041998E-9 -2.7615498075485623E-5
-0.3707535969478622 -0.8474426517245004 0.09999999999999994 0 -6.771549120899114E-8 2.199286152597918E-8 -2.761566393351442E-5
-0.14308797449955207 -0.83181181721957 0.0918642159103333 0 -6.193631432977534E-8 6.712991988814582E-9 -2.7612552746308403E-5
-0.22448109351079631 -0.8295744817427092 0.09335179876408067 0 -5.892635038442228E-8 1.0232089404114326E-8 -2.7609112197894004E-5
-0.2937621218403122 -0.816155750548228 0.09413660224150187 0 -6.221805421552588E-8 1.489391717955711E-8 -2.760536840420135E-5
0.02032803985547743 -0.7231235035279147 0.08113718206932351 0 -5.209224454838137E-8 5.152855143907193E-9 -2.7612424643423912E-5
0.049373389215154835 -0.676251463493053 0.07753347573866787 0 -4.926124102008809E-8 2.3218757266276735E-10 -2.762335088628806E-5
-0.07537530152887752 -0.7754914719888756 0.0858872030654022 0 -6.081651125186312E-8 7.572215289464087E-9 -2.7608071809494556E-5
-0.03309170223836219 -0.7328034628470876 0.08197501691133365 0 -5.568360124537532E-8 8.857219487412334E-9 -2.761129538680714E-5
0.9051251563026282 -0.1907181838739738 0.09999999999999992 0 -7.919262407596028E-9 -6.741346732195538E-8 -2.7604371796098197E-5
0.6346730356926771 -0.3174870091624341 0.08001946855914073 0 -2.7449572408908514E-8 -4.125465447507502E-8 -2.7613228475480754E-5
0.7578046117703346 -0.24801668508133742 0.08751626752734717 0 -1.845250472675516E-8 -5.620226793040849E-8 -2.7605080568214888E-5
0.6897625743522149 -0.264441860913035 0.0824063475266023 0 -2.2001318780435453E-8 -4.753891269335382E-8 -2.7611759399004933E-5
0.7597010793028803 -0.19500257071099417 0.08634694259141452 0 -1.7073343676226934E-8 -5.8082709433774434E-8 -2.7599427551929724E-5
0.7883546035916825 -0.1648885681025431 0.08824892692988197 0 -1.219509817850616E-8 -5.927241520092446E-8 -2.759196946206809E-5
0.8374232558848942 -0.12934172138602965 0.09218338983550128 0 -3.777327702144542E-9 -5.870795666610564E-8 -2.7594699104765666E-5
0.7880045515761319 -0.1291017367769672 0.0876205822064691 0 -1.0114568811241015E-8 -5.4526759151443405E-8 -2.7590996009684276E-5
0.45389464101054455 -0.6418290507487612 0.08650541722977734 0 -5.1463924611018326E-8 -3.389649026284089E-8 -2.7599209248203506E-5
0.4122622788181451 -0.7140592129571535 0.09001680581831237 0 -5.102349277004329E-8 -3.1414546447591686E-8 -2.7605025224217105E-5
0.1697005588141962 -0.6915759378642319 0.08021607449160523 0 -5.3544635368417014E-8 -8.785221749643016E-9 -2.7615790842292815E-5
0.24692814396934865 -0.6974874410583478 0.08250617855893733 0 -5.381191678788609E-8 -1.1317322433596799E-8 -2.7603370718301333E-5
0.3299132550602819 -0.6955796266909601 0.08507057911176502 0 -4.833740094806497E-8 -1.9273486637025057E-8 -2.760342565411222E-5
0.5796784116794852 -0.2776116098201063 0.07488927562467991 0 -2.131897786489838E-8 -4.101888929836177E-8 -2.7624919580517377E-5
0.5306797663003683 -0.29923675531161764 0.07251363051783592 0 -2.0863086856152144E-8 -3.850624342725037E-8 -2.7627093791563984E-5
0.5018045759598764 -0.34636458619402455 0.07254833341115845 0 -2.3417981221016726E-8 -3.596487456094549E-8 -2.7626174498611923E-5
0.43691576165411183 -0.5863880363863174 0.08178506492225697 0 -4.857440301704699E-8 -2.8146815655719764E-8 -2.760702168259255E-5
0.5025098789806555 -0.5159632075862093 0.08087711077114174 0 -3.9496859124589644E-8 -3.067282369793261E-8 -2.7609869609121996E-5
0.4531934148271225 -0.5420428192507506 0.07976926362259741 0 -4.367595988844849E-8 -2.7879334046573076E-8 -2.7611288759752848E-5
0.5051728219418842 -0.4543425560441293 0.07763963571270259 0 -3.418705538600101E-8 -3.3697692538092975E-8 -2.761951931504579E-5
0.4743994852003083 -0.40954268251415876 0.073738234339428 0 -2.800782091149166E-8 -3.412070180061661E-8 -2.7623708104485363E-5
0.115198487208555 -0.6531897985847656 0.07640980333620502 0 -4.8722400738713924E-8 -7.043284084057952E-9 -2.7624759125063752E-5
-0.4625000000000001 -0.8010734985006056 0.09999999999999992 0 -6.235963445461172E-8 2.8281366298475995E-8 -2.7622539100516175E-5
-0.3837134371029664 -0.7748603000238192 0.09386619334345218 0 -6.21995841046407E-8 2.4571979413288683E-8 -2.761443335733502E-5
-0.3293828651109605 -0.7771045511687245 0.09186418681824765 0 -6.253290176775162E-8 2.0710590965667575E-8 -2.7605610736235755E-5
-0.4839056580716607 -0.700569999447879 0.09257832058039935 0 -5.1684212825283235E-8 2.9088234172603835E-8 -2.761405523305727E-5
0.04767908888924959 -0.6125339534466794 0.07287094188782159 0 -4.5713509934758304E-8 -4.821237508882822E-9 -2.762940562673495E-5
-0.19485303194491674 -0.7756068237085788 0.08772926134592987 0 -5.314948265092582E-8 1.2615588188083968E-8 -2.7608631672821448E-5
-0.1380657870545559 -0.7497079460326577 0.08441541385599156 0 -5.414359562803303E-8 1.1673777101476019E-8 -2.7614982124149497E-5
-0.24450643515018045 -0.7666415232960108 0.08818261063739213 0 -5.304728044910189E-8 1.605979038572876E-8 -2.760020548326069E-5
-0.29287844997281653 -0.7560683801841976 0.08874412837590734 0 -5.8275834435823034E-8 2.0840229794614105E-8 -2.7599022449699195E-5
-0.018713178495829663 -0.6598847879456907 0.07617577755495693 0 -4.8572257894203556E-8 4.304753205885816E-9 -2.7626850708182446E-5
-0.08839747535315964 -0.7039498716595032 0.08000538942626953 0 -5.233028040011324E-8 1.0372025476040108E-8 -2.762104246025848E-5
0.8548200389796248 -0.0652462727687064 0.09314675085287963 0 5.639938138350928E-12 -5.7628264080217166E-8 -2.7603947218462605E-5
0.9192877606928158 -0.10260258091221079 0.10000000000000002 0 -1.0334713038029279E-9 -6.32826133470814E-8 -2.760657881000867E-5
0.6384778628041976 -0.2349189996283244 0.07770845629712514 0 -1.9570493818010433E-8 -4.5019833938675426E-8 -2.7620622828708312E-5
0.7040732060431756 -0.2032143579310842 0.08191372549943252 0 -1.9517785620088125E-8 -5.151523115845375E-8 -2.7610508363601237E-5
0.5898871014295897 -0.20776639827421509 0.07364495662277284 0 -1.401010248907868E-8 -4.3538013673116414E-8 -2.7624429953750576E-5
0.7325342916850157 -0.13408386908087772 0.08291013088256632 0 -1.66816320606534E-8 -5.1204070746799484E-8 -2.7601819544794244E-5
0.8252770499196602 1.9257059754862352E-16 0.09008727174442388 0 2.0508808617292057E-9 -5.848691289427488E-8 -2.7607646399017684E-5
0.7859407931602105 -0.07401767626946823 0.08680140328934058 0 -6.391493628370913E-9 -5.085637060076802E-8 -2.7600492924376355E-5
-0.499151538632016 -0.6334110077816723 0.08834372866104906 0 -4.5103826168852526E-8 3.3693750021576275E-8 -2.7603931892418755E-5
-0.539934650094959 -0.6040123388311489 0.08868415026698911 0 -4.832751844909712E-8 4.021276918349511E-8 -2.7604822440066194E-5
-0.55199683338532 -0.6639303440969675 0.09374464706266032 0 -5.3460795218791385E-8 3.47574069022698E-8 -2.760979061302716E-5
-0.5485674035956859 -0.7447758606713794 0.09999999999999995 0 -5.709696050860378E-8 3.284950741926205E-8 -2.7619242404206792E-5
0.36763254236248405 -0.6367582418875392 0.08211785344170683 0 -4.8175358298144885E-8 -2.3331403757891896E-8 -2.7612615260323113E-5
0.18957159845420457 -0.6243064952889011 0.07560329744867302 0 -4.637647232958624E-8 -1.2395882824725714E-8 -2.7623006162136837E-5
0.28831363121595577 -0.628175946475062 0.0785524110683112 0 -4.6078853807179215E-8 -1.5793293010374736E-8 -2.7618198011476192E-5
0.526450453306162 -0.23768251001620336 0.07038843476625324 0 -1.4404629395880478E-8 -4.101608605809386E-8 -2.7624658590531823E-5
0.47890979704271586 -0.2863984098188226 0.06912760288748078 0 -1.7191257629381976E-8 -3.583656362513529E-8 -2.762522317904156E-5
0.4494990254251993 -0.3483577682477059 0.06980849106780328 0 -1.9738681838475436E-8 -3.319531875549045E-8 -2.7621557007797286E-5
0.38634553368626057 -0.5411366135074791 0.07653244947706521 0 -4.222976223237393E-8 -2.621442243659605E-8 -2.762177327010358E-5
0.43810869406594616 -0.47330739854493387 0.07505155127124848 0 -3.481434224667174E-8 -3.0875108450043645E-8 -2.7621831436163965E-5
0.4170420346765119 -0.4108303752912244 0.07090170067103962 0 -2.585735641655374E-8 -3.340594338326908E-8 -2.76197269494326E-5
0.1909808398518187 -0.5616900805542806 0.07142639087555928 0 -3.852724736786111E-8 -1.722050655007541E-8 -2.7623119872946824E-5
0.12475562378528363 -0.5650913910725969 0.07045918166236254 0 -4.162442017092255E-8 -1.476956770971799E-8 -2.7621505349480573E-5
0.05189365664575958 -0.5409828050063739 0.06822031633188272 0 -4.220748851205582E-8 -8.879326762378677E-9 -2.7623708396166206E-5
-0.41249148408265685 -0.71445620812065 0.0900597252140442 0 -5.4156524149244565E-8 2.777207047454589E-8 -2.7616434280271857E-5
-0.34485879204612635 -0.7195732958375974 0.08756922173357189 0 -5.717724525087511E-8 2.6777651603245686E-8 -2.7610715371863098E-5
-0.4354763147019103 -0.6351536187841577 0.08509247440255904 0 -4.2412036464577535E-8 3.141675296797001E-8 -2.761499230130177E-5
-0.02127679909875187 -0.5862434400348023 0.07098260267248742 0 -4.251280397664282E-8 -1.4094306716044953E-9 -2.763053956576047E-5
-0.20123366572154053 -0.7196538123444207 0.08312630758513646 0 -4.8476867647204526E-8 1.8009120067295187E-8 -2.7612106611323745E-5
-0.1453861443112404 -0.6947291331504667 0.08002955113164492 0 -4.921117982378061E-8 1.3486721933075504E-8 -2.762175680668103E-5
-0.26439613737119816 -0.6970297197339501 0.08297653094743883 0 -5.0067395926958736E-8 2.5827564672095482E-8 -2.7609064972559396E-5
-0.314732642366773 -0.6679534491621226 0.08237892997106575 0 -5.027632963079445E-8 2.8237473643757095E-8 -2.7617498942999045E-5
-0.10379006268918363 -0.6311723493295898 0.07466578004946206 0 -4.5744546050502484E-8 7.056788302955878E-9 -2.762947586471007E-5
0.7822439697509947 0.07342341173252223 0.08646750245519458 0 3.9061042828781485E-9 -6.014891923964831E-8 -2.7602576018587813E-5
0.9249999999999998 2.358937726024754E-16 0.09999999999999994 0 5.602150698085947E-9 -6.55278265103345E-8 -2.761265684958093E-5
0.851370675269602 0.07427003550197267 0.09288407134507307 0 1.0226513450766008E-8 -6.344698548743935E-8 -2.760412475216812E-5
0.8038717607621603 0.12213857484508564 0.0889547066003148 0 1.0464456111209282E-8 -5.894440317435203E-8 -2.759429175146448E-5
0.5408130551366507 -0.18150058753720788 0.06992281214701015 0 -8.003065303464767E-9 -4.233115039308305E-8 -2.7619133605840707E-5
0.7247257834183621 0.0852066297502373 0.08165698245211614 0 3.242282352994032E-10 -5.465173897824363E-8 -2.7610768797978422E-5
0.6510493529215736 -0.15514133280147802 0.07686356365481603 0 -1.4283552800115477E-8 -4.629027708112976E-8 -2.762025864748531E-5
0.5770279320473081 -0.15184347618041535 0.07165568912865208 0 -6.864386515236313E-9 -4.2169056701480516E-8 -2.762190299032966E-5
0.6918887433807659 -0.06772116765551027 0.07886795692620667 0 -9.424669907282226E-9 -4.684833536411851E-8 -2.7618005460974753E-5
0.7364981201835382 1.7871933341171726E-16 0.08222076644985389 0 -3.6089717290628807E-9 -5.2226271744114385E-8 -2.7614603777972874E-5
-0.48001255710073826 -0.5637645778356982 0.08255043176744216 0 -3.793231521511389E-8 4.024562274801693E-8 -2.761449577747689E-5
-0.5678213237459834 -0.537667606136383 0.08613904983735729 0 -4.215787470920605E-8 4.443209581349643E-8 -2.761825690761914E-5
-0.600893054701109 -0.6092572756078649 0.09299302035398636 0 -5.202219090673923E-8 4.2470767056596854E-8 -2.761557996926914E-5
-0.6178002971320171 -0.688438643052917 0.09999999999999995 0 -5.724793874825944E-8 4.099283167010326E-8 -2.761919409150307E-5
0.31808183532075807 -0.5509338997403093 0.07441383187593008 0 -4.0510801606064896E-8 -2.2395250045725975E-8 -2.7626691371915114E-5
0.2593907519340379 -0.5686281064407216 0.07361593901057979 0 -4.0151794160429657E-8 -1.8405306857895926E-8 -2.7626416540831032E-5
0.4250914842628162 -0.2904030737883922 0.06650384046370365 0 -1.602841588980196E-8 -2.985534286139614E-8 -2.7618832599228147E-5
0.4860024477406568 -0.1810614961514008 0.06672716200822644 0 -1.0043296220904344E-8 -4.0917278111389456E-8 -2.7611073481335234E-5
0.4546475825643904 -0.2329362873436874 0.0662732760967022 0 -1.4865185024535423E-8 -3.608928046126746E-8 -2.762018012332999E-5
0.39693548996928896 -0.3460112170117685 0.06719703593166886 0 -1.792817957342623E-8 -2.948242107183598E-8 -2.7609476222606718E-5
0.3565677611611388 -0.4614203059811383 0.07075125137743832 0 -3.3115539543139217E-8 -2.997258555651491E-8 -2.7623383566957987E-5
0.36327728761747163 -0.38800374757803646 0.06749345504717459 0 -2.5162754565423046E-8 -3.2688513207673105E-8 -2.7608168718692748E-5
0.3750627258693446 -0.2936858939923492 0.0643465481455432 0 -1.8266140434890258E-8 -2.2657249145778912E-8 -2.761136418482635E-5
0.14556246178613044 -0.5017461145955597 0.06695111305462358 0 -3.3588537333935955E-8 -1.6230439264807372E-8 -2.7606526598564142E-5
0.1773504711629968 -0.5251479744589087 0.06889288845838194 0 -3.392995077299778E-8 -1.8228291122910863E-8 -2.761687110735713E-5
0.2111878992556696 -0.5199281931560845 0.06932845783235407 0 -3.325481362078966E-8 -1.8862358177494764E-8 -2.76215992142419E-5
0.10436058799907272 -0.5010308479370807 0.0663275801738497 0 -3.968930522818475E-8 -1.3318634975810754E-8 -2.76072264634115E-5
0.06673635655852131 -0.4767204709635782 0.06461779605353521 0 -4.025000621367282E-8 -6.260876617619418E-9 -2.7613528891600344E-5
-0.006975621790116399 -0.5183972256879046 0.06671599267023115 0 -3.759618155245735E-8 -3.3610501149027747E-9 -2.7624974039299235E-5
0.021803385387518696 -0.4822544950869184 0.06469299319690378 0 -3.742249461614763E-8 -3.358141730192742E-9 -2.7621776980726654E-5
-0.05196883438319561 -0.5240326103663052 0.06719869985797552 0 -3.552166963472691E-8 -1.2501545965801674E-9 -2.7622602134383184E-5
-0.3679909311443217 -0.6373789894665455 0.08217765681431859 0 -4.5604384764977947E-8 2.9507567639032893E-8 -2.7622550551969066E-5
-0.40158939943089916 -0.5697012631254147 0.07901179842938963 0 -3.813319773674184E-8 3.1617542650880073E-8 -2.762719667342167E-5
-0.09590125636856872 -0.5619999312235502 0.06990127823248253 0 -3.993843459251287E-8 7.326958025856267E-10 -2.7625021625907002E-5
-0.19926692702634366 -0.6350324834465847 0.07658242747619838 0 -4.578589969938156E-8 1.670236118700634E-8 -2.762684517298658E-5
-0.2841593977557326 -0.6153602706014176 0.07751426427315905 0 -4.5525901789102404E-8 2.444351666109132E-8 -2.7628379787107637E-5
-0.15663037176370528 -0.5733099421965812 0.07149707499548641 0 -4.35353813329387E-8 6.772010259458354E-9 -2.7626829288647596E-5
0.6892086201904363 0.11760753932384704 0.079182235454291 0 2.7609357952168216E-9 -5.011983453363495E-8 -2.761682207041206E-5
0.7461230180043805 0.1326560288062978 0.08402816782270867 0 3.3736565108085323E-9 -5.37782648556419E-8 -2.7600900571078272E-5
0.6908574756839181 0.1584953945063365 0.07995126254637963 0 5.5474879344751384E-9 -4.849728247134159E-8 -2.7615867871258534E-5
0.9192877608705788 0.10260257931928718 0.09999999999999994 0 1.3781010428797197E-8 -6.702975232080243E-8 -2.7608763841770522E-5
0.8510855832446352 0.14814580550682163 0.09378949781498243 0 1.6853262076532785E-8 -5.9165060264969713E-8 -2.7599793765771327E-5
0.7902639371481001 0.17887268414595758 0.08869278761371624 0 1.2966414268520968E-8 -5.139931238693613E-8 -2.7597693128565465E-5
0.5270134709035552 -0.12362075461980128 0.0680883893303861 0 -1.5546213660464893E-9 -3.726329161957743E-8 -2.7611521786802016E-5
0.660910431014522 0.06111123862815046 0.0764443497197492 0 1.703441099517928E-9 -4.82936910871173E-8 -2.762481364953056E-5
0.5965173615012839 -0.07939251741876008 0.07200225824383245 0 -3.1683086138406897E-9 -4.0900435182191214E-8 -2.7625697551107937E-5
0.6371682462297272 1.7636191275501287E-16 0.07448630903843244 0 -6.446981863871626E-10 -4.51364879953968E-8 -2.7628347961927877E-5
-0.5998767009898777 -0.47889137063455584 0.08487289614566726 0 -3.4111076377330346E-8 4.351114234575264E-8 -2.7623074472202188E-5
-0.4462665144718288 -0.4769553831048419 0.07565680574632232 0 -3.5032771438142764E-8 3.3453783036337895E-8 -2.763309693003741E-5
-0.514031025104845 -0.49215788183100256 0.08018045280724438 0 -3.55196763953442E-8 4.133524402249571E-8 -2.762717795137141E-5
-0.5551101229584549 -0.4700701488343014 0.08146563252731463 0 -3.332536268636464E-8 4.257845015474495E-8 -2.7627507057648278E-5
-0.6562422498346266 -0.5241856689594518 0.09146905933596002 0 -4.150123234223153E-8 4.42503449499896E-8 -2.7622035569229275E-5
-0.6848306133117381 -0.6217902179859557 0.09999999999999995 0 -5.2601958382148844E-8 4.684977582708363E-8 -2.762703670128836E-5
0.27241004361507065 -0.4718280360333558 0.06830375115676078 0 -3.2464815146880804E-8 -2.309658686641277E-8 -2.7624828634620442E-5
0.4535801009187721 -0.11979187747949692 0.06395953291420167 0 -1.2125827360758954E-8 -3.080250854774981E-8 -2.7601599443343405E-5
0.39072217276086296 -0.23584567652234287 0.06329187670784985 0 -1.705884476946729E-8 -2.698880862911531E-8 -2.762032388164878E-5
0.41238404925178007 -0.18021837395374024 0.06296662723972753 0 -1.6592074652915883E-8 -3.196981795526709E-8 -2.7616988375968466E-5
0.33633282409977633 -0.33989669688880314 0.06444423660906805 0 -2.6627843677617796E-8 -2.3404357933887302E-8 -2.759971119719064E-5
0.30008338071089913 -0.40108479031261085 0.06570468861303413 0 -3.158426679026913E-8 -2.6813767528378705E-8 -2.761471864490309E-5
0.32685099627426545 -0.2905697969488598 0.06232853198902638 0 -2.3843366070440466E-8 -1.7729506207591843E-8 -2.7612751709458713E-5
0.34557599933864525 -0.25420475687873284 0.06192004258218349 0 -1.9584828246298683E-8 -2.0423067754421543E-8 -2.7619763765140963E-5
0.13994680898558723 -0.4672126633962515 0.06496624972127402 0 -3.151442946940561E-8 -9.73539047775125E-9 -2.760190120579144E-5
0.19075484218748176 -0.4725311643222945 0.06620021711897697 0 -2.8190852312505715E-8 -1.5186220207464814E-8 -2.761403753733172E-5
0.04901016908663563 -0.43723836174505165 0.062459634223422635 0 -3.5747811015546515E-8 -1.2558223701338952E-9 -2.762025270650953E-5
0.10408488366078726 -0.44405468685268895 0.0632766673513578 0 -3.5761182135380644E-8 -3.1337676704706825E-9 -2.7607425671319768E-5
-0.03083759909542402 -0.4757419881377713 0.06436680609968096 0 -3.231645654469719E-8 9.425923025408582E-10 -2.7621517352580134E-5
-0.0058033119248053185 -0.4414101175550563 0.06253303354413749 0 -3.212559831063603E-8 1.5820059797962487E-9 -2.762438311041219E-5
-0.39030681785658333 -0.4466269881485597 0.07141764844659583 0 -3.5181750034128403E-8 2.4116659071585385E-8 -2.7632087157345556E-5
-0.09527352708204243 -0.48999184724793493 0.06560563290386152 0 -3.196329820364802E-8 2.9187720494867597E-9 -2.760920845971468E-5
-0.31827009850817745 -0.5512599811461146 0.07444098367382036 0 -4.079137810637123E-8 2.327806689064526E-8 -2.7635455146728617E-5
-0.36296726797354567 -0.5093150093458659 0.07364571283377143 0 -3.711899046624392E-8 2.5051752684880165E-8 -2.7635453998497876E-5
-0.1538656248196219 -0.515523498759926 0.0678853449092873 0 -4.196199984281503E-8 4.5110380865327415E-9 -2.761514197503281E-5
-0.23145619169988374 -0.5426436945370011 0.07120349698950754 0 -4.343915150149096E-8 1.4418667556191132E-8 -2.7631581417324442E-5
0.02839276411724586 -0.3973392921812578 0.06048540173023527 0 -3.0571491330917916E-8 6.201616256721141E-10 -2.762833458014754E-5
0.6359863797306674 0.13411282944887548 0.07542020319546493 0 8.293195021342053E-9 -4.524008128814763E-8 -2.762513547674908E-5
0.7226994437477957 0.1997352924878217 0.08334138075756291 0 9.500349493108674E-9 -4.863094803085886E-8 -2.7610848918984247E-5
0.6524176664552398 0.20477109599706128 0.07797707686621592 0 1.1514768207922574E-8 -4.574079910002328E-8 -2.762367152432845E-5
0.9051251569294585 0.19071818089926676 0.09999999999999994 0 1.949057358049599E-8 -6.073458888352921E-8 -2.760847572930199E-5
0.8318102133114379 0.22322523392999097 0.09353078509252784 0 1.9958364979282338E-8 -5.3831243542415027E-8 -2.7606794012025284E-5
0.7561533810021175 0.2511688924028691 0.08746370240455802 0 1.7589334290648765E-8 -5.1238433630337654E-8 -2.7610740732796706E-5
0.5078212312272354 -0.05773868566153316 0.06628756501631425 0 -2.55649291634814E-10 -3.1975322883293895E-8 -2.7617227032582628E-5
0.580043566339009 0.07440259297015442 0.07086095755136954 0 9.162677616861212E-9 -4.2694697921283576E-8 -2.762642496908819E-5
0.5449077695259106 1.435041058529122E-16 0.06830916124377966 0 3.921153757892027E-9 -3.853341923281831E-8 -2.762610268075024E-5
-0.6449966839705535 -0.4445280981035864 0.08625924084344859 0 -2.981429811650401E-8 4.4040678821893685E-8 -2.761643163233187E-5
-0.5773213056470615 -0.42632356756478973 0.08066830857907491 0 -2.8049313063651597E-8 4.305160041010902E-8 -2.7628534562428015E-5
-0.42560872193429483 -0.3924588186076942 0.07047472570296821 0 -3.474559073515849E-8 2.7868600962134995E-8 -2.7630465628262253E-5
-0.5105636494997626 -0.4275668331221898 0.07661161867134533 0 -3.1560206634882394E-8 3.8468731718158395E-8 -2.7635175088606142E-5
-0.6821995337018094 -0.3893517946424338 0.08645016345112792 0 -2.7510807945957437E-8 5.130594119688137E-8 -2.7608776813102434E-5
-0.7143597851634019 -0.46065181317541976 0.09243904770387963 0 -3.7900867048588156E-8 4.6090597676563576E-8 -2.7615060230107904E-5
-0.7501479603301018 -0.5412050791178046 0.09999999999999998 0 -4.460172879254589E-8 4.841474619731242E-8 -2.7627156864265736E-5
0.23193963455587194 -0.401731231339728 0.06368217918749611 0 -2.937017262495893E-8 -1.6598237031689382E-8 -2.762166801613437E-5
0.4253355502182103 -0.060426816635170834 0.06194940187312641 0 -8.2270388889893E-9 -2.6271183942159998E-8 -2.7619898860530015E-5
0.3783639298171796 -0.12391451309547895 0.06047575124681011 0 -1.418567460734431E-8 -2.5969615489609455E-8 -2.7623769334190646E-5
0.3404696044317066 -0.192505611563268 0.06016257670047243 0 -1.614180948285203E-8 -2.319767460563117E-8 -2.762785886093536E-5
0.2704412885460664 -0.32134890739138106 0.06148782850104334 0 -2.9095149728841286E-8 -1.684046803921887E-8 -2.7619463680981473E-5
0.28780126788651955 -0.24610682281377952 0.05962067759661022 0 -2.0485142108269985E-8 -1.7844058762677316E-8 -2.7627766659959826E-5
0.15779399244920164 -0.4060014305216929 0.062242172248634084 0 -2.8015458729605577E-8 -5.833319789665729E-9 -2.761788977818328E-5
0.08201071126761389 -0.3939388987243753 0.060668066988986274 0 -3.096880717641394E-8 -1.0234173243331406E-9 -2.7623916002331907E-5
0.04349199689707277 -0.3606955682361924 0.05897556113419837 0 -2.7166410132869004E-8 -1.3896940243160042E-9 -2.763223666411067E-5
-0.05772042989369192 -0.4373202270026056 0.06251628812885628 0 -2.8257682461227385E-8 6.8798260635403074E-9 -2.7620101666634682E-5
-0.03317807935019408 -0.4000499580003112 0.06062434517611841 0 -2.8068501152269718E-8 5.252485669231725E-9 -2.7628454202379982E-5
-0.3619566518906658 -0.37751131442037245 0.06698450376718922 0 -3.185105773199626E-8 2.0430523262826184E-8 -2.7614621259666816E-5
-0.36626813150114024 -0.4166408143589399 0.06892167223823106 0 -3.3683679238457323E-8 1.9846265046883237E-8 -2.7625285419397007E-5
-0.3449125590697449 -0.44322460700183025 0.06935603931497553 0 -3.407617361797148E-8 1.8862562573637434E-8 -2.7629937715825872E-5
-0.1061373350373039 -0.43371612134398735 0.06278756375601147 0 -2.9697867246568094E-8 1.3001283682084664E-8 -2.761266733897923E-5
-0.1533021139497205 -0.45854960024362473 0.06473399748772989 0 -3.858041325858504E-8 1.258856676899357E-8 -2.760896641949027E-5
-0.27258732769368704 -0.47213510106489254 0.06832563375196132 0 -3.726022698427352E-8 1.6099883805589297E-8 -2.7632324283897982E-5
-0.2137590545386873 -0.47234636278777903 0.06671710658979699 0 -4.057865810084171E-8 1.3332326938680845E-8 -2.7624649703256142E-5
-0.18675532053812582 -0.4349325178463068 0.06418357757579088 0 -3.691093946927408E-8 1.5606033031404813E-8 -2.7620422629812487E-5
-0.3826278748778653 -0.34149739132768103 0.06638993492953281 0 -3.2386711902551644E-8 2.7292700402951998E-8 -2.761534720657165E-5
-0.0010639892128916778 -0.35571530812846325 0.05866683852382106 0 -2.638899461820757E-8 8.202543973948196E-10 -2.7633725025854777E-5
0.5665181445886517 0.15558354761445173 0.07104008880031383 0 1.6076227080350287E-8 -3.8265035722412974E-8 -2.7623732081474943E-5
0.5953591891669738 0.1936606882201294 0.07369160395615945 0 1.5078824774095432E-8 -4.049265222139943E-8 -2.7627775706572735E-5
0.5192463818471629 0.12824117265253684 0.06769417632898124 0 1.656518476650084E-8 -3.613566638758478E-8 -2.7611611399364314E-5
0.5285393108936259 0.16518893231571916 0.06885934434787161 0 1.791795990719079E-8 -3.3347606442888576E-8 -2.7617840973312605E-5
0.6744856330743806 0.25899543825752414 0.08106282636378111 0 1.541210083629615E-8 -4.905740713291012E-8 -2.7619591136977504E-5
0.5964895386590124 0.24538252217967127 0.07505456752399722 0 1.6811236246533773E-8 -4.163476099238911E-8 -2.7629328420791968E-5
0.8809325160784339 0.2820885436790224 0.09999999999999994 0 2.526054391200598E-8 -5.8336270066226224E-8 -2.7616027521941846E-5
0.7133503615870089 0.32015636681811027 0.08613118221459619 0 2.3130864950939402E-8 -5.4221031938350854E-8 -2.7609434925113667E-5
0.7978472984237357 0.3041762806928354 0.09281227257926788 0 2.585565701722847E-8 -5.5349565698026405E-8 -2.761261745789092E-5
0.4636209692030302 1.4593888372567647E-16 0.06366862151549985 0 -1.0005796312085791E-10 -3.275850289311792E-8 -2.7622463311756515E-5
0.4938126220450951 0.06489296717588176 0.06554297030555511 0 7.870111944041182E-9 -3.982814544050936E-8 -2.7615218840356686E-5
-0.6153231968638251 -0.38077552285640803 0.08115372829448388 0 -2.2707181151511395E-8 4.698832902310203E-8 -2.762430500981692E-5
-0.560449570051932 -0.3810942956107818 0.0775098294695611 0 -2.5642173780051906E-8 4.208633516883279E-8 -2.7634488973346835E-5
-0.4429539530445369 -0.3153758255937713 0.06823813858748431 0 -2.9966950216271735E-8 3.167169230078101E-8 -2.7632496586494167E-5
-0.5043029125892239 -0.34762375509843185 0.07274022680505556 0 -2.827646101449951E-8 3.642885010222339E-8 -2.7639319574168676E-5
-0.6508158876168189 -0.3390076459058359 0.08199721983987755 0 -2.1493166026885976E-8 5.1840701630893414E-8 -2.7623040608863805E-5
-0.7091826270730176 -0.32330839885714513 0.08590988858162861 0 -2.5061061381302153E-8 5.574322449605279E-8 -2.762063231701546E-5
-0.7619010673352372 -0.3837317836320327 0.09273617861998763 0 -3.589678766926542E-8 5.572639501487359E-8 -2.7617477301807053E-5
-0.8010515387579304 -0.4625279007956028 0.09999999999999996 0 -4.131295653148806E-8 5.454140958730231E-8 -2.762382265589643E-5
0.19236089157799777 -0.33317883760233996 0.059881599761303 0 -2.5806756646738774E-8 -1.1479805742680837E-8 -2.763124591973675E-5
0.38492668203237634 1.0023152680894796E-16 0.05989052034096669 0 -2.93943499629079E-9 -2.713370626196892E-8 -2.7631768638142203E-5
0.2997814449763267 -0.1302546190444194 0.057552736756421544 0 -8.238507969615982E-9 -2.155322123233629E-8 -2.763235810662181E-5
0.3411851195480258 -0.06215460789797836 0.058312559079427444 0 -5.9414349441952275E-9 -2.2732044663697962E-8 -2.7633966565466162E-5
0.25568805190108224 -0.19009790761699052 0.05725179690059135 0 -1.2603389040810652E-8 -1.9845915480820212E-8 -2.7632129762678554E-5
0.21970172124605264 -0.25470361780543144 0.057909449658114676 0 -1.9880397259350968E-8 -1.6044124854648327E-8 -2.763438304414197E-5
0.23090062297727731 -0.13379820267190193 0.05553869913937325 0 -3.977315139427224E-9 -1.9880874489602207E-8 -2.7622758440401727E-5
0.10559774308437374 -0.32641465451667345 0.0581670361159444 0 -2.3378057916891478E-8 -6.182823173616257E-9 -2.763448520850389E-5
0.031363797849434556 -0.30517057546423765 0.0568332914109285 0 -2.1689882126353668E-8 -5.35917219328104E-9 -2.763263957447461E-5
-0.08918266806588585 -0.39015326021997465 0.06056960464965617 0 -2.734748916246143E-8 1.1446027565291673E-8 -2.7626394202241616E-5
-0.049756265008924744 -0.359262534671633 0.05895024498757894 0 -2.6171170259748845E-8 5.45983220121038E-9 -2.7633431145921124E-5
-0.33370914900421456 -0.3553876317528072 0.06495432896100803 0 -2.4980812684294205E-8 2.1782027274528406E-8 -2.7609390988222463E-5
-0.31386332305040454 -0.4019336098806021 0.0662221637922308 0 -2.838737472028442E-8 1.6276902160171372E-8 -2.762136368060408E-5
-0.15459594130071444 -0.3919265872876224 0.06155021858866086 0 -3.040606973686164E-8 1.6415922271317535E-8 -2.7625393604791657E-5
-0.2322802926341843 -0.4023212684393738 0.06371797650698165 0 -3.01530954053115E-8 1.660802906602439E-8 -2.7627550314670344E-5
-0.33230969380311987 -0.31257443393730217 0.06328313435425743 0 -2.1541932340580943E-8 2.883249749894423E-8 -2.7614335507075864E-5
-0.37984334067586323 -0.29694191152231486 0.06465963905911942 0 -2.6574468861770355E-8 3.118662680332397E-8 -2.7620904022068108E-5
-0.03281109095750644 -0.303248501545522 0.05677241598853609 0 -2.3709878682859145E-8 -9.01738650128617E-10 -2.7633283645155152E-5
0.002774404310843052 -0.26370741404826953 0.055444406431408536 0 -1.9361081786381064E-8 -7.247825726693809E-9 -2.762353711051657E-5
-0.4503344724862791 -0.2539143429242661 0.06663047103760426 0 -2.2713586808574327E-8 3.044281226993333E-8 -2.763308539602191E-5
-0.40625597693717014 -0.2614749559637888 0.06471383725610917 0 -2.273506185823472E-8 3.030597123592788E-8 -2.7629224254780675E-5
0.4615326701397575 0.12346215125476942 0.06442192515091573 0 7.03170098211163E-9 -3.3236678977477495E-8 -2.7602535573491607E-5
0.5387084587482873 0.20560708274998704 0.07032262751622614 0 1.865841895469312E-8 -3.389249981138256E-8 -2.7625806667601647E-5
0.4879508039440348 0.17532903328848173 0.06671893154849401 0 1.5952347118972657E-8 -2.8099724869644894E-8 -2.761315533374445E-5
0.532509259731304 0.25445661626164345 0.07121936353097057 0 2.0327453508290326E-8 -3.483641767837531E-8 -2.763096196911479E-5
0.6341588941531792 0.31283518999890103 0.07981624453248937 0 1.8126737610903766E-8 -4.833253464495076E-8 -2.7620398222392426E-5
0.5661686439840169 0.30314954318445153 0.07485251919573685 0 2.027346889990353E-8 -4.038063439992478E-8 -2.763089544728756E-5
0.8437752416466553 0.3790359375932063 0.09999999999999998 0 3.379233934373094E-8 -5.922749395772869E-8 -2.7616078239890357E-5
0.6719229666176102 0.38840511082381185 0.08561888827579653 0 2.384642967133307E-8 -4.9304813414752806E-8 -2.7600571686793757E-5
0.7564175363077813 0.38622567562379634 0.09237249347625182 0 3.375298038459681E-8 -5.375473200800726E-8 -2.7604944550661497E-5
0.41461516466779025 0.07768102097507298 0.06157475739077051 0 4.679124626911089E-10 -3.283802284278695E-8 -2.762052507572775E-5
0.41609697408913526 0.13788398400008967 0.062378681269293045 0 3.594299919189644E-9 -2.8610674273614786E-8 -2.7615203666739167E-5
0.3331467524821928 0.06332732629493788 0.0580143200893398 0 3.818578219505267E-9 -2.4623365225580357E-8 -2.7635722769984622E-5
-0.47800098007166614 -0.21838828549818234 0.06713458210584479 0 -1.995135707500642E-8 2.946835562229229E-8 -2.763094960956127E-5
-0.581042663690517 -0.3157640075984302 0.07626188231201678 0 -2.1696168978937697E-8 4.3695872848870236E-8 -2.763739434229501E-5
-0.516501927640104 -0.27345997871285144 0.07083650833060166 0 -2.3499709677578767E-8 3.5323358299927656E-8 -2.763987172527976E-5
-0.6531660790226061 -0.2763311132584134 0.0799841441751332 0 -1.8414076486797934E-8 4.984675381359065E-8 -2.763242758471486E-5
-0.7177089386751481 -0.25492955224205677 0.08435704674323387 0 -1.8070974251347976E-8 5.192423333293415E-8 -2.7627241524651355E-5
-0.7682837005378522 -0.21778108265977297 0.08762455506029665 0 -1.6634054838384386E-8 5.1486840253770686E-8 -2.7620971564778594E-5
-0.7926496756412593 -0.29133333750236745 0.09190870000572768 0 -2.6417003993488962E-8 5.618718252046951E-8 -2.7626168288899908E-5
-0.8437556437212325 -0.37907955935377746 0.0999999999999999 0 -3.621257418290005E-8 6.094912800077425E-8 -2.762967602548252E-5
0.14972579901011426 -0.2593326910893636 0.056582144341893334 0 -1.776634829026739E-8 -1.303055767986737E-8 -2.763611486855536E-5
0.30024351839566077 1.0287337474471442E-16 0.0566089984335615 0 2.3578974324441035E-9 -2.1100315398483945E-8 -2.7636736941186197E-5
0.25485064501553867 -0.06881848120103613 0.0554520694654174 0 7.833877913765089E-10 -1.70639000718E-8 -2.762761198456716E-5
0.2018137422816696 -0.09141964150518621 0.054287541904913736 0 -8.636001241084199E-10 -1.3741633153614895E-8 -2.761072522651573E-5
0.1764824224893901 -0.17786432905826247 0.05506179018247805 0 -1.1066265562062393E-8 -1.8668800696290817E-8 -2.762474144574009E-5
0.17846806103523252 -0.12182655323316927 0.054152220507936534 0 -6.783917500905201E-9 -1.720458445416777E-8 -2.7608577573608993E-5
0.06445906182530688 -0.2524774236880236 0.055351148337145016 0 -1.4940802837872826E-8 -9.50117049526136E-9 -2.7627253489708446E-5
0.01713256069613923 -0.2191946756676691 0.054245341320781695 0 -1.3562739051808816E-8 -5.987928179670351E-9 -2.7610686096605837E-5
-0.015811501710617768 -0.22080470166743846 0.054282927994611936 0 -1.9229767257269876E-8 -3.920843612348313E-9 -2.7611304307371538E-5
-0.11115524588477288 -0.32319159740630654 0.058116751891295344 0 -2.4872188413741965E-8 9.29683252630524E-9 -2.7637844860016863E-5
-0.2724211583800276 -0.34021230275634257 0.06225471036920954 0 -2.0068661500173442E-8 2.0814671894440937E-8 -2.76241951349518E-5
-0.19295762658678686 -0.33421241295621795 0.059933626134453855 0 -2.3723763063865207E-8 1.6317486345346674E-8 -2.7636009102422688E-5
-0.299671918215507 -0.26919022055739933 0.06068803798570996 0 -1.7224316395179705E-8 2.5745008652484646E-8 -2.76298074132217E-5
-0.35401952964801076 -0.2618191533072333 0.0624765930436588 0 -1.9857434380070923E-8 2.988307231783789E-8 -2.7626960769053795E-5
-0.059917909088264505 -0.2537684697083779 0.05535616729591674 0 -2.306073732047891E-8 -7.113544008223743E-10 -2.7628447124350447E-5
-0.4286041911968905 -0.21160410640457614 0.06443452009247358 0 -1.6365734965436242E-8 2.7995143109686908E-8 -2.7628960575081158E-5
-0.3837371950984817 -0.21760730691022395 0.06251779019199943 0 -1.582254460255757E-8 2.815637307446398E-8 -2.7631383520377925E-5
0.44078820931890417 0.17778853409565737 0.06428879605061415 0 1.0542326052454036E-8 -2.613033749398247E-8 -2.7614960587271927E-5
0.4759951064045458 0.23047538821939026 0.0673334019397155 0 1.9161868527192993E-8 -2.889212190514467E-8 -2.762499222581601E-5
0.5023235944487765 0.29151864533540206 0.07059623054924213 0 2.3489680724814177E-8 -3.3665581319580165E-8 -2.7632255419343694E-5
0.5853609901656723 0.37038384021673393 0.07867156144500055 0 2.148015321000934E-8 -4.316457702665625E-8 -2.762370875294523E-5
0.5293785213896149 0.3388907230126146 0.07386902220939724 0 2.40993653699363E-8 -3.7403135279358455E-8 -2.763250711684891E-5
0.8010710017272104 0.46249419126110125 0.09999999999999991 0 3.897772706464982E-8 -5.282268123961968E-8 -2.761276193889488E-5
0.626960623589047 0.4522983371432033 0.08535306995964971 0 2.834518307215646E-8 -4.212817232939653E-8 -2.761223024998376E-5
0.7061350528834721 0.4673278645716987 0.09212747065803699 0 3.5461386965610856E-8 -4.367674574138355E-8 -2.760684899924522E-5
0.3592371994727271 0.12552401442410036 0.05970040660633737 0 5.174100772791521E-9 -2.591073340831601E-8 -2.7629873060972302E-5
0.39449037889125516 0.17177804019933995 0.06198157459134765 0 8.044475472384607E-9 -2.6290481640506102E-8 -2.7622695506834465E-5
0.2907007887888551 0.1297941048796961 0.057242741237689944 0 1.1188978513453967E-8 -1.9854463368070788E-8 -2.7634334758300605E-5
0.2538184516803514 0.06940494742292715 0.05542696753822805 0 1.0837788352957581E-8 -1.8603203409436675E-8 -2.7628482779310443E-5
0.20062573683728857 0.09527047772396227 0.054301155270572714 0 1.2466547175066428E-8 -1.381100292438377E-8 -2.761180675091419E-5
-0.4690213191754545 -0.16282051739106812 0.06545407679976868 0 -1.3830321562530598E-8 2.8294947880805864E-8 -2.7617041288430523E-5
-0.5329845388239064 -0.1985594752136454 0.06981392050905111 0 -2.0274970526817963E-8 3.427007630991276E-8 -2.7633919308400395E-5
-0.5985835515449605 -0.2260297922817816 0.07467942546060531 0 -1.7877530978816562E-8 4.250956805316381E-8 -2.7639661781474897E-5
-0.6738902730202506 -0.22049852083738797 0.07997070091519404 0 -1.4021736711068158E-8 4.862454852369427E-8 -2.7633095342074697E-5
-0.7224932718504692 -0.1846612188414888 0.08299584497449673 0 -9.731999650507229E-9 5.03788566540414E-8 -2.7623795572562598E-5
-0.784218194998307 -0.17459658052838994 0.0880668176158918 0 -1.3842707888631038E-8 5.2932868294213E-8 -2.7613065000244832E-5
-0.8340398056073667 -0.21902107573341573 0.09363611174877708 0 -2.2071383429892494E-8 5.566499607218267E-8 -2.7622621438226454E-5
-0.8809151182252344 -0.2821428693025129 0.09999999999999996 0 -2.7648108016797466E-8 6.011487385047147E-8 -2.7632225656231567E-5
0.11138757858716244 -0.19292894544503636 0.054318208030815426 0 -1.1909632473078897E-8 -1.211249195881442E-8 -2.762491739388434E-5
0.2238875048948224 7.238912562247948E-17 0.054346295287657886 0 4.696099181590873E-9 -1.564239809198728E-8 -2.7625377443965833E-5
0.19420772375092543 -0.04676552312468657 0.053768452091938715 0 6.596480346583479E-11 -1.0511897123904966E-8 -2.761625922284337E-5
0.16765785073129597 -0.0820458117059934 0.0534822586461166 0 -6.279669857054854E-9 -9.505764780472192E-9 -2.760723195668535E-5
0.1532214795718842 -0.1047515501973591 0.0534601593182905 0 -1.00125716796031E-8 -1.1936804845248765E-8 -2.7607552383743996E-5
0.13365633223327952 -0.1314943305448411 0.053500013617672364 0 -1.196280721602581E-8 -1.2945679675356661E-8 -2.7614100408604303E-5
0.1909210649037196 0.04684254353730671 0.053697308093126346 0 6.317636757159548E-9 -1.6254402622598595E-8 -2.7616622240370477E-5
0.05493858025113072 -0.1872116672800932 0.053664600392910426 0 -9.789211244347548E-9 -4.9879726356487846E-9 -2.7616181048703693E-5
0.0015895535343272628 -0.18045943852644164 0.053353802929854664 0 -1.3396791947672153E-8 2.2741230378730112E-9 -2.760834742806719E-5
-0.053441146730527564 -0.18709102439814254 0.05365287398922711 0 -1.8637767174006316E-8 2.9073036455395204E-9 -2.7617294729934184E-5
-0.15050660974349658 -0.260685094950677 0.05663516711153095 0 -2.0991849152689718E-8 8.672611175114787E-9 -2.76401237407829E-5
-0.22974591189928226 -0.256397975299907 0.05821373401797809 0 -1.788679983764657E-8 1.687027425245998E-8 -2.7639350700699686E-5
-0.2901412929767384 -0.21922908092139923 0.05898973037684318 0 -1.5720086666263026E-8 2.243206085078124E-8 -2.763783006637606E-5
-0.3302765228915605 -0.22443841547131757 0.06052899064430553 0 -1.561311145806199E-8 2.654151129581578E-8 -2.7634438183580007E-5
-0.11217260429255088 -0.1942886498520168 0.05435789315243198 0 -1.7333543412840555E-8 3.9438681621846175E-9 -2.7628102943245098E-5
-0.4043520178042477 -0.16901983470521795 0.062374130552393804 0 -9.105233760920639E-9 2.7399645487041612E-8 -2.762771280400581E-5
-0.36201088411519367 -0.17400839360604692 0.060635096430618034 0 -1.0552973346759097E-8 2.6433821629070918E-8 -2.763488236001476E-5
-0.42569230627547644 -0.12215318657273527 0.06260425960749791 0 -4.066647411811617E-9 3.193375133192334E-8 -2.762050244767934E-5
-0.467604489294916 -0.09647351175034927 0.06440527405535047 0 -8.077355980393999E-9 3.884860519922579E-8 -2.761613136333558E-5
0.40159415937487924 0.2222711945652258 0.06342742714419668 0 1.531172447057219E-8 -2.7414077586458575E-8 -2.7624186596884494E-5
0.4374027432196876 0.28280425722564984 0.06685837267776952 0 2.475528637918514E-8 -3.014419361766134E-8 -2.762595926303456E-5
0.4716692828943538 0.34325991058700284 0.07076541111671204 0 2.874927204349818E-8 -3.2126890302526345E-8 -2.7630926341440693E-5
0.5572755215547438 0.4510872900080022 0.08061070588876619 0 2.9324618686892776E-8 -4.0830703077832353E-8 -2.762331558556168E-5
0.5201731653431543 0.38799390136202994 0.0753439569886662 0 2.708210237402839E-8 -3.72045942304657E-8 -2.763123406490014E-5
0.7501545426059838 0.541195955123228 0.09999999999999998 0 4.216103446653729E-8 -4.6650299954233454E-8 -2.761862182310375E-5
0.5828756184496425 0.5332115379316271 0.0868511630159933 0 3.9768577707949E-8 -4.291724865917798E-8 -2.7614537634645208E-5
0.650470548607775 0.5465931881196748 0.09240305490818579 0 4.2181874309634085E-8 -4.300522339130128E-8 -2.761630780137162E-5
0.33827356631260735 0.19741612693850677 0.06018657141513714 0 1.2021739653395905E-8 -2.4744164682545233E-8 -2.7631184750731248E-5
0.2643297840462276 0.19520810401833616 0.057617277126140565 0 1.4461282376495908E-8 -1.7346952147748884E-8 -2.7635587597361846E-5
0.23462332403576286 0.13422621113694244 0.055643167928538385 0 1.5205577388836177E-8 -1.2990073505387996E-8 -2.762595823468048E-5
0.1835322570857455 0.12636576122723128 0.05431954168807021 0 1.186184314794344E-8 -7.409482183882518E-9 -2.7612438027377457E-5
0.15384433041034717 0.09209874155024383 0.0533301823681776 0 3.924859181009098E-9 -1.1306768724537251E-8 -2.7609098949257807E-5
-0.5199939829281822 -0.124648956040805 0.06768673130026932 0 -1.797533359860632E-8 3.775994400157077E-8 -2.7622233063470332E-5
-0.5744027965338087 -0.14938461510286838 0.07144252826293566 0 -1.6890715441276767E-8 4.050970697778028E-8 -2.7635870541629576E-5
-0.6477191420222239 -0.14358128013705043 0.07642272847163621 0 -9.680307837882207E-9 4.7252618040588664E-8 -2.7637221490306788E-5
-0.735100345459195 -0.11930462056175606 0.08291132970822637 0 -3.8471734839060484E-9 5.545244193630079E-8 -2.762041591296227E-5
-0.8023821229894582 -0.12465004703532732 0.08885408731398864 0 -1.2678897494380295E-8 6.014339667307596E-8 -2.761115252331468E-5
-0.8531067718150073 -0.15803750226362165 0.09415708085227005 0 -1.9704424302304645E-8 6.011637972970835E-8 -2.7618500924646698E-5
-0.9051158299750595 -0.19076243784282 0.09999999999999995 0 -2.1963191166501062E-8 6.247815053205577E-8 -2.7626927180903685E-5
-0.8393412000271001 -0.10211595922316327 0.09200820531311653 0 -1.4562823289687477E-8 6.381980042409963E-8 -2.76183985895184E-5
-0.5124187514513647 -0.05184789683178334 0.06651654728017117 0 -9.614728177853521E-9 4.121200022407399E-8 -2.7631462752982597E-5
-0.4662367643365183 -0.05429215722432917 0.06397307879016166 0 -5.251147406190831E-9 3.8910361459650325E-8 -2.7627550714239648E-5
0.07846305682895906 -0.1359020009449211 0.0529048760801971 0 -1.0572437281820111E-8 -4.958663940624084E-9 -2.7619759225579487E-5
0.1581850159804538 4.03666044625459E-17 0.05292729798071231 0 -8.833472032031343E-10 -1.0946450682433712E-8 -2.761980583952477E-5
0.1339429855522494 -0.042721659792281826 0.052630185389843626 0 -6.427239085227164E-9 -6.691477757227201E-9 -2.7618621288527195E-5
0.12170874450296679 -0.07937873255132208 0.05270638285367756 0 -1.0422652736337188E-8 -6.434723800206028E-9 -2.7616021152890225E-5
0.0926329081859553 -0.0934021566431387 0.052491087538806276 0 -1.0565713833026597E-8 -4.682786246623936E-9 -2.762084275225639E-5
-0.07925046645516257 -0.1372658344238745 0.05293295280422828 0 -1.0490796636592855E-8 6.286457652547657E-9 -2.7621667723406713E-5
0.12737884186502532 0.04457914646124025 0.052542398875778 0 -5.20632259057463E-10 -1.1146027832695712E-8 -2.7620357719217535E-5
0.025874926118163208 -0.13266950985365822 0.05254567933671947 0 -9.622912289071602E-9 2.481089057297934E-9 -2.7620012608454472E-5
-0.025243839799718233 -0.13300675455069116 0.052548920040911946 0 -1.0853838454690716E-8 6.217460438474451E-9 -2.762066679652218E-5
-0.18973296493485722 -0.18461798069110355 0.055474546986767154 0 -1.6663449775493662E-8 8.222242737960152E-9 -2.7632139411364623E-5
-0.2483235922732361 -0.1816505696604007 0.05686432272721824 0 -1.6304386039599878E-8 1.567593622349836E-8 -2.7637520899806053E-5
-0.30831506111577245 -0.17770170158565643 0.058672582596364375 0 -1.3488584906326639E-8 2.275834120259999E-8 -2.7639363597880002E-5
-0.13643849435757827 -0.142707733989249 0.05371629461338724 0 -1.022275750547413E-8 5.421650952474165E-9 -2.7619268586932288E-5
-0.184039983968445 -0.12735803584373426 0.05434432437859786 0 -1.3416251927487918E-8 8.264833968779912E-9 -2.76153357784888E-5
-0.10393602836491156 -0.0928684349452979 0.05261104654913399 0 -3.735727487393359E-9 9.079674528817187E-9 -2.762134843812048E-5
-0.33491839009005275 -0.13913239257244242 0.05894927757126896 0 -9.43900171705611E-9 2.4740735371674455E-8 -2.7639126766347877E-5
-0.379850741799242 -0.12110542276221135 0.060500587943527986 0 -4.795667734758114E-9 2.8642157971401944E-8 -2.7632869603702E-5
-0.40842759083875496 -0.05875232359605658 0.061140527783328784 0 -1.6314885902811869E-9 3.296365588807579E-8 -2.763349088618459E-5
0.36282250283673584 0.2686598783514224 0.06303900336729046 0 1.977836953165634E-8 -2.9652359873885462E-8 -2.7621011017932052E-5
0.4058790843317993 0.3317218591300756 0.06705525860874961 0 3.076423503824393E-8 -2.8291901218685465E-8 -2.761826035283496E-5
0.4678168231247622 0.39722837411780604 0.07282402579327739 0 3.1098927667446517E-8 -3.181692562185433E-8 -2.7631192216907918E-5
0.43228391685071293 0.3802988180284773 0.07026687195777441 0 3.268956037825592E-8 -2.761691284757064E-8 -2.7626424979735156E-5
0.5096255127299391 0.5106912413470729 0.08097857821614195 0 3.4887198829925545E-8 -4.0493548001377064E-8 -2.762024189472364E-5
0.49005227512439575 0.44470401859070535 0.07629562530822705 0 3.148826260213232E-8 -3.561663435011059E-8 -2.7629941318901078E-5
0.5354804188313992 0.5793968081607486 0.0867593250488703 0 4.3043077362481965E-8 -4.1349121026856004E-8 -2.760496167280001E-5
0.6847900044003186 0.621834941224156 0.09999999999999994 0 5.0207598587831296E-8 -4.5103809784191824E-8 -2.7621313915658023E-5
0.5876935447112426 0.6161088910778022 0.09257893706827944 0 5.026619478892541E-8 -3.9801499676787865E-8 -2.7609551354446985E-5
0.2968769596322443 0.26583446546620604 0.06049214663587174 0 1.5587918502623816E-8 -2.4373198420110994E-8 -2.762794083670902E-5
0.22703812963746217 0.26409762190385 0.058370438456053005 0 1.671436471064385E-8 -1.5933377465624502E-8 -2.7637797988839348E-5
0.18890830540911197 0.18932922319802872 0.05555650018582656 0 1.5283215634550488E-8 -7.452735225564363E-9 -2.7631384061929913E-5
0.10177697427875262 0.08834048795367637 0.05253956863179544 0 2.1321350269881974E-9 -8.363889614169446E-9 -2.76210730592211E-5
0.13647605991683223 0.1435082568468913 0.053729825805134857 0 8.960909887321423E-9 -4.66877355246579E-9 -2.761839569333523E-5
0.14969050843762163 0.2592715660247786 0.05657975437506356 0 1.9495912539954258E-8 -7.554331991940473E-9 -2.764043154615677E-5
-0.5844196053235717 -0.07491703801282973 0.07115392026499065 0 -1.0650268109315824E-8 4.415291070234029E-8 -2.7639732355284907E-5
-0.7351410524947968 -0.060926854977285956 0.08231802271497875 0 -1.774820996612152E-9 5.693684917210058E-8 -2.762812141360017E-5
-0.6752473549062168 -0.060997662019661704 0.07752927755735102 0 -2.5903445522944123E-9 5.10379766037173E-8 -2.7638016448217898E-5
-0.7962287177911108 -0.06074957956360477 0.08762354715881242 0 -6.593520862671356E-9 6.217560809054059E-8 -2.7622189163667282E-5
-0.8627884197170684 -0.055125093298773874 0.09385473111979895 0 -1.0928814297733515E-8 6.515355268479069E-8 -2.762663324810219E-5
-0.9192838471164881 -0.10263764414409532 0.09999999999999994 0 -1.6187023635006772E-8 6.877135573108383E-8 -2.762910112772604E-5
-0.5447672634209793 2.858524015158418E-17 0.06830049229574699 0 -5.609555455415102E-9 3.9736785315720534E-8 -2.7639551599320708E-5
-0.4638591691868275 2.797468827787367E-18 0.06368112390889594 0 -1.539395458187885E-9 3.382647696213378E-8 -2.7633934283165126E-5
0.04273067501608843 0.07401170016957923 0.051925849626185475 0 2.867735117426731E-9 -5.768118875608398E-9 -2.7631301259846425E-5
0.04273873390329096 -0.07402565857166639 0.05192600533605054 0 -7.777320641765193E-9 4.75152428378548E-10 -2.7630040891850827E-5
0.08580268905133058 2.7616060966210454E-17 0.05192915349305607 0 -4.296201493152142E-9 -5.726711131710307E-9 -2.7630047868559798E-5
0.07416648351753428 -0.042820039223696336 0.051927573540639343 0 -7.104383634969199E-9 -2.927499436942173E-9 -2.762967618506023E-5
-0.04299754043112494 -0.07447392462720538 0.05193102148339571 0 -4.211088533816864E-9 6.672776619396645E-9 -2.7631006732024657E-5
0.07415950431437714 0.04281600977887487 0.051927495533993596 0 -9.943856745772168E-10 -6.8426934171842755E-9 -2.763038056606987E-5
1.3904975238826412E-17 -0.08573627431625096 0.051928505242836896 0 -6.787780304109932E-9 4.367769906301087E-9 -2.763020760379398E-5
-2.9796378738924766E-17 0.08577355466188762 0.05192886660175564 0 5.542259587454654E-9 -3.5228050247773137E-9 -2.7631618158508414E-5
-0.22815732549244747 -0.13366956667415786 0.05546555293618704 0 -1.675223308903115E-8 1.302007838545518E-8 -2.7627992513454386E-5
-0.27837086784154214 -0.12617379267311213 0.056793561369108604 0 -1.363292207309289E-8 1.9533651165383877E-8 -2.7638082835081173E-5
-0.15093740406319933 -0.09389909648308081 0.05329903073383901 0 -5.157642345700744E-9 1.1691796717268012E-8 -2.7611779578365787E-5
-0.19761019796705667 -0.10158906953187431 0.054303584925033135 0 -1.3967435399434571E-8 1.3420980880720543E-8 -2.7614315928712014E-5
-0.12619399745448537 -0.06614911525416545 0.052660410611162535 0 -1.703345745705887E-9 1.1955318070825513E-8 -2.7619925337072074E-5
-0.07423701450489274 -0.042860760308234 0.05192836227840669 0 -3.540603838195E-10 7.694228294674081E-9 -2.7631525561131873E-5
-0.4277423899643161 0.06497482014443749 0.06209784320535729 0 7.191825543486862E-9 2.719780309069628E-8 -2.7630137253270247E-5
-0.33304413722574777 -0.06930677678439595 0.058055306373968225 0 -5.640777857524343E-9 2.555448701487897E-8 -2.764251738266828E-5
-0.3847166606924661 9.345124501562139E-19 0.059881376808148805 0 1.4519007002966312E-9 2.810077308324502E-8 -2.7641346507790595E-5
0.3329058545937796 0.33325924236807375 0.06406157186555389 0 2.1081858594994883E-8 -2.5035403686778213E-8 -2.7606256934150753E-5
0.49825230464030634 0.6040689738251999 0.08623250303750961 0 4.0281339563142755E-8 -3.6332279287915264E-8 -2.7602777100594998E-5
0.3818998921620359 0.39282083230988174 0.06849211870683777 0 3.267743851732023E-8 -2.033659569957166E-8 -2.7619153267059022E-5
0.4314021965681312 0.42876752259718576 0.07244484890584979 0 3.306009285789321E-8 -2.7776608330035977E-8 -2.7629970758100454E-5
0.4723939921181883 0.5653277489130144 0.08223903081434109 0 3.565794540628482E-8 -3.7751962340722173E-8 -2.7613653508220023E-5
0.44736034083495346 0.4974141441538552 0.07684191432450417 0 3.363052788914998E-8 -3.319805422590597E-8 -2.7628341007634372E-5
0.5230354883414245 0.6422697488364204 0.0903707538749386 0 4.70339600735463E-8 -3.241351492862845E-8 -2.760270176374896E-5
0.6177594130735138 0.6884753307245898 0.09999999999999995 0 5.488915575472755E-8 -3.9131036634152894E-8 -2.7616429194241146E-5
0.5518007966248653 0.6760563257947593 0.09465507346897212 0 5.175602508375613E-8 -3.247965757554883E-8 -2.760963972892829E-5
0.2625418688185837 0.33648330779519714 0.06181290503458571 0 1.8636461646114502E-8 -1.933509775942109E-8 -2.7625773103338326E-5
0.10763513709501461 0.3224957272318108 0.058047784011843594 0 2.3376198768008966E-8 -7.919920980395737E-9 -2.7640164659499492E-5
0.19231764390950024 0.3331039304431938 0.059877835485628014 0 2.2102682706155156E-8 -1.522020292550464E-8 -2.7636784438480207E-5
0.11136664405289663 0.19289268576805546 0.0543171535525474 0 1.5804370998391133E-8 -2.9324954439418278E-9 -2.7628073176058377E-5
0.07844894660138711 0.13587756131386042 0.05290437550856248 0 8.97386606299574E-9 -5.512195506580973E-9 -2.762201912171337E-5
0.03519829734560284 0.13784946141786306 0.05265706254873472 0 1.0141938068202556E-8 -5.412258661286303E-9 -2.7621439408245885E-5
0.06630901180929025 0.2508565357105051 0.05531869953262273 0 2.1303844536294474E-8 9.786853857473344E-10 -2.7631414310716184E-5
-0.017053837843317182 0.27836069099312905 0.05590951428308119 0 1.816720840479796E-8 7.854472657598279E-9 -2.763279957933709E-5
0.011677278178983168 0.25977319628253465 0.05533524160416193 0 1.9177277593725365E-8 7.095303466381088E-9 -2.7626908721581096E-5
-0.036475279191632355 0.1302798698937502 0.052547520741153056 0 8.2861119505148E-9 -3.2401425371768175E-10 -2.7623677580984725E-5
-0.004334214649360648 0.15163914092247652 0.05281372846092682 0 1.0002568430268292E-8 -3.5469919871808716E-9 -2.7617851280877146E-5
-0.5548238392163805 0.07638757137486699 0.06925704553616709 0 -1.5549293492140179E-9 3.824976686612438E-8 -2.7636526564990532E-5
-0.6361392415232946 1.3179599374821288E-17 0.07441207081886599 0 -1.1432489215959392E-9 4.62983814428377E-8 -2.7643913971289584E-5
-0.7353276040989696 1.376885046738379E-19 0.08212306732579755 0 1.7072155748804015E-9 5.348103050139812E-8 -2.7632521905950974E-5
-0.8245744171037558 1.994957568951944E-17 0.09002147282184524 0 -4.166160484999624E-9 5.993650651358974E-8 -2.7627403536881257E-5
-0.9249999999999996 -3.487031299242896E-17 0.0999999999999999 0 -7.98894317226441E-9 6.729787811849299E-8 -2.7634983132742886E-5
-0.6215823870108426 0.05940809814964494 0.0735747228508592 0 2.0884174431619784E-9 4.401573922073165E-8 -2.764323230901116E-5
-0.5039157942187592 0.07056797810116018 0.06615707446286308 0 -8.86699238687159E-10 3.2056414725644085E-8 -2.7627530232820126E-5
-0.4742240483662385 0.11256694280313873 0.06494853319711702 0 5.759755906545776E-9 3.210525424781695E-8 -2.7614523713499017E-5
-0.4362515368769683 0.13236424219261794 0.06326633817399899 0 1.3493778370586407E-8 3.257727638295421E-8 -2.7619427239211797E-5
-0.3689420167821231 0.1279817916152874 0.06013540062401418 0 1.2358106751154409E-8 2.6593385182125983E-8 -2.763677516131183E-5
-0.40020050920329836 0.18553375498639205 0.06251643484045978 0 1.514399022344889E-8 3.112403692705142E-8 -2.763225297442761E-5
-0.11902524067374867 0.3280525016025783 0.058398241089487615 0 2.2106682082855223E-8 7.666878859690193E-9 -2.7642792958850482E-5
-0.278960464150049 0.23105339123962187 0.058930977919053947 0 1.708541369178804E-8 1.9315680690814684E-8 -2.764119089246122E-5
5.529796886260846E-16 -9.523255661324038E-16 0.05151308386343702 0 -6.523947364677951E-10 4.2703240391933546E-10 -2.7639509377198547E-5
-0.043042879691499385 0.0745524545297515 0.0519319033593881 0 6.5206669139547824E-9 3.6403229063487663E-10 -2.7632187589650498E-5
-0.24680219676358373 -0.07209570484822997 0.055249906628573604 0 -1.2672401909273666E-8 1.896762165614345E-8 -2.7631797749639886E-5
-0.1740533791739203 -0.0457943921612332 0.05334383022045102 0 -5.446943565116797E-9 1.614632834179057E-8 -2.761911512452026E-5
-0.12783259126111418 -0.033275347967647695 0.052499203818416273 0 -1.7054974749383092E-10 1.1645231309677109E-8 -2.762404230428395E-5
-0.08544796042127181 1.2633032021521531E-17 0.05192572029476935 0 2.9487902644637342E-9 6.571969785105594E-9 -2.763224912393548E-5
-0.33947513674739144 0.06240362523718613 0.058248486325065116 0 4.331455655261413E-9 2.3598491531795195E-8 -2.764350793154285E-5
-0.30816555573663146 0.12979030410922676 0.05783416263257108 0 7.51909498163962E-9 2.2818368228542E-8 -2.764219829757346E-5
-0.22695325756190307 0.2565120405768185 0.05814491145404571 0 1.889856551692357E-8 1.71069591720045E-8 -2.764370446114786E-5
-0.25569422992480956 0.1801064295667739 0.05704280655464759 0 9.86925761219083E-9 2.111345443454239E-8 -2.764081271840833E-5
-0.07471068043782807 0.26158647648355277 0.05569656348774581 0 1.4565842327682175E-8 1.043491470971028E-8 -2.7636592344889187E-5
-0.15073713287945018 0.26108437273446883 0.05665087411303693 0 1.6542898070353503E-8 1.391052414242885E-8 -2.7644372513351483E-5
-0.0793293077376864 0.13740239153093972 0.052935779499837216 0 9.29042820495531E-9 5.999819123174076E-9 -2.762379327215516E-5
-0.299396714946573 6.0549876586637245E-18 0.05658028588283899 0 -3.915275433947737E-9 2.1992676494332703E-8 -2.7643968882652506E-5
-0.39181543828090004 0.55445735722153 0.07760084140770424 0 4.1965385009700664E-8 2.7342283572129154E-8 -2.7638925634617015E-5
-0.42125713605646403 0.6077940464059373 0.08247265847688973 0 4.7537016037301726E-8 2.9562693108227927E-8 -2.7628851230496996E-5
-0.4499036574234317 0.6597655574984553 0.0876254316161508 0 4.956080743889969E-8 3.6183420466024473E-8 -2.7623289125974352E-5
-0.4789401191209052 0.7197628636157833 0.09385470752197607 0 4.99466234241242E-8 4.1586860414947586E-8 -2.76275363647782E-5
0.30693864167133966 0.4042133776050551 0.06608285286906407 0 2.6786242310221036E-8 -1.5033155205864836E-8 -2.7621526271946125E-5
0.45341996389119593 0.6343388790419371 0.0859386615701075 0 3.999683771947671E-8 -3.043412791230747E-8 -2.761146773700671E-5
0.36186279370904106 0.47199806236141656 0.0715259330567936 0 3.389214424565389E-8 -2.127089895798764E-8 -2.7632807484514213E-5
0.400949758946052 0.5652131577221655 0.07869394977656127 0 3.6300764175506285E-8 -3.001316980679145E-8 -2.7627589577866567E-5
0.4904238791693691 0.6985151762406319 0.09277567976728547 0 4.941521788932628E-8 -2.76742453185766E-8 -2.7613776844103095E-5
0.5485314952955888 0.74480230687788 0.1000000000000001 0 5.467524350803656E-8 -3.106907277385258E-8 -2.7619012829476665E-5
-0.157502577302292 0.4062797025959702 0.06224976286168574 0 2.630495078016495E-8 6.80584048084491E-9 -2.7628461065051654E-5
-0.04439277195221168 0.328710102628296 0.0577329050528648 0 2.245327570387236E-8 4.78490611367049E-9 -2.7640597590378328E-5
0.025557696189703685 0.3104658173674805 0.05699894508193312 0 2.2359703939005824E-8 2.020658937077232E-9 -2.7638117399017298E-5
0.05891091878969271 0.3561813785904501 0.05888183035860122 0 2.4502133648992835E-8 -5.2614874325095495E-9 -2.763805988664924E-5
-0.07539656272461737 0.3826387268002811 0.060112744280339386 0 2.8196223679093192E-8 2.3402099780054414E-9 -2.7635240726314064E-5
-0.19156331121345582 0.4731617410648756 0.06625147072173321 0 2.6614765197547113E-8 1.6472613841774216E-8 -2.7626803154654775E-5
-0.31860245148696237 0.5518356333914171 0.0744889558881298 0 3.873594695750739E-8 2.3663073664159412E-8 -2.7644046162721488E-5
0.23188989210585279 0.40164507488900236 0.06367695651733306 0 2.850370559951774E-8 -1.553787942802723E-8 -2.762837617337658E-5
0.18545604713463834 0.43047399478074116 0.06393784680976809 0 3.461781674327556E-8 -1.4790219650889633E-8 -2.7623164749180698E-5
0.15384627156060351 0.3839117365891883 0.06118533303935759 0 2.7870171750247445E-8 -1.518726972762501E-8 -2.762986859857129E-5
0.08567704016096148 0.3934342712802923 0.06068036954612458 0 2.5781474914632327E-8 -1.025467108245119E-8 -2.76300761969919E-5
-0.04746651353754765 0.1829715324610284 0.053532622158623755 0 8.361236594721859E-9 4.441530186111185E-9 -2.7618862855581146E-5
0.01717373484524668 0.1662656573333219 0.053092157016808576 0 1.304089777491476E-8 -3.706659066198522E-9 -2.761492346103121E-5
7.833096257776418E-4 0.19069362679459012 0.05356840441819727 0 1.3144724916635697E-8 2.625056007647185E-10 -2.7610364591541055E-5
-0.014253461472862217 0.23459230484404994 0.05463523466770248 0 1.4019362217284211E-8 8.460214876389273E-9 -2.761890774437201E-5
0.04520143550094837 0.1841851235528076 0.053545944108146816 0 1.6861946254076005E-8 -2.2605512271593537E-9 -2.7617145226395407E-5
0.017981432514459814 0.22651294475696923 0.05443142027174295 0 1.855425843194792E-8 5.2203567473545095E-9 -2.7616309041879453E-5
-0.4509389353459413 0.18062953941108667 0.06485872161226297 0 1.2549212145962334E-8 3.852604644138986E-8 -2.7625158096523124E-5
-0.43855507291261625 0.22078311851591842 0.06514753629020965 0 1.3662486635628892E-8 3.5715570249436276E-8 -2.763319055521055E-5
-0.5430568755805911 0.1088667628343709 0.0688662273363696 0 -6.237029095305439E-10 3.850285755799514E-8 -2.7631495538242574E-5
-0.5075730010734566 0.12513873893141766 0.06697106660603608 0 8.328325597189465E-10 3.727845349754363E-8 -2.7620311812117186E-5
-0.4876818695036711 0.16005919777938846 0.06641416297022892 0 6.352902731119396E-9 4.120505613916332E-8 -2.7620547564159677E-5
-0.5817364775186938 0.11498204866540508 0.07140762999266016 0 2.3659942320097664E-9 4.196713586049888E-8 -2.763882849490266E-5
-0.6893460495224288 0.06354738512595376 0.07863780818203957 0 6.975079424699143E-9 4.793268013954727E-8 -2.7636709786979708E-5
-0.7599167871431189 0.060700756349994105 0.08441733903220823 0 5.573972846561089E-9 5.1279689199619186E-8 -2.762548051002023E-5
-0.8184909839211809 0.07533925376340878 0.08977629762126756 0 6.954444035791782E-10 5.544236161063898E-8 -2.7621120724037086E-5
-0.8641324069088798 0.06217499425579329 0.09403348687291993 0 -2.7713584133327467E-9 6.017452193592457E-8 -2.7626860522330136E-5
-0.919284810212244 0.10262901652303173 0.09999999999999994 0 -1.3489333973510356E-9 6.498227793890314E-8 -2.763045994838628E-5
-0.7200856347104291 0.1275637570102766 0.08178787314202204 0 1.428084832854328E-8 5.131060739686897E-8 -2.762554769217504E-5
-0.6366216770914513 0.14805650423757327 0.07568897320024312 0 1.0492287670866816E-8 4.648496106092242E-8 -2.7640165178019584E-5
-0.5083123257938114 0.6756675576578803 0.09200745306162258 0 4.680061212442562E-8 4.3918354966436135E-8 -2.7619897540026426E-5
-0.5084523869045262 0.6310249340793687 0.08870435188239581 0 4.470200697810967E-8 3.9973599575806075E-8 -2.7612905186547722E-5
-0.5485031394581954 0.7448231888659755 0.09999999999999998 0 5.0319646798165555E-8 4.772364217793496E-8 -2.7630614095166497E-5
-0.47303326379715877 0.5791284533565413 0.08316905076856485 0 4.51827141733849E-8 3.078765673551593E-8 -2.7621334658038124E-5
-0.45509595152323223 0.4866404390645807 0.07663670286639768 0 3.488795434487459E-8 3.1725231796600095E-8 -2.763910214460329E-5
-0.4180330375357138 0.4186106610386911 0.07131407766744807 0 2.5185501984386643E-8 3.4590422519370225E-8 -2.763791473904159E-5
-0.35805699391726126 0.4725541821277961 0.0714004969823895 0 3.242528195177334E-8 3.054313756518832E-8 -2.764128402122772E-5
-0.3304177610769968 0.2075632873895256 0.060121873146272396 0 1.5569878765827724E-8 2.289222838755782E-8 -2.7639301395551604E-5
-0.3986677525588505 0.2551376793832065 0.06418286265211677 0 1.5168848499898334E-8 2.8358423174577845E-8 -2.763302034463956E-5
-0.19326570388917413 0.3347460184966116 0.05996054906425581 0 2.4462355975537585E-8 1.2482486580826435E-8 -2.7641458937798773E-5
-0.2326279902659774 0.402923498403311 0.06375456788963607 0 2.7852548802498075E-8 1.7940348875291256E-8 -2.7634259669147346E-5
-0.2730034360466582 0.4728558218736924 0.06837705113188595 0 3.079287063046517E-8 2.4377908827503347E-8 -2.7639898072053143E-5
-0.30165136280488025 0.41841452971898935 0.0665620091821718 0 3.0036825468818555E-8 2.845353699792706E-8 -2.763224667880511E-5
-0.2982294435153453 0.2720284218761083 0.06072614652584282 0 2.2039679905305086E-8 1.804488195026097E-8 -2.763358262845763E-5
-0.28071917465641966 0.3771430143239578 0.06401358518053687 0 3.019507148011852E-8 2.367837016552468E-8 -2.7628356335790834E-5
-0.25621859628623345 0.3266156402995803 0.061257118437086824 0 2.7360925894466854E-8 1.739300476386255E-8 -2.7634161619228302E-5
-0.07427627943517316 0.042883429926301085 0.05192880169730083 0 5.799338567678579E-9 3.842679031977839E-9 -2.763228096524203E-5
-0.10192189467460559 0.10267269443312377 0.05269596908601702 0 9.898577935389937E-9 7.053629360122609E-9 -2.7622625457462532E-5
-0.22270343343645202 -2.7398019802337882E-17 0.054316401779706945 0 -6.024482050953521E-9 1.6512331356780838E-8 -2.763068428428718E-5
-0.1568744501142894 1.9427769320198104E-18 0.05290395974586273 0 -4.0766089819608937E-10 1.174840284754461E-8 -2.7623841353927645E-5
-0.1333037269353432 0.03517105967265549 0.05258728793055297 0 4.432246074999343E-9 7.841865467652186E-9 -2.7623598396680287E-5
-0.2668792736165403 0.06671487334767572 0.055790773586017584 0 -1.411825536202933E-9 1.8950121352179455E-8 -2.7637832008208995E-5
-0.25161809751440434 0.1255049475699697 0.05598231997151887 0 2.4777568613158065E-9 2.0586955517354112E-8 -2.7635037949063392E-5
-0.2204702956430696 0.1429341155499399 0.055415459742855375 0 3.893728030087424E-9 2.1143854765152592E-8 -2.762965670334144E-5
-0.18350196867475072 0.18844743574056294 0.05542383280391714 0 1.0537288451610663E-8 1.9591399781886553E-8 -2.7635385941614268E-5
-0.1122914677939212 0.19449452747555573 0.054363926326504504 0 1.0625499799206477E-8 1.3132131057045659E-8 -2.7631021609965696E-5
-0.13865734030206042 0.13413724110678021 0.05361667711440056 0 1.0351660979955114E-8 1.4755323564623488E-8 -2.7619495400534466E-5
-0.3679940573528883 0.637384404218618 0.08217817873449762 0 4.623116144694589E-8 2.4781416604455535E-8 -2.7632682251761158E-5
-0.4124740638930545 0.7144260354671818 0.09005646238462257 0 4.875750587168186E-8 3.3068820784636244E-8 -2.7627709875456172E-5
-0.4625000000000002 0.8010734985006057 0.09999999999999998 0 5.310163166817009E-8 3.994737055160148E-8 -2.7635329142532276E-5
0.41227210451772545 0.7140762315680472 0.09001864521731297 0 5.186215507857678E-8 -2.615156928544126E-8 -2.761879446422485E-5
0.27234892372669683 0.47172217328134014 0.06829621029644013 0 3.548021335611927E-8 -1.4891876803103026E-8 -2.7633115325133464E-5
0.36764043700660404 0.6367719158122639 0.08211917016769554 0 4.358790580149941E-8 -2.797231821978714E-8 -2.7624554846237374E-5
0.31803615984503875 0.5508547874957042 0.07440724687637126 0 3.888790922031227E-8 -2.2003560531469094E-8 -2.7636616555990017E-5
0.46250000000000013 0.8010734985006064 0.09999999999999999 0 5.991820212590527E-8 -2.6500491040935984E-8 -2.762536735422139E-5
0.3836506929290541 0.7746515411716932 0.09384509082801112 0 5.984116520376598E-8 -2.2900402672268668E-8 -2.7618689662937685E-5
-0.14030890931253803 0.4679836164169959 0.06501280116403946 0 2.986970987990806E-8 1.1038660019158131E-8 -2.761321042067067E-5
-0.10294114607188212 0.4464085827438704 0.06338188130081227 0 3.454069070119428E-8 4.441338142687004E-9 -2.7617127472698175E-5
0.013052198219917906 0.38970549808144683 0.06010955939350729 0 2.6858128590294954E-8 -2.2152290428245537E-9 -2.763671850740305E-5
-0.04037960269203984 0.44085703180834646 0.06259577733066987 0 3.4160030493950346E-8 2.1161763608490074E-9 -2.76295699692168E-5
0.06533055038853267 0.4354649165439312 0.06247764990259344 0 2.64670890521425E-8 -6.842154376996475E-9 -2.7624757721263035E-5
0.21079455863719812 0.4693257584201238 0.0664848367230654 0 3.871847540320535E-8 -1.220001750131247E-8 -2.7626541614625358E-5
-0.2117215867706234 0.5198781223671348 0.06933829044213057 0 3.149259741680704E-8 2.014465551017664E-8 -2.7635824686703545E-5
-0.1460434120132441 0.503264073058023 0.06704541835555092 0 3.191616991816185E-8 1.7619743936962497E-8 -2.7619153546473995E-5
-0.17773060720916653 0.5259463281585314 0.0689480477972893 0 3.2259232104178864E-8 1.9353046042512533E-8 -2.763038814643212E-5
-0.2900329026458535 0.6297052539110424 0.07871782471366953 0 4.4141007635398844E-8 1.7447180637371304E-8 -2.763593347289604E-5
-0.2598642375444073 0.5690891545970852 0.07365958600480058 0 3.837263797220904E-8 1.967470901545195E-8 -2.7642650594772524E-5
0.1498593825176401 0.45279307874260616 0.06437801254812758 0 3.583263345507873E-8 -1.2458093836290978E-8 -2.761275305275957E-5
0.11053788187593885 0.4306223745782792 0.0626902062642271 0 2.845772961497507E-8 -1.2621161383229017E-8 -2.7617555636375577E-5
-0.4490633670822637 0.26293361409508886 0.06682964731028329 0 1.399789688885319E-8 3.48493895818797E-8 -2.763728305759447E-5
-0.4300985673768074 0.3012630280350379 0.0671100012724704 0 1.4803545648749845E-8 3.174274647560852E-8 -2.763476705616965E-5
-0.49761740681994665 0.2259943198914076 0.06840949555720777 0 1.1580731509435285E-8 4.1191010324107315E-8 -2.763745720162351E-5
-0.5518948161465873 0.17422255470543743 0.07046196471921622 0 5.810549136563769E-9 4.352119122280681E-8 -2.7636467797453573E-5
-0.4324706598932548 0.35955969358955997 0.06940707877592157 0 1.808002310031838E-8 3.378028837063569E-8 -2.7635424918329376E-5
-0.7940808377677345 0.13178185399490336 0.08820577601429047 0 7.142789257838044E-9 5.689942165650307E-8 -2.76116983747557E-5
-0.8565041007211139 0.12935729823844902 0.09401883827528355 0 7.161228325857962E-10 6.176733666310914E-8 -2.7620700101730156E-5
-0.9051192255768065 0.19074632675980735 0.09999999999999998 0 5.539785503394153E-9 6.924752802626033E-8 -2.7629459972123235E-5
-0.7583678808155521 0.178257805309045 0.085877514601274 0 1.4728522489186278E-8 5.879777119533423E-8 -2.7618737119385474E-5
-0.6170663609123308 0.222189336538271 0.07585507468331582 0 1.5426214324030258E-8 4.5597358247918295E-8 -2.7642077411701433E-5
-0.6972424057138269 0.20430689657176623 0.08139617396721441 0 1.7610997365176226E-8 5.216954351768571E-8 -2.7632216133642378E-5
-0.5596851197575441 0.6634042603718276 0.09419033697962355 0 4.175124194070514E-8 4.6569061059596584E-8 -2.76206318335573E-5
-0.5445828559277583 0.5931276201062036 0.08823074690283748 0 3.782516731356817E-8 3.8124073755570275E-8 -2.761565536270235E-5
-0.6177328508859395 0.6884991641819085 0.09999999999999992 0 4.192722946134753E-8 4.954848454997478E-8 -2.7629622258007327E-5
-0.5240933648557363 0.5322322969179639 0.08310069903157469 0 3.748782393451247E-8 3.3327588122766136E-8 -2.7626687465067115E-5
-0.482008368592271 0.40269833860051546 0.07383556549613608 0 2.589043022254335E-8 3.5795923508772123E-8 -2.764265842834594E-5
-0.5228737105474611 0.469403410425903 0.07945982017150148 0 3.3910259141139555E-8 3.564095255348426E-8 -2.7636941726937186E-5
-0.3178442209190435 0.3574692689417035 0.06445327462614317 0 2.8761406253598196E-8 2.6196051052076636E-8 -2.7617582234121637E-5
-0.3668515165065182 0.391453181331997 0.06779342734587494 0 2.3317214168935637E-8 3.41297064652295E-8 -2.7624958022107193E-5
-0.37474174799433474 0.32521524057353407 0.06543736846884436 0 1.68242813288838E-8 2.5596559695706573E-8 -2.7619293995147692E-5
-0.3445240713159381 0.2767146512083848 0.0625551726814487 0 1.9297474388626667E-8 2.0302404092384787E-8 -2.762782424072687E-5
-0.31825267387856393 0.31228528282505885 0.06275542647814246 0 2.5339519811082883E-8 1.9302543977084438E-8 -2.762134594771352E-5
-0.13208776332768443 0.07040426877471616 0.05277929135503948 0 8.026445377799428E-9 7.517059594602631E-9 -2.7619216200929448E-5
-0.13558426904309848 0.09984465055515283 0.05311549222562181 0 9.896626357445532E-9 1.0483351477130238E-8 -2.7616241759876283E-5
-0.18433654548332082 0.04822270923057056 0.05356505347436668 0 -1.694175290913469E-10 1.0327094307293421E-8 -2.762012609371226E-5
-0.2141365218541703 0.10501643106435352 0.054728299370409676 0 -5.345428222099498E-10 1.7460360129418248E-8 -2.762167415310825E-5
-0.18680865935078547 0.12991541986645883 0.054439563423197654 0 4.813570188654797E-9 1.9557545833145034E-8 -2.761844920802495E-5
-0.1657690318723488 0.09663028560186346 0.05359396061230915 0 6.322270010279955E-9 1.2513577925265754E-8 -2.7611358593321263E-5
-0.3275435087421515 0.689022237889938 0.08446715933764735 0 4.6146816554961704E-8 2.0324858648840052E-8 -2.762487022059144E-5
-0.3440235561346144 0.746753392646391 0.089798396197132 0 4.723463499300097E-8 2.650006514734948E-8 -2.762046692905699E-5
-0.3781299746230488 0.7796968295885027 0.09405159466762453 0 4.9622459118617974E-8 3.190074803545943E-8 -2.7626406502435126E-5
-0.37078556224583165 0.8474286657041803 0.09999999999999998 0 5.4420508770671276E-8 3.3062715480577386E-8 -2.762956029065477E-5
0.33139114289377414 0.7785556133621918 0.09206768166444738 0 6.039705452088624E-8 -1.9005329018516897E-8 -2.7611575920087218E-5
0.3464548928541494 0.7191482470167311 0.08759713317592265 0 5.5033726689616546E-8 -2.529505846127005E-8 -2.7615030620370767E-5
0.31546555307223767 0.6681703741372863 0.08242156072081934 0 4.8281501037096455E-8 -2.668412193546074E-8 -2.762135094379678E-5
0.22784343961994072 0.5451094489255655 0.0712614275403811 0 4.177798857166918E-8 -1.2835701167191192E-8 -2.763468660435376E-5
0.28413345033548576 0.6165726819630529 0.0775980862421621 0 4.3694919265160824E-8 -2.2931365337545355E-8 -2.763168074914797E-5
0.290977677915208 0.7546407636986492 0.08855875058870188 0 5.577995714823357E-8 -1.9257578616060146E-8 -2.7605063847496135E-5
0.37075219693550476 0.8474432642497914 0.09999999999999995 0 6.524970442502065E-8 -2.0137775472385668E-8 -2.7621627272002917E-5
-0.10596501162257625 0.5041773372256164 0.06652572871029448 0 3.790025972719655E-8 1.4881779376063702E-8 -2.761878200331291E-5
-0.07102778036707863 0.4813038479979327 0.06489977746314218 0 3.905044380869461E-8 8.292565416513308E-9 -2.7622413114224518E-5
0.019795838688718658 0.4703114259817324 0.06404440608297313 0 3.118799888716039E-8 5.711725260182079E-10 -2.762982489806739E-5
-0.028427878816465992 0.4894039605592073 0.06510500934199118 0 3.6870726897070676E-8 5.525085116850448E-9 -2.7630203848591976E-5
0.09307018049889713 0.4870154223859189 0.06541754354915294 0 2.95011823959292E-8 -2.2161884319003153E-9 -2.7615281647345548E-5
0.15223360853370174 0.5114589799667827 0.06762073099832455 0 3.992904510414365E-8 -3.296588982611115E-9 -2.7618540976539354E-5
-0.19168892528151515 0.5624523066487594 0.07149027116733256 0 3.678030867737924E-8 1.843441010209315E-8 -2.7637615492109607E-5
-0.12546868182070262 0.5661421054611622 0.07053660282173835 0 3.977801455799993E-8 1.6261192359486276E-8 -2.7634436814572018E-5
-0.25001651455608004 0.6877574831582879 0.0818288600417976 0 5.059001427188721E-8 1.2801933188598276E-8 -2.7624009344634623E-5
-0.19051431605916905 0.626194724144322 0.07575740850014469 0 4.4692389641511125E-8 1.3666492848575255E-8 -2.763839472155231E-5
-0.496968869184538 0.31115828345845903 0.07096354188096898 0 1.810180248966398E-8 3.7586356730484494E-8 -2.764393892488481E-5
-0.5531916805568735 0.25483900449276115 0.07250231820116239 0 1.5496697852861254E-8 4.235607749523545E-8 -2.7644029583429404E-5
-0.8285501209973593 0.21135039229984 0.09293041569195869 0 9.229600445478045E-9 6.553997094165483E-8 -2.7624076784082966E-5
-0.8809225682293763 0.28211960771987943 0.09999999999999996 0 1.2991997356586103E-8 6.813314022458106E-8 -2.763597191453333E-5
-0.7578216461505274 0.23114048963723496 0.08705889216020636 0 1.5944374449225327E-8 5.87012773488162E-8 -2.7626278368264657E-5
-0.5442886348821633 0.36830034160648034 0.07595460109733419 0 2.6823426140136054E-8 3.902953448239201E-8 -2.7642538455503442E-5
-0.6102329054490169 0.29533181001281994 0.07752504764743703 0 2.2704245762235928E-8 4.259522010295973E-8 -2.7639958825066596E-5
-0.6672358697757713 0.2726523999513782 0.08092297245691278 0 2.0949808022356406E-8 4.6577576953962154E-8 -2.7635001621804943E-5
-0.7250638207162802 0.2644091498704253 0.08523826785223539 0 1.8579469612579003E-8 5.2790132979673324E-8 -2.7629996277168432E-5
-0.6071515389330133 0.6092519905512257 0.0934219469334025 0 3.5844572128217525E-8 4.607821636615903E-8 -2.762576031141564E-5
-0.5735399527378838 0.553508622043815 0.08749015204644302 0 3.5204548249861754E-8 3.957924171810313E-8 -2.7624427840881675E-5
-0.6847646792234087 0.6218628292777222 0.09999999999999995 0 3.703099802107129E-8 5.33236491814239E-8 -2.7636079179280172E-5
-0.5770660846669927 0.4836246905463882 0.08360849061752018 0 3.4869832049020086E-8 4.090440590232664E-8 -2.7631683379970813E-5
-0.5580584193120216 0.42548332869284067 0.07938775238593494 0 3.232143136310433E-8 3.9600003700415476E-8 -2.7637549573724104E-5
-0.28374056147924315 0.7514739211838952 0.0880520415280374 0 5.150862196226687E-8 2.1443627272566157E-8 -2.7610459895326528E-5
-0.3165497745723784 0.8071051679018629 0.09409208829712741 0 5.288127176342582E-8 2.980673629624022E-8 -2.7619609443931005E-5
-0.28739394850298333 0.8792210714939998 0.09999999999999995 0 6.156814315398937E-8 2.925410700722911E-8 -2.7627534121109237E-5
0.29491717071644896 0.8166669280321706 0.09422261270086467 0 6.001081701085911E-8 -1.324116733927524E-8 -2.7612706310950627E-5
0.15199695343335898 0.5713443637747507 0.07128864354870555 0 4.145108462692237E-8 -4.805268558586418E-9 -2.7632323544296554E-5
0.2647361318881631 0.6988930987695543 0.08313425830297129 0 4.814489401929359E-8 -2.4318043624130043E-8 -2.7614275128400175E-5
0.19363779692619498 0.6392946953673742 0.07676490405819379 0 4.4062461646818E-8 -1.4839868575017943E-8 -2.7632639737587034E-5
0.23873623781901862 0.7680602578468166 0.08814793343306232 0 5.0659343139125285E-8 -1.3960474779057221E-8 -2.760877542566017E-5
0.28735785633849587 0.8792328678266585 0.09999999999999996 0 6.272594268039535E-8 -1.2109834126345935E-8 -2.7621352494839655E-5
0.045020558010702406 0.5239593119206281 0.06715619876796416 0 3.4079839748700234E-8 2.7248982282436504E-9 -2.7631155356952434E-5
-0.05203180167969757 0.5443357511275837 0.06842717285738563 0 4.063410953147763E-8 1.003870896721419E-8 -2.763471303225921E-5
0.00125333399408392 0.5186888782774369 0.06673044987207258 0 3.640189037506645E-8 4.975864702910621E-9 -2.7633761353812275E-5
0.09263905094403112 0.5551170207203664 0.06943102413110942 0 3.7421124273675546E-8 8.29776003816432E-10 -2.7631245187342994E-5
-0.22520922840433807 0.7458968973346561 0.08588793599516027 0 5.73406846353076E-8 1.6180096730182927E-8 -2.7616872995280277E-5
-0.056365569894855645 0.6123374883168232 0.07290850863136553 0 4.390867132312988E-8 6.912246496083542E-9 -2.7641012290317495E-5
-0.11459365381122652 0.6489796043007032 0.07609123122821615 0 4.6439443194638075E-8 8.724029765000288E-9 -2.7639248766378944E-5
-0.17201424223952635 0.7059350940103869 0.08139872432652714 0 5.2976021984483916E-8 1.0467138495608326E-8 -2.7629983572309894E-5
-0.5619648707592039 0.31624700130713346 0.07504348009682706 0 2.2711523640990266E-8 4.050504160734045E-8 -2.7643713961745928E-5
-0.7888004165309431 0.29037609645717466 0.09153149855841576 0 1.5694568247958513E-8 5.8908905396518E-8 -2.762986827742052E-5
-0.8437609348289447 0.37906778281416026 0.09999999999999995 0 1.8413583133908347E-8 6.197813963285385E-8 -2.763479139263883E-5
-0.6064827120561797 0.3683452405387546 0.08001332460787643 0 3.0747814322752255E-8 4.190816292333712E-8 -2.7632964370601864E-5
-0.6554904399290363 0.3258387756938692 0.08184700708932659 0 2.583656749847795E-8 4.3347273193215874E-8 -2.7629425877758788E-5
-0.7173789460644423 0.321865662586802 0.08652046298759287 0 2.065229944908395E-8 4.871374424144616E-8 -2.76252992583422E-5
-0.6465139113454262 0.538316822314734 0.09160194260007758 0 3.432565329454485E-8 5.0039247542218643E-8 -2.7630012797031167E-5
-0.7501326501074496 0.5412263004122692 0.09999999999999996 0 3.345937527208362E-8 6.111261964049932E-8 -2.763487189207352E-5
-0.8010558185062641 0.4625204886241073 0.09999999999999998 0 2.537181185812409E-8 6.222217546546835E-8 -2.7630266364795185E-5
-0.6328963674406779 0.44705014677999644 0.08550954643040555 0 3.4699782612341316E-8 4.859499855862646E-8 -2.7625008099714114E-5
-0.2313025414788286 0.8233581280344338 0.09294490463014164 0 6.02622331979345E-8 2.4254336599047867E-8 -2.762183818485321E-5
-0.19616860770583666 0.9039546015730862 0.09999999999999994 0 6.432465144964394E-8 2.2271516993381752E-8 -2.76330051873936E-5
0.2216527773738334 0.8287572231622684 0.0932031971273528 0 5.654839267423406E-8 -8.417554205571953E-9 -2.7618389537356265E-5
0.10414931811684251 0.6209165315731189 0.07394244219969823 0 4.309119637577784E-8 -4.830857194019203E-9 -2.7637769717116267E-5
0.1942511971230704 0.716812779625243 0.08273823779707914 0 4.656591692182244E-8 -1.5886945054442666E-8 -2.762133179789863E-5
0.14442364609626682 0.6895139486023729 0.07960445430492032 0 4.6936941288060285E-8 -1.2014489294741184E-8 -2.763101398281661E-5
0.1913914876174544 0.7797285375111098 0.08801717214843206 0 5.143436234004957E-8 -1.0566776508776272E-8 -2.7618063758985293E-5
0.196130597538861 0.9039628493277602 0.09999999999999998 0 6.341830808753658E-8 -5.88975559418744E-9 -2.7628810272312066E-5
0.020086990102898373 0.582926818943489 0.07076019404513119 0 4.047309850772654E-8 3.024447446830305E-9 -2.763989322714218E-5
-0.17894546311077822 0.7718277883825889 0.08706002927260566 0 5.765733718117157E-8 1.5047215271023985E-8 -2.7623734760274308E-5
0.04599891718688658 0.6542488180254783 0.07585611859697282 0 4.6179048297986874E-8 -4.096352824089834E-9 -2.7638147511054155E-5
-0.007855133722757698 0.6491499078369714 0.07536310530979572 0 4.57997451602383E-8 -2.3395054161216755E-10 -2.763938624838602E-5
-0.13380906082414654 0.7600240739879767 0.08523325950883376 0 5.4018733442672924E-8 9.847692114801417E-9 -2.762702857933504E-5
-0.04850890629174576 0.6781878024575423 0.07767733236817918 0 4.738546034664764E-8 9.786035705042064E-10 -2.7636121389224872E-5
-0.09794458893422112 0.7138796015511557 0.08090449857215169 0 4.979067068183025E-8 4.727478126069296E-9 -2.763193885456321E-5
-0.7603438011582597 0.3738096376808479 0.09217483686370775 0 1.9030779232042928E-8 5.4501799950884314E-8 -2.7623148100707824E-5
-0.6767294999436547 0.3833870641168077 0.0857669286165472 0 2.905262593025829E-8 4.7046502693189124E-8 -2.761541360324676E-5
-0.7186415188607147 0.46354605628657686 0.09293928953994947 0 2.8476709398093075E-8 5.855951237394981E-8 -2.7622250629026024E-5
-0.14285595486183847 0.8282574032154251 0.09152546819348935 0 5.7726594929257295E-8 1.5338651343276404E-8 -2.7626694163202267E-5
-0.09363126894349026 0.9202489260084377 0.09999999999999998 0 6.168245154543346E-8 1.4509189571867424E-8 -2.7630685302966184E-5
0.09361324045256657 0.9202507597854978 0.09999999999999996 0 6.837787183927966E-8 1.0656687633952982E-9 -2.762872384676499E-5
0.14341620299378274 0.8294494640794721 0.09164675622284839 0 5.9373247471009936E-8 -5.195987321832786E-9 -2.762368235756086E-5
0.08739963386816947 0.6969472503405287 0.07943927986118828 0 4.9649484630818376E-8 -8.661674849584727E-9 -2.7632236959724702E-5
0.1332242410665833 0.7460807458646898 0.0840331591986956 0 5.2062443070371185E-8 -1.0112287476525205E-8 -2.7625278907987282E-5
0.011531729957052445 0.7092408490309093 0.07999382505294728 0 5.05240482705865E-8 -5.847400907048005E-9 -2.7628512872708767E-5
-0.08028628936017151 0.7814679591465112 0.08645850584417021 0 5.142010810827922E-8 5.879078635442467E-9 -2.7621825029297608E-5
-0.04561230651596534 0.7294921334214546 0.08175631121749642 0 4.943531279339055E-8 -1.098380164892526E-9 -2.762585154008005E-5
-2.6622719632600497E-6 0.924994933365257 0.09999999999999994 0 6.538130962259577E-8 8.691614210325954E-9 -2.7625218380714273E-5
-0.057540995049113024 0.8423979795604504 0.0918960227632853 0 5.526926886081754E-8 1.0193994299631056E-8 -2.761880857284951E-5
0.04284010489062188 0.8515402282381707 0.09269147861274166 0 6.375872972664757E-8 3.8907940569289136E-9 -2.761687232359275E-5
0.06678793864290467 0.7745216917616873 0.0857326633705871 0 5.87640585614427E-8 -5.8004358347501534E-9 -2.761886969867307E-5
-0.010066347156763605 0.7750831353836388 0.08553470969702802 0 5.355165460148391E-8 -2.1702904156729646E-9 -2.761174074989064E-5
