% Model:
% Version:
% Dimension:          3
% Nodes:              691
% Expressions:        4
% Description:        Surface
% X                       Y                        Z                        Color                    DeformX                  DeformY                  DeformZ
0.7501545366059812 -0.5411959634402135 0.09999999999999992 0 -3.6110639837430134E-8 -6.182923049987381E-8 -2.761947380297754E-5
0.8010709981238165 -0.4624941975024229 0.09999999999999998 0 -2.788116770503631E-8 -6.310631395509552E-8 -2.761488647191404E-5
0.09365704332523052 -0.9202463037324213 0.1 0 -6.521690155200791E-8 -1.3666931076552621E-8 -2.761980916722121E-5
0.1962292603758942 -0.9039414372048337 0.09999999999999995 0 -6.777234475657186E-8 -2.16309919091169E-8 -2.7620955977998738E-5
0.2874231814397345 -0.8792115158194402 0.09999999999999994 0 -6.487751238242778E-8 -2.8846400182842237E-8 -2.7614586732532656E-5
0.6177594039507672 -0.6884753389104772 0.09999999999999995 0 -4.490112208348664E-8 -4.997566009981635E-8 -2.76144385912176E-5
0.6847899965302143 -0.621834949891059 0.09999999999999994 0 -3.9825347125122644E-8 -5.3836308963056144E-8 -2.762078238641489E-5
0.6644823007055147 -0.538951594396605 0.09297818153954257 0 -3.669822842008894E-8 -5.2981451470492456E-8 -2.7616606266199164E-5
2.0711142119768948E-5 -0.9249949331376585 0.09999999999999999 0 -6.888777656716051E-8 -7.4985981810174E-9 -2.7615234250805608E-5
0.04393583996701241 -0.8511210240129379 0.09265635168129693 0 -5.987520190639483E-8 -9.23430758832704E-9 -2.760826377005358E-5
0.7176713367395712 -0.4652126067437795 0.09294805270739674 0 -3.1094326476129844E-8 -5.9223440331581425E-8 -2.7608433936368972E-5
0.8437752388147 -0.3790359438971111 0.09999999999999999 0 -2.0671453869982967E-8 -6.296444217071211E-8 -2.7619797665262283E-5
0.7635253857731481 -0.3782532475337201 0.0926398396720293 0 -2.1272058182146616E-8 -5.5963689049033686E-8 -2.760931836471354E-5
0.5547456546446984 -0.6639301342123076 0.09391738389868395 0 -4.480611917602903E-8 -4.6698541778386826E-8 -2.760610474207062E-5
0.5485314847714319 -0.7448023146284535 0.09999999999999996 0 -5.329385634675316E-8 -4.799904736450145E-8 -2.7615960548111085E-5
0.12762107521700677 -0.8265826692803626 0.09113421310198931 0 -5.979587231596141E-8 -1.312797148537287E-8 -2.761573959542735E-5
0.22639239794839497 -0.823169454837357 0.09279966487488275 0 -6.348548983688921E-8 -2.3276552975431737E-8 -2.761051112121659E-5
0.3707854054882235 -0.84742873429503 0.09999999999999998 0 -5.776071003625342E-8 -3.291750236523463E-8 -2.761588209670314E-5
0.297447604941039 -0.8106467532563327 0.09375141746476388 0 -5.777348433632937E-8 -2.866595917376367E-8 -2.76059394762389E-5
0.6050561438570463 -0.6036830020468074 0.09289418017943475 0 -3.821230938945213E-8 -4.61540035571951E-8 -2.7611351787854296E-5
0.5365057739834548 -0.6074638984061794 0.08871198704411523 0 -4.195564289042815E-8 -3.944760096044416E-8 -2.7600294759163607E-5
0.640351776746304 -0.4627856253417016 0.08686037768572825 0 -3.663794381513324E-8 -5.065957669404884E-8 -2.76120734766471E-5
0.6027366073062329 -0.5213223560235656 0.08747588350371878 0 -3.715089697205928E-8 -4.447539563621756E-8 -2.7615535338080776E-5
0.11581756539084577 -0.7588114009433137 0.08487399945221091 0 -5.5521329613951503E-8 -7.366094499139452E-9 -2.7617502426567862E-5
-0.09361073890939044 -0.9202510142029422 0.09999999999999994 0 -7.1898485129116E-8 2.6985180829469117E-10 -2.7620164319386043E-5
-0.19619007773418676 -0.9039499420937565 0.09999999999999996 0 -6.68649847882885E-8 7.507994865868736E-9 -2.7621803960286574E-5
-0.2873887771284415 -0.8792227618026944 0.09999999999999995 0 -6.601620558959935E-8 1.3843908741306866E-8 -2.7615879470901415E-5
0.06358506183867196 -0.7827017733005069 0.08643167294964106 0 -5.3992338852348555E-8 -3.3793747988322406E-9 -2.760995490842819E-5
-0.04837786591123471 -0.8513117859798404 0.09269807273978152 0 -6.70607809751147E-8 -2.2115265351560494E-9 -2.7609044848770334E-5
-0.004822548609299431 -0.7855262944057821 0.08645491759740055 0 -5.913037787396352E-8 2.6457420777342098E-9 -2.760162696166791E-5
0.8809325145611795 -0.2820885484172241 0.09999999999999999 0 -1.5063046631153358E-8 -6.923443168945184E-8 -2.7621312806051337E-5
0.677795607943666 -0.39290477214771735 0.0862680402418979 0 -3.161299115633637E-8 -4.901991726913247E-8 -2.760144038998083E-5
0.6103906305879976 -0.40135765312469535 0.08172372928462611 0 -3.558332017980111E-8 -4.428062840855105E-8 -2.761738985079466E-5
0.8014927716328404 -0.2914410587712435 0.09271262928645595 0 -1.721377757499934E-8 -6.123474996930777E-8 -2.761702170721224E-5
0.7173493567573874 -0.31695962258024274 0.08634023460744475 0 -2.2531100440962378E-8 -4.9652002057654655E-8 -2.7613366098224545E-5
0.8230806401765318 -0.20733638606092913 0.09232209730203018 0 -1.1014409216803057E-8 -6.620920736747581E-8 -2.7609636632313276E-5
0.5055257679581893 -0.637124600070996 0.08897493457515948 0 -4.810810322932851E-8 -4.0952495521967514E-8 -2.760057265911131E-5
0.4897167015298755 -0.6990669986722716 0.09278011319940965 0 -5.192692558990108E-8 -4.286654375037036E-8 -2.761096520681021E-5
0.46249999999999986 -0.8010734985006049 0.09999999999999984 0 -5.6332765944290256E-8 -3.9926418100710865E-8 -2.7620877878367778E-5
0.18083964416846285 -0.7595104378227608 0.08602850609777069 0 -6.011763201590386E-8 -1.3712003327926342E-8 -2.7613628730882347E-5
0.2521627428797361 -0.7694593063835823 0.08864404636431371 0 -5.96584832763428E-8 -2.1344277324876547E-8 -2.760108516021556E-5
0.36329863298781023 -0.7692008953950572 0.09250410835033814 0 -5.17085515216734E-8 -3.001401670921527E-8 -2.7611206726068132E-5
0.29721686832567656 -0.7486484838731736 0.08825580478820183 0 -5.266878643872341E-8 -2.1986183573215387E-8 -2.760056355145252E-5
0.566498136584519 -0.34007595181336675 0.07621962270586992 0 -2.748698300070147E-8 -4.079847697705893E-8 -2.7631166249495602E-5
0.5490740032503059 -0.5442731464552364 0.08535659345024513 0 -3.873960196080096E-8 -3.6423613807989197E-8 -2.7611655078294852E-5
0.4877536710430043 -0.5826751104622181 0.08420495651136725 0 -4.687451941051994E-8 -3.2059180277986625E-8 -2.7605827175265062E-5
0.5629289159938321 -0.47314451663551055 0.08212579004392509 0 -3.676977233421839E-8 -3.9858065004780465E-8 -2.7621455642717172E-5
0.5395049675561714 -0.4037977139333864 0.07721405836956645 0 -3.1798697587017415E-8 -3.892289240569319E-8 -2.7629907390426834E-5
0.08068135396090602 -0.714167303296879 0.080752947531276 0 -5.198573757265268E-8 -2.179961003079548E-9 -2.7622843020605672E-5
0.1307586883786586 -0.7179080095003467 0.08165710231721483 0 -5.4395924785176734E-8 -7.228266919750712E-9 -2.76222770224834E-5
-0.3707535969478622 -0.8474426517245004 0.09999999999999994 0 -6.854306173079081E-8 2.2143166649786984E-8 -2.7617538379677726E-5
-0.14308797449955207 -0.83181181721957 0.0918642159103333 0 -6.281779456561503E-8 6.384021710967277E-9 -2.7616969932958953E-5
-0.22448109351079631 -0.8295744817427092 0.09335179876408067 0 -5.978640613530976E-8 1.0084655833407903E-8 -2.7612561163346E-5
-0.2937621218403122 -0.816155750548228 0.09413660224150187 0 -6.303906292764924E-8 1.490461813509661E-8 -2.7607911293399335E-5
0.02032803985547743 -0.7231235035279147 0.08113718206932351 0 -5.284480822695068E-8 4.517163011211166E-9 -2.7617953102707665E-5
0.049373389215154835 -0.676251463493053 0.07753347573866787 0 -4.9946673467114764E-8 -4.453276910952515E-10 -2.7628871873120684E-5
-0.07537530152887752 -0.7754914719888756 0.0858872030654022 0 -6.163593770160212E-8 7.127328206457429E-9 -2.7612867332340408E-5
-0.03309170223836219 -0.7328034628470876 0.08197501691133365 0 -5.6448931952305576E-8 8.341456835343988E-9 -2.7616270904894544E-5
0.9051251563026282 -0.1907181838739738 0.09999999999999992 0 -7.327259743708503E-9 -7.030008909638606E-8 -2.7615375793406405E-5
0.6346730356926771 -0.3174870091624341 0.08001946855914073 0 -2.7324285687377092E-8 -4.334109127337344E-8 -2.762255439049079E-5
0.7578046117703346 -0.24801668508133742 0.08751626752734717 0 -1.8104589655065507E-8 -5.8641257215561787E-8 -2.7615100734540063E-5
0.6897625743522149 -0.264441860913035 0.0824063475266023 0 -2.173725103942792E-8 -4.977482177182041E-8 -2.762122457558129E-5
0.7597010793028803 -0.19500257071099417 0.08634694259141452 0 -1.661991705049649E-8 -6.051531269732288E-8 -2.7609031999728286E-5
0.7883546035916825 -0.1648885681025431 0.08824892692988197 0 -1.1657966204735513E-8 -6.178792670039878E-8 -2.760161097602507E-5
0.8374232558848942 -0.12934172138602965 0.09218338983550128 0 -3.125734729366705E-9 -6.137134575452142E-8 -2.7604527686758722E-5
0.7880045515761319 -0.1291017367769672 0.0876205822064691 0 -9.504628568337095E-9 -5.703513313092636E-8 -2.760034039535244E-5
0.45389464101054455 -0.6418290507487612 0.08650541722977734 0 -5.198364692152277E-8 -3.560080129066915E-8 -2.7609127482679418E-5
0.4122622788181451 -0.7140592129571535 0.09001680581831237 0 -5.1665605008747896E-8 -3.304594782570922E-8 -2.761502488914528E-5
0.1697005588141962 -0.6915759378642319 0.08021607449160523 0 -5.4236679281489633E-8 -9.76703013295145E-9 -2.7622826947423313E-5
0.24692814396934865 -0.6974874410583478 0.08250617855893733 0 -5.449364095189884E-8 -1.2499043317810266E-8 -2.7611346324842363E-5
0.3299132550602819 -0.6955796266909601 0.08507057911176502 0 -4.898883002997209E-8 -2.0671406397933015E-8 -2.7612343263314484E-5
0.5796784116794852 -0.2776116098201063 0.07488927562467991 0 -2.115365859776581E-8 -4.293286877270247E-8 -2.7633355425561396E-5
0.5306797663003683 -0.29923675531161764 0.07251363051783592 0 -2.076737612451403E-8 -4.0285403299316693E-8 -2.7635185323205077E-5
0.5018045759598764 -0.34636458619402455 0.07254833341115845 0 -2.3425931777495128E-8 -3.7676342883958875E-8 -2.763432711903471E-5
0.43691576165411183 -0.5863880363863174 0.08178506492225697 0 -4.901956868084942E-8 -2.9775026665873003E-8 -2.7616323064220725E-5
0.5025098789806555 -0.5159632075862093 0.08087711077114174 0 -3.979775493320778E-8 -3.2451114058563885E-8 -2.7619353472586868E-5
0.4531934148271225 -0.5420428192507506 0.07976926362259741 0 -4.404410709254724E-8 -2.9531248714684424E-8 -2.7620430225418753E-5
0.5051728219418842 -0.4543425560441293 0.07763963571270259 0 -3.438426170962043E-8 -3.545726504074381E-8 -2.7628551340644418E-5
0.4743994852003083 -0.40954268251415876 0.073738234339428 0 -2.8143672140240358E-8 -3.5776614947480195E-8 -2.7632056678708702E-5
0.115198487208555 -0.6531897985847656 0.07640980333620502 0 -4.936807445750802E-8 -7.867869523869017E-9 -2.763087600261312E-5
-0.4625000000000001 -0.8010734985006056 0.09999999999999992 0 -6.308173004785561E-8 2.864891856178623E-8 -2.7623014551177896E-5
-0.3837134371029664 -0.7748603000238192 0.09386619334345218 0 -6.292978025953949E-8 2.4797515757138875E-8 -2.761563126543672E-5
-0.3293828651109605 -0.7771045511687245 0.09186418681824765 0 -6.329028242410473E-8 2.0822173499188963E-8 -2.7607455176862454E-5
-0.4839056580716607 -0.700569999447879 0.09257832058039935 0 -5.2259533657834175E-8 2.9560273203804742E-8 -2.7613560455158192E-5
0.04767908888924959 -0.6125339534466794 0.07287094188782159 0 -4.6304608783377744E-8 -5.460123059536473E-9 -2.763443551300869E-5
-0.19485303194491674 -0.7756068237085788 0.08772926134592987 0 -5.394885531335032E-8 1.243938842375175E-8 -2.7612031687513605E-5
-0.1380657870545559 -0.7497079460326577 0.08441541385599156 0 -5.492053177013019E-8 1.1387823639819868E-8 -2.7618855337700582E-5
-0.24450643515018045 -0.7666415232960108 0.08818261063739213 0 -5.382131948613077E-8 1.599761276341424E-8 -2.760296092749248E-5
-0.29287844997281653 -0.7560683801841976 0.08874412837590734 0 -5.9019731330707284E-8 2.0888300148178155E-8 -2.760113795705629E-5
-0.018713178495829663 -0.6598847879456907 0.07617577755495693 0 -4.9235036416507463E-8 3.797987118546351E-9 -2.7631456547822324E-5
-0.08839747535315964 -0.7039498716595032 0.08000538942626953 0 -5.305148237609017E-8 1.0001361800291661E-8 -2.7625159505796135E-5
0.8548200389796248 -0.0652462727687064 0.09314675085287963 0 8.070062023328775E-10 -6.033745214942653E-8 -2.7613413562427256E-5
0.9192877606928158 -0.10260258091221079 0.10000000000000002 0 -2.4965494018728356E-10 -6.619933870717467E-8 -2.7616976178211993E-5
0.6384778628041976 -0.2349189996283244 0.07770845629712514 0 -1.9285033312976514E-8 -4.709514555015995E-8 -2.7629326699809552E-5
0.7040732060431756 -0.2032143579310842 0.08191372549943252 0 -1.9123523707861946E-8 -5.377960207717922E-8 -2.761962277325207E-5
0.5898871014295897 -0.20776639827421509 0.07364495662277284 0 -1.3701950804261312E-8 -4.5464350351234224E-8 -2.7632420329822705E-5
0.7325342916850157 -0.13408386908087772 0.08291013088256632 0 -1.6125830752625736E-8 -5.3541902109388474E-8 -2.7610658819096234E-5
0.8252770499196602 1.9257059754862352E-16 0.09008727174442388 0 2.967852799329825E-9 -6.10954463538022E-8 -2.7616298304442333E-5
0.7859407931602105 -0.07401767626946823 0.08680140328934058 0 -5.667947779560671E-9 -5.335034671900235E-8 -2.7609367423379224E-5
-0.499151538632016 -0.6334110077816723 0.08834372866104906 0 -4.5572745942928004E-8 3.423266994607613E-8 -2.760278003780932E-5
-0.539934650094959 -0.6040123388311489 0.08868415026698911 0 -4.872569619894237E-8 4.0845846876446435E-8 -2.7602993957344234E-5
-0.55199683338532 -0.6639303440969675 0.09374464706266032 0 -5.3939833692647926E-8 3.538232414790456E-8 -2.760825222242884E-5
-0.5485674035956859 -0.7447758606713794 0.09999999999999995 0 -5.7690884955912E-8 3.3420932154269095E-8 -2.761832148211827E-5
0.36763254236248405 -0.6367582418875392 0.08211785344170683 0 -4.8727327741043435E-8 -2.4796785536512556E-8 -2.762151859084892E-5
0.18957159845420457 -0.6243064952889011 0.07560329744867302 0 -4.6966106278383776E-8 -1.3390110235997924E-8 -2.7629771073842796E-5
0.28831363121595577 -0.628175946475062 0.0785524110683112 0 -4.6647418574857917E-8 -1.704333663084844E-8 -2.762613004932849E-5
0.526450453306162 -0.23768251001620336 0.07038843476625324 0 -1.4192166302255969E-8 -4.276691057552724E-8 -2.763222490443267E-5
0.47890979704271586 -0.2863984098188226 0.06912760288748078 0 -1.7098124332973696E-8 -3.7466131200125766E-8 -2.7632664800176435E-5
0.4494990254251993 -0.3483577682477059 0.06980849106780328 0 -1.9776452581480035E-8 -3.4761317731142384E-8 -2.762916163158826E-5
0.38634553368626057 -0.5411366135074791 0.07653244947706521 0 -4.2627030033569105E-8 -2.7682184844882392E-8 -2.763016041661803E-5
0.43810869406594616 -0.47330739854493387 0.07505155127124848 0 -3.5077485083703104E-8 -3.2454852856696826E-8 -2.763027547533746E-5
0.4170420346765119 -0.4108303752912244 0.07090170067103962 0 -2.6022554149410717E-8 -3.490350253612423E-8 -2.7627458285531894E-5
0.1909808398518187 -0.5616900805542806 0.07142639087555928 0 -3.901964693999811E-8 -1.8186762169422405E-8 -2.7629433860993514E-5
0.12475562378528363 -0.5650913910725969 0.07045918166236254 0 -4.213411785190314E-8 -1.557231527319697E-8 -2.7627078856521937E-5
0.05189365664575958 -0.5409828050063739 0.06822031633188272 0 -4.268580845502488E-8 -9.493536652069324E-9 -2.7628258124031295E-5
-0.41249148408265685 -0.71445620812065 0.0900597252140442 0 -5.4791237589800235E-8 2.8093410185968102E-8 -2.7616862424007603E-5
-0.34485879204612635 -0.7195732958375974 0.08756922173357189 0 -5.785105539350042E-8 2.695721136516472E-8 -2.7611962603178594E-5
-0.4354763147019103 -0.6351536187841577 0.08509247440255904 0 -4.292062795887189E-8 3.1828626568413086E-8 -2.761458366711327E-5
-0.02127679909875187 -0.5862434400348023 0.07098260267248742 0 -4.306416714339767E-8 -1.8716935983115367E-9 -2.7634572745306057E-5
-0.20123366572154053 -0.7196538123444207 0.08312630758513646 0 -4.919956360247908E-8 1.7881851322185005E-8 -2.7615022831555442E-5
-0.1453861443112404 -0.6947291331504667 0.08002955113164492 0 -4.9911089952955345E-8 1.3250373702450074E-8 -2.762514133489582E-5
-0.26439613737119816 -0.6970297197339501 0.08297653094743883 0 -5.074028183700412E-8 2.5850601282892315E-8 -2.7611081407713335E-5
-0.314732642366773 -0.6679534491621226 0.08237892997106575 0 -5.08895523667453E-8 2.8383774581288492E-8 -2.7618720326076777E-5
-0.10379006268918363 -0.6311723493295898 0.07466578004946206 0 -4.635822232519189E-8 6.761827464150061E-9 -2.7632878749999442E-5
0.7822439697509947 0.07342341173252223 0.08646750245519458 0 4.951739659432239E-9 -6.261682951095677E-8 -2.7610240551214075E-5
0.9249999999999998 2.358937726024754E-16 0.09999999999999994 0 6.610240433374539E-9 -6.845008382165318E-8 -2.76222522596205E-5
0.851370675269602 0.07427003550197267 0.09288407134507307 0 1.1333650841557718E-8 -6.613160667390819E-8 -2.7612428162508905E-5
0.8038717607621603 0.12213857484508564 0.0889547066003148 0 1.1641269357352031E-8 -6.147662123873547E-8 -2.7601780863989492E-5
0.5408130551366507 -0.18150058753720788 0.06992281214701015 0 -7.670260012847402E-9 -4.4110161488349346E-8 -2.7626413236634554E-5
0.7247257834183621 0.0852066297502373 0.08165698245211614 0 1.3512893618644323E-9 -5.694069295704417E-8 -2.761780724320958E-5
0.6510493529215736 -0.15514133280147802 0.07686356365481603 0 -1.382971850405153E-8 -4.838581981764219E-8 -2.7628454640944043E-5
0.5770279320473081 -0.15184347618041535 0.07165568912865208 0 -6.4503738116005496E-9 -4.40464735544314E-8 -2.76293241798971E-5
0.6918887433807659 -0.06772116765551027 0.07886795692620667 0 -8.759595124787276E-9 -4.905228730927985E-8 -2.762591449844251E-5
0.7364981201835382 1.7871933341171726E-16 0.08222076644985389 0 -2.7643376463607085E-9 -5.455841275066942E-8 -2.7622410761609233E-5
-0.48001255710073826 -0.5637645778356982 0.08255043176744216 0 -3.8305882087995706E-8 4.0781389151776096E-8 -2.761306387420459E-5
-0.5678213237459834 -0.537667606136383 0.08613904983735729 0 -4.243252271414846E-8 4.5149676582880204E-8 -2.7615638251532415E-5
-0.600893054701109 -0.6092572756078649 0.09299302035398636 0 -5.2384891005244825E-8 4.3217091132261384E-8 -2.761309404603651E-5
-0.6178002971320171 -0.688438643052917 0.09999999999999995 0 -5.771353729701233E-8 4.172838325758276E-8 -2.7617078171331214E-5
0.31808183532075807 -0.5509338997403093 0.07441383187593008 0 -4.095007856128543E-8 -2.36847107222962E-8 -2.763438112296892E-5
0.2593907519340379 -0.5686281064407216 0.07361593901057979 0 -4.063788109026397E-8 -1.9549690910797333E-8 -2.7633569364511533E-5
0.4250914842628162 -0.2904030737883922 0.06650384046370365 0 -1.5967921059884964E-8 -3.133732280734459E-8 -2.762572678665852E-5
0.4860024477406568 -0.1810614961514008 0.06672716200822644 0 -9.737434190953684E-9 -4.25410367171729E-8 -2.7617779041314646E-5
0.4546475825643904 -0.2329362873436874 0.0662732760967022 0 -1.4678797427434853E-8 -3.763766332045777E-8 -2.7626950909821634E-5
0.39693548996928896 -0.3460112170117685 0.06719703593166886 0 -1.798474294899874E-8 -3.090369697247339E-8 -2.7616490276149985E-5
0.3565677611611388 -0.4614203059811383 0.07075125137743832 0 -3.3393120414316794E-8 -3.1325438323877055E-8 -2.7630829673225936E-5
0.36327728761747163 -0.38800374757803646 0.06749345504717459 0 -2.5309135004932126E-8 -3.40322279492133E-8 -2.761513194122687E-5
0.3750627258693446 -0.2936858939923492 0.0643465481455432 0 -1.8232204310237238E-8 -2.4004634735363788E-8 -2.761773889159282E-5
0.14556246178613044 -0.5017461145955597 0.06695111305462358 0 -3.3991811154578835E-8 -1.7055964272524456E-8 -2.761186991167571E-5
0.1773504711629968 -0.5251479744589087 0.06889288845838194 0 -3.436616690143871E-8 -1.9143359807306953E-8 -2.7622755378659743E-5
0.2111878992556696 -0.5199281931560845 0.06932845783235407 0 -3.3675112940514016E-8 -1.9860526844735654E-8 -2.7627834046999503E-5
0.10436058799907272 -0.5010308479370807 0.0663275801738497 0 -4.009725235383191E-8 -1.4042366805570286E-8 -2.7612088376142602E-5
0.06673635655852131 -0.4767204709635782 0.06461779605353521 0 -4.0620504947609465E-8 -6.88311429316732E-9 -2.7617775538641932E-5
-0.006975621790116399 -0.5183972256879046 0.06671599267023115 0 -3.8038852386723685E-8 -3.825324803785732E-9 -2.7628673595324654E-5
0.021803385387518696 -0.4822544950869184 0.06469299319690378 0 -3.780453018662413E-8 -3.875104946918913E-9 -2.7625544053264896E-5
-0.05196883438319561 -0.5240326103663052 0.06719869985797552 0 -3.597184170212072E-8 -1.6120337458223438E-9 -2.762582061039424E-5
-0.3679909311443217 -0.6373789894665455 0.08217765681431859 0 -4.6150076660162825E-8 2.9781148938473676E-8 -2.7622934990737114E-5
-0.40158939943089916 -0.5697012631254147 0.07901179842938963 0 -3.855905310754513E-8 3.199359388308472E-8 -2.7626705777520153E-5
-0.09590125636856872 -0.5619999312235502 0.06990127823248253 0 -4.044603628955407E-8 4.542877054827656E-10 -2.762800850270085E-5
-0.19926692702634366 -0.6350324834465847 0.07658242747619838 0 -4.6387471710534446E-8 1.661852157988278E-8 -2.7629165744136087E-5
-0.2841593977557326 -0.6153602706014176 0.07751426427315905 0 -4.6072423354386525E-8 2.4553190645831834E-8 -2.7629572851142464E-5
-0.15663037176370528 -0.5733099421965812 0.07149707499548641 0 -4.4051490416831365E-8 6.6249785860588175E-9 -2.762919364036216E-5
0.6892086201904363 0.11760753932384704 0.079182235454291 0 3.837356720515885E-9 -5.2298352418291117E-8 -2.7623290381008724E-5
0.7461230180043805 0.1326560288062978 0.08402816782270867 0 4.527183983565693E-9 -5.613062676014819E-8 -2.7607779849294298E-5
0.6908574756839181 0.1584953945063365 0.07995126254637963 0 6.721384981985652E-9 -5.068017016500656E-8 -2.7622054551035185E-5
0.9192877608705788 0.10260257931928718 0.09999999999999994 0 1.5014935030084617E-8 -6.992575369516796E-8 -2.7617473022950284E-5
0.8510855832446352 0.14814580550682163 0.09378949781498243 0 1.8132522985740208E-8 -6.184426800618871E-8 -2.76075190464951E-5
0.7902639371481001 0.17887268414595758 0.08869278761371624 0 1.4266590622236171E-8 -5.388719662044452E-8 -2.7604631954934074E-5
0.5270134709035552 -0.12362075461980128 0.0680883893303861 0 -1.109229227304514E-9 -3.899189200166515E-8 -2.7618214436357145E-5
0.660910431014522 0.06111123862815046 0.0764443497197492 0 2.6311677659563167E-9 -5.038976830759879E-8 -2.7631434750483603E-5
0.5965173615012839 -0.07939251741876008 0.07200225824383245 0 -2.5903695464636712E-9 -4.282220662439319E-8 -2.7632755119622896E-5
0.6371682462297272 1.7636191275501287E-16 0.07448630903843244 0 1.3101636581706868E-10 -4.716744282768098E-8 -2.763520019968301E-5
-0.5998767009898777 -0.47889137063455584 0.08487289614566726 0 -3.426520644361069E-8 4.431377065778532E-8 -2.7619675430877814E-5
-0.4462665144718288 -0.4769553831048419 0.07565680574632232 0 -3.5283223503563715E-8 3.395975742350414E-8 -2.763142812627091E-5
-0.514031025104845 -0.49215788183100256 0.08018045280724438 0 -3.575553852422836E-8 4.196863731520186E-8 -2.7624846446646923E-5
-0.5551101229584549 -0.4700701488343014 0.08146563252731463 0 -3.3496630165683244E-8 4.3299716199904315E-8 -2.7624552145963853E-5
-0.6562422498346266 -0.5241856689594518 0.09146905933596002 0 -4.168646408140742E-8 4.513894901793628E-8 -2.761831935584173E-5
-0.6848306133117381 -0.6217902179859557 0.09999999999999995 0 -5.291557510154913E-8 4.774429965647011E-8 -2.7623685429340672E-5
0.27241004361507065 -0.4718280360333558 0.06830375115676078 0 -3.27884321780369E-8 -2.4231597224127577E-8 -2.7631403216339224E-5
0.4535801009187721 -0.11979187747949692 0.06395953291420167 0 -1.1706138946362762E-8 -3.2324450100633566E-8 -2.7607501209648903E-5
0.39072217276086296 -0.23584567652234287 0.06329187670784985 0 -1.690510392307671E-8 -2.8363486300959088E-8 -2.7626428950730045E-5
0.41238404925178007 -0.18021837395374024 0.06296662723972753 0 -1.6316338803427063E-8 -3.339056203726174E-8 -2.76229061077647E-5
0.33633282409977633 -0.33989669688880314 0.06444423660906805 0 -2.6695398229005157E-8 -2.466125360711721E-8 -2.7606010282904156E-5
0.30008338071089913 -0.40108479031261085 0.06570468861303413 0 -3.177572212093871E-8 -2.7994369542062064E-8 -2.7621074193946182E-5
0.32685099627426545 -0.2905697969488598 0.06232853198902638 0 -2.3820271524503058E-8 -1.8947715687147485E-8 -2.7618571324260578E-5
0.34557599933864525 -0.25420475687873284 0.06192004258218349 0 -1.9484205998435627E-8 -2.168155307266818E-8 -2.762551466343895E-5
0.13994680898558723 -0.4672126633962515 0.06496624972127402 0 -3.186012052880044E-8 -1.0532699961607965E-8 -2.7606923114518893E-5
0.19075484218748176 -0.4725311643222945 0.06620021711897697 0 -2.8536246584569416E-8 -1.6112599136267184E-8 -2.761968382814665E-5
0.04901016908663563 -0.43723836174505165 0.062459634223422635 0 -3.6051061114206285E-8 -1.8201178175476511E-9 -2.7624002746898268E-5
0.10408488366078726 -0.44405468685268895 0.0632766673513578 0 -3.607172022239929E-8 -3.833864032654617E-9 -2.7611862250417432E-5
-0.03083759909542402 -0.4757419881377713 0.06436680609968096 0 -3.268681730271396E-8 5.520429186018414E-10 -2.7624626146315374E-5
-0.0058033119248053185 -0.4414101175550563 0.06253303354413749 0 -3.2437248282110584E-8 1.1462162369150115E-9 -2.76275296130485E-5
-0.39030681785658333 -0.4466269881485597 0.07141764844659583 0 -3.5408864365101236E-8 2.4521261111234447E-8 -2.7630839099388234E-5
-0.09527352708204243 -0.48999184724793493 0.06560563290386152 0 -3.23527270968836E-8 2.670735797522085E-9 -2.761167444165193E-5
-0.31827009850817745 -0.5512599811461146 0.07444098367382036 0 -4.122504139163945E-8 2.3490703333114996E-8 -2.7635789195636622E-5
-0.36296726797354567 -0.5093150093458659 0.07364571283377143 0 -3.746538369573491E-8 2.5375655525840877E-8 -2.7634970778118306E-5
-0.1538656248196219 -0.515523498759926 0.0678853449092873 0 -4.2385227134932264E-8 4.384124354530545E-9 -2.7617115687596587E-5
-0.23145619169988374 -0.5426436945370011 0.07120349698950754 0 -4.3888382289262365E-8 1.4450231946408071E-8 -2.7632854924180585E-5
0.02839276411724586 -0.3973392921812578 0.06048540173023527 0 -3.080439387074057E-8 1.1922308880620068E-10 -2.7631552364019623E-5
0.6359863797306674 0.13411282944887548 0.07542020319546493 0 9.37365359709711E-9 -4.725721285240991E-8 -2.7630993919474577E-5
0.7226994437477957 0.1997352924878217 0.08334138075756291 0 1.079710278029912E-8 -5.091197997012064E-8 -2.761702713146113E-5
0.6524176664552398 0.20477109599706128 0.07797707686621592 0 1.2774164147171913E-8 -4.780987272967183E-8 -2.7629184593527122E-5
0.9051251569294585 0.19071818089926676 0.09999999999999994 0 2.0919382675407985E-8 -6.358260317260443E-8 -2.7616368894200002E-5
0.8318102133114379 0.22322523392999097 0.09353078509252784 0 2.140222203850024E-8 -5.64504962263337E-8 -2.7613782223546574E-5
0.7561533810021175 0.2511688924028691 0.08746370240455802 0 1.9040041226658023E-8 -5.362626744720691E-8 -2.761685053386989E-5
0.5078212312272354 -0.05773868566153316 0.06628756501631425 0 3.21875918388601E-10 -3.363848191432285E-8 -2.7623227119249558E-5
0.580043566339009 0.07440259297015442 0.07086095755136954 0 1.0072988300577766E-8 -4.454883749343615E-8 -2.763217986951886E-5
0.5449077695259106 1.435041058529122E-16 0.06830916124377966 0 4.644530581185981E-9 -4.029399374136473E-8 -2.7632050611354076E-5
-0.6449966839705535 -0.4445280981035864 0.08625924084344859 0 -2.987459317961136E-8 4.4940209031590995E-8 -2.7612280573315645E-5
-0.5773213056470615 -0.42632356756478973 0.08066830857907491 0 -2.8129145532074416E-8 4.383117355706484E-8 -2.7625018048780143E-5
-0.42560872193429483 -0.3924588186076942 0.07047472570296821 0 -3.48587939717869E-8 2.836331872773077E-8 -2.7628426194995803E-5
-0.5105636494997626 -0.4275668331221898 0.07661161867134533 0 -3.1687179730752766E-8 3.9119701346551986E-8 -2.7632422452850116E-5
-0.6821995337018094 -0.3893517946424338 0.08645016345112792 0 -2.7442740465099627E-8 5.229236912623804E-8 -2.7603819749689394E-5
-0.7143597851634019 -0.46065181317541976 0.09243904770387963 0 -3.7930193765084635E-8 4.711013424489617E-8 -2.761024199308262E-5
-0.7501479603301018 -0.5412050791178046 0.09999999999999998 0 -4.473135635698733E-8 4.946423384066385E-8 -2.7622500040956213E-5
0.23193963455587194 -0.401731231339728 0.06368217918749611 0 -2.958202940415641E-8 -1.7602768663799747E-8 -2.762725661358922E-5
0.4253355502182103 -0.060426816635170834 0.06194940187312641 0 -7.689968424032526E-9 -2.7704853162417726E-8 -2.7625065122841294E-5
0.3783639298171796 -0.12391451309547895 0.06047575124681011 0 -1.3803828430901139E-8 -2.7287670021846833E-8 -2.7628900063641647E-5
0.3404696044317066 -0.192505611563268 0.06016257670047243 0 -1.5917909760037768E-8 -2.442848471956552E-8 -2.7633088508976693E-5
0.2704412885460664 -0.32134890739138106 0.06148782850104334 0 -2.914815808944734E-8 -1.7919294734173567E-8 -2.762488527908855E-5
0.28780126788651955 -0.24610682281377952 0.05962067759661022 0 -2.0386806234806232E-8 -1.8948741373693506E-8 -2.7632816664629245E-5
0.15779399244920164 -0.4060014305216929 0.062242172248634084 0 -2.8250731797361747E-8 -6.652175855292131E-9 -2.762266238915011E-5
0.08201071126761389 -0.3939388987243753 0.060668066988986274 0 -3.11923981808875E-8 -1.6519383931235254E-9 -2.7627727410313477E-5
0.04349199689707277 -0.3606955682361924 0.05897556113419837 0 -2.733158703567218E-8 -1.914802600604327E-9 -2.7635358969714965E-5
-0.05772042989369192 -0.4373202270026056 0.06251628812885628 0 -2.855988874798878E-8 6.566409229751349E-9 -2.762261689492557E-5
-0.03317807935019408 -0.4000499580003112 0.06062434517611841 0 -2.8305741591299383E-8 4.895433266965718E-9 -2.7630980244350017E-5
-0.3619566518906658 -0.37751131442037245 0.06698450376718922 0 -3.196763446150733E-8 2.0800480040871214E-8 -2.76131992394237E-5
-0.36626813150114024 -0.4166408143589399 0.06892167223823106 0 -3.3869104426551813E-8 2.0212295920809577E-8 -2.762409603777121E-5
-0.3449125590697449 -0.44322460700183025 0.06935603931497553 0 -3.43178216618568E-8 1.9175090462355578E-8 -2.76291843407688E-5
-0.1061373350373039 -0.43371612134398735 0.06278756375601147 0 -2.998878853716012E-8 1.279985471893355E-8 -2.7614595651500837E-5
-0.1533021139497205 -0.45854960024362473 0.06473399748772989 0 -3.890726643253494E-8 1.2483703584620387E-8 -2.7610530468577828E-5
-0.27258732769368704 -0.47213510106489254 0.06832563375196132 0 -3.7579289348929695E-8 1.6249500590269146E-8 -2.7632610682343675E-5
-0.2137590545386873 -0.47234636278777903 0.06671710658979699 0 -4.0915655221409145E-8 1.3355171213641068E-8 -2.7625615808596682E-5
-0.18675532053812582 -0.4349325178463068 0.06418357757579088 0 -3.718954452664546E-8 1.5584009059968264E-8 -2.7621428073017285E-5
-0.3826278748778653 -0.34149739132768103 0.06638993492953281 0 -3.2427013980033264E-8 2.771569324775654E-8 -2.7613430716355927E-5
-0.0010639892128916778 -0.35571530812846325 0.05866683852382106 0 -2.654571365919619E-8 4.023286315085738E-10 -2.763629688473297E-5
0.5665181445886517 0.15558354761445173 0.07104008880031383 0 1.7167930617048324E-8 -4.007455100879119E-8 -2.762879973974683E-5
0.5953591891669738 0.1936606882201294 0.07369160395615945 0 1.6276398089213822E-8 -4.238968609052463E-8 -2.7632851959052126E-5
0.5192463818471629 0.12824117265253684 0.06769417632898124 0 1.7570261143813282E-8 -3.7807006139222674E-8 -2.7616414515565018E-5
0.5285393108936259 0.16518893231571916 0.06885934434787161 0 1.9013547510847783E-8 -3.504464263097763E-8 -2.7622492007591346E-5
0.6744856330743806 0.25899543825752414 0.08106282636378111 0 1.6821063926217904E-8 -5.1199599306844034E-8 -2.762492389682228E-5
0.5964895386590124 0.24538252217967127 0.07505456752399722 0 1.813538761577666E-8 -4.354209298651517E-8 -2.7634068033430496E-5
0.8809325160784339 0.2820885436790224 0.09999999999999994 0 2.689399805998628E-8 -6.111376617252601E-8 -2.762302378590902E-5
0.7133503615870089 0.32015636681811027 0.08613118221459619 0 2.4725939963414758E-8 -5.6491316011487594E-8 -2.7614682737058993E-5
0.7978472984237357 0.3041762806928354 0.09281227257926788 0 2.7475657134278512E-8 -5.7872658466306475E-8 -2.761871970407583E-5
0.4636209692030302 1.4593888372567647E-16 0.06366862151549985 0 5.861530201356231E-10 -3.428809020193677E-8 -2.762759330071572E-5
0.4938126220450951 0.06489296717588176 0.06554297030555511 0 8.716559282954224E-9 -4.143398592491993E-8 -2.7620199843772766E-5
-0.6153231968638251 -0.38077552285640803 0.08115372829448388 0 -2.267737673512023E-8 4.785437429962914E-8 -2.7620038384661775E-5
-0.560449570051932 -0.3810942956107818 0.0775098294695611 0 -2.565286168505212E-8 4.284875146682207E-8 -2.763084227022506E-5
-0.4429539530445369 -0.3153758255937713 0.06823813858748431 0 -2.992736354204341E-8 3.222341072975505E-8 -2.762970856960186E-5
-0.5043029125892239 -0.34762375509843185 0.07274022680505556 0 -2.826225848038162E-8 3.709290739606786E-8 -2.7636068412451835E-5
-0.6508158876168189 -0.3390076459058359 0.08199721983987755 0 -2.135847213727502E-8 5.278476148670513E-8 -2.7618081847871144E-5
-0.7091826270730176 -0.32330839885714513 0.08590988858162861 0 -2.484767362961333E-8 5.679758971710599E-8 -2.7614911338731026E-5
-0.7619010673352372 -0.3837317836320327 0.09273617861998763 0 -3.5746918291338533E-8 5.685680406744168E-8 -2.7611589010292374E-5
-0.8010515387579304 -0.4625279007956028 0.09999999999999996 0 -4.126286410439693E-8 5.5711813167371936E-8 -2.7618044454532292E-5
0.19236089157799777 -0.33317883760233996 0.059881599761303 0 -2.590135576772076E-8 -1.2362310342300428E-8 -2.7635871848087918E-5
0.38492668203237634 1.0023152680894796E-16 0.05989052034096669 0 -2.2802204981730744E-9 -2.844657799802493E-8 -2.763608025326377E-5
0.2997814449763267 -0.1302546190444194 0.057552736756421544 0 -7.895906622171342E-9 -2.266554748960125E-8 -2.7636677279890792E-5
0.3411851195480258 -0.06215460789797836 0.058312559079427444 0 -5.4361041755617065E-9 -2.3940208317947225E-8 -2.7638244387874218E-5
0.25568805190108224 -0.19009790761699052 0.05725179690059135 0 -1.2400012986211203E-8 -2.0855557219126652E-8 -2.7636402861103646E-5
0.21970172124605264 -0.25470361780543144 0.057909449658114676 0 -1.9817076810854204E-8 -1.6975600624185296E-8 -2.7638733675187506E-5
0.23090062297727731 -0.13379820267190193 0.05553869913937325 0 -3.661158285026508E-9 -2.0817373130785904E-8 -2.7626338225950048E-5
0.10559774308437374 -0.32641465451667345 0.0581670361159444 0 -2.347389349079767E-8 -6.847982949470253E-9 -2.7638068975914226E-5
0.031363797849434556 -0.30517057546423765 0.0568332914109285 0 -2.1750416854910532E-8 -5.839472317145509E-9 -2.7635214149859913E-5
-0.08918266806588585 -0.39015326021997465 0.06056960464965617 0 -2.7562386003727772E-8 1.1221224102109278E-8 -2.762820030408564E-5
-0.049756265008924744 -0.359262534671633 0.05895024498757894 0 -2.6332704158880656E-8 5.1543631387591376E-9 -2.7635466937298057E-5
-0.33370914900421456 -0.3553876317528072 0.06495432896100803 0 -2.5068361813528006E-8 2.210025841732494E-8 -2.760813200275048E-5
-0.31386332305040454 -0.4019336098806021 0.0662221637922308 0 -2.8568153153371684E-8 1.653911591258668E-8 -2.762066769932307E-5
-0.15459594130071444 -0.3919265872876224 0.06155021858866086 0 -3.0614343105799595E-8 1.6337740601003933E-8 -2.7626457120503064E-5
-0.2322802926341843 -0.4023212684393738 0.06371797650698165 0 -3.0361794029785223E-8 1.6696589813573447E-8 -2.7627794045372824E-5
-0.33230969380311987 -0.31257443393730217 0.06328313435425743 0 -2.1548960325317106E-8 2.9159627745748177E-8 -2.761278411406187E-5
-0.37984334067586323 -0.29694191152231486 0.06465963905911942 0 -2.653087603106644E-8 3.161554675104236E-8 -2.7618699250287168E-5
-0.03281109095750644 -0.303248501545522 0.05677241598853609 0 -2.3766122698229E-8 -1.230588086810579E-9 -2.7635105474661058E-5
0.002774404310843052 -0.26370741404826953 0.055444406431408536 0 -1.9340863438617867E-8 -7.650136281186752E-9 -2.762547949048386E-5
-0.4503344724862791 -0.2539143429242661 0.06663047103760426 0 -2.25499556208488E-8 3.1023274878604744E-8 -2.762977472557238E-5
-0.40625597693717014 -0.2614749559637888 0.06471383725610917 0 -2.2609283454378683E-8 3.079650188267664E-8 -2.7626465635052105E-5
0.4615326701397575 0.12346215125476942 0.06442192515091573 0 7.999982686896708E-9 -3.474201133944452E-8 -2.7606811855451877E-5
0.5387084587482873 0.20560708274998704 0.07032262751622614 0 1.985455769223971E-8 -3.5622267384879366E-8 -2.76302917067288E-5
0.4879508039440348 0.17532903328848173 0.06671893154849401 0 1.705373275863493E-8 -2.967758402163327E-8 -2.761736295847446E-5
0.532509259731304 0.25445661626164345 0.07121936353097057 0 2.163937866899762E-8 -3.655699921262076E-8 -2.7635078551635017E-5
0.6341588941531792 0.31283518999890103 0.07981624453248937 0 1.9645963723708782E-8 -5.036629336900206E-8 -2.7625009541509E-5
0.5661686439840169 0.30314954318445153 0.07485251919573685 0 2.1726141700597035E-8 -4.221297269462647E-8 -2.763498635360558E-5
0.8437752416466553 0.3790359375932063 0.09999999999999998 0 3.5647402788903456E-8 -6.190572360002181E-8 -2.7622055431469105E-5
0.6719229666176102 0.38840511082381185 0.08561888827579653 0 2.5593863471646603E-8 -5.1468839577053564E-8 -2.7604989346931628E-5
0.7564175363077813 0.38622567562379634 0.09237249347625182 0 3.5558010585181456E-8 -5.616811633639579E-8 -2.76101098319767E-5
0.41461516466779025 0.07768102097507298 0.06157475739077051 0 1.31437146746487E-9 -3.421821323983038E-8 -2.762462807585287E-5
0.41609697408913526 0.13788398400008967 0.062378681269293045 0 4.582574908206152E-9 -2.998576592910182E-8 -2.7618947302997813E-5
0.3331467524821928 0.06332732629493788 0.0580143200893398 0 4.613851805897462E-9 -2.5785925563301695E-8 -2.7639060112798156E-5
-0.47800098007166614 -0.21838828549818234 0.06713458210584479 0 -1.9700655638156837E-8 3.011017760904251E-8 -2.7627073989215825E-5
-0.581042663690517 -0.3157640075984302 0.07626188231201678 0 -2.1570652408012313E-8 4.451591768080014E-8 -2.763305368908267E-5
-0.516501927640104 -0.27345997871285144 0.07083650833060166 0 -2.333584982424644E-8 3.602973529021748E-8 -2.7635955741744344E-5
-0.6531660790226061 -0.2763311132584134 0.0799841441751332 0 -1.8157657231282637E-8 5.081077957256895E-8 -2.7627002627296657E-5
-0.7177089386751481 -0.25492955224205677 0.08435704674323387 0 -1.77178380943464E-8 5.30099582805563E-8 -2.7620948599725188E-5
-0.7682837005378522 -0.21778108265977297 0.08762455506029665 0 -1.6160122889419415E-8 5.266927888009019E-8 -2.761385974762814E-5
-0.7926496756412593 -0.29133333750236745 0.09190870000572768 0 -2.6064710527390383E-8 5.739675478711937E-8 -2.7619295944252978E-5
-0.8437556437212325 -0.37907955935377746 0.0999999999999999 0 -3.597175174153517E-8 6.222106074209145E-8 -2.7622842037471556E-5
0.14972579901011426 -0.2593326910893636 0.056582144341893334 0 -1.7725963969468437E-8 -1.3787256038187687E-8 -2.7639706759148382E-5
0.30024351839566077 1.0287337474471442E-16 0.0566089984335615 0 2.9954117516519387E-9 -2.2190924980258828E-8 -2.7640129753658623E-5
0.25485064501553867 -0.06881848120103613 0.0554520694654174 0 1.2495050158088242E-9 -1.8051294891460495E-8 -2.7630984755877782E-5
0.2018137422816696 -0.09141964150518621 0.054287541904913736 0 -4.6157998780277496E-10 -1.4599039638553421E-8 -2.7613669126140544E-5
0.1764824224893901 -0.17786432905826247 0.05506179018247805 0 -1.0855423523413468E-8 -1.9475501943801947E-8 -2.7628034575701335E-5
0.17846806103523252 -0.12182655323316927 0.054152220507936534 0 -6.453453887005821E-9 -1.8007493206100843E-8 -2.761148169801906E-5
0.06445906182530688 -0.2524774236880236 0.055351148337145016 0 -1.4896443999357066E-8 -1.0047774389707225E-8 -2.7629821238285904E-5
0.01713256069613923 -0.2191946756676691 0.054245341320781695 0 -1.345300298964134E-8 -6.41438456592863E-9 -2.7612468502585633E-5
-0.015811501710617768 -0.22080470166743846 0.054282927994611936 0 -1.9122940871733264E-8 -4.270161967243915E-9 -2.761272082812224E-5
-0.11115524588477288 -0.32319159740630654 0.058116751891295344 0 -2.495941586534231E-8 9.142089764204537E-9 -2.76389091398712E-5
-0.2724211583800276 -0.34021230275634257 0.06225471036920954 0 -2.0150247638612478E-8 2.1008445950479663E-8 -2.7623527991405737E-5
-0.19295762658678686 -0.33421241295621795 0.059933626134453855 0 -2.381656751660035E-8 1.634152448425872E-8 -2.7636211214851064E-5
-0.299671918215507 -0.26919022055739933 0.06068803798570996 0 -1.715908527806986E-8 2.6014215266286207E-8 -2.7628316012036282E-5
-0.35401952964801076 -0.2618191533072333 0.0624765930436588 0 -1.9756231406821566E-8 3.0266947678040446E-8 -2.76247971262378E-5
-0.059917909088264505 -0.2537684697083779 0.05535616729591674 0 -2.301793097441376E-8 -9.65506180177663E-10 -2.7629596547878054E-5
-0.4286041911968905 -0.21160410640457614 0.06443452009247358 0 -1.612809718395013E-8 2.8539942786962467E-8 -2.7625592268804398E-5
-0.3837371950984817 -0.21760730691022395 0.06251779019199943 0 -1.5619018379873576E-8 2.8609505051684055E-8 -2.7628565161869507E-5
0.44078820931890417 0.17778853409565737 0.06428879605061415 0 1.1632725347949034E-8 -2.7572656701488246E-8 -2.761870786938459E-5
0.4759951064045458 0.23047538821939026 0.0673334019397155 0 2.039110986177213E-8 -3.044210988750564E-8 -2.7628754000072275E-5
0.5023235944487765 0.29151864533540206 0.07059623054924213 0 2.4880771935181548E-8 -3.53095098515346E-8 -2.7635870455081484E-5
0.5853609901656723 0.37038384021673393 0.07867156144500055 0 2.3122561631206825E-8 -4.507423498442613E-8 -2.762751028137191E-5
0.5293785213896149 0.3388907230126146 0.07386902220939724 0 2.562681656070837E-8 -3.914266676514002E-8 -2.7636044227545235E-5
0.8010710017272104 0.46249419126110125 0.09999999999999991 0 4.102790529421851E-8 -5.539101248374306E-8 -2.7617793226870595E-5
0.626960623589047 0.4522983371432033 0.08535306995964971 0 3.0243223130339435E-8 -4.4182718540841716E-8 -2.761582712073315E-5
0.7061350528834721 0.4673278645716987 0.09212747065803699 0 3.7454880857088924E-8 -4.596252355208788E-8 -2.7611026800854203E-5
0.3592371994727271 0.12552401442410036 0.05970040660633737 0 6.1232095780462074E-9 -2.71316329692035E-8 -2.763311058393074E-5
0.39449037889125516 0.17177804019933995 0.06198157459134765 0 9.11068343724603E-9 -2.7603364759783954E-8 -2.7626026872002754E-5
0.2907007887888551 0.1297941048796961 0.057242741237689944 0 1.2141623313600993E-8 -2.089462115081417E-8 -2.7636803602185047E-5
0.2538184516803514 0.06940494742292715 0.05542696753822805 0 1.1634633863609687E-8 -1.9562965257306854E-8 -2.763089416934752E-5
0.20062573683728857 0.09527047772396227 0.054301155270572714 0 1.3314641609645749E-8 -1.4634730159688614E-8 -2.7613437933396518E-5
-0.4690213191754545 -0.16282051739106812 0.06545407679976868 0 -1.3469613099250968E-8 2.8927173700908134E-8 -2.7612869698969765E-5
-0.5329845388239064 -0.1985594752136454 0.06981392050905111 0 -1.9950049892871636E-8 3.5022347907582054E-8 -2.7629286774441612E-5
-0.5985835515449605 -0.2260297922817816 0.07467942546060531 0 -1.7563282832477514E-8 4.338224680717084E-8 -2.763449162482479E-5
-0.6738902730202506 -0.22049852083738797 0.07997070091519404 0 -1.363740576720285E-8 4.963771895643779E-8 -2.7627048634115688E-5
-0.7224932718504692 -0.1846612188414888 0.08299584497449673 0 -9.232566492604658E-9 5.148567681315367E-8 -2.7616960240726598E-5
-0.784218194998307 -0.17459658052838994 0.0880668176158918 0 -1.3264983716241243E-8 5.4150092047993596E-8 -2.7605478134120317E-5
-0.8340398056073667 -0.21902107573341573 0.09363611174877708 0 -2.153457412667794E-8 5.6960724952322426E-8 -2.7614791213371747E-5
-0.8809151182252344 -0.2821428693025129 0.09999999999999996 0 -2.718559185808299E-8 6.147532283832674E-8 -2.7624310958066752E-5
0.11138757858716244 -0.19292894544503636 0.054318208030815426 0 -1.1740080990494693E-8 -1.2760824001750891E-8 -2.762758385581153E-5
0.2238875048948224 7.238912562247948E-17 0.054346295287657886 0 5.31453303324202E-9 -1.654244126348499E-8 -2.7627913378096604E-5
0.19420772375092543 -0.04676552312468657 0.053768452091938715 0 5.669839161391842E-10 -1.1345030522051424E-8 -2.761879368585054E-5
0.16765785073129597 -0.0820458117059934 0.0534822586461166 0 -5.8639923061775706E-9 -1.0277066651498736E-8 -2.7609724268136516E-5
0.1532214795718842 -0.1047515501973591 0.0534601593182905 0 -9.64951472487631E-9 -1.2674836767892808E-8 -2.7610047671576537E-5
0.13365633223327952 -0.1314943305448411 0.053500013617672364 0 -1.1660790900177424E-8 -1.3638774682131818E-8 -2.7616569910268057E-5
0.1909210649037196 0.04684254353730671 0.053697308093126346 0 7.03989658335163E-9 -1.706725712065158E-8 -2.7618460215495045E-5
0.05493858025113072 -0.1872116672800932 0.053664600392910426 0 -9.612579687623563E-9 -5.498372088742557E-9 -2.7618162844550723E-5
0.0015895535343272628 -0.18045943852644164 0.053353802929854664 0 -1.3207058666524695E-8 1.891719651259287E-9 -2.7609670770070608E-5
-0.053441146730527564 -0.18709102439814254 0.05365287398922711 0 -1.8459201931313643E-8 2.6516249174177754E-9 -2.7618035573953714E-5
-0.15050660974349658 -0.260685094950677 0.05663516711153095 0 -2.0950580152181346E-8 8.621513135020673E-9 -2.764028126804337E-5
-0.22974591189928226 -0.256397975299907 0.05821373401797809 0 -1.7818455782009233E-8 1.6993404857358314E-8 -2.76385671625323E-5
-0.2901412929767384 -0.21922908092139923 0.05898973037684318 0 -1.5557556147310097E-8 2.2691054707157674E-8 -2.763608742876803E-5
-0.3302765228915605 -0.22443841547131757 0.06052899064430553 0 -1.544634888230733E-8 2.688351152849802E-8 -2.763227570274181E-5
-0.11217260429255088 -0.1942886498520168 0.05435789315243198 0 -1.7163236231807565E-8 3.82032862518014E-9 -2.762822123324667E-5
-0.4043520178042477 -0.16901983470521795 0.062374130552393804 0 -8.79117043187681E-9 2.7901791465015414E-8 -2.7624312662592508E-5
-0.36201088411519367 -0.17400839360604692 0.060635096430618034 0 -1.026864167963693E-8 2.6849081955997334E-8 -2.7631996730412226E-5
-0.42569230627547644 -0.12215318657273527 0.06260425960749791 0 -3.6420945011226995E-9 3.2483839481686785E-8 -2.7616525561897755E-5
-0.467604489294916 -0.09647351175034927 0.06440527405535047 0 -7.574904671037888E-9 3.948419544804694E-8 -2.7611501020615702E-5
0.40159415937487924 0.2222711945652258 0.06342742714419668 0 1.6503034467679736E-8 -2.8749819597991865E-8 -2.7627302742028744E-5
0.4374027432196876 0.28280425722564984 0.06685837267776952 0 2.6102262558069413E-8 -3.1598660354507496E-8 -2.7629057156736906E-5
0.4716692828943538 0.34325991058700284 0.07076541111671204 0 3.0263791562399505E-8 -3.370722954262134E-8 -2.763393887236818E-5
0.5572755215547438 0.4510872900080022 0.08061070588876619 0 3.118092848428177E-8 -4.269219791166012E-8 -2.762632022674735E-5
0.5201731653431543 0.38799390136202994 0.0753439569886662 0 2.8739920104765583E-8 -3.893915298345935E-8 -2.7634358375066185E-5
0.7501545426059838 0.541195955123228 0.09999999999999998 0 4.440049428209708E-8 -4.909245713535537E-8 -2.7622685963979728E-5
0.5828756184496425 0.5332115379316271 0.0868511630159933 0 4.1882614274813634E-8 -4.487949007696388E-8 -2.7617196065445146E-5
0.650470548607775 0.5465931881196748 0.09240305490818579 0 4.437255358179E-8 -4.5159691055811265E-8 -2.7619469925563788E-5
0.33827356631260735 0.19741612693850677 0.06018657141513714 0 1.3147858903752867E-8 -2.5905381111587272E-8 -2.763379826321912E-5
0.2643297840462276 0.19520810401833616 0.057617277126140565 0 1.5578837188058134E-8 -1.8318774422629085E-8 -2.7637397969939565E-5
0.23462332403576286 0.13422621113694244 0.055643167928538385 0 1.6161857974745955E-8 -1.3887597718407221E-8 -2.7627759236658693E-5
0.1835322570857455 0.12636576122723128 0.05431954168807021 0 1.2781637859529769E-8 -8.182389136503863E-9 -2.7613687562772492E-5
0.15384433041034717 0.09209874155024383 0.0533301823681776 0 4.743660507351605E-9 -1.2018886004464813E-8 -2.7610219391860607E-5
-0.5199939829281822 -0.124648956040805 0.06768673130026932 0 -1.7503211164695E-8 3.849615403311435E-8 -2.7617220106608114E-5
-0.5744027965338087 -0.14938461510286838 0.07144252826293566 0 -1.6435356575982886E-8 4.1347953589842016E-8 -2.7630428326066325E-5
-0.6477191420222239 -0.14358128013705043 0.07642272847163621 0 -9.157952138212521E-9 4.822893428157259E-8 -2.763092603970259E-5
-0.735100345459195 -0.11930462056175606 0.08291132970822637 0 -3.1987798175240334E-9 5.6589838254308646E-8 -2.761298712482005E-5
-0.8023821229894582 -0.12465004703532732 0.08885408731398864 0 -1.197812652974587E-8 6.139833590271271E-8 -2.7603020745000874E-5
-0.8531067718150073 -0.15803750226362165 0.09415708085227005 0 -1.902224247557228E-8 6.145394019586813E-8 -2.761004107551642E-5
-0.9051158299750595 -0.19076243784282 0.09999999999999995 0 -2.1291678626843423E-8 6.389634204927506E-8 -2.7618118919500832E-5
-0.8393412000271001 -0.10211595922316327 0.09200820531311653 0 -1.377599378201267E-8 6.514017702756585E-8 -2.7609705944076734E-5
-0.5124187514513647 -0.05184789683178334 0.06651654728017117 0 -8.987460059136271E-9 4.193765917410594E-8 -2.7626014846220027E-5
-0.4662367643365183 -0.05429215722432917 0.06397307879016166 0 -4.656032639304594E-9 3.9545013934468726E-8 -2.7622633027757137E-5
0.07846305682895906 -0.1359020009449211 0.0529048760801971 0 -1.0286213991781683E-8 -5.517424063663229E-9 -2.7621635880580526E-5
0.1581850159804538 4.03666044625459E-17 0.05292729798071231 0 -2.832269590793121E-10 -1.1685189067118461E-8 -2.7621602120542128E-5
0.1339429855522494 -0.042721659792281826 0.052630185389843626 0 -5.9299669249616476E-9 -7.374937708525566E-9 -2.7620450694663766E-5
0.12170874450296679 -0.07937873255132208 0.05270638285367756 0 -1.0008975829052439E-8 -7.0920003165524945E-9 -2.761797728528099E-5
0.0926329081859553 -0.0934021566431387 0.052491087538806276 0 -1.0186384402007583E-8 -5.270327203646537E-9 -2.762257248322259E-5
-0.07925046645516257 -0.1372658344238745 0.05293295280422828 0 -1.0203748576551904E-8 6.0975387357452904E-9 -2.7621754156685616E-5
0.12737884186502532 0.04457914646124025 0.052542398875778 0 1.7662389668881538E-10 -1.1803095805746482E-8 -2.762150206614433E-5
0.025874926118163208 -0.13266950985365822 0.05254567933671947 0 -9.332036002301285E-9 2.0490188778635397E-9 -2.762126831742428E-5
-0.025243839799718233 -0.13300675455069116 0.052548920040911946 0 -1.0562394658499615E-8 5.9053327235008265E-9 -2.7621341624540263E-5
-0.18973296493485722 -0.18461798069110355 0.055474546986767154 0 -1.6458127957679076E-8 8.271801973646137E-9 -2.76312967942018E-5
-0.2483235922732361 -0.1816505696604007 0.05686432272721824 0 -1.6077312742516747E-8 1.5852283835883058E-8 -2.7635985238313035E-5
-0.30831506111577245 -0.17770170158565643 0.058672582596364375 0 -1.3233325990002845E-8 2.306191855201086E-8 -2.763711451364058E-5
-0.13643849435757827 -0.142707733989249 0.05371629461338724 0 -9.938980845355535E-9 5.360086845793903E-9 -2.7618736720236457E-5
-0.184039983968445 -0.12735803584373426 0.05434432437859786 0 -1.3089555547488122E-8 8.309515567847978E-9 -2.7614146167747668E-5
-0.10393602836491156 -0.0928684349452979 0.05261104654913399 0 -3.3477642019089564E-9 8.951519109003444E-9 -2.762083390842256E-5
-0.33491839009005275 -0.13913239257244242 0.05894927757126896 0 -9.091589437327886E-9 2.5104174547894375E-8 -2.7636297155210212E-5
-0.379850741799242 -0.12110542276221135 0.060500587943527986 0 -4.390496527341458E-9 2.9099520793222643E-8 -2.7629401358698253E-5
-0.40842759083875496 -0.05875232359605658 0.061140527783328784 0 -1.0757106199387387E-9 3.348226106959392E-8 -2.7629251152977012E-5
0.36282250283673584 0.2686598783514224 0.06303900336729046 0 2.1086579772706468E-8 -3.089181657820409E-8 -2.7623488994631496E-5
0.4058790843317993 0.3317218591300756 0.06705525860874961 0 3.2232512549629507E-8 -2.9684453856831942E-8 -2.7620772129528277E-5
0.4678168231247622 0.39722837411780604 0.07282402579327739 0 3.276303788746517E-8 -3.341473224712819E-8 -2.763379985483871E-5
0.43228391685071293 0.3802988180284773 0.07026687195777441 0 3.4296114598843666E-8 -2.9111923037135024E-8 -2.762884061416207E-5
0.5096255127299391 0.5106912413470729 0.08097857821614195 0 3.690094009577621E-8 -4.2250359511830177E-8 -2.7622406532676413E-5
0.49005227512439575 0.44470401859070535 0.07629562530822705 0 3.329772425780245E-8 -3.7295241541354835E-8 -2.7632404899783843E-5
0.5354804188313992 0.5793968081607486 0.0867593250488703 0 4.5277404320496845E-8 -4.320012310349479E-8 -2.760687488543411E-5
0.6847900044003186 0.621834941224156 0.09999999999999994 0 5.2649651602073404E-8 -4.7388610382508654E-8 -2.7624276068798672E-5
0.5876935447112426 0.6161088910778022 0.09257893706827944 0 5.263748602400622E-8 -4.180791147852962E-8 -2.761168765500971E-5
0.2968769596322443 0.26583446546620604 0.06049214663587174 0 1.6896934540117416E-8 -2.5441864677282277E-8 -2.7629733711391315E-5
0.22703812963746217 0.26409762190385 0.058370438456053005 0 1.8016643693996838E-8 -1.6833097346333055E-8 -2.763878972349416E-5
0.18890830540911197 0.18932922319802872 0.05555650018582656 0 1.637124854085801E-8 -8.240670652424892E-9 -2.7632348526112226E-5
0.10177697427875262 0.08834048795367637 0.05253956863179544 0 2.9316431060081864E-9 -8.951876407435462E-9 -2.7621647368504803E-5
0.13647605991683223 0.1435082568468913 0.053729825805134857 0 9.909146178113231E-9 -5.331798426773307E-9 -2.7619015989205166E-5
0.14969050843762163 0.2592715660247786 0.05657975437506356 0 2.0773290335983152E-8 -8.275510094479367E-9 -2.7640516881958096E-5
-0.5844196053235717 -0.07491703801282973 0.07115392026499065 0 -1.0026889569772189E-8 4.501631100991831E-8 -2.763365256369454E-5
-0.7351410524947968 -0.060926854977285956 0.08231802271497875 0 -9.990143285700993E-10 5.807850016345735E-8 -2.7620286762907633E-5
-0.6752473549062168 -0.060997662019661704 0.07752927755735102 0 -1.8665423984279838E-9 5.207136827384377E-8 -2.763083918798569E-5
-0.7962287177911108 -0.06074957956360477 0.08762354715881242 0 -5.7596401208272475E-9 6.342476490511952E-8 -2.7613684219513856E-5
-0.8627884197170684 -0.055125093298773874 0.09385473111979895 0 -1.0014091855091894E-8 6.6516512800339E-8 -2.7617361421935637E-5
-0.9192838471164881 -0.10263764414409532 0.09999999999999994 0 -1.531392445212763E-8 7.022363507785008E-8 -2.7619535499941574E-5
-0.5447672634209793 2.858524015158418E-17 0.06830049229574699 0 -4.844258004668932E-9 4.052543147055122E-8 -2.7633376312526148E-5
-0.4638591691868275 2.797468827787367E-18 0.06368112390889594 0 -8.222246063255474E-10 3.445625375669488E-8 -2.7628651901774215E-5
0.04273067501608843 0.07401170016957923 0.051925849626185475 0 3.6321878120050726E-9 -6.218454762834338E-9 -2.763131249654085E-5
0.04273873390329096 -0.07402565857166639 0.05192600533605054 0 -7.358379844995184E-9 1.0632428984219893E-11 -2.7631068518428148E-5
0.08580268905133058 2.7616060966210454E-17 0.05192915349305607 0 -3.7083575932130487E-9 -6.2871291422379374E-9 -2.763103814003731E-5
0.07416648351753428 -0.042820039223696336 0.051927573540639343 0 -6.614675735367668E-9 -3.464219956124173E-9 -2.7630836678371867E-5
-0.04299754043112494 -0.07447392462720538 0.05193102148339571 0 -3.7894263282819175E-9 6.4087539101545625E-9 -2.7631061677115008E-5
0.07415950431437714 0.04281600977887487 0.051927495533993596 0 -3.068223907748467E-10 -7.370052278979418E-9 -2.7630949058822522E-5
1.3904975238826412E-17 -0.08573627431625096 0.051928505242836896 0 -6.394183068107125E-9 4.002985375235016E-9 -2.7630833327384265E-5
-2.9796378738924766E-17 0.08577355466188762 0.05192886660175564 0 6.341459186685247E-9 -3.875654660312763E-9 -2.763106513717663E-5
-0.22815732549244747 -0.13366956667415786 0.05546555293618704 0 -1.6428333157312504E-8 1.3159291664640374E-8 -2.762634185051384E-5
-0.27837086784154214 -0.12617379267311213 0.056793561369108604 0 -1.3277696029468566E-8 1.97802210877936E-8 -2.7635803500124877E-5
-0.15093740406319933 -0.09389909648308081 0.05329903073383901 0 -4.763895755944682E-9 1.1667473548342812E-8 -2.761073083444704E-5
-0.19761019796705667 -0.10158906953187431 0.054303584925033135 0 -1.3580811532882815E-8 1.3497465622036103E-8 -2.761278492957819E-5
-0.12619399745448537 -0.06614911525416545 0.052660410611162535 0 -1.251499726146167E-9 1.1878714138956838E-8 -2.7618963865761967E-5
-0.07423701450489274 -0.042860760308234 0.05192836227840669 0 1.432330757648713E-10 7.503692016942312E-9 -2.7630998561285025E-5
-0.4277423899643161 0.06497482014443749 0.06209784320535729 0 8.042720619287857E-9 2.7751041378990603E-8 -2.7624782285157363E-5
-0.33304413722574777 -0.06930677678439595 0.058055306373968225 0 -5.140522967810621E-9 2.591849332491179E-8 -2.7639204253303877E-5
-0.3847166606924661 9.345124501562139E-19 0.059881376808148805 0 2.1308796099730377E-9 2.8570617922240287E-8 -2.7636946045550205E-5
0.3329058545937796 0.33325924236807375 0.06406157186555389 0 2.2572254542194806E-8 -2.6233212570555096E-8 -2.7608057059880103E-5
0.49825230464030634 0.6040689738251999 0.08623250303750961 0 4.257810822250337E-8 -3.809193448093361E-8 -2.760417624949672E-5
0.3818998921620359 0.39282083230988174 0.06849211870683777 0 3.43180048278167E-8 -2.171054420718539E-8 -2.7621018904147218E-5
0.4314021965681312 0.42876752259718576 0.07244484890584979 0 3.480795887649633E-8 -2.9295175836559198E-8 -2.7632026845525862E-5
0.4723939921181883 0.5653277489130144 0.08223903081434109 0 3.7826616919422674E-8 -3.9429952228948884E-8 -2.761508636765041E-5
0.44736034083495346 0.4974141441538552 0.07684191432450417 0 3.558653711238821E-8 -3.478605126288715E-8 -2.7630035289974534E-5
0.5230354883414245 0.6422697488364204 0.0903707538749386 0 4.945963454498057E-8 -3.42528205680069E-8 -2.7604069029465384E-5
0.6177594130735138 0.6884753307245898 0.09999999999999995 0 5.750548298445553E-8 -4.125434264355826E-8 -2.7618356937648775E-5
0.5518007966248653 0.6760563257947593 0.09465507346897212 0 5.430013180992616E-8 -3.441068698252331E-8 -2.761104741975989E-5
0.2625418688185837 0.33648330779519714 0.06181290503458571 0 2.0146207613159885E-8 -2.0358415114467833E-8 -2.7626744383263213E-5
0.10763513709501461 0.3224957272318108 0.058047784011843594 0 2.4835748251830976E-8 -8.574365933639034E-9 -2.7639301859491295E-5
0.19231764390950024 0.3331039304431938 0.059877835485628014 0 2.35988866635791E-8 -1.607156050912358E-8 -2.763692091969484E-5
0.11136664405289663 0.19289268576805546 0.0543171535525474 0 1.6884691569443494E-8 -3.5473251694304094E-9 -2.762811377358074E-5
0.07844894660138711 0.13587756131386042 0.05290437550856248 0 9.894774419272347E-9 -6.04411592883586E-9 -2.7622036234590355E-5
0.03519829734560284 0.13784946141786306 0.05265706254873472 0 1.10707436711741E-8 -5.846787358808316E-9 -2.7620953788902994E-5
0.06630901180929025 0.2508565357105051 0.05531869953262273 0 2.254818071081874E-8 4.382234209485519E-10 -2.763053836108217E-5
-0.017053837843317182 0.27836069099312905 0.05590951428308119 0 1.9499201498960318E-8 7.477197133430129E-9 -2.763066590772835E-5
0.011677278178983168 0.25977319628253465 0.05533524160416193 0 2.045182353097975E-8 6.663364574678473E-9 -2.7625289254190015E-5
-0.036475279191632355 0.1302798698937502 0.052547520741153056 0 9.208564508028941E-9 -6.019133074573984E-10 -2.762239750463903E-5
-0.004334214649360648 0.15163914092247652 0.05281372846092682 0 1.0976089439589192E-8 -3.897053377783318E-9 -2.7616814058288746E-5
-0.5548238392163805 0.07638757137486699 0.06925704553616709 0 -6.039401372030409E-10 3.9054005104392475E-8 -2.7629694735265375E-5
-0.6361392415232946 1.3179599374821288E-17 0.07441207081886599 0 -3.1302839425253777E-10 4.726052083993423E-8 -2.7636736948882243E-5
-0.7353276040989696 1.376885046738379E-19 0.08212306732579755 0 2.620601045009777E-9 5.4624287652518245E-8 -2.7624261870839922E-5
-0.8245744171037558 1.994957568951944E-17 0.09002147282184524 0 -3.1667944728502686E-9 6.123593782262607E-8 -2.761817042525231E-5
-0.9249999999999996 -3.487031299242896E-17 0.0999999999999999 0 -6.88081588512813E-9 6.876371500001812E-8 -2.7624655338108715E-5
-0.6215823870108426 0.05940809814964494 0.0735747228508592 0 3.046046401819058E-9 4.494847153184756E-8 -2.763579439840158E-5
-0.5039157942187592 0.07056797810116018 0.06615707446286308 0 1.8517208995427994E-11 3.2761761987952435E-8 -2.762129667657818E-5
-0.4742240483662385 0.11256694280313873 0.06494853319711702 0 6.748985405724099E-9 3.2747128112367017E-8 -2.760831007032383E-5
-0.4362515368769683 0.13236424219261794 0.06326633817399899 0 1.4511473315551178E-8 3.313968740248323E-8 -2.7613482912501472E-5
-0.3689420167821231 0.1279817916152874 0.06013540062401418 0 1.3336295641398255E-8 2.701779637406945E-8 -2.7631604626502908E-5
-0.40020050920329836 0.18553375498639205 0.06251643484045978 0 1.6277434692014103E-8 3.160401200342609E-8 -2.7626306635687883E-5
-0.11902524067374867 0.3280525016025783 0.058398241089487615 0 2.3573320024858423E-8 7.496945899360209E-9 -2.7638942741531503E-5
-0.278960464150049 0.23105339123962187 0.058930977919053947 0 1.8296790297774195E-8 1.9528274346952132E-8 -2.7636238180054036E-5
5.529796886260846E-16 -9.523255661324038E-16 0.05151308386343702 0 -6.334401220870297E-11 7.07909721206253E-11 -2.7639534847462926E-5
-0.043042879691499385 0.0745524545297515 0.0519319033593881 0 7.298072314360733E-9 1.064989835750348E-10 -2.7631208632389824E-5
-0.24680219676358373 -0.07209570484822997 0.055249906628573604 0 -1.2206815202557704E-8 1.915094747961282E-8 -2.762948885992381E-5
-0.1740533791739203 -0.0457943921612332 0.05334383022045102 0 -4.939139292460933E-9 1.617497829515701E-8 -2.7617454890519282E-5
-0.12783259126111418 -0.033275347967647695 0.052499203818416273 0 3.573921174887191E-10 1.1573795702418207E-8 -2.762282795340164E-5
-0.08544796042127181 1.2633032021521531E-17 0.05192572029476935 0 3.548418327488941E-9 6.408286803233553E-9 -2.7631291316776857E-5
-0.33947513674739144 0.06240362523718613 0.058248486325065116 0 5.139988325875862E-9 2.397037957630765E-8 -2.7639156875709696E-5
-0.30816555573663146 0.12979030410922676 0.05783416263257108 0 8.482131437874251E-9 2.3114868986514293E-8 -2.7637695390426228E-5
-0.22695325756190307 0.2565120405768185 0.05814491145404571 0 2.016890678706422E-8 1.7198690073573663E-8 -2.7639144122730607E-5
-0.25569422992480956 0.1801064295667739 0.05704280655464759 0 1.094668645369246E-8 2.1287632444873397E-8 -2.763652274497943E-5
-0.07471068043782807 0.26158647648355277 0.05569656348774581 0 1.5852917096583785E-8 1.0188389587896846E-8 -2.763385098060087E-5
-0.15073713287945018 0.26108437273446883 0.05665087411303693 0 1.782507650676046E-8 1.38314709153817E-8 -2.7640681332954522E-5
-0.0793293077376864 0.13740239153093972 0.052935779499837216 0 1.0238639085643095E-8 5.809931376799857E-9 -2.7621942961042202E-5
-0.299396714946573 6.0549876586637245E-18 0.05658028588283899 0 -3.2678880354565413E-9 2.2286094875276687E-8 -2.7640533191727386E-5
-0.39181543828090004 0.55445735722153 0.07760084140770424 0 4.411487772179941E-8 2.7735818143815348E-8 -2.7630456494996834E-5
-0.42125713605646403 0.6077940464059373 0.08247265847688973 0 4.9867735766342086E-8 2.999738767985229E-8 -2.7619733475979095E-5
-0.4499036574234317 0.6597655574984553 0.0876254316161508 0 5.2073017377090903E-8 3.665330945415931E-8 -2.761353862539501E-5
-0.4789401191209052 0.7197628636157833 0.09385470752197607 0 5.2671510820727697E-8 4.208541315886961E-8 -2.7617095503953467E-5
0.30693864167133966 0.4042133776050551 0.06608285286906407 0 2.8477459909290135E-8 -1.621798229054048E-8 -2.7622533471348403E-5
0.45341996389119593 0.6343388790419371 0.0859386615701075 0 4.237560677569234E-8 -3.208488079257256E-8 -2.7612234181863184E-5
0.36186279370904106 0.47199806236141656 0.0715259330567936 0 3.576705531678646E-8 -2.2628768550188778E-8 -2.7633870938107384E-5
0.400949758946052 0.5652131577221655 0.07869394977656127 0 3.8456286488627806E-8 -3.1503488260465415E-8 -2.7628340783081686E-5
0.4904238791693691 0.6985151762406319 0.09277567976728547 0 5.200908907120748E-8 -2.944763930003991E-8 -2.7614460625594593E-5
0.5485314952955888 0.74480230687788 0.1000000000000001 0 5.7443629764090924E-8 -3.302469198125622E-8 -2.761993921537728E-5
-0.157502577302292 0.4062797025959702 0.06224976286168574 0 2.797848636128875E-8 6.708239775582263E-9 -2.7623508249520405E-5
-0.04439277195221168 0.328710102628296 0.0577329050528648 0 2.3930800466081782E-8 4.451861703078581E-9 -2.7637700968706128E-5
0.025557696189703685 0.3104658173674805 0.05699894508193312 0 2.3783159679513494E-8 1.5443262716856153E-9 -2.7636282852434794E-5
0.05891091878969271 0.3561813785904501 0.05888183035860122 0 2.606174227013869E-8 -5.821288378371359E-9 -2.763631695775022E-5
-0.07539656272461737 0.3826387268002811 0.060112744280339386 0 2.9827099753571347E-8 2.0634322284346955E-9 -2.7631501373648582E-5
-0.19156331121345582 0.4731617410648756 0.06625147072173321 0 2.8467938174393662E-8 1.6460827006451127E-8 -2.7620980894517605E-5
-0.31860245148696237 0.5518356333914171 0.0744889558881298 0 4.0849303992184726E-8 2.3911602334973825E-8 -2.7636369904862204E-5
0.23188989210585279 0.40164507488900236 0.06367695651733306 0 3.019429882221915E-8 -1.6523350546182985E-8 -2.7628525807682483E-5
0.18545604713463834 0.43047399478074116 0.06393784680976809 0 3.6390931469508555E-8 -1.567121102465944E-8 -2.7622531841557804E-5
0.15384627156060351 0.3839117365891883 0.06118533303935759 0 2.9510939625254283E-8 -1.597105757805022E-8 -2.762916797555296E-5
0.08567704016096148 0.3934342712802923 0.06068036954612458 0 2.7451717654051435E-8 -1.0884028483316588E-8 -2.7628415402144696E-5
-0.04746651353754765 0.1829715324610284 0.053532622158623755 0 9.430836633596828E-9 4.170606261283662E-9 -2.761707974914716E-5
0.01717373484524668 0.1662656573333219 0.053092157016808576 0 1.4048791333828322E-8 -4.107397296495233E-9 -2.7614045285849947E-5
7.833096257776418E-4 0.19069362679459012 0.05356840441819727 0 1.4224506536474694E-8 -1.128497343273414E-10 -2.76091267954863E-5
-0.014253461472862217 0.23459230484404994 0.05463523466770248 0 1.522690842828726E-8 8.093140352314624E-9 -2.7617157871118393E-5
0.04520143550094837 0.1841851235528076 0.053545944108146816 0 1.7913914124702374E-8 -2.7288563159579982E-9 -2.7616476509229333E-5
0.017981432514459814 0.22651294475696923 0.05443142027174295 0 1.9730440851752807E-8 4.789584151582884E-9 -2.7615022105680045E-5
-0.4509389353459413 0.18062953941108667 0.06485872161226297 0 1.3693992277768643E-8 3.911098373566467E-8 -2.7618696934390548E-5
-0.43855507291261625 0.22078311851591842 0.06514753629020965 0 1.490262478404924E-8 3.626871977124646E-8 -2.7626565901222525E-5
-0.5430568755805911 0.1088667628343709 0.0688662273363696 0 3.9781647479575617E-10 3.9281151109478404E-8 -2.762455848877525E-5
-0.5075730010734566 0.12513873893141766 0.06697106660603608 0 1.8719661029195717E-9 3.79851264177677E-8 -2.761364302874727E-5
-0.4876818695036711 0.16005919777938846 0.06641416297022892 0 7.466330372114765E-9 4.18672472503105E-8 -2.76138399603984E-5
-0.5817364775186938 0.11498204866540508 0.07140762999266016 0 3.4282263150824088E-9 4.2819533563803303E-8 -2.763142773811714E-5
-0.6893460495224288 0.06354738512595376 0.07863780818203957 0 7.996459204178205E-9 4.8990794208195185E-8 -2.7628506477116676E-5
-0.7599167871431189 0.060700756349994105 0.08441733903220823 0 6.651476128984374E-9 5.2464922622116836E-8 -2.7616531371301287E-5
-0.8184909839211809 0.07533925376340878 0.08977629762126756 0 1.865062836988837E-9 5.672885897095227E-8 -2.761143484821626E-5
-0.8641324069088798 0.06217499425579329 0.09403348687291993 0 -1.585555231179308E-9 6.153927201986311E-8 -2.7616769723615027E-5
-0.919284810212244 0.10262901652303173 0.09999999999999994 0 -5.529162366298209E-12 6.643426906321973E-8 -2.761949357132483E-5
-0.7200856347104291 0.1275637570102766 0.08178787314202204 0 1.5483032766321703E-8 5.241911125557225E-8 -2.761656356474111E-5
-0.6366216770914513 0.14805650423757327 0.07568897320024312 0 1.1675841985804686E-8 4.743766302748782E-8 -2.763193604202336E-5
-0.5083123257938114 0.6756675576578803 0.09200745306162258 0 4.93968831592953E-8 4.449183043057329E-8 -2.7609416178215502E-5
-0.5084523869045262 0.6310249340793687 0.08870435188239581 0 4.7154245771657565E-8 4.0565766052383236E-8 -2.760270791268104E-5
-0.5485031394581954 0.7448231888659755 0.09999999999999998 0 5.316762170407478E-8 4.833923451892161E-8 -2.761925659594844E-5
-0.47303326379715877 0.5791284533565413 0.08316905076856485 0 4.745013920987481E-8 3.133171505175806E-8 -2.7611848381947797E-5
-0.45509595152323223 0.4866404390645807 0.07663670286639768 0 3.686404066345647E-8 3.226041576080899E-8 -2.76304107890007E-5
-0.4180330375357138 0.4186106610386911 0.07131407766744807 0 2.6945078720734104E-8 3.5065357293969615E-8 -2.763007427442229E-5
-0.35805699391726126 0.4725541821277961 0.0714004969823895 0 3.431299534447585E-8 3.088577924392388E-8 -2.7633701154342856E-5
-0.3304177610769968 0.2075632873895256 0.060121873146272396 0 1.6733873972057424E-8 2.3221069118729216E-8 -2.763395523929623E-5
-0.3986677525588505 0.2551376793832065 0.06418286265211677 0 1.6479002532805775E-8 2.8822944595862934E-8 -2.7626569775313803E-5
-0.19326570388917413 0.3347460184966116 0.05996054906425581 0 2.5937678923361465E-8 1.2478752803417885E-8 -2.7636660379778457E-5
-0.2326279902659774 0.402923498403311 0.06375456788963607 0 2.9510200037915996E-8 1.8018085348575207E-8 -2.7628489109398582E-5
-0.2730034360466582 0.4728558218736924 0.06837705113188595 0 3.2653966587879245E-8 2.454275284118385E-8 -2.763320591780778E-5
-0.30165136280488025 0.41841452971898935 0.0665620091821718 0 3.174929113150571E-8 2.8683582057644397E-8 -2.762562610098346E-5
-0.2982294435153453 0.2720284218761083 0.06072614652584282 0 2.336026299545595E-8 1.8290687480330214E-8 -2.762809620761139E-5
-0.28071917465641966 0.3771430143239578 0.06401358518053687 0 3.1789183861255335E-8 2.3866687228161993E-8 -2.762225803528455E-5
-0.25621859628623345 0.3266156402995803 0.061257118437086824 0 2.8816718731259053E-8 1.753410443243445E-8 -2.7628715175017122E-5
-0.07427627943517316 0.042883429926301085 0.05192880169730083 0 6.501765271532306E-9 3.654336903833349E-9 -2.7631153740753754E-5
-0.10192189467460559 0.10267269443312377 0.05269596908601702 0 1.0757674560978903E-8 6.918499082666454E-9 -2.7620750122416944E-5
-0.22270343343645202 -2.7398019802337882E-17 0.054316401779706945 0 -5.39834321690871E-9 1.6644457747390208E-8 -2.7628130069792563E-5
-0.1568744501142894 1.9427769320198104E-18 0.05290395974586273 0 2.042993328175637E-10 1.174009855609375E-8 -2.7622052021748743E-5
-0.1333037269353432 0.03517105967265549 0.05258728793055297 0 5.125152343098085E-9 7.78143673285171E-9 -2.7621833004907466E-5
-0.2668792736165403 0.06671487334767572 0.055790773586017584 0 -6.14344064023271E-10 1.9169524096598218E-8 -2.7634275965555092E-5
-0.25161809751440434 0.1255049475699697 0.05598231997151887 0 3.4169844653498613E-9 2.076432198984395E-8 -2.7631215408141093E-5
-0.2204702956430696 0.1429341155499399 0.055415459742855375 0 4.8715929050440115E-9 2.1250992495898516E-8 -2.7626064275655984E-5
-0.18350196867475072 0.18844743574056294 0.05542383280391714 0 1.1628182903442728E-8 1.9607251208300875E-8 -2.763187881354159E-5
-0.1122914677939212 0.19449452747555573 0.054363926326504504 0 1.1730117117720471E-8 1.2993040629145584E-8 -2.7628337850252403E-5
-0.13865734030206042 0.13413724110678021 0.05361667711440056 0 1.1297237577695812E-8 1.4690763490209291E-8 -2.7616946487711534E-5
-0.3679940573528883 0.637384404218618 0.08217817873449762 0 4.8634173774712245E-8 2.5102115222656506E-8 -2.7623955373246524E-5
-0.4124740638930545 0.7144260354671818 0.09005646238462257 0 5.143225458339237E-8 3.34431455680362E-8 -2.7618029712852234E-5
-0.4625000000000002 0.8010734985006057 0.09999999999999998 0 5.609176712045551E-8 4.037363339539047E-8 -2.762456476762852E-5
0.41227210451772545 0.7140762315680472 0.09001864521731297 0 5.448752015941091E-8 -2.7723560239267587E-8 -2.7618613145430948E-5
0.27234892372669683 0.47172217328134014 0.06829621029644013 0 3.7363448131180494E-8 -1.601521910528569E-8 -2.763321786995176E-5
0.36764043700660404 0.6367719158122639 0.08211917016769554 0 4.596172084564194E-8 -2.9398660647378882E-8 -2.7624455988506053E-5
0.31803615984503875 0.5508547874957042 0.07440724687637126 0 4.0998034038333666E-8 -2.3273451816653827E-8 -2.7636624008633483E-5
0.46250000000000013 0.8010734985006064 0.09999999999999999 0 6.284675986938617E-8 -2.8248390156366515E-8 -2.762510939524545E-5
0.3836506929290541 0.7746515411716932 0.09384509082801112 0 6.266040482740946E-8 -2.4423354909483916E-8 -2.761781580402714E-5
-0.14030890931253803 0.4679836164169959 0.06501280116403946 0 3.1723512964555304E-8 1.0910900554476632E-8 -2.7607998771539667E-5
-0.10294114607188212 0.4464085827438704 0.06338188130081227 0 3.635254890767588E-8 4.22308973878001E-9 -2.7612532910111685E-5
0.013052198219917906 0.38970549808144683 0.06010955939350729 0 2.8518215192965702E-8 -2.6828994338727356E-9 -2.7634108814789204E-5
-0.04037960269203984 0.44085703180834646 0.06259577733066987 0 3.597077410472459E-8 1.761029657041372E-9 -2.7625852010095265E-5
0.06533055038853267 0.4354649165439312 0.06247764990259344 0 2.8262583702831804E-8 -7.43585642114841E-9 -2.7622519258006E-5
0.21079455863719812 0.4693257584201238 0.0664848367230654 0 4.060023828347713E-8 -1.3162111133001972E-8 -2.7625936284239447E-5
-0.2117215867706234 0.5198781223671348 0.06933829044213057 0 3.3486880582566016E-8 2.0179343902294153E-8 -2.762949098222432E-5
-0.1460434120132441 0.503264073058023 0.06704541835555092 0 3.387172637178217E-8 1.7515406193032567E-8 -2.7613653683304122E-5
-0.17773060720916653 0.5259463281585314 0.0689480477972893 0 3.4275053750891354E-8 1.931675437114286E-8 -2.7624395155042665E-5
-0.2900329026458535 0.6297052539110424 0.07871782471366953 0 4.64947947624772E-8 1.7616337804679462E-8 -2.762810277482666E-5
-0.2598642375444073 0.5690891545970852 0.07365958600480058 0 4.052590020372459E-8 1.980113384535143E-8 -2.7635502336040226E-5
0.1498593825176401 0.45279307874260616 0.06437801254812758 0 3.76717698663279E-8 -1.3259358421796738E-8 -2.7611507411922982E-5
0.11053788187593885 0.4306223745782792 0.0626902062642271 0 3.023620409660942E-8 -1.331919995220753E-8 -2.7615956837837308E-5
-0.4490633670822637 0.26293361409508886 0.06682964731028329 0 1.5351870415435494E-8 3.541682199618267E-8 -2.763023490531537E-5
-0.4300985673768074 0.3012630280350379 0.0671100012724704 0 1.6248663517969505E-8 3.226429073859773E-8 -2.7627639832173014E-5
-0.49761740681994665 0.2259943198914076 0.06840949555720777 0 1.2866020342775016E-8 4.1862930302711013E-8 -2.763016038718006E-5
-0.5518948161465873 0.17422255470543743 0.07046196471921622 0 6.9986521691194364E-9 4.43083900937901E-8 -2.762896384583923E-5
-0.4324706598932548 0.35955969358955997 0.06940707877592157 0 1.9682881820752976E-8 3.4295849552179924E-8 -2.762785048515685E-5
-0.7940808377677345 0.13178185399490336 0.08820577601429047 0 8.424770929792044E-9 5.8138547859231466E-8 -2.760188660699422E-5
-0.8565041007211139 0.12935729823844902 0.09401883827528355 0 2.056062283948069E-9 6.311363196597788E-8 -2.7610230083572252E-5
-0.9051192255768065 0.19074632675980735 0.09999999999999998 0 7.085419867331151E-9 7.06654805084503E-8 -2.7618042321614087E-5
-0.7583678808155521 0.178257805309045 0.085877514601274 0 1.609170322384872E-8 5.996816715912112E-8 -2.760898666460384E-5
-0.6170663609123308 0.222189336538271 0.07585507468331582 0 1.678163487366584E-8 4.650257494538352E-8 -2.763353148852438E-5
-0.6972424057138269 0.20430689657176623 0.08139617396721441 0 1.8985220072554782E-8 5.322643405010403E-8 -2.76229390545511E-5
-0.5596851197575441 0.6634042603718276 0.09419033697962355 0 4.434002456152243E-8 4.724319962016839E-8 -2.7609675813692798E-5
-0.5445828559277583 0.5931276201062036 0.08823074690283748 0 4.018057130156281E-8 3.879835199996299E-8 -2.7605318343279144E-5
-0.6177328508859395 0.6884991641819085 0.09999999999999992 0 4.463686259828908E-8 5.031664981106831E-8 -2.76178783314058E-5
-0.5240933648557363 0.5322322969179639 0.08310069903157469 0 3.964198757072042E-8 3.398384490731686E-8 -2.761696827323189E-5
-0.482008368592271 0.40269833860051546 0.07383556549613608 0 2.7639896312708703E-8 3.6403145032568465E-8 -2.7634260090524876E-5
-0.5228737105474611 0.469403410425903 0.07945982017150148 0 3.587624701821749E-8 3.6312530883397526E-8 -2.762765692301665E-5
-0.3178442209190435 0.3574692689417035 0.06445327462614317 0 3.031164061966761E-8 2.6469022203274756E-8 -2.76112338266857E-5
-0.3668515165065182 0.391453181331997 0.06779342734587494 0 2.4977627892009494E-8 3.450277992159729E-8 -2.7617844544545504E-5
-0.37474174799433474 0.32521524057353407 0.06543736846884436 0 1.830836246576957E-8 2.599780638482509E-8 -2.761257899693829E-5
-0.3445240713159381 0.2767146512083848 0.0625551726814487 0 2.0643014291070964E-8 2.0647959198611982E-8 -2.7621795984997684E-5
-0.31825267387856393 0.31228528282505885 0.06275542647814246 0 2.676990712846627E-8 1.9584333206319437E-8 -2.7615332338528227E-5
-0.13208776332768443 0.07040426877471616 0.05277929135503948 0 8.806979413223421E-9 7.450687816200615E-9 -2.7617212583399014E-5
-0.13558426904309848 0.09984465055515283 0.05311549222562181 0 1.075272184765511E-8 1.0419780867851916E-8 -2.7613983074765173E-5
-0.18433654548332082 0.04822270923057056 0.05356505347436668 0 5.649417153793123E-10 1.0374399898879406E-8 -2.7617667300714587E-5
-0.2141365218541703 0.10501643106435352 0.054728299370409676 0 3.4660060879351686E-10 1.756212824559692E-8 -2.7618444445998205E-5
-0.18680865935078547 0.12991541986645883 0.054439563423197654 0 5.753641897770123E-9 1.9595930270441215E-8 -2.7615354419504408E-5
-0.1657690318723488 0.09663028560186346 0.05359396061230915 0 7.1743916547366605E-9 1.2514486314139083E-8 -2.760876360809497E-5
-0.3275435087421515 0.689022237889938 0.08446715933764735 0 4.870544072747517E-8 2.054477997132714E-8 -2.7616279668299513E-5
-0.3440235561346144 0.746753392646391 0.089798396197132 0 4.9991806911323224E-8 2.6724670057988435E-8 -2.76113524766552E-5
-0.3781299746230488 0.7796968295885027 0.09405159466762453 0 5.250343911989552E-8 3.217553595958948E-8 -2.761671306358892E-5
-0.37078556224583165 0.8474286657041803 0.09999999999999998 0 5.7531604842284674E-8 3.328524224789994E-8 -2.761954360987348E-5
0.33139114289377414 0.7785556133621918 0.09206768166444738 0 6.322302728598732E-8 -2.039346348948291E-8 -2.7610133435293988E-5
0.3464548928541494 0.7191482470167311 0.08759713317592265 0 5.766700249735654E-8 -2.669651351133273E-8 -2.7614143120531214E-5
0.31546555307223767 0.6681703741372863 0.08242156072081934 0 5.075114602585812E-8 -2.7985257724082387E-8 -2.7620485399270372E-5
0.22784343961994072 0.5451094489255655 0.0712614275403811 0 4.387723815571046E-8 -1.3869047860647091E-8 -2.7633722952037E-5
0.28413345033548576 0.6165726819630529 0.0775980862421621 0 4.6004921779391674E-8 -2.4133528347278732E-8 -2.7630838643399434E-5
0.290977677915208 0.7546407636986492 0.08855875058870188 0 5.852516891426873E-8 -2.0529980985504553E-8 -2.7603347154040608E-5
0.37075219693550476 0.8474432642497914 0.09999999999999995 0 6.831723512337007E-8 -2.1664510478092515E-8 -2.7620148045875905E-5
-0.10596501162257625 0.5041773372256164 0.06652572871029448 0 3.987845811203336E-8 1.4687045301054846E-8 -2.7613766094600746E-5
-0.07102778036707863 0.4813038479979327 0.06489977746314218 0 4.097566091891029E-8 8.0113290835515E-9 -2.7617998704037123E-5
0.019795838688718658 0.4703114259817324 0.06404440608297313 0 3.3086818960829175E-8 7.731629735925883E-11 -2.7626719509257726E-5
-0.028427878816465992 0.4894039605592073 0.06510500934199118 0 3.882404445281198E-8 5.143902735457702E-9 -2.7626312011861402E-5
0.09307018049889713 0.4870154223859189 0.06541754354915294 0 3.144555325324624E-8 -2.8897736407181567E-9 -2.76130484988845E-5
0.15223360853370174 0.5114589799667827 0.06762073099832455 0 4.193713363484137E-8 -4.125458552944969E-9 -2.7616900429786767E-5
-0.19168892528151515 0.5624523066487594 0.07149027116733256 0 3.890911466843752E-8 1.8422402933922563E-8 -2.763125887756108E-5
-0.12546868182070262 0.5661421054611622 0.07053660282173835 0 4.193109136900007E-8 1.610559034375212E-8 -2.762883386030586E-5
-0.25001651455608004 0.6877574831582879 0.0818288600417976 0 5.312598203190844E-8 1.2865823473610534E-8 -2.7616294667116473E-5
-0.19051431605916905 0.626194724144322 0.07575740850014469 0 4.7023811395480875E-8 1.3632485860758263E-8 -2.7631700429939746E-5
-0.496968869184538 0.31115828345845903 0.07096354188096898 0 1.9609333570525888E-8 3.824186776379572E-8 -2.763603230790634E-5
-0.5531916805568735 0.25483900449276115 0.07250231820116239 0 1.6891188382762872E-8 4.31329703164897E-8 -2.763593137839605E-5
-0.8285501209973593 0.21135039229984 0.09293041569195869 0 1.074599382097959E-8 6.682726599970411E-8 -2.7613341471075894E-5
-0.8809225682293763 0.28211960771987943 0.09999999999999996 0 1.4747830336356758E-8 6.949430868762584E-8 -2.762418483358404E-5
-0.7578216461505274 0.23114048963723496 0.08705889216020636 0 1.7442116858942428E-8 5.986236812480047E-8 -2.7616164590956442E-5
-0.5442886348821633 0.36830034160648034 0.07595460109733419 0 2.8516021097660658E-8 3.9766699534307074E-8 -2.7633728017777818E-5
-0.6102329054490169 0.29533181001281994 0.07752504764743703 0 2.424563968042076E-8 4.347430272162395E-8 -2.7630967055731332E-5
-0.6672358697757713 0.2726523999513782 0.08092297245691278 0 2.2476052237939945E-8 4.756768867516359E-8 -2.7625564348438102E-5
-0.7250638207162802 0.2644091498704253 0.08523826785223539 0 2.013391109430696E-8 5.3886951986506986E-8 -2.762000042716461E-5
-0.6071515389330133 0.6092519905512257 0.0934219469334025 0 3.829417044620832E-8 4.6861505895274224E-8 -2.7614650346696435E-5
-0.5735399527378838 0.553508622043815 0.08749015204644302 0 3.7457032924595264E-8 4.032130665930636E-8 -2.76140448035189E-5
-0.6847646792234087 0.6218628292777222 0.09999999999999995 0 3.9580081042393136E-8 5.424019220038791E-8 -2.7624056683052483E-5
-0.5770660846669927 0.4836246905463882 0.08360849061752018 0 3.691456396655425E-8 4.16749488671392E-8 -2.7621732742798778E-5
-0.5580584193120216 0.42548332869284067 0.07938775238593494 0 3.4183998627254774E-8 4.035027147136569E-8 -2.7628196549225595E-5
-0.28374056147924315 0.7514739211838952 0.0880520415280374 0 5.426417197177673E-8 2.1544184689657726E-8 -2.760199888347962E-5
-0.3165497745723784 0.8071051679018629 0.09409208829712741 0 5.5835204680034104E-8 2.9943228208228365E-8 -2.761044900330479E-5
-0.28739394850298333 0.8792210714939998 0.09999999999999995 0 6.476413410329304E-8 2.9288646604681113E-8 -2.7618282420751233E-5
0.29491717071644896 0.8166669280321706 0.09422261270086467 0 6.296163073174018E-8 -1.4552978065801244E-8 -2.761062396585522E-5
0.15199695343335898 0.5713443637747507 0.07128864354870555 0 4.363427214508139E-8 -5.652162771402325E-9 -2.7630252618217504E-5
0.2647361318881631 0.6988930987695543 0.08313425830297129 0 5.0711085160684354E-8 -2.5498952857865334E-8 -2.761264454619194E-5
0.19363779692619498 0.6392946953673742 0.07676490405819379 0 4.644588342358445E-8 -1.581555536217033E-8 -2.7630601504458338E-5
0.23873623781901862 0.7680602578468166 0.08814793343306232 0 5.344751771876761E-8 -1.5104239306018966E-8 -2.7606392212171652E-5
0.28735785633849587 0.8792328678266585 0.09999999999999996 0 6.589440142027752E-8 -1.3435540480668664E-8 -2.7618786452695985E-5
0.045020558010702406 0.5239593119206281 0.06715619876796416 0 3.613328792524909E-8 2.161218012849122E-9 -2.7628025344061936E-5
-0.05203180167969757 0.5443357511275837 0.06842717285738563 0 4.2741398174138585E-8 9.711505225267955E-9 -2.76301623605074E-5
0.00125333399408392 0.5186888782774369 0.06673044987207258 0 3.8440384024129105E-8 4.521160826828314E-9 -2.763007911828278E-5
0.09263905094403112 0.5551170207203664 0.06943102413110942 0 3.956203785173528E-8 1.3882689106984788E-10 -2.7628532258520845E-5
-0.22520922840433807 0.7458968973346561 0.08588793599516027 0 6.006574920515237E-8 1.616203203119696E-8 -2.7609113322166842E-5
-0.056365569894855645 0.6123374883168232 0.07290850863136553 0 4.621305983804395E-8 6.578223099136984E-9 -2.7636013944832666E-5
-0.11459365381122652 0.6489796043007032 0.07609123122821615 0 4.8848094857593025E-8 8.512369611944438E-9 -2.7633327367737364E-5
-0.17201424223952635 0.7059350940103869 0.08139872432652714 0 5.556468524775681E-8 1.035628890347391E-8 -2.762306572655596E-5
-0.5619648707592039 0.31624700130713346 0.07504348009682706 0 2.4274257164137673E-8 4.1287482729177345E-8 -2.763508470713686E-5
-0.7888004165309431 0.29037609645717466 0.09153149855841576 0 1.737770067214094E-8 6.01129269745339E-8 -2.761901063542167E-5
-0.8437609348289447 0.37906778281416026 0.09999999999999995 0 2.0393505009095997E-8 6.325345642551275E-8 -2.762273287566979E-5
-0.6064827120561797 0.3683452405387546 0.08001332460787643 0 3.248449234088538E-8 4.2764304780970395E-8 -2.762349921124931E-5
-0.6554904399290363 0.3258387756938692 0.08184700708932659 0 2.7495297979995422E-8 4.4304788765627626E-8 -2.7619740270777062E-5
-0.7173789460644423 0.321865662586802 0.08652046298759287 0 2.2353266109558428E-8 4.9784891080500794E-8 -2.7614984418779962E-5
-0.6465139113454262 0.538316822314734 0.09160194260007758 0 3.658651468128225E-8 5.092003492981061E-8 -2.761895833399791E-5
-0.7501326501074496 0.5412263004122692 0.09999999999999996 0 3.581721674864209E-8 6.217491974004068E-8 -2.762269697753662E-5
-0.8010558185062641 0.4625204886241073 0.09999999999999998 0 2.7545506322881388E-8 6.33997006590283E-8 -2.761808842814868E-5
-0.6328963674406779 0.44705014677999644 0.08550954643040555 0 3.6679532584442276E-8 4.947971676433527E-8 -2.7614719478718285E-5
-0.2313025414788286 0.8233581280344338 0.09294490463014164 0 6.325117205604579E-8 2.420450665140155E-8 -2.761356228574519E-5
-0.19616860770583666 0.9039546015730862 0.09999999999999994 0 6.758899261188659E-8 2.2097400370481975E-8 -2.7624669033115754E-5
0.2216527773738334 0.8287572231622684 0.0932031971273528 0 5.953663886280967E-8 -9.546924044695215E-9 -2.7615419628535874E-5
0.10414931811684251 0.6209165315731189 0.07394244219969823 0 4.542439355284486E-8 -5.570798985310452E-9 -2.7634763244196635E-5
0.1942511971230704 0.716812779625243 0.08273823779707914 0 4.9189983938123E-8 -1.6893748441786655E-8 -2.761877808240146E-5
0.14442364609626682 0.6895139486023729 0.07960445430492032 0 4.9476651515479884E-8 -1.2882560487732719E-8 -2.762805099841647E-5
0.1913914876174544 0.7797285375111098 0.08801717214843206 0 5.4260203057900836E-8 -1.1594651301060037E-8 -2.761506546599153E-5
0.196130597538861 0.9039628493277602 0.09999999999999998 0 6.666666666219555E-8 -6.995307658852371E-9 -2.7625076511816713E-5
0.020086990102898373 0.582926818943489 0.07076019404513119 0 4.269652298288188E-8 2.509539986278809E-9 -2.7636053293178404E-5
-0.17894546311077822 0.7718277883825889 0.08706002927260566 0 6.046409969610801E-8 1.4915015704957454E-8 -2.7616365423849184E-5
0.04599891718688658 0.6542488180254783 0.07585611859697282 0 4.8613517443383316E-8 -4.7002954026492376E-9 -2.763419722717311E-5
-0.007855133722757698 0.6491499078369714 0.07536310530979572 0 4.821783221340726E-8 -7.011039782603603E-10 -2.7634788102128225E-5
-0.13380906082414654 0.7600240739879767 0.08523325950883376 0 5.678371516840119E-8 9.62251667340948E-9 -2.7620258995489426E-5
-0.04850890629174576 0.6781878024575423 0.07767733236817918 0 4.9890203541309594E-8 5.98263223116767E-10 -2.7630847443293773E-5
-0.09794458893422112 0.7138796015511557 0.08090449857215169 0 5.2405578251829874E-8 4.446036844452601E-9 -2.7625859082750288E-5
-0.7603438011582597 0.3738096376808479 0.09217483686370775 0 2.0913854918293026E-8 5.563621522699457E-8 -2.7612015474115786E-5
-0.6767294999436547 0.3833870641168077 0.0857669286165472 0 3.088730966309515E-8 4.802910968043512E-8 -2.760510245336374E-5
-0.7186415188607147 0.46354605628657686 0.09293928953994947 0 3.05765313039961E-8 5.959402442762324E-8 -2.7610941704718414E-5
-0.14285595486183847 0.8282574032154251 0.09152546819348935 0 6.0720958941047E-8 1.5093460588262138E-8 -2.7619426324218774E-5
-0.09363126894349026 0.9202489260084377 0.09999999999999998 0 6.499280666032677E-8 1.4096273007765876E-8 -2.7623463551628096E-5
0.09361324045256657 0.9202507597854978 0.09999999999999996 0 7.16805451425156E-8 2.0709782138974728E-10 -2.7623711897643696E-5
0.14341620299378274 0.8294494640794721 0.09164675622284839 0 6.23624242491843E-8 -6.127151203112446E-9 -2.76198117295155E-5
0.08739963386816947 0.6969472503405287 0.07943927986118828 0 5.221352258528094E-8 -9.387521042592597E-9 -2.7628533862606144E-5
0.1332242410665833 0.7460807458646898 0.0840331591986956 0 5.477988150599466E-8 -1.0976207719458862E-8 -2.7621816559911923E-5
0.011531729957052445 0.7092408490309093 0.07999382505294728 0 5.312665369309328E-8 -6.388585971236105E-9 -2.7623800738646948E-5
-0.08028628936017151 0.7814679591465112 0.08645850584417021 0 5.4254679181001146E-8 5.519353030952474E-9 -2.7615573525341204E-5
-0.04561230651596534 0.7294921334214546 0.08175631121749642 0 5.210117375860073E-8 -1.5108376435168493E-9 -2.7620319320215665E-5
-2.6622719632600497E-6 0.924994933365257 0.09999999999999994 0 6.870244930748327E-8 8.056851393148325E-9 -2.7619078154527786E-5
-0.057540995049113024 0.8423979795604504 0.0918960227632853 0 5.8306517935338947E-8 9.745112892835961E-9 -2.7612474821503868E-5
0.04284010489062188 0.8515402282381707 0.09269147861274166 0 6.682256197591696E-8 3.196595129472039E-9 -2.761168224216442E-5
0.06678793864290467 0.7745216917616873 0.0857326633705871 0 6.157302025030619E-8 -6.5110960869548485E-9 -2.7614435305281086E-5
-0.010066347156763605 0.7750831353836388 0.08553470969702802 0 5.636397501005502E-8 -2.6925058798760487E-9 -2.760637561209312E-5
