% Model:
% Version:
% Dimension:          3
% Nodes:              691
% Expressions:        4
% Description:        Surface
% X                       Y                        Z                        Color                    DeformX                  DeformY                  DeformZ
0.09361324045256657 0.9202507597854978 0.09999999999999996 0 1.3132035601161638E-7 -1.246497721683001E-9 0.049977024714986516
0.19613059753886136 0.9039628493277616 0.10000000000000006 0 1.2560746058096864E-7 -1.32285076264433E-8 0.04997702454935547
0.2873578563384961 0.8792328678266589 0.09999999999999998 0 1.2377968412693758E-7 -2.3939560073274438E-8 0.049977032000260456
0.6177594130735132 0.6884753307245892 0.0999999999999999 0 1.0702712099022884E-7 -6.726970007161942E-8 0.04997703654108084
0.684790004400319 0.6218349412241562 0.09999999999999998 0 9.918031023871037E-8 -7.654403097071454E-8 0.049977031464883734
-2.6622719632544978E-6 0.924994933365257 0.09999999999999995 0 1.2855368219445027E-7 1.094788249884655E-8 0.04997702844950813
0.042840104890621886 0.8515402282381707 0.09269147861274166 0 1.2333353413453217E-7 3.947637127069887E-9 0.04997703779851773
0.37075219693550476 0.8474432642497914 0.09999999999999995 0 1.248365981434715E-7 -3.6081602853124005E-8 0.04997703171005036
0.14341620299378263 0.8294494640794716 0.09164675622284833 0 1.1789586005111144E-7 -1.0066966672223342E-8 0.04997703098684955
0.2216527773738334 0.8287572231622684 0.09320319712735281 0 1.1508358842393095E-7 -1.710569754744785E-8 0.049977035979299506
0.29491717071644885 0.8166669280321706 0.09422261270086468 0 1.1802074925325929E-7 -2.5520954804273377E-8 0.04997704147904969
0.5485314952955888 0.74480230687788 0.1000000000000001 0 1.0946924451922665E-7 -5.57906808974448E-8 0.04997703412096954
0.5518007966248653 0.6760563257947593 0.09465507346897212 0 1.0320861235981388E-7 -5.7431973840471243E-8 0.04997704416353036
0.5876935447112426 0.6161088910778022 0.09257893706827944 0 9.884369540419609E-8 -6.655367335363437E-8 0.04997704443469623
0.750154542605984 0.541195955123228 0.09999999999999999 0 8.726905663555496E-8 -8.129789249139896E-8 0.04997703399336562
0.6504705486077746 0.5465931881196746 0.09240305490818576 0 8.744010209694031E-8 -7.285020950850837E-8 0.04997703753225545
0.8010710017272109 0.46249419126110153 0.09999999999999994 0 8.028279172927819E-8 -8.995826587464953E-8 0.04997703982182192
0.8437752416466553 0.3790359375932063 0.09999999999999998 0 7.105674541787377E-8 -9.846278876089412E-8 0.0499770366202389
-0.09363126894349026 0.9202489260084377 0.09999999999999998 0 1.246228058898527E-7 2.1321620866221174E-8 0.04997702341242119
-0.057540995049113 0.8423979795604501 0.09189602276328529 0 1.1440697143195234E-7 1.5130595726628777E-8 0.049977036386035234
0.06678793864290467 0.7745216917616872 0.08573266337058709 0 1.1458734783496295E-7 -7.000387150720455E-9 0.04997703693656686
-0.010066347156763604 0.7750831353836388 0.085534709697028 0 1.094014485233709E-7 3.8004172826394597E-10 0.049977044344735565
0.33139114289377414 0.7785556133621918 0.09206768166444738 0 1.1659179729972754E-7 -3.3114385933674314E-8 0.04997704291041461
0.46249999999999974 0.8010734985006057 0.09999999999999991 0 1.1734919742513051E-7 -4.697386317522605E-8 0.04997702789984043
0.3836506929290542 0.7746515411716933 0.09384509082801115 0 1.158985228351654E-7 -3.956243899990895E-8 0.04997703548995215
0.1913914876174544 0.7797285375111098 0.08801717214843206 0 1.0756480692048719E-7 -1.78426953070434E-8 0.04997703716259174
0.13322424106658332 0.7460807458646898 0.0840331591986956 0 1.0652717402913119E-7 -1.4589648130976173E-8 0.04997703071288105
0.290977677915208 0.7546407636986491 0.08855875058870188 0 1.1077454800617982E-7 -3.142686597281219E-8 0.04997705000191465
0.23873623781901876 0.768060257846817 0.08814793343306236 0 1.062575013732768E-7 -2.3562532562348734E-8 0.049977046395944275
0.0873996338681695 0.6969472503405288 0.07943927986118829 0 1.017111050288985E-7 -1.095590129606267E-8 0.049977024734148195
0.5230354883414245 0.6422697488364205 0.0903707538749386 0 9.680690217530372E-8 -5.60030829555816E-8 0.049977051750949894
0.4904238791693691 0.6985151762406319 0.09277567976728547 0 1.0188634590755836E-7 -4.962017049508899E-8 0.049977040405826324
0.49825230464030656 0.6040689738252 0.08623250303750964 0 8.81640465544056E-8 -5.875897765119415E-8 0.049977052333120844
0.5828756184496425 0.5332115379316272 0.08685116301599329 0 8.429818071551553E-8 -6.95049828381946E-8 0.04997704026219793
0.5354804188313992 0.5793968081607486 0.0867593250488703 0 8.976971263247531E-8 -6.560582051579502E-8 0.04997704997791237
0.706135052883472 0.46732786457169856 0.09212747065803698 0 7.69002854554837E-8 -7.625447841240151E-8 0.049977046925328866
0.626960623589047 0.4522983371432033 0.08535306995964971 0 6.897377333795358E-8 -7.089408275892203E-8 0.04997704270882663
0.7564175363077812 0.3862256756237963 0.09237249347625182 0 7.126842539399634E-8 -8.878448967405229E-8 0.04997704883194182
0.7978472984237353 0.3041762806928352 0.09281227257926786 0 5.9410111721121996E-8 -9.243083960952278E-8 0.049977041263883915
0.5572755215547441 0.4510872900080025 0.08061070588876622 0 6.982129128141896E-8 -6.622800108226422E-8 0.04997703254580195
0.8809325160784339 0.2820885436790224 0.09999999999999994 0 5.78329111510425E-8 -9.944903971419198E-8 0.049977036905373966
0.8318102133114372 0.22322523392999072 0.09353078509252773 0 4.960914243316038E-8 -9.263385494375787E-8 0.049977047185030356
-0.19616860770583672 0.9039546015730862 0.09999999999999996 0 1.264298557924715E-7 3.4050123290944065E-8 0.04997702174070619
-0.14285595486183858 0.8282574032154257 0.09152546819348939 0 1.1615035140168573E-7 2.4414822228470204E-8 0.04997702907032873
-0.08028628936017151 0.7814679591465112 0.08645850584417021 0 1.0757655419564618E-7 1.1852374033405394E-8 0.04997703445209526
-0.04561230651596534 0.7294921334214545 0.08175631121749641 0 1.0305591389923617E-7 3.1311764185049146E-9 0.04997703114584265
0.011531729957052473 0.70924084903091 0.0799938250529473 0 1.0316426868923873E-7 -4.423091683572135E-9 0.04997702858597004
0.3464548928541494 0.7191482470167311 0.08759713317592265 0 1.0835835684747923E-7 -4.021367253284865E-8 0.04997704012557101
0.41227210451772556 0.7140762315680476 0.090018645217313 0 1.0500457712803485E-7 -4.427965889982875E-8 0.04997703590564234
0.19425119712307035 0.7168127796252429 0.08273823779707913 0 9.964415157626109E-8 -2.3381640692931566E-8 0.04997703481454818
0.1444236460962668 0.6895139486023729 0.07960445430492033 0 9.866277506915634E-8 -1.710487813469916E-8 0.04997702579998739
0.26473613188816314 0.6988930987695542 0.08313425830297129 0 1.0040905416134696E-7 -3.527895394802013E-8 0.04997704171887931
0.31546555307223756 0.6681703741372859 0.0824215607208193 0 9.91008007070292E-8 -4.015348208419948E-8 0.049977034692914174
0.04599891718688658 0.6542488180254783 0.07585611859697282 0 9.615305418379859E-8 -4.414816333114761E-9 0.04997701971415211
0.1041493181168425 0.6209165315731189 0.07394244219969821 0 9.147179766391107E-8 -8.024691918630617E-9 0.049977020335445564
0.4534199638911959 0.634338879041937 0.0859386615701075 0 8.93016337678597E-8 -5.0650957476668986E-8 0.04997704377822865
0.4723939921181885 0.5653277489130147 0.08223903081434113 0 8.162604839829997E-8 -5.896123168845795E-8 0.04997704213007828
0.5096255127299391 0.5106912413470729 0.08097857821614195 0 7.823747780001679E-8 -6.35511270954942E-8 0.04997703565609603
0.49005227512439603 0.44470401859070546 0.07629562530822705 0 7.160451963908722E-8 -5.776268023299263E-8 0.04997702682947574
0.6719229666176102 0.3884051108238118 0.08561888827579651 0 6.139603069311117E-8 -8.0263432982181E-8 0.04997705430169484
0.585360990165672 0.3703838402167338 0.07867156144500052 0 5.807010149564283E-8 -6.995319061666114E-8 0.049977032508716775
0.7133503615870089 0.32015636681811027 0.08613118221459616 0 5.73814574297557E-8 -8.721165899986881E-8 0.04997704545669687
0.7561533810021166 0.25116889240286866 0.08746370240455795 0 4.851946264261747E-8 -8.635354326123612E-8 0.04997704409639313
0.4678168231247622 0.39722837411780604 0.07282402579327739 0 6.888274073092211E-8 -5.290534452753959E-8 0.0499770263253218
0.5201731653431543 0.38799390136202994 0.0753439569886662 0 6.446597983194657E-8 -6.083287867569199E-8 0.049977025696740646
0.9051251569294584 0.19071818089926673 0.09999999999999992 0 4.764345862628267E-8 -1.0312497585364054E-7 0.049977044679275155
0.7902639371480997 0.1788726841459575 0.08869278761371618 0 4.041729431835545E-8 -8.82434410913901E-8 0.04997705712749351
0.8510855832446352 0.14814580550682155 0.0937894978149824 0 4.287990284560732E-8 -9.899514473175869E-8 0.049977054313464775
-0.2873939485029833 0.8792210714939994 0.09999999999999992 0 1.223992241551441E-7 4.543272125838508E-8 0.04997702786236399
-0.23130254147882853 0.8233581280344335 0.09294490463014163 0 1.1839550869384627E-7 3.762903232960088E-8 0.049977034296589395
-0.31654977457237843 0.8071051679018628 0.09409208829712742 0 1.1014830267413847E-7 4.730606285514394E-8 0.04997703694868369
-0.17894546311077822 0.7718277883825889 0.08706002927260566 0 1.1330040847167698E-7 2.5807632778887936E-8 0.049977033072215724
-0.13380906082414656 0.7600240739879769 0.08523325950883374 0 1.0910664737027319E-7 1.8398955485194296E-8 0.049977029813253276
-0.09794458893422107 0.7138796015511553 0.08090449857215165 0 1.0263342833511537E-7 1.1482674886913103E-8 0.049977025531896764
-0.048508906291745806 0.6781878024575432 0.07767733236817927 0 9.849814492393149E-8 5.291278238279801E-9 0.04997702175357517
-0.0078551337227577 0.6491499078369712 0.07536310530979572 0 9.550781113391116E-8 2.068415877769219E-9 0.0499770188077368
-0.22520922840433794 0.7458968973346558 0.08588793599516023 0 1.1168366824582487E-7 2.9156889620129892E-8 0.04997704048756663
0.3676404370066046 0.6367719158122648 0.08211917016769558 0 9.292834867501562E-8 -4.4015900570951515E-8 0.04997703145413697
0.1936377969261951 0.6392946953673746 0.07676490405819383 0 9.338448650986403E-8 -2.239118077632725E-8 0.04997702464951676
0.2841334503354857 0.6165726819630527 0.07759808624216208 0 9.19838263233873E-8 -3.49264599051322E-8 0.04997702527848647
0.15199695343335892 0.5713443637747505 0.07128864354870554 0 8.745605483011484E-8 -1.038492831356781E-8 0.04997702625962974
0.020086990102898376 0.582926818943489 0.07076019404513119 0 8.696883602328531E-8 3.8987094207058675E-9 0.0499770192888026
0.09263905094403112 0.5551170207203663 0.06943102413110944 0 8.260506283319102E-8 -1.8622649340758878E-9 0.04997702798755059
0.40094975894605217 0.5652131577221657 0.07869394977656125 0 8.21940563295747E-8 -4.7748865159484895E-8 0.049977028939487717
0.44736034083495335 0.4974141441538551 0.07684191432450417 0 7.627117135281299E-8 -5.324374663540162E-8 0.04997702841378449
0.43140219656813134 0.4287675225971859 0.07244484890584983 0 7.234763867094775E-8 -4.7087046262282447E-8 0.049977027676636865
0.6341588941531795 0.31283518999890125 0.0798162445324894 0 5.195373123716528E-8 -7.750624736485477E-8 0.0499770356489828
0.5293785213896149 0.3388907230126146 0.07386902220939724 0 5.9101819163911166E-8 -6.14972022717917E-8 0.04997702476549252
0.5661686439840169 0.30314954318445153 0.07485251919573685 0 5.356938503086293E-8 -6.627365309902276E-8 0.04997702619352369
0.6744856330743808 0.25899543825752414 0.08106282636378112 0 4.6649059421042805E-8 -8.021855269045683E-8 0.049977036328471836
0.7226994437477959 0.19973529248782174 0.08334138075756292 0 3.7896062518694314E-8 -8.218048175884255E-8 0.04997704480664382
0.432283916850713 0.3802988180284773 0.07026687195777442 0 6.96196569152368E-8 -4.6988002830280076E-8 0.04997703171437707
0.471669282894354 0.34325991058700306 0.07076541111671207 0 6.391237210180338E-8 -5.3420649024852836E-8 0.04997702708381502
0.9192877608705788 0.10260257931928718 0.09999999999999994 0 3.7674685258692055E-8 -1.1022453043106928E-7 0.049977044545272256
0.8038717607621602 0.12213857484508563 0.08895470660031483 0 3.517798163012531E-8 -9.652184586859286E-8 0.049977060602285316
0.7461230180043805 0.13265602880629776 0.08402816782270865 0 2.8534577463745272E-8 -8.854247628500041E-8 0.049977054788835885
0.8513706752696019 0.07427003550197267 0.09288407134507307 0 3.2673219674586725E-8 -1.0339109259210465E-7 0.04997705022808351
-0.37078556224583165 0.8474286657041801 0.09999999999999998 0 1.1362198726170567E-7 5.325462965332436E-8 0.04997702643876605
-0.2837405614792432 0.7514739211838952 0.08805204152803742 0 1.0607489913778639E-7 3.727431810022578E-8 0.04997704692495222
-0.34402355613461416 0.7467533926463904 0.08979839619713195 0 1.0151690920768514E-7 4.525915366052019E-8 0.0499770370328259
-0.37812997462304876 0.7796968295885027 0.09405159466762453 0 1.0549158915714024E-7 5.236182200114322E-8 0.049977030599832495
-0.1720142422395265 0.7059350940103875 0.08139872432652721 0 1.0539556479115538E-7 2.081097354805741E-8 0.04997702787707835
-0.11459365381122653 0.6489796043007033 0.07609123122821615 0 9.609849107969946E-8 1.6216654921093813E-8 0.04997701937254313
-0.05636556989485568 0.6123374883168238 0.07290850863136557 0 9.180254647768013E-8 1.1537962252794143E-8 0.0499770180139761
-0.25001651455608 0.6877574831582878 0.0818288600417976 0 1.0206398705161632E-7 2.69135259189241E-8 0.04997703432823047
-0.052031801679697585 0.5443357511275841 0.06842717285738567 0 8.521222465575433E-8 1.4390101460772956E-8 0.049977025462126554
0.3180361598450387 0.5508547874957042 0.07440724687637126 0 8.40179268963944E-8 -3.5712950138082485E-8 0.04997702088865886
0.22784343961994075 0.5451094489255655 0.0712614275403811 0 8.656393816193203E-8 -2.2144794075386556E-8 0.049977023701130226
0.15223360853370177 0.5114589799667827 0.06762073099832457 0 8.303494492448876E-8 -8.935782183501424E-9 0.0499770409604414
0.001253333994083932 0.5186888782774371 0.06673044987207258 0 7.976192995222879E-8 6.7123886324617765E-9 0.04997702660945613
0.04502055801070238 0.5239593119206278 0.06715619876796415 0 7.772291939035869E-8 2.3322177943029703E-9 0.049977028884656494
0.09307018049889716 0.48701542238591894 0.06541754354915293 0 7.138209552439015E-8 -4.982489090276624E-9 0.04997704505940626
-0.028427878816465992 0.4894039605592073 0.06510500934199118 0 7.878665984544304E-8 8.682575536552788E-9 0.04997703081675993
0.3618627937090411 0.47199806236141684 0.07152593305679358 0 7.523118119273741E-8 -3.71774611206994E-8 0.049977025181388225
0.3818998921620359 0.39282083230988174 0.06849211870683777 0 7.018296782802878E-8 -3.7259980416912155E-8 0.04997703947700483
0.5964895386590119 0.24538252217967105 0.07505456752399718 0 4.732203564419249E-8 -6.903472425107534E-8 0.04997702781861507
0.5023235944487768 0.2915186453354023 0.07059623054924216 0 5.6166735365060024E-8 -5.6469850535043185E-8 0.0499770258433908
0.5325092597313041 0.25445661626164345 0.07121936353097057 0 5.1229182290082024E-8 -5.9128731940468434E-8 0.049977027043760384
0.6524176664552401 0.20477109599706136 0.07797707686621597 0 4.009510565269038E-8 -7.588440824355743E-8 0.04997703296383625
0.6908574756839181 0.1584953945063365 0.07995126254637963 0 3.1911159068232496E-8 -8.0551539450446E-8 0.04997704049570142
0.5953591891669738 0.1936606882201294 0.07369160395615945 0 4.3076034860971045E-8 -6.78825455419747E-8 0.049977029783260886
0.6892086201904363 0.11760753932384704 0.079182235454291 0 2.7140086369849695E-8 -8.214226414711125E-8 0.049977039773331844
0.405879084331799 0.3317218591300754 0.06705525860874957 0 6.531733599013257E-8 -4.639121592354919E-8 0.049977040740750704
0.4374027432196878 0.28280425722565 0.06685837267776955 0 5.696127294496776E-8 -4.9796336946555096E-8 0.049977033143531656
0.9249999999999994 2.4083227273235917E-16 0.09999999999999988 0 2.4537177469097024E-8 -1.091375273395911E-7 0.04997704073425019
0.7822439697509949 0.07342341173252223 0.08646750245519459 0 2.6236104170746156E-8 -9.674174804018463E-8 0.04997705279542605
0.7247257834183622 0.08520662975023731 0.08165698245211614 0 2.3165594273020735E-8 -8.843772569838969E-8 0.04997704542314588
0.8252770499196596 2.2719212644267835E-16 0.09008727174442381 0 2.0875203555608858E-8 -9.725978156828966E-8 0.049977047203766445
0.8548200389796248 -0.0652462727687064 0.09314675085287963 0 1.5710404950915665E-8 -9.791790680878885E-8 0.04997705044802363
-0.4625 0.8010734985006055 0.09999999999999995 0 1.0994964494488274E-7 6.454912292646554E-8 0.049977021316596364
-0.4789401191209053 0.7197628636157833 0.09385470752197606 0 1.0279319133125502E-7 6.68914856583216E-8 0.04997703022116179
-0.5083123257938114 0.6756675576578802 0.09200745306162256 0 9.746561117400685E-8 7.060863838069523E-8 0.04997703839544069
-0.32754350874215143 0.6890222378899378 0.08446715933764734 0 9.761566763480869E-8 3.821212614422291E-8 0.04997703350709783
-0.41247406389305447 0.7144260354671815 0.09005646238462256 0 1.0139912107032173E-7 5.5125336387511644E-8 0.04997703023509604
-0.19051431605916905 0.626194724144322 0.07575740850014469 0 9.31940399678882E-8 2.4823326103419267E-8 0.049977020823365394
-0.12546868182070262 0.5661421054611622 0.07053660282173835 0 8.53803359474429E-8 2.420109281556477E-8 0.0499770256213274
-0.19168892528151546 0.5624523066487603 0.07149027116733264 0 8.216157162191147E-8 2.958916003175897E-8 0.0499770226591701
-0.29003290264585363 0.6297052539110426 0.07871782471366957 0 9.273933416038942E-8 3.3445522585526256E-8 0.04997702335405584
-0.10596501162257628 0.5041773372256166 0.0665257287102945 0 8.048725423357319E-8 2.182105040504981E-8 0.04997704227995475
-0.0710277803670786 0.4813038479979327 0.0648997774631422 0 8.054460793986562E-8 1.3515456818682067E-8 0.04997703892751595
0.27234892372669683 0.47172217328134014 0.06829621029644013 0 7.674868432614055E-8 -2.6429390934083837E-8 0.04997702584631693
0.21079455863719812 0.4693257584201238 0.06648483672306539 0 7.982882819144922E-8 -2.072992584765355E-8 0.049977033074577196
0.14985938251764008 0.45279307874260605 0.06437801254812757 0 7.609817291977824E-8 -1.8022350225491562E-8 0.0499770476805243
0.18545604713463826 0.4304739947807409 0.06393784680976806 0 7.383117553164062E-8 -2.2106515893291668E-8 0.04997703727002094
0.11053788187593885 0.4306223745782792 0.0626902062642271 0 6.76165277756414E-8 -1.6281836249283706E-8 0.049977043568423814
0.019795838688718648 0.4703114259817322 0.0640444060829731 0 7.220633861278986E-8 1.3655160003682145E-9 0.04997703127246753
0.06533055038853271 0.4354649165439313 0.06247764990259347 0 6.582457950682245E-8 -8.293563457089752E-9 0.04997703663500753
-0.04037960269203985 0.4408570318083466 0.0625957773306699 0 7.37043614151579E-8 5.8159505010473245E-9 0.04997703234427858
0.3329058545937796 0.33325924236807375 0.06406157186555389 0 5.5685486589657944E-8 -3.958023741716199E-8 0.04997705368875306
0.30693864167133966 0.4042133776050551 0.06608285286906407 0 6.481282722380782E-8 -2.8298955897215976E-8 0.04997703789575533
0.5387084587482874 0.20560708274998704 0.07032262751622614 0 4.719465112236243E-8 -5.852343924949197E-8 0.04997703251909475
0.47599510640454495 0.23047538821938993 0.06733340193971542 0 4.885994114440992E-8 -5.0455697772248764E-8 0.04997703406723531
0.5285393108936259 0.16518893231571916 0.06885934434787161 0 4.448774365662464E-8 -5.752224297740263E-8 0.04997704094976307
0.6359863797306671 0.1341128294488754 0.07542020319546491 0 3.343094892465426E-8 -7.466195171278343E-8 0.049977032181771346
0.5665181445886517 0.15558354761445173 0.07104008880031383 0 4.2206170133287346E-8 -6.429326414246096E-8 0.04997703452937504
0.660910431014522 0.06111123862815046 0.0764443497197492 0 2.3323929831409062E-8 -7.90094837959683E-8 0.049977032428674684
0.3628225028367361 0.2686598783514226 0.06303900336729049 0 5.1261027887906294E-8 -4.567909862205412E-8 0.04997703931457067
0.40159415937487913 0.22227119456522582 0.06342742714419668 0 4.4567596279052545E-8 -4.536224119289212E-8 0.04997703607695833
0.8374232558848936 -0.1293417213860296 0.09218338983550127 0 8.81717022313841E-9 -9.822952361488218E-8 0.049977059845015534
0.9192877606928149 -0.10260258091221071 0.09999999999999994 0 1.2944118902199048E-8 -1.0674578034981344E-7 0.04997704680511503
0.736498120183538 1.9461726324828643E-16 0.0822207664498539 0 1.5122448131511644E-8 -8.668546709725283E-8 0.04997704159237454
0.7859407931602105 -0.07401767626946824 0.08680140328934059 0 8.814863639107611E-9 -8.780548532788558E-8 0.049977054939913924
0.7880045515761323 -0.12910173677696724 0.08762058220646912 0 2.436833851353904E-9 -9.164244566325085E-8 0.04997706430877916
0.7883546035916829 -0.16488856810254315 0.08824892692988198 0 -1.3673802877344213E-9 -9.644704890290336E-8 0.049977063225798674
0.7597010793028802 -0.19500257071099414 0.08634694259141451 0 -7.726329861136754E-9 -9.389467531484555E-8 0.049977056102682015
-0.5485031394581955 0.7448231888659758 0.09999999999999998 0 1.0433775146419678E-7 7.645846390381859E-8 0.04997702662804083
-0.5596851197575441 0.6634042603718276 0.09419033697962353 0 9.177445845374407E-8 7.575726717390511E-8 0.04997703765375202
-0.4499036574234318 0.6597655574984556 0.08762543161615084 0 9.949754213900774E-8 6.000587767143128E-8 0.04997703537987593
-0.5084523869045262 0.6310249340793687 0.08870435188239581 0 9.31852201970804E-8 6.662462669055856E-8 0.0499770459996311
-0.3679940573528886 0.6373844042186184 0.08217817873449768 0 9.514118440355385E-8 4.458541641165037E-8 0.049977026453859014
-0.42125713605646403 0.6077940464059373 0.08247265847688973 0 9.495790859590807E-8 5.1934674476505515E-8 0.04997703063115614
-0.5445828559277581 0.5931276201062035 0.08823074690283744 0 8.442843011449326E-8 6.650393097035725E-8 0.049977043624493005
-0.2598642375444073 0.5690891545970852 0.07365958600480058 0 8.402930815515677E-8 3.414983530503498E-8 0.04997701758671343
-0.146043412013244 0.5032640730580226 0.06704541835555089 0 7.443369856793134E-8 2.6506054921196995E-8 0.04997704202955847
-0.17773060720916645 0.5259463281585312 0.06894804779728927 0 7.58647300385604E-8 2.979815380513686E-8 0.049977030472952315
-0.21172158677062325 0.5198781223671345 0.06933829044213057 0 7.477778454981685E-8 3.223742603482439E-8 0.04997702518331661
-0.31860245148696237 0.5518356333914171 0.07448895588812982 0 8.350365333412583E-8 4.098148211695397E-8 0.049977016445931575
-0.14030890931253803 0.4679836164169959 0.06501280116403946 0 7.066727837109135E-8 1.9617079160484836E-8 0.049977048566033334
-0.1029411460718821 0.44640858274387013 0.06338188130081228 0 7.431228995996604E-8 1.1185116709682053E-8 0.04997704492538461
0.2318898921058528 0.4016450748890024 0.06367695651733307 0 6.635721495846147E-8 -2.5136941693350743E-8 0.04997703197437887
0.15384627156060382 0.38391173658918915 0.06118533303935767 0 6.48021956780451E-8 -2.0988639148798692E-8 0.04997703158993196
0.08567704016096146 0.39343427128029224 0.06068036954612458 0 6.311504114720437E-8 -1.2727495918737869E-8 0.04997703185413222
0.05891091878969271 0.3561813785904501 0.05888183035860122 0 6.000325261263623E-8 -6.455691452342666E-9 0.04997702469068659
0.013052198219917915 0.38970549808144694 0.060109559393507296 0 6.395126579955716E-8 -1.1540763395513034E-9 0.04997702578837337
-0.07539656272461731 0.38263872680028077 0.06011274428033935 0 6.48775181093706E-8 7.693113083355302E-9 0.04997702780789432
0.29687695963224414 0.26583446546620587 0.06049214663587172 0 4.69038046776788E-8 -3.7194595959390005E-8 0.04997703338205997
0.2625418688185837 0.33648330779519714 0.06181290503458571 0 5.3358487985570334E-8 -3.045487642555287E-8 0.04997703509308894
0.4879508039440347 0.1753290332884817 0.06671893154849401 0 4.2986675682159306E-8 -5.02917975526964E-8 0.049977046198332764
0.44078820931890456 0.1777885340956575 0.06428879605061416 0 3.766624045464102E-8 -4.602562284078842E-8 0.049977045118623074
0.5192463818471629 0.12824117265253684 0.06769417632898124 0 4.1338908070972064E-8 -5.989715722461876E-8 0.049977047576860896
0.5800435663390094 0.07440259297015445 0.07086095755136958 0 3.136913267000092E-8 -6.94686902704578E-8 0.04997703205216226
0.637168246229727 1.7636191275501274E-16 0.07448630903843242 0 1.8000958193712786E-8 -7.476992075535934E-8 0.04997702940713633
0.394490378891255 0.17177804019933987 0.06198157459134764 0 3.485155743335057E-8 -4.393940238437538E-8 0.0499770381741202
0.33827356631260735 0.19741612693850674 0.060186571415137134 0 4.004235721714521E-8 -3.963291122188888E-8 0.04997703032142386
0.823080640176532 -0.2073363860609292 0.09232209730203018 0 -2.6726674505823017E-9 -1.0248790726666777E-7 0.049977055198215846
0.9051251563026288 -0.19071818387397393 0.09999999999999996 0 1.802369293123209E-9 -1.1029143674680947E-7 0.04997704895845315
0.6918887433807663 -0.06772116765551028 0.07886795692620671 0 5.9915312204633385E-9 -7.921727850602785E-8 0.049977038897975036
0.7325342916850162 -0.13408386908087777 0.08291013088256638 0 -4.430682955481394E-9 -8.562600405040561E-8 0.04997705433723245
0.7578046117703348 -0.24801668508133748 0.08751626752734717 0 -1.1655230434972033E-8 -9.197014362366813E-8 0.049977050242571784
0.7040732060431756 -0.2032143579310842 0.08191372549943252 0 -1.0620871011445066E-8 -8.462367931829278E-8 0.04997704586443139
-0.6177328508859397 0.6884991641819087 0.09999999999999995 0 9.313414475564714E-8 8.161112351790014E-8 0.04997702811018083
-0.6071515389330133 0.6092519905512257 0.0934219469334025 0 8.318656570664238E-8 7.753603197729673E-8 0.04997703302919998
-0.5735399527378838 0.553508622043815 0.08749015204644302 0 7.985279103080897E-8 6.93397357587143E-8 0.04997703524157295
-0.47303326379715877 0.5791284533565412 0.08316905076856485 0 9.116125275240188E-8 5.565838815662763E-8 0.049977038411063324
-0.39181543828090004 0.55445735722153 0.07760084140770421 0 8.68040183929755E-8 4.8229355752681006E-8 0.04997702140584372
-0.5240933648557364 0.532232296917964 0.0831006990315747 0 8.113585688330229E-8 6.065138607858137E-8 0.04997703349805474
-0.2730034360466586 0.47285582187369307 0.06837705113188602 0 7.173534787388977E-8 3.941309340282053E-8 0.049977021880915046
-0.19156331121345604 0.4731617410648762 0.06625147072173328 0 6.762995403624778E-8 2.754737063140062E-8 0.049977034964235764
-0.3580569939172612 0.4725541821277962 0.07140049698238948 0 7.329070381625133E-8 4.971836776487609E-8 0.04997702035613121
-0.30165136280488036 0.4184145297189895 0.06656200918217181 0 6.830222050028952E-8 4.484040370492094E-8 0.049977030353463354
-0.157502577302292 0.4062797025959702 0.06224976286168573 0 6.407818353020278E-8 1.6167226808476283E-8 0.04997703438806879
0.1923176439095004 0.3331039304431941 0.059877835485628056 0 5.660535115422789E-8 -2.2921427403321998E-8 0.04997702501324081
0.10763513709501452 0.32249572723181036 0.058047784011843524 0 5.7286200192895645E-8 -1.1505807726943108E-8 0.04997702270769561
0.02555769618970364 0.3104658173674803 0.05699894508193309 0 5.560695658487064E-8 2.415405424327742E-9 0.04997702561903819
-0.04439277195221167 0.328710102628296 0.0577329050528648 0 5.6528918359615133E-8 8.590238445239152E-9 0.04997702322588094
-0.11902524067374878 0.32805250160257865 0.05839824108948766 0 5.609269758503204E-8 1.5093454092083838E-8 0.04997702127139174
-0.017053837843317182 0.27836069099312905 0.05590951428308119 0 4.981084649616502E-8 1.0291528100939635E-8 0.049977031701738846
0.011677278178983168 0.25977319628253465 0.05533524160416193 0 4.9942799521088394E-8 8.12308285540001E-9 0.04997703771806776
0.26432978404622737 0.19520810401833602 0.05761727712614054 0 4.233208277646636E-8 -2.864176614722606E-8 0.04997702709383016
0.22703812963746223 0.26409762190385005 0.058370438456053005 0 4.789820358164498E-8 -2.536033101096985E-8 0.0499770245385453
0.4615326701397575 0.12346215125476942 0.06442192515091573 0 3.1537865601760384E-8 -5.419885303507206E-8 0.04997705762681312
0.41609697408913515 0.13788398400008958 0.06237868126929303 0 2.8771336341153152E-8 -4.734708413620474E-8 0.04997704560341046
0.493812622045095 0.06489296717588176 0.06554297030555511 0 2.956171946360409E-8 -6.2426058546174E-8 0.049977044726691004
0.5965173615012843 -0.07939251741876009 0.07200225824383245 0 1.1609207488548344E-8 -6.86469797018305E-8 0.04997703274415249
0.5449077695259101 1.790659953385319E-16 0.06830916124377963 0 2.2504129854201872E-8 -6.36856013189187E-8 0.04997703317257221
0.35923719947272786 0.12552401442410066 0.05970040660633742 0 2.9722857872537836E-8 -4.1896628240431263E-8 0.0499770319724127
0.23462332403576253 0.13422621113694225 0.05564316792853833 0 4.009819560689704E-8 -2.2906852193061222E-8 0.04997703785214209
0.29070078878885497 0.12979410487969603 0.05724274123768994 0 3.590755382966961E-8 -3.2503110821069864E-8 0.04997702861251202
0.8014927716328408 -0.29144105877124366 0.09271262928645599 0 -1.2755445405428211E-8 -9.658062923510511E-8 0.04997704822168086
0.8809325145611795 -0.2820885484172241 0.09999999999999999 0 -1.0147563627823071E-8 -1.0819510054405236E-7 0.049977043494417936
0.6510493529215736 -0.15514133280147802 0.07686356365481603 0 -3.1194839224052267E-9 -7.676807048962609E-8 0.04997703713786808
0.5770279320473077 -0.1518434761804153 0.07165568912865206 0 4.4018932766005885E-9 -6.904006620036488E-8 0.049977036730123436
0.7173493567573875 -0.3169596225802428 0.08634023460744476 0 -1.926772212984918E-8 -8.115997912530141E-8 0.04997705240324495
0.6897625743522149 -0.264441860913035 0.0824063475266023 0 -1.605764090142876E-8 -8.000040746344663E-8 0.04997704455976717
0.6384778628041973 -0.23491899962832427 0.0777084562971251 0 -1.225350919725758E-8 -7.4956566236165E-8 0.04997703667510949
-0.6847646792234083 0.6218628292777221 0.09999999999999995 0 8.493434310359575E-8 8.86089908477363E-8 0.04997702217106407
-0.6465139113454264 0.538316822314734 0.09160194260007758 0 7.818580082831786E-8 8.336334604637041E-8 0.04997702946934564
-0.5770660846669927 0.4836246905463882 0.08360849061752018 0 7.611035428593658E-8 7.078302209320917E-8 0.049977028875907215
-0.45509595152323246 0.486640439064581 0.0766367028663977 0 7.63667153476113E-8 5.56437100681747E-8 0.049977022010700596
-0.41803303753571375 0.41861066103869105 0.07131407766744806 0 6.337734744684319E-8 5.66511916647396E-8 0.049977024325733095
-0.5228737105474611 0.469403410425903 0.0794598201715015 0 7.449650696621782E-8 6.285865826971395E-8 0.04997702409702386
-0.2326279902659774 0.402923498403311 0.06375456788963607 0 6.541060075309717E-8 3.095441160173541E-8 0.04997702867216254
-0.2807191746564195 0.3771430143239577 0.06401358518053686 0 6.646455199912467E-8 3.9013046745471223E-8 0.04997703492622336
-0.366851516506518 0.3914531813319968 0.06779342734587492 0 6.022384399351917E-8 5.3673130670814554E-8 0.04997703787483853
-0.31784422091904324 0.3574692689417032 0.06445327462614314 0 6.404805202119977E-8 4.332401913850126E-8 0.04997704591573872
-0.19326570388917427 0.3347460184966118 0.05996054906425582 0 5.8724076484205353E-8 2.3523013295546533E-8 0.04997702256793899
0.14969050843762158 0.2592715660247785 0.05657975437506353 0 5.037533455967906E-8 -1.3225369265504707E-8 0.04997702295507513
-0.15073713287945018 0.26108437273446894 0.05665087411303694 0 4.724163698189489E-8 2.2816859602708772E-8 0.04997702075184258
0.06630901180929023 0.250856535710505 0.0553186995326227 0 5.169080652368118E-8 -6.519641771333595E-10 0.049977032941081294
0.017981432514459814 0.22651294475696923 0.05443142027174295 0 4.770673213276145E-8 5.909603665917998E-9 0.049977048774783255
-0.07471068043782808 0.2615864764835527 0.0556965634877458 0 4.5341747916410443E-8 1.5652810731933594E-8 0.04997702839596563
-0.014253461472862217 0.23459230484404994 0.05463523466770248 0 4.3530778423232105E-8 1.0720825831094496E-8 0.049977046244958724
0.20062573683728832 0.09527047772396216 0.05430115527057267 0 3.543220793375412E-8 -2.213378989424532E-8 0.04997705287906316
0.18890830540911194 0.1893292231980287 0.05555650018582656 0 4.280269935798369E-8 -1.5085387503558232E-8 0.04997703246602361
0.18353225708574536 0.1263657612272312 0.05431954168807018 0 3.6315308050976015E-8 -1.4855145485570231E-8 0.04997705221227557
0.4146151646677903 0.077681020975073 0.06157475739077052 0 2.2729911182134613E-8 -5.1572953712576376E-8 0.0499770407058272
0.4636209692030302 1.4593888372567647E-16 0.06366862151549985 0 1.843199609566045E-8 -5.396228979233224E-8 0.0499770382102326
0.5270134709035552 -0.12362075461980128 0.0680883893303861 0 1.1038453841036027E-8 -6.167560866944656E-8 0.04997704803414283
0.5078212312272355 -0.05773868566153319 0.06628756501631428 0 1.5510275380989824E-8 -5.5388367320598034E-8 0.04997704273493562
0.3331467524821928 0.0633273262949379 0.05801432008933982 0 2.5340930758212572E-8 -3.9417032108953304E-8 0.049977026989073976
0.2538184516803514 0.06940494742292715 0.05542696753822805 0 3.260267852302677E-8 -2.9540950267107724E-8 0.04997703554100177
0.7635253857731481 -0.3782532475337201 0.0926398396720293 0 -2.082588053567057E-8 -8.958898242088086E-8 0.049977056354742894
0.8437752388147 -0.3790359438971111 0.09999999999999999 0 -2.0228078401584815E-8 -1.0026409302793226E-7 0.04997704546594656
0.5898871014295897 -0.20776639827421509 0.07364495662277286 0 -5.4272289884558556E-9 -7.108403892716611E-8 0.049977033793845306
0.5408130551366508 -0.18150058753720788 0.06992281214701015 0 1.8071956259651382E-9 -6.746576832822456E-8 0.049977040022269506
0.6777956079436661 -0.39290477214771746 0.08626804024189792 0 -3.1852238192192884E-8 -7.871405628504741E-8 0.04997706473540355
0.6346730356926773 -0.3174870091624343 0.08001946855914076 0 -2.409706896151206E-8 -7.105928829797097E-8 0.0499770437099571
0.5796784116794852 -0.2776116098201063 0.07488927562467991 0 -1.6102046149615283E-8 -6.811754498611646E-8 0.049977033153282745
-0.7501326501074496 0.5412263004122693 0.09999999999999999 0 7.740178751510673E-8 9.954462062232536E-8 0.04997702399490555
-0.7186415188607144 0.4635460562865767 0.09293928953994947 0 6.867576913915135E-8 9.537416632816747E-8 0.04997703773140512
-0.5580584193120213 0.42548332869284045 0.0793877523859349 0 7.074498226317272E-8 6.851062924774063E-8 0.049977023883113494
-0.6328963674406778 0.4470501467799965 0.08550954643040555 0 7.412783033293664E-8 8.118424106747709E-8 0.04997703569000002
-0.6767294999436545 0.3833870641168075 0.08576692861654717 0 6.537648071123558E-8 8.175621993296707E-8 0.049977045806638684
-0.4324706598932547 0.3595596935895599 0.06940707877592157 0 5.3387926364587926E-8 5.650612518254118E-8 0.04997702760067316
-0.48200836859227103 0.4026983386005155 0.07383556549613608 0 6.326001240055818E-8 6.097166082955847E-8 0.04997701950943329
-0.5442886348821633 0.36830034160648034 0.07595460109733419 0 6.247637365764846E-8 6.722998127100758E-8 0.049977019741758506
-0.3182526738785638 0.31228528282505874 0.06275542647814243 0 5.8428875803515203E-8 3.641238720584693E-8 0.04997704282057773
-0.25621859628623345 0.32661564029958035 0.06125711843708684 0 6.118716764638972E-8 3.1490931381238335E-8 0.04997702993767718
-0.37474174799433474 0.325215240573534 0.06543736846884436 0 5.0503821614451536E-8 4.54767254605037E-8 0.04997704448128836
-0.4300985673768074 0.3012630280350379 0.06711000127247038 0 4.727971950069554E-8 5.430949619903078E-8 0.0499770290894992
-0.22695325756190313 0.2565120405768185 0.058144911454045704 0 4.9331174133217315E-8 2.971425935514846E-8 0.04997702145372779
-0.18350196867475074 0.18844743574056294 0.05542383280391715 0 3.768103650762569E-8 3.001481473574798E-8 0.04997703069445498
0.11136664405289663 0.19289268576805546 0.0543171535525474 0 4.3415099694257066E-8 -6.802453950696818E-9 0.049977036666098956
-0.1122914677939212 0.19449452747555573 0.054363926326504504 0 3.8102485396757206E-8 2.0104026409553967E-8 0.04997703496930571
7.833096257776418E-4 0.19069362679459012 0.05356840441819727 0 4.05322339663745E-8 1.740953053445407E-9 0.04997705531636624
0.04520143550094839 0.18418512355280772 0.05354594410814683 0 4.3981960272407626E-8 -2.940015421236559E-9 0.0499770483168348
0.017173734845246678 0.1662656573333219 0.05309215701680856 0 3.9256698201457775E-8 -3.053411196811803E-9 0.04997705095615977
-0.04746651353754764 0.1829715324610284 0.053532622158623755 0 3.532341467853928E-8 8.252283379709411E-9 0.04997704712787908
0.1909210649037195 0.04684254353730668 0.05369730809312632 0 2.6918508935304596E-8 -2.4177155047162786E-8 0.0499770485159305
0.15384433041034729 0.09209874155024392 0.053330182368177645 0 2.66713853156875E-8 -1.7366004006607373E-8 0.049977056252060954
0.13647605991683223 0.1435082568468913 0.053729825805134857 0 3.418971876675713E-8 -9.811309716869295E-9 0.049977046666570935
0.38492668203237634 1.0023152680894796E-16 0.05989052034096669 0 1.5544597266930464E-8 -4.451615291724339E-8 0.04997703028841299
0.4253355502182104 -0.06042681663517086 0.061949401873126426 0 7.355025075584474E-9 -4.5680382215703775E-8 0.04997704151571083
0.48600244774065643 -0.18106149615140063 0.0667271620082264 0 -2.5098623141869983E-10 -6.338667527657709E-8 0.04997704903281102
0.4535801009187721 -0.11979187747949692 0.06395953291420167 0 6.028342258287459E-10 -5.164309851968826E-8 0.04997705925387826
0.30024351839566077 1.0287337474471442E-16 0.0566089984335615 0 2.07880865104648E-8 -3.437556949048876E-8 0.049977026805237044
0.2238875048948223 7.961310541061857E-17 0.054346295287657866 0 2.306062722207051E-8 -2.5217247528623508E-8 0.04997703943611282
0.7176713367395706 -0.46521260674377907 0.09294805270739667 0 -3.466061222823574E-8 -9.072376831781292E-8 0.04997705773025005
0.8010709981238167 -0.46249419750242293 0.09999999999999998 0 -3.128889506470134E-8 -9.844028533285958E-8 0.04997705082011911
0.526450453306162 -0.2376825100162034 0.07038843476625323 0 -7.311459643629985E-9 -6.54958657146291E-8 0.04997703451468619
0.4546475825643904 -0.23293628734368743 0.06627327609670221 0 -7.600439540362212E-9 -5.7076514683181934E-8 0.049977040253446556
0.5306797663003683 -0.29923675531161764 0.07251363051783592 0 -1.672924909312692E-8 -6.323084751798919E-8 0.04997703169555451
0.6103906305879975 -0.40135765312469507 0.08172372928462608 0 -3.623093298730518E-8 -7.088455094442992E-8 0.04997704922498756
0.6403517767463041 -0.46278562534170165 0.08686037768572827 0 -4.011598128458211E-8 -7.86221004051325E-8 0.04997705452215206
0.5664981365845182 -0.34007595181336636 0.07621962270586985 0 -2.5322465571121123E-8 -6.539248714651222E-8 0.04997703558196173
-0.8010558185062641 0.4625204886241073 0.09999999999999998 0 6.548529060484946E-8 1.0311334985320549E-7 0.049977029263020105
-0.7603438011582597 0.3738096376808479 0.09217483686370775 0 5.4876592979376165E-8 9.332066524555704E-8 0.0499770377000119
-0.6064827120561795 0.3683452405387546 0.0800133246078764 0 6.636602163998219E-8 7.315777285586441E-8 0.04997702891416916
-0.6554904399290363 0.3258387756938692 0.08184700708932659 0 5.9376521059190496E-8 7.697360967640839E-8 0.04997703267150958
-0.7173789460644423 0.3218656625868021 0.0865204629875929 0 5.398861468525115E-8 8.537744723349697E-8 0.0499770364479191
-0.4490633670822638 0.262933614095089 0.06682964731028332 0 4.4598918530900275E-8 5.831095270533433E-8 0.04997702698663172
-0.561964870759204 0.31624700130713357 0.07504348009682706 0 5.582576090607374E-8 6.953380749200063E-8 0.04997701914117614
-0.4969688691845382 0.31115828345845914 0.070963541880969 0 5.1010032885468975E-8 6.343079363760679E-8 0.0499770194024304
-0.3445240713159381 0.2767146512083848 0.0625551726814487 0 5.064141533182515E-8 3.8664346847390374E-8 0.049977036756545024
-0.29822944351534514 0.2720284218761082 0.06072614652584281 0 5.318579026757427E-8 3.4141015491587875E-8 0.04997703121437658
-0.278960464150049 0.23105339123962187 0.058930977919053947 0 4.625254625274016E-8 3.443152431960134E-8 0.04997702420628339
-0.39866775255885006 0.2551376793832062 0.06418286265211672 0 4.542906116113898E-8 4.9348126856391325E-8 0.04997703161898387
-0.43855507291261625 0.22078311851591842 0.06514753629020965 0 4.22274995891516E-8 5.8622974882502895E-8 0.04997703167754954
-0.25569422992480945 0.18010642956677383 0.05704280655464758 0 3.657447104433653E-8 3.5040862920111587E-8 0.04997702525733383
-0.22047029564306936 0.14293411554993973 0.05541545974285534 0 2.880920605598779E-8 3.331577829275203E-8 0.04997703687761801
-0.18680865935078536 0.12991541986645877 0.05443956342319764 0 2.9110586756361824E-8 3.0078349258723754E-8 0.04997704825754091
-0.13865734030206037 0.13413724110678016 0.05361667711440055 0 3.487676069350485E-8 2.2941649871929573E-8 0.049977047193633266
-0.13558426904309848 0.09984465055515283 0.05311549222562181 0 3.2757698257156626E-8 1.84831552631606E-8 0.04997705076332277
-0.25161809751440434 0.1255049475699697 0.05598231997151887 0 2.6532718765661145E-8 3.4256211821695026E-8 0.049977031602006464
0.19420772375092543 -0.04676552312468657 0.05376845209193871 0 1.612838038775645E-8 -1.8698859392541854E-8 0.049977049076856975
0.07844894660138703 0.13587756131386025 0.05290437550856243 0 3.376972888974191E-8 -7.858864955326206E-9 0.04997704371903442
0.1581850159804538 4.03666044625459E-17 0.05292729798071231 0 1.740202852326052E-8 -1.7335036681424967E-8 0.049977045958354074
-0.0793293077376864 0.13740239153093967 0.05293577949983721 0 3.401191275197571E-8 1.1306275655342804E-8 0.04997704279658568
-0.10192189467460562 0.10267269443312377 0.05269596908601703 0 3.291784212618232E-8 1.341988119048459E-8 0.04997704433015034
-0.004334214649360648 0.15163914092247652 0.05281372846092682 0 3.548206731019763E-8 -1.8694668231679E-9 0.049977048317730616
0.035198297345602834 0.13784946141786308 0.05265706254873472 0 3.49908947661224E-8 -5.665539503509094E-9 0.049977044628709555
-0.03647527919163236 0.1302798698937503 0.05254752074115307 0 3.269581824677476E-8 2.89030974624922E-9 0.04997704285731842
0.12737884186502524 0.04457914646124021 0.05254239887577797 0 1.9886415203193546E-8 -1.5987692040323846E-8 0.049977045608809334
0.10177697427875258 0.08834048795367636 0.05253956863179542 0 2.463439930797637E-8 -1.1903766530282067E-8 0.049977044881102405
0.34118511954802583 -0.062154607897978366 0.058312559079427444 0 9.501905953433405E-9 -3.806234838264071E-8 0.04997702893737192
0.37836392981717903 -0.12391451309547875 0.06047575124681005 0 -1.7094633330039376E-9 -4.316537092476838E-8 0.04997703840361635
0.41238404925178007 -0.18021837395374024 0.06296662723972753 0 -6.8139654968439755E-9 -5.08661917079007E-8 0.04997704441093785
0.1676578507312959 -0.08204581170599337 0.05348225864611659 0 8.039350890957163E-9 -1.644466266681265E-8 0.04997705846112831
0.20181374228166962 -0.09141964150518621 0.05428754190491373 0 1.30410384476211E-8 -2.2349019188534645E-8 0.04997705446308595
0.25485064501553883 -0.06881848120103617 0.05545206946541742 0 1.5837638453290975E-8 -2.821778192085204E-8 0.04997703676766052
0.6644823007055147 -0.5389515943966049 0.09297818153954257 0 -4.369263581781957E-8 -8.203990215639424E-8 0.049977050078254766
0.7501545366059805 -0.541195963440213 0.09999999999999984 0 -4.3162678266013864E-8 -9.481150092590348E-8 0.04997704675500132
0.6027366073062329 -0.5213223560235656 0.08747588350371878 0 -4.33630369451728E-8 -7.071595253432294E-8 0.04997705142515111
0.3907221727608636 -0.23584567652234328 0.06329187670784996 0 -9.987870610604368E-9 -4.487652449631725E-8 0.04997704119336949
0.47890979704271586 -0.2863984098188226 0.06912760288748078 0 -1.2485686385722908E-8 -5.8036968010192005E-8 0.04997703451660351
0.4250914842628162 -0.2904030737883922 0.06650384046370365 0 -1.1564271106807412E-8 -4.9446180322757785E-8 0.04997704179482021
0.5018045759598764 -0.3463645861940246 0.07254833341115846 0 -2.158090948196003E-8 -5.930858343988303E-8 0.049977032833178
0.5395049675561714 -0.4037977139333864 0.07721405836956645 0 -3.259489411390477E-8 -6.228328666245912E-8 0.049977037138883545
0.5629289159938321 -0.47314451663551055 0.08212579004392509 0 -4.07689119914847E-8 -6.428433219614032E-8 0.04997704560221992
-0.8437609348289447 0.37906778281416026 0.09999999999999995 0 5.4478383352487546E-8 1.0491458816964405E-7 0.04997702552961472
-0.7888004165309437 0.2903760964571749 0.0915314985584158 0 4.748747751802101E-8 9.905008317416508E-8 0.04997703182544037
-0.6102329054490165 0.2953318100128198 0.07752504764743698 0 5.478030662123456E-8 7.39728530665548E-8 0.04997702283277683
-0.6672358697757713 0.2726523999513782 0.08092297245691278 0 5.190903476335468E-8 8.072917582836469E-8 0.049977027673737406
-0.7578216461505273 0.23114048963723496 0.08705889216020636 0 4.487188142745277E-8 9.72497628984311E-8 0.04997703627007555
-0.7250638207162802 0.2644091498704253 0.08523826785223539 0 4.912714081771334E-8 8.97709290319492E-8 0.049977032391723054
-0.49761740681994665 0.2259943198914076 0.06840949555720777 0 4.035240571834283E-8 6.699063284974306E-8 0.04997702697628299
-0.5531916805568725 0.2548390044927608 0.07250231820116229 0 4.563415291627508E-8 7.090060524599795E-8 0.04997701966495274
-0.3304177610769968 0.2075632873895256 0.060121873146272396 0 4.3568685632007036E-8 4.049552499357858E-8 0.04997702623052432
-0.40020050920329836 0.18553375498639196 0.06251643484045977 0 4.2031816998487954E-8 5.211396574854584E-8 0.049977033238126314
-0.4509389353459413 0.1806295394110867 0.06485872161226297 0 3.915914281205605E-8 6.199261284461338E-8 0.04997704011214091
-0.3081655557366316 0.12979030410922685 0.057834162632571066 0 3.1755933355932084E-8 3.9245675435444344E-8 0.04997702424119714
-0.21413652185417031 0.10501643106435352 0.05472829937040968 0 2.254123581448025E-8 2.9284418441717736E-8 0.04997704522104617
-0.1657690318723487 0.09663028560186343 0.05359396061230914 0 2.9010995545561506E-8 2.1977305378802677E-8 0.04997705566503279
-0.13208776332768432 0.07040426877471608 0.05277929135503944 0 2.9459990378140274E-8 1.5315026469102434E-8 0.04997704801790265
-0.2668792736165402 0.06671487334767569 0.05579077358601759 0 1.977675714800705E-8 3.329557047862874E-8 0.04997702923373795
0.13394298555224937 -0.04272165979228181 0.052630185389843605 0 9.756470169132913E-9 -1.1948724727804234E-8 0.049977047515050686
0.04273067501608838 0.07401170016957918 0.05192584962618541 0 2.4615378811351916E-8 -6.463113777399247E-9 0.049977035266862715
-0.07427627943517315 0.042883429926301064 0.051928801697300825 0 2.593643673292874E-8 8.79901898394577E-9 0.04997703505092132
0.08580268905133058 2.7924535741052085E-17 0.05192915349305607 0 1.3903031808167661E-8 -8.599496462005901E-9 0.04997703652760363
-0.04304287969149937 0.07455245452975151 0.0519319033593881 0 2.8218444005493863E-8 3.8360989494459855E-9 0.04997703484622875
-2.9796378738924766E-17 0.08577355466188762 0.05192886660175564 0 2.7822084534696287E-8 -2.130365186093231E-9 0.04997703513722241
0.0741595043143772 0.04281600977887492 0.05192749553399362 0 1.9268436262018023E-8 -9.10079866725307E-9 0.04997703612638152
0.12170874450296679 -0.07937873255132208 0.05270638285367756 0 3.970552456035353E-9 -1.1139764836803671E-8 0.04997705024502741
0.1532214795718842 -0.1047515501973591 0.0534601593182905 0 3.189283016647271E-9 -1.820204112106963E-8 0.04997705828282395
0.2997814449763266 -0.13025461904441932 0.057552736756421516 0 3.8717803475698E-9 -3.494750469488493E-8 0.049977031156042115
0.34046960443170665 -0.192505611563268 0.060162576700472446 0 -7.015343193979256E-9 -3.861683839673427E-8 0.04997703472757577
0.34557599933864525 -0.25420475687873284 0.06192004258218349 0 -1.3440653428174711E-8 -3.6135582939817485E-8 0.04997704240542091
0.17846806103523252 -0.12182655323316931 0.05415222050793654 0 5.620788656231426E-9 -2.4713372686059435E-8 0.04997705686521227
0.23090062297727748 -0.133798202671902 0.055538699139373295 0 7.901409914743464E-9 -2.994261028912813E-8 0.04997704186464078
0.6050561438570468 -0.6036830020468081 0.09289418017943481 0 -4.825213935716239E-8 -7.250112336565464E-8 0.04997705579671072
0.6847899965302142 -0.6218349498910589 0.09999999999999994 0 -5.0654845135125855E-8 -8.382327366073884E-8 0.0499770460449022
0.5365057739834544 -0.6074638984061791 0.08871198704411519 0 -5.22258166398009E-8 -6.267299668469086E-8 0.04997706713997341
0.5490740032503056 -0.5442731464552362 0.08535659345024513 0 -4.605495137392518E-8 -6.021590671857245E-8 0.0499770556180904
0.3750627258693447 -0.2936858939923493 0.06434654814554322 0 -1.4006032343303723E-8 -3.9824558886691624E-8 0.0499770500738821
0.3969354899692888 -0.3460112170117684 0.06719703593166886 0 -1.6178966227468985E-8 -4.7739033637966464E-8 0.04997705125545284
0.4494990254251991 -0.34835776824770576 0.06980849106780326 0 -1.8050317130378343E-8 -5.4000929911038094E-8 0.04997703830594735
0.4743994852003083 -0.40954268251415876 0.073738234339428 0 -2.924431827178485E-8 -5.61605155958851E-8 0.04997703535804595
0.5051728219418842 -0.4543425560441293 0.07763963571270259 0 -3.754707924597628E-8 -5.724723271304371E-8 0.049977038771370975
0.5025098789806551 -0.515963207586209 0.08087711077114171 0 -4.5830093312035854E-8 -5.411921716453544E-8 0.04997704807578914
-0.8809225682293763 0.28211960771987943 0.09999999999999996 0 4.435451653845734E-8 1.1279099470271981E-7 0.049977025289677256
-0.828550120997359 0.21135039229983998 0.09293041569195869 0 3.718130043750853E-8 1.0753442975712017E-7 0.049977038237245926
-0.4876818695036711 0.16005919777938843 0.06641416297022892 0 3.193044549529063E-8 6.64376335219195E-8 0.04997704470225848
-0.7583678808155521 0.178257805309045 0.085877514601274 0 4.1092420021481454E-8 9.730182956695847E-8 0.04997704434446721
-0.6170663609123308 0.222189336538271 0.07585507468331582 0 4.3951484017021573E-8 7.723218736838533E-8 0.04997702153766871
-0.6972424057138273 0.20430689657176634 0.08139617396721441 0 4.525017897857196E-8 8.771125596290546E-8 0.049977031018654305
-0.5518948161465875 0.17422255470543752 0.07046196471921623 0 3.2032133756786025E-8 7.190786500181702E-8 0.0499770281526133
-0.36894201678212313 0.12798179161528736 0.06013540062401418 0 3.6476867352497635E-8 4.5980282744085856E-8 0.049977029444666164
-0.4362515368769687 0.13236424219261816 0.06326633817399903 0 3.7779686089939617E-8 5.525359839008079E-8 0.04997704642060473
-0.33947513674739144 0.06240362523718613 0.058248486325065116 0 2.5276530596567357E-8 4.146494074793128E-8 0.04997702332539882
-0.18433654548332082 0.048222709230570565 0.05356505347436668 0 2.0157161803330042E-8 2.064209974036691E-8 0.04997704723029462
-0.13330372693534312 0.03517105967265548 0.052587287930552964 0 2.4154852931958233E-8 1.5660729569952526E-8 0.049977043856820454
-0.08544796042127181 1.2633032021521531E-17 0.05192572029476935 0 2.099818369070723E-8 1.2024915333496081E-8 0.04997703530501125
-0.2993967149465731 5.4908359945213266E-18 0.05658028588283902 0 1.4011293805719805E-8 3.78390837882837E-8 0.04997702331599454
-0.22270343343645202 -2.7398019802337882E-17 0.054316401779706945 0 1.1938302717009733E-8 2.8636901530501687E-8 0.04997703683853753
-0.27837086784154214 -0.12617379267311218 0.05679356136910862 0 -1.8225437776837016E-9 3.422042875190754E-8 0.04997702933198619
0.07416648351753428 -0.04282003922369633 0.05192757354063934 0 9.008730253469062E-9 -5.281761927628583E-9 0.04997703708525851
-0.07423701450489274 -0.04286076030823398 0.051928362278406685 0 1.562691706520221E-8 1.255426241687597E-8 0.049977036102400056
5.433302611002987E-16 -9.25534990736191E-16 0.051513083863437 0 1.746485935433488E-8 1.7244497891075861E-9 0.04997702771391917
-0.10393602836491157 -0.0928684349452979 0.05261104654913398 0 9.801186922012305E-9 1.5326110231945315E-8 0.0499770463414373
0.09263290818595533 -0.09340215664313874 0.05249108753880629 0 3.1187128925659173E-9 -7.991303498610362E-9 0.04997704571062496
0.13365633223327938 -0.131494330544841 0.053500013617672336 0 -7.642641016264583E-11 -1.829180482026591E-8 0.04997705188688486
0.32685099627426545 -0.2905697969488598 0.06232853198902639 0 -1.947687170187721E-8 -3.255942124485281E-8 0.04997704948399781
0.25568805190108224 -0.19009790761699052 0.05725179690059135 0 -3.4328676452611923E-9 -3.115791962737502E-8 0.04997703185147535
0.2878012678865199 -0.2461068228137798 0.059620677596610265 0 -1.4000784734035422E-8 -3.0753369469065187E-8 0.04997703538086851
0.17648242248939017 -0.17786432905826252 0.055061790182478074 0 -1.3777828097909492E-9 -2.613714104460542E-8 0.04997704046772276
-0.2483235922732361 -0.18165056966040063 0.05686432272721823 0 -7.16318483684384E-9 2.884831241647115E-8 0.04997702978714558
0.5547456546446986 -0.6639301342123074 0.09391738389868397 0 -5.769789869769546E-8 -7.07609776276268E-8 0.04997706134881688
0.617759403950767 -0.688475338910477 0.09999999999999995 0 -5.889011770860987E-8 -7.690869914905278E-8 0.049977052848381914
0.5055257679581893 -0.637124600070996 0.08897493457515948 0 -5.979136489970772E-8 -6.277305875860296E-8 0.04997706699602076
0.4877536710430043 -0.5826751104622181 0.08420495651136725 0 -5.603090264572537E-8 -5.305980464784843E-8 0.04997706174202011
0.33633282409977666 -0.3398966968888034 0.06444423660906808 0 -2.4639123103172573E-8 -3.872377228460394E-8 0.0499770620162579
0.3632772876174715 -0.38800374757803635 0.06749345504717459 0 -2.5476164834075307E-8 -4.933561419129933E-8 0.049977052783226165
0.41704203467651185 -0.4108303752912243 0.07090170067103964 0 -2.7218857893225463E-8 -5.2666768976613235E-8 0.049977040235171286
0.4381086940659461 -0.4733073985449338 0.07505155127124846 0 -3.9169291441758594E-8 -5.118450842755682E-8 0.04997703737028914
0.4531934148271225 -0.5420428192507506 0.07976926362259741 0 -5.133145164291809E-8 -4.8952940972906876E-8 0.049977047210797786
-0.8565041007211142 0.12935729823844902 0.09401883827528355 0 2.468824902918279E-8 1.0501397637439686E-7 0.0499770421810385
-0.9051192255768068 0.1907463267598074 0.09999999999999999 0 3.247409549970504E-8 1.1496691713423581E-7 0.04997703260856187
-0.7940808377677345 0.13178185399490336 0.08820577601429047 0 3.12451529052515E-8 9.708653381836243E-8 0.049977051557906244
-0.33304413722574716 -0.0693067767843958 0.05805530637396814 0 8.901344438909433E-9 4.2957037103366224E-8 0.04997702473931865
-0.4742240483662385 0.11256694280313873 0.06494853319711702 0 2.9046683561983964E-8 5.6601533618547384E-8 0.04997705125047118
-0.5075730010734563 0.12513873893141758 0.06697106660603604 0 2.4698620382023562E-8 6.342583415706649E-8 0.049977045115325164
-0.5430568755805907 0.10886676283437083 0.06886622733636953 0 2.2431311898563408E-8 6.636009604939172E-8 0.04997703378015787
-0.7200856347104287 0.12756375701027653 0.08178787314202199 0 3.819625843070896E-8 8.786358771812895E-8 0.049977038239562614
-0.6366216770914513 0.1480565042375733 0.07568897320024313 0 3.5416648244923076E-8 7.897902361303033E-8 0.04997702405273405
-0.5817364775186938 0.11498204866540508 0.07140762999266016 0 2.570176913096991E-8 7.172669625035586E-8 0.049977026092433256
-0.42774238996431574 0.06497482014443741 0.06209784320535726 0 2.820889293178649E-8 4.9356396836511325E-8 0.049977036239880666
-0.3847166606924661 5.007387460326135E-18 0.05988137680814879 0 1.9335376659588882E-8 4.80894605804161E-8 0.04997702554572876
-0.3349183900900527 -0.1391323925724424 0.05894927757126893 0 1.7154946462369352E-9 4.216369146457408E-8 0.049977028031645644
-0.29014129297673835 -0.2192290809213992 0.05898973037684319 0 -8.418942343495819E-9 3.760819045305055E-8 0.049977029173490756
-0.30831506111577245 -0.17770170158565646 0.05867258259636438 0 -4.188985521750012E-9 3.885326975518337E-8 0.04997702777542253
-0.8184909839211807 0.07533925376340875 0.08977629762126751 0 2.2057459107003086E-8 9.674163650927881E-8 0.04997704238357474
-0.15687445011428935 1.9896548115933566E-17 0.05290395974586269 0 1.7593175569097585E-8 2.0675402323171204E-8 0.04997704377235944
-0.12783259126111396 -0.033275347967647646 0.05249920381841622 0 1.623681382057588E-8 1.912324345694967E-8 0.04997704366078704
-0.12619399745448542 -0.06614911525416546 0.05266041061116255 0 1.3112965444333625E-8 1.931567545325427E-8 0.04997704781015131
-0.24680219676358395 -0.07209570484823002 0.05524990662857362 0 1.7756327814437813E-9 3.2178996282712584E-8 0.049977035788229734
-0.22815732549244763 -0.13366956667415794 0.05546555293618707 0 -5.277971695644491E-9 2.525720718299899E-8 0.049977039548835554
-0.15093740406319942 -0.09389909648308085 0.053299030733839035 0 8.296871331857546E-9 2.0221341164279842E-8 0.049977055950470084
-0.17405337917392047 -0.045794392161233266 0.053343830220451034 0 1.0321619189462405E-8 2.5857682412547884E-8 0.0499770486030167
-0.18973296493485722 -0.18461798069110347 0.055474546986767154 0 -7.631016806928486E-9 1.8539940380627926E-8 0.04997703525295635
-0.1364384943575783 -0.14270773398924902 0.05371629461338726 0 8.748146464410022E-10 1.318918429463663E-8 0.04997704832683151
0.04273873390329096 -0.07402565857166638 0.05192600533605053 0 6.795293159599076E-9 -3.855627096579432E-10 0.04997703698523004
-0.04299754043112493 -0.07447392462720538 0.051931021483395706 0 1.0262917960069905E-8 9.97902254894131E-9 0.04997703652633264
1.3904975238826412E-17 -0.08573627431625096 0.051928505242836896 0 7.178397472441438E-9 5.572559214922048E-9 0.04997703710092033
-0.07925046645516252 -0.13726583442387433 0.052932952804228266 0 9.118109037043037E-10 1.1283414757510388E-8 0.04997704585478655
0.078463056828959 -0.135902000944921 0.052904876080197075 0 1.0449824516367235E-9 -7.625758712728936E-9 0.04997704680500579
0.11138757858716244 -0.19292894544503636 0.054318208030815426 0 -3.0157328226747336E-9 -1.6438286235993183E-8 0.04997704099865843
0.2704412885460667 -0.32134890739138133 0.06148782850104338 0 -2.6272245293063633E-8 -2.8960972491336534E-8 0.0499770433947169
0.21970172124605267 -0.2547036178054315 0.05790944965811469 0 -1.3874831926024928E-8 -2.566533548668241E-8 0.04997702971711888
0.06445906182530692 -0.2524774236880237 0.05535114833714504 0 -8.974797433092275E-9 -1.160281437053149E-8 0.049977038679126125
0.14972579901011426 -0.2593326910893636 0.056582144341893334 0 -1.2050878748323523E-8 -1.9269338495115014E-8 0.04997702886140711
0.031363797849434556 -0.30517057546423765 0.0568332914109285 0 -1.8304423549351363E-8 -5.894614024450542E-9 0.04997703307347918
-0.03281109095750645 -0.303248501545522 0.0567724159885361 0 -2.0287026843390067E-8 1.6814481659736898E-9 0.04997703285999733
-0.22974591189928226 -0.25639797529990704 0.058213734017978094 0 -1.2346046513181939E-8 2.907572803031048E-8 0.04997702755260559
-0.15050660974349658 -0.260685094950677 0.05663516711153095 0 -1.560733864083144E-8 1.701535666702208E-8 0.04997702676207417
-0.0010639892128916778 -0.35571530812846325 0.05866683852382106 0 -2.547222517012267E-8 1.8240751652544774E-9 0.0499770316887445
0.4897167015298755 -0.6990669986722716 0.09278011319940965 0 -6.652084979352266E-8 -6.397600311715301E-8 0.04997705667581024
0.5485314847714318 -0.7448023146284537 0.09999999999999996 0 -6.997891659439241E-8 -7.178672679812371E-8 0.0499770516125346
0.4538946410105444 -0.6418290507487608 0.08650541722977732 0 -6.39328142612878E-8 -5.507128952667072E-8 0.04997705855825137
0.43691576165411183 -0.5863880363863174 0.08178506492225697 0 -5.83917793117118E-8 -4.8461234971848494E-8 0.04997705138362771
0.30008338071089913 -0.40108479031261085 0.06570468861303413 0 -3.259243709249565E-8 -4.041468510051973E-8 0.04997704704950073
0.35656776116113886 -0.46142030598113837 0.07075125137743835 0 -3.698626024455213E-8 -4.6333961572924345E-8 0.04997703708988722
0.38634553368626 -0.5411366135074784 0.07653244947706513 0 -4.9922248917683266E-8 -4.4057695772686816E-8 0.049977037654897624
-0.8641324069088798 0.062174994255793294 0.09403348687291993 0 1.794457361648806E-8 1.0369276087916028E-7 0.049977036441980406
-0.9192848102122441 0.10262901652303172 0.09999999999999998 0 2.1315899803503125E-8 1.1126378186400625E-7 0.049977032256435135
-0.7599167871431189 0.06070075634999409 0.08441733903220823 0 2.6239765144328343E-8 8.968550179975387E-8 0.049977038498554276
-0.3798507417992421 -0.12110542276221137 0.06050058794352799 0 7.210363568110896E-9 4.826686923192168E-8 0.04997703411136583
-0.40842759083875524 -0.05875232359605665 0.06114052778332879 0 1.3385006060150872E-8 5.404176125402844E-8 0.04997703337125234
-0.5039157942187592 0.07056797810116018 0.06615707446286306 0 2.033735657277904E-8 5.793903978153809E-8 0.04997703830493988
-0.5548238392163808 0.07638757137486703 0.0692570455361671 0 1.9922634522335084E-8 6.663435035020237E-8 0.04997702887823241
-0.6893460495224285 0.06354738512595373 0.07863780818203954 0 2.779387760812817E-8 8.288638592488945E-8 0.0499770277451152
-0.6215823870108426 0.05940809814964494 0.0735747228508592 0 2.2721362767284688E-8 7.564569998048076E-8 0.04997702175172146
-0.4662367643365183 -0.05429215722432917 0.06397307879016166 0 9.947928401272744E-9 6.280753936566963E-8 0.04997703895031583
-0.46385916918682774 -3.671115297680029E-17 0.06368112390889598 0 1.6293163845294225E-8 5.766611061612096E-8 0.04997703248166296
-0.3620108841151937 -0.17400839360604695 0.060635096430618034 0 -1.1023457857206217E-9 4.5143300872729855E-8 0.049977032044337795
-0.299671918215507 -0.26919022055739933 0.06068803798570996 0 -1.2341483182762967E-8 4.1347742125366446E-8 0.04997703686883985
-0.33027652289156045 -0.22443841547131757 0.060528990644305516 0 -8.586188337610879E-9 4.366682907602391E-8 0.04997703240137953
-0.8245744171037561 3.2427437940114445E-20 0.09002147282184526 0 1.3546008662296286E-8 1.0142372374473065E-7 0.049977036458963835
-0.19761019796705673 -0.10158906953187434 0.054303584925033156 0 -9.202113298208179E-10 2.4209005019341713E-8 0.04997705336363207
-0.18403998396844498 -0.12735803584373423 0.05434432437859784 0 -1.6078246209460337E-9 1.836332453193361E-8 0.049977052301538774
0.002774404310843052 -0.26370741404826953 0.055444406431408536 0 -1.399750169126187E-8 -6.364283404414941E-9 0.04997704277445337
-0.11217260429255088 -0.1942886498520168 0.05435789315243198 0 -8.715974263604818E-9 1.047942186414924E-8 0.04997703920624348
-0.059917909088264505 -0.2537684697083779 0.05535616729591674 0 -1.7274058194645304E-8 3.227884465069516E-9 0.04997703827888757
0.025874926118163173 -0.1326695098536581 0.05254567933671944 0 2.0987129568498444E-9 2.377751987173051E-9 0.049977047011371456
-0.02524383979971824 -0.13300675455069116 0.05254892004091195 0 8.005242074318078E-10 8.598404671231213E-9 0.04997704666789219
0.05493858025113073 -0.18721166728009325 0.05366460039291042 0 -6.736107190803503E-10 -6.565671820068872E-9 0.04997705033452613
-0.053441146730527585 -0.1870910243981426 0.053652873989227134 0 -9.62697695645042E-9 6.596215692080724E-9 0.04997704990171816
-0.015811501710617765 -0.22080470166743846 0.05428292799461194 0 -1.1811311771569575E-8 -2.094700364529343E-9 0.04997705548249369
0.001589553534327251 -0.18045943852644147 0.053353802929854637 0 -4.010889718408997E-9 3.2978850092556574E-9 0.04997705861567795
0.01713256069613923 -0.2191946756676691 0.054245341320781695 0 -6.033646462772924E-9 -5.761227454068252E-9 0.049977055904641195
0.23193963455587202 -0.4017312313397281 0.06368217918749612 0 -3.047478651968111E-8 -2.690621192805241E-8 0.04997704099838172
0.1923608915779979 -0.3331788376023402 0.059881599761303035 0 -2.3628960148574926E-8 -1.9831223945109124E-8 0.04997703256013702
0.10559774308437371 -0.32641465451667345 0.058167036115944384 0 -2.095289375472647E-8 -1.0331068601887673E-8 0.04997703036216721
0.02839276411724587 -0.3973392921812579 0.060485401730235276 0 -3.164149497026296E-8 1.6650129053226402E-10 0.0499770364167917
0.04349199689707277 -0.3606955682361924 0.05897556113419837 0 -2.6454283421685646E-8 -2.551053545839011E-9 0.04997703280573162
-0.2724211583800272 -0.34021230275634196 0.06225471036920945 0 -1.8594389310717396E-8 3.5040334971387305E-8 0.04997704201082578
-0.04975626500892476 -0.3592625346716331 0.05895024498757896 0 -2.546285455573841E-8 8.827806819019648E-9 0.0499770322216465
-0.11115524588477288 -0.32319159740630654 0.058116751891295344 0 -2.247229388350283E-8 1.5677928159482483E-8 0.04997702841448812
-0.1929576265867868 -0.33421241295621784 0.05993362613445384 0 -2.191179658386724E-8 2.6674872405792482E-8 0.04997703027968798
-0.00580331192480529 -0.44141011755505605 0.06253303354413747 0 -3.534611649374909E-8 2.75798187111951E-9 0.049977040093540245
-0.03317807935019408 -0.4000499580003111 0.06062434517611842 0 -2.931389581130636E-8 7.786613048225518E-9 0.04997703666284789
-0.4124914840826571 -0.7144562081206507 0.09005972521404425 0 -7.072471155827079E-8 4.8594287124556976E-8 0.04997704660063063
-0.4625000000000001 -0.8010734985006056 0.09999999999999992 0 -8.310244616665404E-8 5.148117455524657E-8 0.049977039878580695
-0.38371343710296635 -0.7748603000238191 0.09386619334345217 0 -8.163157128595352E-8 4.394053125821511E-8 0.04997704802560191
0.41226227881814503 -0.7140592129571534 0.09001680581831234 0 -6.702838831374903E-8 -5.063093985932114E-8 0.04997705268243001
0.4625000000000003 -0.8010734985006056 0.09999999999999992 0 -7.573321231690541E-8 -5.980753043362636E-8 0.049977046798157156
0.36763254236248355 -0.6367582418875386 0.08211785344170675 0 -6.05080998687123E-8 -4.033281741494713E-8 0.04997704625963773
0.2724100436150707 -0.4718280360333562 0.06830375115676082 0 -3.692508577616733E-8 -3.5400090594719125E-8 0.0499770366665869
0.31808183532075857 -0.5509338997403103 0.07441383187593022 0 -4.8753248132339865E-8 -3.69480402196263E-8 0.04997703351989697
0.2111878992556696 -0.5199281931560845 0.06932845783235407 0 -4.010318395093862E-8 -2.8237451685304366E-8 0.0499770401180001
0.021803385387518696 -0.48225449508691837 0.06469299319690376 0 -4.2594328258505856E-8 -3.5486004151176208E-9 0.04997704203138319
-0.8627884197170683 -0.05512509329877387 0.09385473111979895 0 4.107835011119977E-9 1.0843281529782152E-7 0.049977037188494666
-0.9249999999999996 -3.487031299242896E-17 0.0999999999999999 0 9.705490574526391E-9 1.1370258461999495E-7 0.04997702829145414
-0.7353276040989696 -1.3378311327871067E-18 0.08212306732579755 0 1.9439145404148836E-8 9.059777195994333E-8 0.04997703192348505
-0.4256923062754768 -0.12215318657273537 0.06260425960749795 0 7.86595296053634E-9 5.378773117786729E-8 0.04997704622410287
-0.4043520178042478 -0.16901983470521803 0.062374130552393804 0 5.657025844958188E-10 4.8172880680038885E-8 0.04997703901902406
-0.46760448929491655 -0.09647351175034935 0.06440527405535054 0 5.0775604935179254E-9 6.276896859611548E-8 0.04997705036758546
-0.5447672634209793 2.858524015158418E-17 0.06830049229574699 0 1.217642990748268E-8 6.752745731031739E-8 0.04997702628422741
-0.6361392415232948 1.0428654588114258E-18 0.074412070818866 0 1.6611526608595708E-8 7.855973465088158E-8 0.04997702123645014
-0.5124187514513647 -0.051847896831783355 0.06651654728017117 0 5.677069960076182E-9 6.736283177765398E-8 0.04997703471956989
-0.36799093114432163 -0.6373789894665451 0.08217765681431857 0 -5.845303176631249E-8 4.8214789556529744E-8 0.04997704107755852
-0.31827009850817745 -0.5512599811461146 0.07444098367382036 0 -4.9482836651896304E-8 3.961488077250677E-8 0.04997702887985365
-0.31386332305040454 -0.40193360988060217 0.06622216379223078 0 -2.9909899802430084E-8 3.248571106355659E-8 0.04997704427679097
-0.344912559069745 -0.4432246070018303 0.06935603931497553 0 -3.760239229704403E-8 3.656376284464557E-8 0.04997703532317432
-0.3337091490042147 -0.3553876317528073 0.06495432896100803 0 -2.427356798805903E-8 3.898598052767286E-8 0.04997705658386203
-0.383737195098482 -0.21760730691022415 0.06251779019199952 0 -8.493757547529633E-9 4.788854723951049E-8 0.04997703526313407
-0.33230969380311975 -0.3125744339373021 0.06328313435425742 0 -1.877051838294691E-8 4.5995319710798095E-8 0.04997705195632357
-0.3540195296480104 -0.26181915330723304 0.06247659304365877 0 -1.464990935628769E-8 4.8137180081990083E-8 0.04997703958352703
-0.7962287177911112 -0.06074957956360479 0.08762354715881245 0 8.184187880425106E-9 1.0219086128590856E-7 0.04997704204966341
-0.7351410524947966 -0.06092685497728594 0.08231802271497875 0 1.3009465922380887E-8 9.396332140810658E-8 0.04997703650984817
-0.4839056580716607 -0.700569999447879 0.09257832058039935 0 -6.764254747067514E-8 5.341006770043566E-8 0.04997704914600734
-0.548567403595686 -0.7447758606713796 0.09999999999999995 0 -7.521778841052478E-8 6.029951730215296E-8 0.04997704364785701
-0.43547631470191006 -0.6351536187841573 0.08509247440255902 0 -5.520112262730439E-8 5.3420783771982936E-8 0.04997704869846867
-0.4991515386320159 -0.6334110077816721 0.08834372866104905 0 -5.7859314756218716E-8 5.880974886195825E-8 0.0499770597419856
0.19075484218748148 -0.47253116432229375 0.06620021711897693 0 -3.276147026030103E-8 -2.354663674519324E-8 0.04997704839525482
0.04901016908663563 -0.43723836174505165 0.062459634223422635 0 -3.872913701734911E-8 -2.735662871539527E-9 0.04997704388757176
0.06673635655852123 -0.4767204709635778 0.06461779605353515 0 -4.512428498665097E-8 -8.625837528542976E-9 0.04997705001094305
0.08201071126761385 -0.3939388987243752 0.06066806698898625 0 -3.183211098790901E-8 -4.072737271873707E-9 0.04997704044381982
0.15779399244920161 -0.40600143052169285 0.06224217224863409 0 -2.9394622525743154E-8 -1.2557344674705894E-8 0.049977045600141115
-0.23228029263418432 -0.4023212684393739 0.06371797650698163 0 -3.164466002486283E-8 2.8837123793929568E-8 0.04997703812511326
-0.272587327693687 -0.4721351010648927 0.06832563375196132 0 -4.2129799647588154E-8 3.025295895181359E-8 0.04997703270865242
-0.08918266806588586 -0.39015326021997454 0.06056960464965617 0 -2.815613083804763E-8 1.671244217610067E-8 0.0499770391019323
-0.15459594130071433 -0.39192658728762203 0.061550218588660825 0 -3.134699872410642E-8 2.4867317253179503E-8 0.049977040285893885
-0.18675532053812563 -0.43493251784630643 0.06418357757579085 0 -3.9941672616044914E-8 2.5595389672995258E-8 0.04997704487809035
-0.21375905453868752 -0.4723463627877797 0.06671710658979704 0 -4.5422107584402156E-8 2.4613921963491033E-8 0.049977040312925734
-0.030837599095424044 -0.4757419881377715 0.06436680609968097 0 -3.720759622943259E-8 3.3120430755628466E-9 0.04997704270651978
-0.05772042989369192 -0.4373202270026056 0.06251628812885628 0 -3.131522917316659E-8 1.0582237661440612E-8 0.04997704472147332
-0.34485879204612635 -0.7195732958375974 0.08756922173357189 0 -7.394195910659483E-8 4.429330441383364E-8 0.04997705213727976
-0.3147326423667731 -0.6679534491621227 0.08237892997106575 0 -6.455167391800789E-8 4.432297401631249E-8 0.04997704575413088
-0.23145619169988374 -0.5426436945370012 0.07120349698950756 0 -5.166273970446965E-8 2.65214555745148E-8 0.04997703269426513
-0.28415939775573246 -0.6153602706014173 0.07751426427315904 0 -5.726407019976829E-8 3.9073265049363416E-8 0.04997703529793086
-0.32938286511096027 -0.7771045511687235 0.09186418681824757 0 -8.203303948074763E-8 3.742249277841083E-8 0.04997705665900285
-0.29287844997281653 -0.7560683801841978 0.08874412837590734 0 -7.67461929579157E-8 3.578742186734352E-8 0.04997706331528254
-0.3707535969478622 -0.8474426517245004 0.09999999999999994 0 -9.060198467526168E-8 4.066861404985763E-8 0.049977046107700464
0.3299132550602819 -0.6955796266909601 0.08507057911176502 0 -6.355270160572251E-8 -3.4495922862438625E-8 0.04997705534826672
0.29721686832567656 -0.7486484838731736 0.08825580478820183 0 -6.974893900417198E-8 -3.433090912899783E-8 0.04997706697357675
0.36329863298780996 -0.7692008953950569 0.09250410835033807 0 -6.969825580197653E-8 -4.537716339010873E-8 0.04997705641431077
0.37078540548822353 -0.84742873429503 0.09999999999999996 0 -7.941722917582967E-8 -4.863121604230603E-8 0.04997705164370354
0.28831363121595577 -0.628175946475062 0.07855241106831119 0 -5.808807129623017E-8 -2.895715068809632E-8 0.049977041634779625
0.2593907519340379 -0.5686281064407216 0.07361593901057979 0 -4.931159627240788E-8 -3.013578469662587E-8 0.04997703429653022
0.1909808398518187 -0.5616900805542804 0.07142639087555927 0 -4.7415270782744766E-8 -2.5644562297162413E-8 0.04997703835691239
0.17735047116299676 -0.5251479744589087 0.06889288845838194 0 -4.106101929215267E-8 -2.5972077462479904E-8 0.049977045132094604
-0.006975621790116347 -0.518397225687904 0.06671599267023105 0 -4.45275269735743E-8 -2.1786641905535533E-9 0.049977038591733296
-0.05196883438319561 -0.5240326103663052 0.06719869985797552 0 -4.275011180490007E-8 2.1153607013015896E-9 0.04997704116481079
0.051893656645759574 -0.5409828050063739 0.06822031633188269 0 -5.019255833322059E-8 -1.0566326124301557E-8 0.04997703917950807
-0.8393412000270999 -0.10211595922316324 0.09200820531311653 0 -1.796477398929641E-9 1.0588638237504387E-7 0.04997704565581536
-0.8023821229894582 -0.12465004703532731 0.08885408731398863 0 -9.948343127741716E-10 1.0037333735032684E-7 0.04997705314291681
-0.919283847116488 -0.10263764414409532 0.09999999999999995 0 -3.46078343043023E-9 1.1474615724633629E-7 0.049977034509606916
-0.4286041911968902 -0.211604106404576 0.06443452009247352 0 -8.769310018158962E-9 4.9914952459023776E-8 0.04997703748732391
-0.6752473549062171 -0.06099766201966174 0.07752927755735106 0 1.2204564171825144E-8 8.513408703920551E-8 0.04997702701775996
-0.4690213191754545 -0.16282051739106812 0.06545407679976868 0 -3.890781814769853E-9 5.222111220332403E-8 0.04997704933853018
-0.5199939829281818 -0.12464895604080488 0.06768673130026925 0 -6.2107921205601474E-9 6.420401251315588E-8 0.04997704389362868
-0.5844196053235723 -0.07491703801282976 0.07115392026499068 0 3.496460571256004E-9 7.379267776812564E-8 0.04997702595801321
-0.40158939943089916 -0.5697012631254147 0.07901179842938963 0 -4.776306123473003E-8 5.2012635301975984E-8 0.04997703700675891
-0.3629672679735455 -0.5093150093458657 0.0736457128337714 0 -4.382894250017234E-8 4.3597166759069505E-8 0.04997702925019994
-0.36195665189066545 -0.3775113144203722 0.06698450376718919 0 -3.222622583216627E-8 3.8999274477620616E-8 0.04997705111893714
-0.36626813150114046 -0.41664081435894 0.06892167223823108 0 -3.594489444369948E-8 3.860438337347008E-8 0.04997704015006172
-0.3903068178565833 -0.4466269881485596 0.07141764844659583 0 -3.889968902883212E-8 4.403184281013297E-8 0.049977033073512714
-0.38262787487786487 -0.34149739132768064 0.06638993492953274 0 -3.103948283206038E-8 4.6889020701760024E-8 0.04997705058872783
-0.4062559769371703 -0.26147495596378895 0.06471383725610919 0 -1.7539419411380596E-8 5.1102874063301615E-8 0.049977037101551644
-0.379843340675863 -0.2969419115223147 0.06465963905911938 0 -2.3077309881026763E-8 5.0674622925749745E-8 0.049977045331029854
-0.735100345459195 -0.11930462056175606 0.08291132970822639 0 8.113982124362236E-9 9.240168853113447E-8 0.049977044287899966
-0.5519968333853201 -0.6639303440969675 0.09374464706266032 0 -6.771942325382098E-8 6.243409558651231E-8 0.049977053615884025
-0.6178002971320175 -0.6884386430529175 0.09999999999999999 0 -7.272623679034808E-8 7.18635000749674E-8 0.049977043959525846
-0.4800125571007386 -0.5637645778356987 0.08255043176744221 0 -4.733402909543714E-8 6.447632413483249E-8 0.049977049675022915
-0.5399346500949583 -0.6040123388311484 0.08868415026698905 0 -5.970613439739528E-8 6.734160865597634E-8 0.04997705897717168
0.1043605879990727 -0.5010308479370807 0.0663275801738497 0 -4.57104003225916E-8 -1.751959083637235E-8 0.04997705571712447
0.14556246178613041 -0.5017461145955597 0.0669511130546236 0 -3.961306136027599E-8 -2.242412296987255E-8 0.049977056039660295
0.1399468089855873 -0.4672126633962517 0.06496624972127404 0 -3.587214823158068E-8 -1.563599908933521E-8 0.04997706110794947
0.10408488366078729 -0.44405468685268906 0.06327666735135784 0 -3.90295425630478E-8 -7.28429279156696E-9 0.04997705617858325
-0.1061373350373039 -0.43371612134398735 0.06278756375601147 0 -3.2614498369741174E-8 1.906414225611647E-8 0.04997705241644993
-0.15386562481962193 -0.515523498759926 0.0678853449092873 0 -4.883906481906966E-8 1.2845017903267518E-8 0.049977049193122944
-0.1533021139497205 -0.45854960024362473 0.06473399748772987 0 -4.2723609781521054E-8 2.0931823125022015E-8 0.04997705600253156
-0.09527352708204248 -0.48999184724793526 0.06560563290386158 0 -3.757985460227875E-8 8.413718967877847E-9 0.049977055182290446
-0.09590125636856876 -0.5619999312235504 0.06990127823248256 0 -4.901398235457729E-8 6.211781862878502E-9 0.04997703852590765
-0.15663037176370528 -0.5733099421965812 0.07149707499548641 0 -5.318410573884806E-8 1.520412755056709E-8 0.0499770368679034
-0.2643961373711981 -0.69702971973395 0.0829765309474388 0 -6.569740985736407E-8 3.94342424546297E-8 0.04997705374829222
-0.19926692702634366 -0.6350324834465847 0.07658242747619838 0 -5.841227512686532E-8 2.7173543917327195E-8 0.0499770363503672
-0.2937621218403118 -0.8161557505482272 0.0941366022415018 0 -8.355507806219046E-8 2.98319446655522E-8 0.04997705637830681
-0.2445064351501806 -0.7666415232960113 0.08818261063739219 0 -7.198809434587428E-8 2.8635896045789005E-8 0.04997706181211047
-0.28738877712844163 -0.8792227618026947 0.09999999999999998 0 -8.946157718834436E-8 2.8463288106588516E-8 0.04997704828882226
0.24692814396934878 -0.6974874410583481 0.08250617855893734 0 -6.921552369775518E-8 -2.2534010817769857E-8 0.04997705618308245
0.2521627428797361 -0.7694593063835823 0.08864404636431372 0 -7.775273338766122E-8 -3.1636910492281307E-8 0.04997706626734785
0.297447604941039 -0.8106467532563326 0.09375141746476387 0 -7.77656098146414E-8 -4.103471554018347E-8 0.04997706145588228
0.28742318143973467 -0.8792115158194408 0.09999999999999996 0 -8.809318884057872E-8 -4.076730049325771E-8 0.04997705261287249
0.18957159845420457 -0.6243064952889011 0.07560329744867302 0 -5.8294910402458974E-8 -2.079243660637721E-8 0.04997703781020095
0.12475562378528372 -0.5650913910725972 0.07045918166236258 0 -5.0727898407261795E-8 -1.999632100623292E-8 0.0499770405249469
0.16970055881419605 -0.6915759378642314 0.08021607449160519 0 -6.873037983711792E-8 -1.6272111370344233E-8 0.049977044456744654
-0.02127679909875186 -0.5862434400348021 0.07098260267248739 0 -5.271751943145938E-8 4.2216738474521646E-10 0.04997703229459244
0.047679088889249585 -0.6125339534466792 0.07287094188782159 0 -5.715161813157715E-8 -6.3525204076028925E-9 0.0499770326536753
-0.8531067718150073 -0.15803750226362162 0.09415708085227006 0 -9.647118535550678E-9 1.0278076145938486E-7 0.049977045510427906
-0.7842181949983064 -0.17459658052838975 0.08806681761589173 0 -4.57068628158754E-9 9.221193277257265E-8 0.04997705132874754
-0.9051158299750597 -0.19076243784282004 0.09999999999999996 0 -1.3501999736220268E-8 1.0764334483971884E-7 0.049977036800691856
-0.47800098007166625 -0.2183882854981824 0.06713458210584479 0 -1.2707215722248846E-8 5.378747881959867E-8 0.04997703519783287
-0.4503344724862791 -0.2539143429242661 0.06663047103760426 0 -1.7175019733259068E-8 5.339015780758622E-8 0.04997703306207569
-0.647719142022224 -0.1435812801370505 0.07642272847163623 0 1.1263414359915068E-9 7.9906546259378E-8 0.049977028032649876
-0.5329845388239062 -0.1985594752136453 0.0698139205090511 0 -1.2093918527277734E-8 6.128117577590217E-8 0.04997703196578183
-0.5744027965338088 -0.14938461510286838 0.07144252826293569 0 -6.344004947421718E-9 6.958186547894069E-8 0.04997702985931177
-0.44626651447182913 -0.4769553831048422 0.07565680574632234 0 -4.024446108784777E-8 5.6084677844486345E-8 0.04997703172385919
-0.5140310251048448 -0.4921578818310024 0.08018045280724437 0 -4.150805388378762E-8 6.726506232528016E-8 0.04997703735585204
-0.4256087219342948 -0.3924588186076942 0.07047472570296819 0 -3.587919511419689E-8 4.953303697696833E-8 0.049977034983902685
-0.44295395304453694 -0.3153758255937713 0.06823813858748431 0 -2.739441206022713E-8 5.422131569422788E-8 0.049977033364354384
-0.722493271850469 -0.18466121884148878 0.08299584497449673 0 -9.314401642100546E-10 8.663469512066756E-8 0.04997704094628065
-0.6008930547011089 -0.6092572756078648 0.09299302035398636 0 -6.369602614592921E-8 7.257133773703921E-8 0.04997704804083186
-0.684830613311738 -0.6217902179859557 0.09999999999999995 0 -6.493008815517882E-8 8.102887871656484E-8 0.0499770362703633
-0.5678213237459835 -0.5376676061363831 0.08613904983735729 0 -5.037077255002433E-8 7.296213215679998E-8 0.04997704584688347
-0.10379006268918359 -0.6311723493295895 0.07466578004946203 0 -5.813971835378694E-8 1.2872188726265585E-8 0.049977033300157944
-0.2012336657215405 -0.7196538123444206 0.08312630758513646 0 -6.514762164749825E-8 2.8512862190119736E-8 0.04997705018923355
-0.14538614431124028 -0.6947291331504665 0.08002955113164488 0 -6.466427411817288E-8 2.1283948498591476E-8 0.04997704051585942
-0.2244810935107963 -0.8295744817427091 0.09335179876408069 0 -8.08597105108738E-8 2.177611776985253E-8 0.04997705214045536
-0.1948530319449167 -0.7756068237085788 0.08772926134592988 0 -7.248958579955009E-8 2.276132456412988E-8 0.04997705302718027
-0.1961900777341867 -0.9039499420937565 0.09999999999999996 0 -9.13838631907219E-8 1.7865902385854243E-8 0.049977042815805936
0.18083964416846282 -0.7595104378227607 0.08602850609777067 0 -7.779155295843797E-8 -2.0739905896751914E-8 0.049977053466360485
0.22639239794839497 -0.823169454837357 0.09279966487488275 0 -8.41183416066566E-8 -3.240169555308886E-8 0.049977056582779164
0.1962292603758944 -0.9039414372048344 0.1 0 -9.220580564639777E-8 -2.9390796870011184E-8 0.04997704574512962
0.115198487208555 -0.6531897985847656 0.07640980333620502 0 -6.208830798276517E-8 -1.1869790403184926E-8 0.04997703633228949
0.13075868837865867 -0.7179080095003469 0.08165710231721485 0 -7.014257030705728E-8 -1.1954900653069686E-8 0.04997704474039292
0.11581756539084577 -0.7588114009433137 0.08487399945221091 0 -7.31913115894044E-8 -1.141334913213194E-8 0.04997704928123657
0.049373389215154787 -0.6762514634930521 0.07753347573866784 0 -6.377002466923957E-8 -1.4290883746845596E-9 0.04997703793121812
-0.018713178495829663 -0.6598847879456909 0.07617577755495697 0 -6.23146248200271E-8 5.958292369163814E-9 0.04997703507455492
-0.6738902730202501 -0.2204985208373878 0.07997070091519397 0 -6.9458360006815344E-9 8.247610652709554E-8 0.04997703186227896
-0.8340398056073672 -0.21902107573341584 0.09363611174877712 0 -1.4961537267224555E-8 9.732482055485568E-8 0.04997704144297003
-0.7682837005378527 -0.21778108265977308 0.08762455506029669 0 -9.4483382496495E-9 8.994027130882484E-8 0.049977043450716144
-0.8809151182252344 -0.2821428693025129 0.09999999999999996 0 -2.3609374255689475E-8 1.0399605189591951E-7 0.0499770314810457
-0.5165019276401033 -0.27345997871285094 0.07083650833060155 0 -1.8937481622953502E-8 6.147819815248264E-8 0.049977025828853626
-0.598583551544961 -0.22602979228178174 0.07467942546060534 0 -1.1049889004253411E-8 7.269099839509332E-8 0.04997702573502969
-0.5551101229584549 -0.47007014883430126 0.08146563252731462 0 -3.8277229082407554E-8 7.052065421960282E-8 0.049977037003399956
-0.5105636494997625 -0.4275668331221898 0.07661161867134536 0 -3.443740518669186E-8 6.42579788137273E-8 0.049977029746608836
-0.504302912589223 -0.3476237550984314 0.07274022680505549 0 -2.7293629560572896E-8 6.194836801823776E-8 0.04997702607691715
-0.7177089386751472 -0.2549295522420565 0.0843570467432338 0 -1.267234291379305E-8 8.787830950377415E-8 0.04997703737017434
-0.6531660790226061 -0.2763311132584134 0.0799841441751332 0 -1.4038722399785231E-8 8.264432439726743E-8 0.04997703247730864
-0.8437556437212325 -0.37907955935377746 0.0999999999999999 0 -3.6863164169777706E-8 1.0294518855627243E-7 0.04997703390558877
-0.8010515387579304 -0.4625279007956028 0.09999999999999996 0 -4.5999698498401126E-8 9.44324516741232E-8 0.04997703963990329
-0.7501479603301011 -0.5412050791178039 0.09999999999999992 0 -5.308223669899077E-8 8.58102112126702E-8 0.04997703623265163
-0.5998767009898777 -0.4788913706345559 0.08487289614566725 0 -3.951357337987627E-8 7.363112870172343E-8 0.049977041208393115
-0.6562422498346266 -0.5241856689594518 0.09146905933596002 0 -4.911532680653936E-8 7.70955490848325E-8 0.0499770418075464
-0.08839747535315964 -0.7039498716595032 0.08000538942626953 0 -6.820386126332284E-8 1.538315808920877E-8 0.04997704078973385
-0.13806578705455586 -0.7497079460326577 0.08441541385599154 0 -7.222113798616689E-8 1.9071676273485915E-8 0.04997704662740633
-0.14308797449955213 -0.8318118172195702 0.0918642159103333 0 -8.393910215729814E-8 1.4288997252848065E-8 0.04997704817590008
-0.09361073890939048 -0.9202510142029422 0.09999999999999995 0 -9.712972604072092E-8 5.858385800543944E-9 0.04997704490582725
0.09365704332523053 -0.9202463037324216 0.1 0 -9.044736085888962E-8 -1.6724598549266178E-8 0.0499770462579457
2.0711142119751377E-5 -0.9249949331376578 0.09999999999999996 0 -9.433844179667946E-8 -6.240632845397173E-9 0.04997705028805238
0.12762107521700664 -0.8265826692803618 0.09113421310198927 0 -8.063749870229504E-8 -1.7725588189301974E-8 0.049977050852191195
0.08068135396090603 -0.7141673032968792 0.08075294753127603 0 -6.757474523906152E-8 -4.609196265056161E-9 0.04997704394660146
0.06358506183867194 -0.7827017733005066 0.08643167294964102 0 -7.279597625179687E-8 -5.029138094726821E-9 0.049977056450993526
0.02032803985547743 -0.7231235035279147 0.08113718206932351 0 -6.886481415633985E-8 4.86259358923347E-9 0.049977048483764615
-0.03309170223836219 -0.7328034628470876 0.08197501691133365 0 -7.292634963693946E-8 1.1153239217033557E-8 0.049977049842004094
-0.7926496756412598 -0.2913333375023676 0.0919087000057277 0 -2.279731777312322E-8 9.57597814646857E-8 0.049977037942076384
-0.5810426636905172 -0.3157640075984303 0.07626188231201679 0 -1.9208447081777718E-8 7.296405882810789E-8 0.0499770277586751
-0.5773213056470615 -0.42632356756478973 0.08066830857907491 0 -3.090522770802626E-8 7.209272710387682E-8 0.04997703610590744
-0.5604495700519321 -0.38109429561078195 0.0775098294695611 0 -2.630533389396795E-8 7.032331071619124E-8 0.049977030459541105
-0.6449966839705538 -0.44452809810358646 0.08625924084344862 0 -3.358027447886389E-8 7.637092207413457E-8 0.0499770478035488
-0.6508158876168189 -0.3390076459058359 0.08199721983987755 0 -2.0154796095690095E-8 8.448600008900892E-8 0.04997704162589408
-0.7091826270730177 -0.3233083988571452 0.08590988858162861 0 -2.2971976002167572E-8 9.123169407876532E-8 0.049977043788470045
-0.7619010673352372 -0.3837317836320327 0.09273617861998763 0 -3.674275208102768E-8 9.37491462111871E-8 0.04997704645336461
-0.7143597851634016 -0.46065181317541964 0.09243904770387959 0 -4.2465495895709203E-8 8.178729495218254E-8 0.049977048789153634
-0.07537530152887754 -0.7754914719888757 0.0858872030654022 0 -8.010747381238714E-8 1.189665245618072E-8 0.04997705284124834
-0.048377865911234746 -0.8513117859798408 0.09269807273978156 0 -8.906362926323308E-8 1.305053171911157E-9 0.04997705649803373
0.043935839967012356 -0.8511210240129371 0.09265635168129686 0 -8.187895358029695E-8 -9.979892767750635E-9 0.04997705776695305
-0.004822548609299441 -0.7855262944057825 0.08645491759740057 0 -7.806423681680131E-8 4.148462538348822E-9 0.04997706438935634
-0.615323196863825 -0.38077552285640776 0.08115372829448383 0 -2.3380659423770726E-8 7.78934558801701E-8 0.0499770403652134
-0.6821995337018092 -0.3893517946424338 0.0864501634511279 0 -2.8617395684303883E-8 8.545732309789794E-8 0.04997705550425609
