% Model:
% Version:
% Dimension:          3
% Nodes:              691
% Expressions:        4
% Description:        Surface
% X                       Y                        Z                        Color                    DeformX                  DeformY                  DeformZ
0.7501545366059812 -0.5411959634402135 0.09999999999999992 0 -3.627172251237323E-8 -6.000436272057028E-8 -2.7610009225010443E-5
0.8010709981238165 -0.4624941975024229 0.09999999999999998 0 -2.8113179297666607E-8 -6.121058489472889E-8 -2.7605880002137696E-5
0.09365704332523052 -0.9202463037324213 0.1 0 -6.500286628928405E-8 -1.2671411820799717E-8 -2.761228602999323E-5
0.1962292603758942 -0.9039414372048337 0.09999999999999995 0 -6.758122023595957E-8 -2.0512273543176212E-8 -2.761268149995673E-5
0.2874231814397345 -0.8792115158194402 0.09999999999999994 0 -6.471563703078469E-8 -2.761701794902522E-8 -2.7605731857738543E-5
0.6177594039507672 -0.6884753389104772 0.09999999999999995 0 -4.492787910914569E-8 -4.83285165692986E-8 -2.7604528031483838E-5
0.6847899965302143 -0.621834949891059 0.09999999999999994 0 -3.991312743074281E-8 -5.209993537071297E-8 -2.7610995208820886E-5
0.6644823007055147 -0.538951594396605 0.09297818153954257 0 -3.6810420589494504E-8 -5.133307703210271E-8 -2.7607831489725714E-5
2.0711142119768948E-5 -0.9249949331376585 0.09999999999999999 0 -6.866197075771011E-8 -6.614497996557008E-9 -2.760847557355836E-5
0.04393583996701241 -0.8511210240129379 0.09265635168129693 0 -5.96722674931566E-8 -8.360140357200587E-9 -2.760176885840877E-5
0.7176713367395712 -0.4652126067437795 0.09294805270739674 0 -3.1273102260643636E-8 -5.750263301470812E-8 -2.7600025442732953E-5
0.8437752388147 -0.3790359438971111 0.09999999999999999 0 -2.0978690921531106E-8 -6.100791797264369E-8 -2.7611402489904866E-5
0.7635253857731481 -0.3782532475337201 0.0926398396720293 0 -2.1527262492908128E-8 -5.41804661904785E-8 -2.7601515155373006E-5
0.5547456546446984 -0.6639301342123076 0.09391738389868395 0 -4.481126300694707E-8 -4.51879277286067E-8 -2.7596956119130427E-5
0.5485314847714319 -0.7448023146284535 0.09999999999999996 0 -5.32685034487134E-8 -4.6442671615278736E-8 -2.7606081573029462E-5
0.12762107521700677 -0.8265826692803626 0.09113421310198931 0 -5.961120751761516E-8 -1.2167691712594594E-8 -2.7608742693359023E-5
0.22639239794839497 -0.823169454837357 0.09279966487488275 0 -6.332269243248825E-8 -2.218390099537293E-8 -2.7602691023341644E-5
0.3707854054882235 -0.84742873429503 0.09999999999999998 0 -5.763396438636298E-8 -3.158554093000394E-8 -2.760658204735204E-5
0.297447604941039 -0.8106467532563327 0.09375141746476388 0 -5.763377889280099E-8 -2.7479169834327623E-8 -2.7597614391712843E-5
0.6050561438570463 -0.6036830020468074 0.09289418017943475 0 -3.8264845269542354E-8 -4.458576320736669E-8 -2.7602388805736865E-5
0.5365057739834548 -0.6074638984061794 0.08871198704411523 0 -4.197435335042932E-8 -3.8004933880914904E-8 -2.7591848567369445E-5
0.640351776746304 -0.4627856253417016 0.08686037768572825 0 -3.67760029849265E-8 -4.909496355240565E-8 -2.7604277666892532E-5
0.6027366073062329 -0.5213223560235656 0.08747588350371878 0 -3.723962970110461E-8 -4.295599253926258E-8 -2.7607424583547477E-5
0.11581756539084577 -0.7588114009433137 0.08487399945221091 0 -5.535506780021443E-8 -6.473436756249686E-9 -2.7611203075233123E-5
-0.09361073890939044 -0.9202510142029422 0.09999999999999994 0 -7.166961947683315E-8 1.0431302217778711E-9 -2.761423691523541E-5
-0.19619007773418676 -0.9039499420937565 0.09999999999999996 0 -6.664354952021502E-8 8.160704555176287E-9 -2.7616859837648213E-5
-0.2873887771284415 -0.8792227618026944 0.09999999999999995 0 -6.581091184885226E-8 1.438970643098037E-8 -2.7611872238331438E-5
0.06358506183867196 -0.7827017733005069 0.08643167294964106 0 -5.3811063618161596E-8 -2.5350911429916193E-9 -2.760388886074683E-5
-0.04837786591123471 -0.8513117859798404 0.09269807273978152 0 -6.685051182915816E-8 -1.4457667308216914E-9 -2.7603327222302345E-5
-0.004822548609299431 -0.7855262944057821 0.08645491759740055 0 -5.8941462420383504E-8 3.409787884190875E-9 -2.7596111610675107E-5
0.8809325145611795 -0.2820885484172241 0.09999999999999999 0 -1.5457845373943522E-8 -6.722386453330031E-8 -2.7613760667127473E-5
0.677795607943666 -0.39290477214771735 0.0862680402418979 0 -3.181072393014614E-8 -4.740841360749032E-8 -2.759410572164911E-5
0.6103906305879976 -0.40135765312469535 0.08172372928462611 0 -3.5741780860997066E-8 -4.279815146324192E-8 -2.7610466744573812E-5
0.8014927716328404 -0.2914410587712435 0.09271262928645595 0 -1.7548695694148317E-8 -5.9396175571845724E-8 -2.7609921041535235E-5
0.7173493567573874 -0.31695962258024274 0.08634023460744475 0 -2.279865785301309E-8 -4.798410792980379E-8 -2.760657604502258E-5
0.8230806401765318 -0.20733638606092913 0.09232209730203018 0 -1.1423459431286442E-8 -6.43414851205164E-8 -2.7603353735624305E-5
0.5055257679581893 -0.637124600070996 0.08897493457515948 0 -4.8101675230747434E-8 -3.954797742738984E-8 -2.7592091092148147E-5
0.4897167015298755 -0.6990669986722716 0.09278011319940965 0 -5.189120585433265E-8 -4.1449766473474234E-8 -2.76020210132596E-5
0.46249999999999986 -0.8010734985006049 0.09999999999999984 0 -5.625318579532628E-8 -3.847993811495262E-8 -2.7611204992542733E-5
0.18083964416846285 -0.7595104378227608 0.08602850609777069 0 -5.996301403163769E-8 -1.2732226197679497E-8 -2.76067688982756E-5
0.2521627428797361 -0.7694593063835823 0.08864404636431371 0 -5.951768586939443E-8 -2.0256503779936385E-8 -2.759352394342685E-5
0.36329863298781023 -0.7692008953950572 0.09250410835033814 0 -5.160218596309833E-8 -2.875770282561731E-8 -2.760268788761618E-5
0.29721686832567656 -0.7486484838731736 0.08825580478820183 0 -5.254740874941162E-8 -2.0847392853315603E-8 -2.759280266134542E-5
0.566498136584519 -0.34007595181336675 0.07621962270586992 0 -2.7663602324513626E-8 -3.941896268291986E-8 -2.762521768090643E-5
0.5490740032503059 -0.5442731464552364 0.08535659345024513 0 -3.879209812792494E-8 -3.4992619229030405E-8 -2.7603735237754932E-5
0.4877536710430043 -0.5826751104622181 0.08420495651136725 0 -4.688370281473494E-8 -3.071754734673209E-8 -2.759802069718909E-5
0.5629289159938321 -0.47314451663551055 0.08212579004392509 0 -3.686480406342672E-8 -3.84359209695663E-8 -2.761414730286538E-5
0.5395049675561714 -0.4037977139333864 0.07721405836956645 0 -3.1923241642744325E-8 -3.757186142265484E-8 -2.7623491669686274E-5
0.08068135396090602 -0.714167303296879 0.080752947531276 0 -5.183035757521913E-8 -1.3640792250008938E-9 -2.7617232981911277E-5
0.1307586883786586 -0.7179080095003467 0.08165710231721483 0 -5.424649566815768E-8 -6.345537796146696E-9 -2.7616212424490336E-5
-0.3707535969478622 -0.8474426517245004 0.09999999999999994 0 -6.83612216053427E-8 2.2591572412060466E-8 -2.761444034787772E-5
-0.14308797449955207 -0.83181181721957 0.0918642159103333 0 -6.261275682148784E-8 7.0318364136922864E-9 -2.761219962667354E-5
-0.22448109351079631 -0.8295744817427092 0.09335179876408067 0 -5.958750676518749E-8 1.0649778573834727E-8 -2.76084657445408E-5
-0.2937621218403122 -0.816155750548228 0.09413660224150187 0 -6.285270816948354E-8 1.5395386462269806E-8 -2.7604473350707554E-5
0.02032803985547743 -0.7231235035279147 0.08113718206932351 0 -5.267955934816545E-8 5.265438034973154E-9 -2.7612768731576427E-5
0.049373389215154835 -0.676251463493053 0.07753347573866787 0 -4.980287421601158E-8 3.0631387651010847E-10 -2.762385528421144E-5
-0.07537530152887752 -0.7754914719888756 0.0858872030654022 0 -6.144720941623936E-8 7.804077073235099E-9 -2.7608022035026924E-5
-0.03309170223836219 -0.7328034628470876 0.08197501691133365 0 -5.627652322760715E-8 9.034404262430376E-9 -2.7611444502049894E-5
0.9051251563026282 -0.1907181838739738 0.09999999999999992 0 -7.804568108015214E-9 -6.825304335371337E-8 -2.7608727028381773E-5
0.6346730356926771 -0.3174870091624341 0.08001946855914073 0 -2.75480497416772E-8 -4.183838127929304E-8 -2.7616352839199997E-5
0.7578046117703346 -0.24801668508133742 0.08751626752734717 0 -1.8443703537080607E-8 -5.690633051456601E-8 -2.7608800991760712E-5
0.6897625743522149 -0.264441860913035 0.0824063475266023 0 -2.2026344533268344E-8 -4.817641476712543E-8 -2.7615216124286645E-5
0.7597010793028803 -0.19500257071099417 0.08634694259141452 0 -1.7000130404121555E-8 -5.8786147816522415E-8 -2.760332632733797E-5
0.7883546035916825 -0.1648885681025431 0.08824892692988197 0 -1.2078663786354922E-8 -6.000192691552961E-8 -2.7596058707114987E-5
0.8374232558848942 -0.12934172138602965 0.09218338983550128 0 -3.605265192472645E-9 -5.9481960934573984E-8 -2.7599062439751836E-5
0.7880045515761319 -0.1291017367769672 0.0876205822064691 0 -9.954211573807642E-9 -5.525346496660264E-8 -2.7595208787566035E-5
0.45389464101054455 -0.6418290507487612 0.08650541722977734 0 -5.1954678290177064E-8 -3.428330997919679E-8 -2.7601029283979313E-5
0.4122622788181451 -0.7140592129571535 0.09001680581831237 0 -5.1594192774341037E-8 -3.175060424957903E-8 -2.7606596125124117E-5
0.1697005588141962 -0.6915759378642319 0.08021607449160523 0 -5.4104358248738644E-8 -8.850556048420238E-9 -2.7616667588289382E-5
0.24692814396934865 -0.6974874410583478 0.08250617855893733 0 -5.437627611953882E-8 -1.1470738608802732E-8 -2.7604479462586318E-5
0.3299132550602819 -0.6955796266909601 0.08507057911176502 0 -4.8895801356965925E-8 -1.9520424726951847E-8 -2.7604787529158905E-5
0.5796784116794852 -0.2776116098201063 0.07488927562467991 0 -2.1379014387115223E-8 -4.1545378622646317E-8 -2.7627981890953423E-5
0.5306797663003683 -0.29923675531161764 0.07251363051783592 0 -2.095627672899766E-8 -3.898284067485899E-8 -2.7629931364526354E-5
0.5018045759598764 -0.34636458619402455 0.07254833341115845 0 -2.3571209232843243E-8 -3.64123375980065E-8 -2.7628788947793323E-5
0.43691576165411183 -0.5863880363863174 0.08178506492225697 0 -4.900768952205307E-8 -2.8518929143790443E-8 -2.7608896441552094E-5
0.5025098789806555 -0.5159632075862093 0.08087711077114174 0 -3.984450111138303E-8 -3.111833656664806E-8 -2.7612086121483933E-5
0.4531934148271225 -0.5420428192507506 0.07976926362259741 0 -4.405890115888165E-8 -2.8271323388576324E-8 -2.7613300434249647E-5
0.5051728219418842 -0.4543425560441293 0.07763963571270259 0 -3.446500517903691E-8 -3.4148020000644435E-8 -2.7621881165461657E-5
0.4743994852003083 -0.40954268251415876 0.073738234339428 0 -2.8238530181701357E-8 -3.453940475983694E-8 -2.762607628184467E-5
0.115198487208555 -0.6531897985847656 0.07640980333620502 0 -4.924243221283631E-8 -7.048467729086671E-9 -2.7625515546952846E-5
-0.4625000000000001 -0.8010734985006056 0.09999999999999992 0 -6.29366315240374E-8 2.8990486662486957E-8 -2.7620980439769248E-5
-0.3837134371029664 -0.7748603000238192 0.09386619334345218 0 -6.277340626017581E-8 2.518125290152245E-8 -2.7613219301704683E-5
-0.3293828651109605 -0.7771045511687245 0.09186418681824765 0 -6.312222720757452E-8 2.125281352121073E-8 -2.7604612718299524E-5
-0.4839056580716607 -0.700569999447879 0.09257832058039935 0 -5.215696400608131E-8 2.981727921890087E-8 -2.7612478876652443E-5
0.04767908888924959 -0.6125339534466794 0.07287094188782159 0 -4.618941701599996E-8 -4.750150410143472E-9 -2.7629991586094544E-5
-0.19485303194491674 -0.7756068237085788 0.08772926134592987 0 -5.376419617942893E-8 1.2992425593793829E-8 -2.7608151284290722E-5
-0.1380657870545559 -0.7497079460326577 0.08441541385599156 0 -5.474155588481215E-8 1.1979198033625725E-8 -2.761473862741132E-5
-0.24450643515018045 -0.7666415232960108 0.08818261063739213 0 -5.3644524148741264E-8 1.64966700020907E-8 -2.7599547593558833E-5
-0.29287844997281653 -0.7560683801841976 0.08874412837590734 0 -5.885298176386606E-8 2.133574460246799E-8 -2.75981878629284E-5
-0.018713178495829663 -0.6598847879456907 0.07617577755495693 0 -4.9093052276928E-8 4.458603714097017E-9 -2.762714200720878E-5
-0.08839747535315964 -0.7039498716595032 0.08000538942626953 0 -5.2889054296554826E-8 1.0613348977982036E-8 -2.7621031516867192E-5
0.8548200389796248 -0.0652462727687064 0.09314675085287963 0 2.6202096590956025E-10 -5.841363362529831E-8 -2.7608595367275968E-5
0.9192877606928158 -0.10260258091221079 0.10000000000000002 0 -8.064053381789605E-10 -6.412962473986712E-8 -2.7611284055401763E-5
0.6384778628041976 -0.2349189996283244 0.07770845629712514 0 -1.9569417172708534E-8 -4.560444963002264E-8 -2.7624007476149208E-5
0.7040732060431756 -0.2032143579310842 0.08191372549943252 0 -1.9466174851337E-8 -5.2164172716555825E-8 -2.7614205491948416E-5
0.5898871014295897 -0.20776639827421509 0.07364495662277284 0 -1.3983841988678745E-8 -4.407144376503696E-8 -2.7627740479322148E-5
0.7325342916850157 -0.13408386908087772 0.08291013088256632 0 -1.6539673950121426E-8 -5.187675595276505E-8 -2.7605842036152834E-5
0.8252770499196602 1.9257059754862352E-16 0.09008727174442388 0 2.3823963972557026E-9 -5.923823634696253E-8 -2.7612452178094887E-5
0.7859407931602105 -0.07401767626946823 0.08680140328934058 0 -6.163161907310816E-9 -5.157666279918833E-8 -2.760489848797289E-5
-0.499151538632016 -0.6334110077816723 0.08834372866104906 0 -4.550423732624667E-8 3.443785710821136E-8 -2.760233545365383E-5
-0.539934650094959 -0.6040123388311489 0.08868415026698911 0 -4.86840944609459E-8 4.100645528251079E-8 -2.7603061975557004E-5
-0.55199683338532 -0.6639303440969675 0.09374464706266032 0 -5.387433352618581E-8 3.556958274932236E-8 -2.7607938950357612E-5
-0.5485674035956859 -0.7447758606713794 0.09999999999999995 0 -5.7592261362337174E-8 3.366252233420876E-8 -2.761735564261678E-5
0.36763254236248405 -0.6367582418875392 0.08211785344170683 0 -4.866940309672454E-8 -2.3624714648981344E-8 -2.7614189592156875E-5
0.18957159845420457 -0.6243064952889011 0.07560329744867302 0 -4.686650614476073E-8 -1.2489646696530301E-8 -2.7624048381490243E-5
0.28831363121595577 -0.628175946475062 0.0785524110683112 0 -4.656942256024014E-8 -1.5999100447789766E-8 -2.7619545642092857E-5
0.526450453306162 -0.23768251001620336 0.07038843476625324 0 -1.4423926006030046E-8 -4.148568644230224E-8 -2.7627660408609873E-5
0.47890979704271586 -0.2863984098188226 0.06912760288748078 0 -1.7275817064359734E-8 -3.625863640498437E-8 -2.7627920433814292E-5
0.4494990254251993 -0.3483577682477059 0.06980849106780328 0 -1.990090945892868E-8 -3.358772562605339E-8 -2.7623991196922476E-5
0.38634553368626057 -0.5411366135074791 0.07653244947706521 0 -4.261905007035113E-8 -2.653431095516254E-8 -2.7623580852808634E-5
0.43810869406594616 -0.47330739854493387 0.07505155127124848 0 -3.5122415485140925E-8 -3.1253817149986825E-8 -2.7623939651711173E-5
0.4170420346765119 -0.4108303752912244 0.07090170067103962 0 -2.6096474466040995E-8 -3.376361900561064E-8 -2.76219043608861E-5
0.1909808398518187 -0.5616900805542806 0.07142639087555928 0 -3.895090300029807E-8 -1.7320384290713886E-8 -2.762426585717385E-5
0.12475562378528363 -0.5650913910725969 0.07045918166236254 0 -4.2052189421439505E-8 -1.4792535010269965E-8 -2.76224242625757E-5
0.05189365664575958 -0.5409828050063739 0.06822031633188272 0 -4.260792167420009E-8 -8.818331168194642E-9 -2.7624410076092873E-5
-0.41249148408265685 -0.71445620812065 0.0900597252140442 0 -5.466388477134084E-8 2.8412833959957E-8 -2.761515115070126E-5
-0.34485879204612635 -0.7195732958375974 0.08756922173357189 0 -5.770691567189759E-8 2.7334666283225433E-8 -2.7609706788879654E-5
-0.4354763147019103 -0.6351536187841577 0.08509247440255904 0 -4.283360829200235E-8 3.2081148538890225E-8 -2.7613673444402313E-5
-0.02127679909875187 -0.5862434400348023 0.07098260267248742 0 -4.295729073934723E-8 -1.2580740462870663E-9 -2.763091735586991E-5
-0.20123366572154053 -0.7196538123444207 0.08312630758513646 0 -4.903579193666969E-8 1.8389072985636148E-8 -2.7611661596922402E-5
-0.1453861443112404 -0.6947291331504667 0.08002955113164492 0 -4.975372041988845E-8 1.3796478706672234E-8 -2.7621548399577375E-5
-0.26439613737119816 -0.6970297197339501 0.08297653094743883 0 -5.059237215711669E-8 2.6283334494999558E-8 -2.760839923323941E-5
-0.314732642366773 -0.6679534491621226 0.08237892997106575 0 -5.076162273158996E-8 2.8753428875921638E-8 -2.7616659398132235E-5
-0.10379006268918363 -0.6311723493295898 0.07466578004946206 0 -4.622791142638833E-8 7.3110664517012026E-9 -2.7629495506960393E-5
0.7822439697509947 0.07342341173252223 0.08646750245519458 0 4.321359102288586E-9 -6.085046476779355E-8 -2.760754267963552E-5
0.9249999999999998 2.358937726024754E-16 0.09999999999999994 0 5.960558234260372E-9 -6.637105641186114E-8 -2.761776122092034E-5
0.851370675269602 0.07427003550197267 0.09288407134507307 0 1.0661148247838091E-8 -6.421455893107762E-8 -2.7609302062198482E-5
0.8038717607621603 0.12213857484508564 0.0889547066003148 0 1.0949393801988622E-8 -5.966052519928478E-8 -2.7599522659214158E-5
0.5408130551366507 -0.18150058753720788 0.06992281214701015 0 -7.951367316534431E-9 -4.281188775206146E-8 -2.7622361261843534E-5
0.7247257834183621 0.0852066297502373 0.08165698245211614 0 7.410352557811708E-10 -5.529408859162936E-8 -2.761561064313345E-5
0.6510493529215736 -0.15514133280147802 0.07686356365481603 0 -1.4182932262726607E-8 -4.6882555787924603E-8 -2.7623946730463E-5
0.5770279320473081 -0.15184347618041535 0.07165568912865208 0 -6.771081242758687E-9 -4.268489759127633E-8 -2.7625354776689042E-5
0.6918887433807659 -0.06772116765551027 0.07886795692620667 0 -9.208305498875609E-9 -4.7474433624242015E-8 -2.762213979815634E-5
0.7364981201835382 1.7871933341171726E-16 0.08222076644985389 0 -3.2984995111918153E-9 -5.2890527968808675E-8 -2.7619138107463506E-5
-0.48001255710073826 -0.5637645778356982 0.08255043176744216 0 -3.826677702238044E-8 4.096183777596481E-8 -2.7613032269368267E-5
-0.5678213237459834 -0.537667606136383 0.08613904983735729 0 -4.2435137550390736E-8 4.525772282913563E-8 -2.761640685581674E-5
-0.600893054701109 -0.6092572756078649 0.09299302035398636 0 -5.236212875618845E-8 4.334147597605175E-8 -2.7613537124486556E-5
-0.6178002971320171 -0.688438643052917 0.09999999999999995 0 -5.7662537294062734E-8 4.188962865862337E-8 -2.7617031793252476E-5
0.31808183532075807 -0.5509338997403093 0.07441383187593008 0 -4.0916667688763926E-8 -2.2639487116645815E-8 -2.7628266374299134E-5
0.2593907519340379 -0.5686281064407216 0.07361593901057979 0 -4.0580451140423734E-8 -1.8582699629348125E-8 -2.7627773554875654E-5
0.4250914842628162 -0.2904030737883922 0.06650384046370365 0 -1.6124102485883263E-8 -3.0220645293634955E-8 -2.7621330880213997E-5
0.4860024477406568 -0.1810614961514008 0.06672716200822644 0 -9.997650363657119E-9 -4.134063654235115E-8 -2.761410791650297E-5
0.4546475825643904 -0.2329362873436874 0.0662732760967022 0 -1.4887398995014119E-8 -3.648334719680813E-8 -2.7622943265333308E-5
0.39693548996928896 -0.3460112170117685 0.06719703593166886 0 -1.8093547203658264E-8 -2.981877544904579E-8 -2.761173610999683E-5
0.3565677611611388 -0.4614203059811383 0.07075125137743832 0 -3.341882693633855E-8 -3.026356832116652E-8 -2.7625253794128034E-5
0.36327728761747163 -0.38800374757803646 0.06749345504717459 0 -2.5381046018203974E-8 -3.298856599060826E-8 -2.761021638366376E-5
0.3750627258693446 -0.2936858939923492 0.0643465481455432 0 -1.8371047877559672E-8 -2.2969168077567376E-8 -2.7613675067597306E-5
0.14556246178613044 -0.5017461145955597 0.06695111305462358 0 -3.394787125535532E-8 -1.6281692648584282E-8 -2.7607615796729704E-5
0.1773504711629968 -0.5251479744589087 0.06889288845838194 0 -3.431443557023114E-8 -1.8314844032622143E-8 -2.7618030930193278E-5
0.2111878992556696 -0.5199281931560845 0.06932845783235407 0 -3.363271289827442E-8 -1.8988043635631544E-8 -2.762288120512377E-5
0.10436058799907272 -0.5010308479370807 0.0663275801738497 0 -4.004769965012473E-8 -1.3321945332701978E-8 -2.760817300696679E-5
0.06673635655852131 -0.4767204709635782 0.06461779605353521 0 -4.058103809836987E-8 -6.2214753733698575E-9 -2.7614377906928112E-5
-0.006975621790116399 -0.5183972256879046 0.06671599267023115 0 -3.796952700757675E-8 -3.231433084035207E-9 -2.7625494628514204E-5
0.021803385387518696 -0.4822544950869184 0.06469299319690378 0 -3.7758075351631885E-8 -3.2651408139704833E-9 -2.762245376527961E-5
-0.05196883438319561 -0.5240326103663052 0.06719869985797552 0 -3.589784835119848E-8 -1.0660311122249914E-9 -2.762294818042734E-5
-0.3679909311443217 -0.6373789894665455 0.08217765681431859 0 -4.6046233796255756E-8 3.008776392388952E-8 -2.7621517768436868E-5
-0.40158939943089916 -0.5697012631254147 0.07901179842938963 0 -3.8496581428005906E-8 3.223571761551959E-8 -2.7626075989873085E-5
-0.09590125636856872 -0.5619999312235502 0.06990127823248253 0 -4.03507340286068E-8 9.725558302961766E-10 -2.7625154450461627E-5
-0.19926692702634366 -0.6350324834465847 0.07658242747619838 0 -4.626002164337332E-8 1.707350444638612E-8 -2.7626497815006952E-5
-0.2841593977557326 -0.6153602706014176 0.07751426427315905 0 -4.596427750698037E-8 2.491805246272432E-8 -2.7627714270984937E-5
-0.15663037176370528 -0.5733099421965812 0.07149707499548641 0 -4.3952027137601516E-8 7.086693826306792E-9 -2.7626715922844976E-5
0.6892086201904363 0.11760753932384704 0.079182235454291 0 3.2123976945319473E-9 -5.0721300372971124E-8 -2.7621692961134165E-5
0.7461230180043805 0.1326560288062978 0.08402816782270867 0 3.857254852302319E-9 -5.4436111121326204E-8 -2.7606004524908984E-5
0.6908574756839181 0.1584953945063365 0.07995126254637963 0 6.05285876360578E-9 -4.909552831248837E-8 -2.7620919268251008E-5
0.9192877608705788 0.10260257931928718 0.09999999999999994 0 1.4271825265626338E-8 -6.785564168654128E-8 -2.761425703366495E-5
0.8510855832446352 0.14814580550682163 0.09378949781498243 0 1.7385960696732987E-8 -5.992218821898866E-8 -2.760527329669648E-5
0.7902639371481001 0.17887268414595758 0.08869278761371624 0 1.3523581802792252E-8 -5.2094321323476386E-8 -2.7603122993725684E-5
0.5270134709035552 -0.12362075461980128 0.0680883893303861 0 -1.4323575023576997E-9 -3.7724082400352605E-8 -2.7614896094674842E-5
0.660910431014522 0.06111123862815046 0.0764443497197492 0 2.0771068125952326E-9 -4.88726941519497E-8 -2.7629359137900787E-5
0.5965173615012839 -0.07939251741876008 0.07200225824383245 0 -2.9819203463049702E-9 -4.142926911447017E-8 -2.7629474363098517E-5
0.6371682462297272 1.7636191275501287E-16 0.07448630903843244 0 -3.52403109898636E-10 -4.569834133060083E-8 -2.7632567449455516E-5
-0.5998767009898777 -0.47889137063455584 0.08487289614566726 0 -3.431324197376088E-8 4.437499885791628E-8 -2.762110395762058E-5
-0.4462665144718288 -0.4769553831048419 0.07565680574632232 0 -3.528461840631885E-8 3.4123571187927495E-8 -2.7631847664679917E-5
-0.514031025104845 -0.49215788183100256 0.08018045280724438 0 -3.576684682110004E-8 4.209105402935927E-8 -2.762560577625742E-5
-0.5551101229584549 -0.4700701488343014 0.08146563252731463 0 -3.353439661732546E-8 4.338532111685403E-8 -2.7625754903959175E-5
-0.6562422498346266 -0.5241856689594518 0.09146905933596002 0 -4.1729908356259286E-8 4.518720899919159E-8 -2.76197730085284E-5
-0.6848306133117381 -0.6217902179859557 0.09999999999999995 0 -5.292199204706393E-8 4.782790105859802E-8 -2.7624596040631275E-5
0.27241004361507065 -0.4718280360333558 0.06830375115676078 0 -3.278644851084425E-8 -2.3294040009406916E-8 -2.7626400123664337E-5
0.4535801009187721 -0.11979187747949692 0.06395953291420167 0 -1.200611684433451E-8 -3.1185241079226755E-8 -2.7604716289431328E-5
0.39072217276086296 -0.23584567652234287 0.06329187670784985 0 -1.7091281670782435E-8 -2.7315182416043584E-8 -2.7622844642135558E-5
0.41238404925178007 -0.18021837395374024 0.06296662723972753 0 -1.655282050245602E-8 -3.231534175124253E-8 -2.7619752347025182E-5
0.33633282409977633 -0.33989669688880314 0.06444423660906805 0 -2.6792063279877837E-8 -2.367520855788364E-8 -2.760177273936775E-5
0.30008338071089913 -0.40108479031261085 0.06570468861303413 0 -3.182340470213238E-8 -2.7044412751654813E-8 -2.7616521639700437E-5
0.32685099627426545 -0.2905697969488598 0.06232853198902638 0 -2.3949056954581276E-8 -1.7989375712514103E-8 -2.7614894271995482E-5
0.34557599933864525 -0.25420475687873284 0.06192004258218349 0 -1.9644200041153067E-8 -2.0702010884859843E-8 -2.762206648653442E-5
0.13994680898558723 -0.4672126633962515 0.06496624972127402 0 -3.1835692789740223E-8 -9.782175016812648E-9 -2.760302659846004E-5
0.19075484218748176 -0.4725311643222945 0.06620021711897697 0 -2.8517151331493476E-8 -1.5291229008097686E-8 -2.761533080295553E-5
0.04901016908663563 -0.43723836174505165 0.062459634223422635 0 -3.6034611893107844E-8 -1.1976161023153034E-9 -2.7621095670577758E-5
0.10408488366078726 -0.44405468685268895 0.0632766673513578 0 -3.6056577552894666E-8 -3.1400686962692106E-9 -2.7608460143434634E-5
-0.03083759909542402 -0.4757419881377713 0.06436680609968096 0 -3.264196033977775E-8 1.0982633575311715E-9 -2.7622006637941628E-5
-0.0058033119248053185 -0.4414101175550563 0.06253303354413749 0 -3.241478498486129E-8 1.705734682442058E-9 -2.7625014257607824E-5
-0.39030681785658333 -0.4466269881485597 0.07141764844659583 0 -3.541591726548305E-8 2.4714869171724195E-8 -2.763111557495283E-5
-0.09527352708204243 -0.48999184724793493 0.06560563290386152 0 -3.2298721861864836E-8 3.1533071510383003E-9 -2.7609432699953958E-5
-0.31827009850817745 -0.5512599811461146 0.07444098367382036 0 -4.1155758074435836E-8 2.3791139362393765E-8 -2.7634708154928655E-5
-0.36296726797354567 -0.5093150093458659 0.07364571283377143 0 -3.7428294173841625E-8 2.561845512050045E-8 -2.76345517943265E-5
-0.1538656248196219 -0.515523498759926 0.0678853449092873 0 -4.231774852043479E-8 4.818722567008747E-9 -2.761510585396556E-5
-0.23145619169988374 -0.5426436945370011 0.07120349698950754 0 -4.381167937304692E-8 1.4823486755412222E-8 -2.763120356795522E-5
0.02839276411724586 -0.3973392921812578 0.06048540173023527 0 -3.0812771954144E-8 7.010692034035734E-10 -2.7629159375655633E-5
0.6359863797306674 0.13411282944887548 0.07542020319546493 0 8.756770386562173E-9 -4.578294391916068E-8 -2.7629915935266654E-5
0.7226994437477957 0.1997352924878217 0.08334138075756291 0 1.0068241665077906E-8 -4.9257207197229655E-8 -2.761617165023389E-5
0.6524176664552398 0.20477109599706128 0.07797707686621592 0 1.2073919710023897E-8 -4.62942020016004E-8 -2.762881180684343E-5
0.9051251569294585 0.19071818089926676 0.09999999999999994 0 2.0096180219905613E-8 -6.153512350007777E-8 -2.7614293091048366E-5
0.8318102133114379 0.22322523392999097 0.09353078509252784 0 2.0587957434749704E-8 -5.456012986292194E-8 -2.7612535422770566E-5
0.7561533810021175 0.2511688924028691 0.08746370240455802 0 1.8237023271646997E-8 -5.189265616522349E-8 -2.7616382004486184E-5
0.5078212312272354 -0.05773868566153316 0.06628756501631425 0 -5.1939478673427156E-11 -3.240743816551095E-8 -2.7620772326538718E-5
0.580043566339009 0.07440259297015442 0.07086095755136954 0 9.542277726223838E-9 -4.318475227612312E-8 -2.763076590692053E-5
0.5449077695259106 1.435041058529122E-16 0.06830916124377966 0 4.202005335373372E-9 -3.8996901585552507E-8 -2.7630009576205017E-5
-0.6449966839705535 -0.4445280981035864 0.08625924084344859 0 -2.9960884254212013E-8 4.4960562611692434E-8 -2.7614258567300566E-5
-0.5773213056470615 -0.42632356756478973 0.08066830857907491 0 -2.8202002395231202E-8 4.38851013578012E-8 -2.7626699852134174E-5
-0.42560872193429483 -0.3924588186076942 0.07047472570296821 0 -3.490965282250437E-8 2.8509263821486105E-8 -2.7629374418337337E-5
-0.5105636494997626 -0.4275668331221898 0.07661161867134533 0 -3.173759994016847E-8 3.921777852307754E-8 -2.7633659678096584E-5
-0.6821995337018094 -0.3893517946424338 0.08645016345112792 0 -2.7579703250338004E-8 5.227141219155065E-8 -2.7606441644374693E-5
-0.7143597851634019 -0.46065181317541976 0.09243904770387963 0 -3.803543774870243E-8 4.709892215964358E-8 -2.7612538894767707E-5
-0.7501479603301018 -0.5412050791178046 0.09999999999999998 0 -4.480846580289378E-8 4.9472516065736977E-8 -2.7624432546300943E-5
0.23193963455587194 -0.401731231339728 0.06368217918749611 0 -2.961449547058404E-8 -1.6752846835453006E-8 -2.762323178298408E-5
0.4253355502182103 -0.060426816635170834 0.06194940187312641 0 -8.032667673701172E-9 -2.6615369571962017E-8 -2.7623118047656363E-5
0.3783639298171796 -0.12391451309547895 0.06047575124681011 0 -1.407682477724116E-8 -2.6273213360259036E-8 -2.7626577280676125E-5
0.3404696044317066 -0.192505611563268 0.06016257670047243 0 -1.6124189644617262E-8 -2.3467680906685454E-8 -2.7630307643379767E-5
0.2704412885460664 -0.32134890739138106 0.06148782850104334 0 -2.924255859385651E-8 -1.7039092764282253E-8 -2.7621328316618123E-5
0.28780126788651955 -0.24610682281377952 0.05962067759661022 0 -2.053931263349015E-8 -1.8060299253990112E-8 -2.762986906781366E-5
0.15779399244920164 -0.4060014305216929 0.062242172248634084 0 -2.8267466083037886E-8 -5.903519509746512E-9 -2.761918105641213E-5
0.08201071126761389 -0.3939388987243753 0.060668066988986274 0 -3.120744985303961E-8 -1.0060338107664923E-9 -2.7624948617225924E-5
0.04349199689707277 -0.3606955682361924 0.05897556113419837 0 -2.7366305110922068E-8 -1.3279618005130885E-9 -2.7633175109037836E-5
-0.05772042989369192 -0.4373202270026056 0.06251628812885628 0 -2.8538829137143647E-8 7.065841230213746E-9 -2.762053898050337E-5
-0.03317807935019408 -0.4000499580003112 0.06062434517611841 0 -2.8309736126098356E-8 5.407204466976395E-9 -2.7629037369337004E-5
-0.3619566518906658 -0.37751131442037245 0.06698450376718922 0 -3.2015193039377607E-8 2.0990629905483614E-8 -2.761383649551524E-5
-0.36626813150114024 -0.4166408143589399 0.06892167223823106 0 -3.3890763928799E-8 2.0413149958577254E-8 -2.7624447473132985E-5
-0.3449125590697449 -0.44322460700183025 0.06935603931497553 0 -3.431797038660286E-8 1.9403692316689076E-8 -2.7629172411919383E-5
-0.1061373350373039 -0.43371612134398735 0.06278756375601147 0 -2.997038552838135E-8 1.3245921991739268E-8 -2.7612918724069883E-5
-0.1533021139497205 -0.45854960024362473 0.06473399748772989 0 -3.88744718532098E-8 1.289224301600495E-8 -2.7608998703078797E-5
-0.27258732769368704 -0.47213510106489254 0.06832563375196132 0 -3.7549409842443196E-8 1.6551922784157513E-8 -2.7631846532732232E-5
-0.2137590545386873 -0.47234636278777903 0.06671710658979699 0 -4.087870122406095E-8 1.3711323891710352E-8 -2.7624418922409805E-5
-0.18675532053812582 -0.4349325178463068 0.06418357757579088 0 -3.717422399589397E-8 1.594974985419779E-8 -2.7620344792446814E-5
-0.3826278748778653 -0.34149739132768103 0.06638993492953281 0 -3.250433318019017E-8 2.7877694130866787E-8 -2.7614497289206918E-5
-0.0010639892128916778 -0.35571530812846325 0.05866683852382106 0 -2.6581552962271947E-8 9.348885037655346E-10 -2.7634497321028018E-5
0.5665181445886517 0.15558354761445173 0.07104008880031383 0 1.6558126110101414E-8 -3.8727937074758146E-8 -2.76283918032773E-5
0.5953591891669738 0.1936606882201294 0.07369160395615945 0 1.5613429653110164E-8 -4.098446884854721E-8 -2.7632697906763626E-5
0.5192463818471629 0.12824117265253684 0.06769417632898124 0 1.700829240526288E-8 -3.6548233622245003E-8 -2.7615987886345578E-5
0.5285393108936259 0.16518893231571916 0.06885934434787161 0 1.8408505841493974E-8 -3.3765252011955605E-8 -2.7622422651734965E-5
0.6744856330743806 0.25899543825752414 0.08106282636378111 0 1.6050132192511948E-8 -4.963012497756774E-8 -2.7625031152829933E-5
0.5964895386590124 0.24538252217967127 0.07505456752399722 0 1.741444289211903E-8 -4.212530768612954E-8 -2.7634485681237364E-5
0.8809325160784339 0.2820885436790224 0.09999999999999994 0 2.598714754395308E-8 -5.91025935342725E-8 -2.76221649627164E-5
0.7133503615870089 0.32015636681811027 0.08613118221459619 0 2.3866117050814768E-8 -5.482870696184207E-8 -2.7615246136274596E-5
0.7978472984237357 0.3041762806928354 0.09281227257926788 0 2.6590563210552895E-8 -5.6037848849242035E-8 -2.761860698199726E-5
0.4636209692030302 1.4593888372567647E-16 0.06366862151549985 0 1.7462775296382386E-10 -3.313357057510145E-8 -2.7626070292476303E-5
0.4938126220450951 0.06489296717588176 0.06554297030555511 0 8.230162059731051E-9 -4.02244471344663E-8 -2.76192165838288E-5
-0.6153231968638251 -0.38077552285640803 0.08115372829448388 0 -2.279403918179326E-8 4.786870451639769E-8 -2.7622306842760606E-5
-0.560449570051932 -0.3810942956107818 0.0775098294695611 0 -2.5750052939168035E-8 4.289714043452108E-8 -2.7632760582045735E-5
-0.4429539530445369 -0.3153758255937713 0.06823813858748431 0 -3.003746998951712E-8 3.233221502571038E-8 -2.7631380557800977E-5
-0.5043029125892239 -0.34762375509843185 0.07274022680505556 0 -2.8365302906705876E-8 3.71676876583686E-8 -2.7637884499227776E-5
-0.6508158876168189 -0.3390076459058359 0.08199721983987755 0 -2.1517511957402317E-8 5.276521920194705E-8 -2.7620883114313847E-5
-0.7091826270730176 -0.32330839885714513 0.08590988858162861 0 -2.504162569032825E-8 5.6741683036073645E-8 -2.7618183101249727E-5
-0.7619010673352372 -0.3837317836320327 0.09273617861998763 0 -3.5922716362510235E-8 5.6793025935093804E-8 -2.7614740090135183E-5
-0.8010515387579304 -0.4625279007956028 0.09999999999999996 0 -4.140953514920638E-8 5.5661473126522264E-8 -2.7620867266928327E-5
0.19236089157799777 -0.33317883760233996 0.059881599761303 0 -2.597284141104181E-8 -1.1591195957774546E-8 -2.763279679183895E-5
0.38492668203237634 1.0023152680894796E-16 0.05989052034096669 0 -2.6662433451843724E-9 -2.7422872072550055E-8 -2.7635055065457784E-5
0.2997814449763267 -0.1302546190444194 0.057552736756421544 0 -8.143243887647411E-9 -2.1774433613741445E-8 -2.7634819179442673E-5
0.3411851195480258 -0.06215460789797836 0.058312559079427444 0 -5.75269399723208E-9 -2.2987287992385205E-8 -2.7636826735721007E-5
0.25568805190108224 -0.19009790761699052 0.05725179690059135 0 -1.2589290227937293E-8 -2.0024724431016342E-8 -2.7634242765504185E-5
0.21970172124605264 -0.25470361780543144 0.057909449658114676 0 -1.995008634408853E-8 -1.618589533040323E-8 -2.7636199670016897E-5
0.23090062297727731 -0.13379820267190193 0.05553869913937325 0 -3.89191934995012E-9 -2.0028889402280773E-8 -2.7624912064378997E-5
0.10559774308437374 -0.32641465451667345 0.0581670361159444 0 -2.3538559517751925E-8 -6.194814952685206E-9 -2.763571917967539E-5
0.031363797849434556 -0.30517057546423765 0.0568332914109285 0 -2.1824808569553328E-8 -5.284229034296841E-9 -2.763361792084875E-5
-0.08918266806588585 -0.39015326021997465 0.06056960464965617 0 -2.757296721627924E-8 1.1668160223183956E-8 -2.7626768505352047E-5
-0.049756265008924744 -0.359262534671633 0.05895024498757894 0 -2.6364855946834702E-8 5.633128466366697E-9 -2.7634004979602068E-5
-0.33370914900421456 -0.3553876317528072 0.06495432896100803 0 -2.512664702793604E-8 2.2305939595692035E-8 -2.7608754834543846E-5
-0.31386332305040454 -0.4019336098806021 0.0662221637922308 0 -2.8590447961179435E-8 1.677752865302462E-8 -2.762077384561132E-5
-0.15459594130071444 -0.3919265872876224 0.06155021858866086 0 -3.062598519232598E-8 1.6718165923091868E-8 -2.762549850349592E-5
-0.2322802926341843 -0.4023212684393738 0.06371797650698165 0 -3.0372737547751116E-8 1.700679753407904E-8 -2.7627316063294472E-5
-0.33230969380311987 -0.31257443393730217 0.06328313435425743 0 -2.1638624411516116E-8 2.9353503108301725E-8 -2.7613744837831906E-5
-0.37984334067586323 -0.29694191152231486 0.06465963905911942 0 -2.66409867080424E-8 3.176711094543484E-8 -2.76201044402812E-5
-0.03281109095750644 -0.303248501545522 0.05677241598853609 0 -2.3839713170217393E-8 -7.500737856046604E-10 -2.76340059037664E-5
0.002774404310843052 -0.26370741404826953 0.055444406431408536 0 -1.9445876492943712E-8 -7.139131070190249E-9 -2.7624466028281657E-5
-0.4503344724862791 -0.2539143429242661 0.06663047103760426 0 -2.2709135006726012E-8 3.1111868730553574E-8 -2.7631978710186547E-5
-0.40625597693717014 -0.2614749559637888 0.06471383725610917 0 -2.2752439942839373E-8 3.091936195231787E-8 -2.7628327338546416E-5
0.4615326701397575 0.12346215125476942 0.06442192515091573 0 7.465094130960508E-9 -3.3583156626607804E-8 -2.7606683353817986E-5
0.5387084587482873 0.20560708274998704 0.07032262751622614 0 1.920131008580548E-8 -3.431858616425302E-8 -2.7630611252695698E-5
0.4879508039440348 0.17532903328848173 0.06671893154849401 0 1.645304411654069E-8 -2.8467731667216545E-8 -2.761765068602791E-5
0.532509259731304 0.25445661626164345 0.07121936353097057 0 2.0933402511189084E-8 -3.5254830834775724E-8 -2.7635973691309867E-5
0.6341588941531792 0.31283518999890103 0.07981624453248937 0 1.883155456694399E-8 -4.8862114485382914E-8 -2.7625952587766237E-5
0.5661686439840169 0.30314954318445153 0.07485251919573685 0 2.095096069786641E-8 -4.083864066221501E-8 -2.7636217356739E-5
0.8437752416466553 0.3790359375932063 0.09999999999999998 0 3.4651072445082634E-8 -5.994871668748011E-8 -2.7622521872535696E-5
0.6719229666176102 0.38840511082381185 0.08561888827579653 0 2.4673058019999425E-8 -4.9868477166910685E-8 -2.7606542178620423E-5
0.7564175363077813 0.38622567562379634 0.09237249347625182 0 3.459890750864823E-8 -5.439652807215836E-8 -2.7611157493486677E-5
0.41461516466779025 0.07768102097507298 0.06157475739077051 0 8.429347794195085E-10 -3.314148108381749E-8 -2.7624275149686017E-5
0.41609697408913526 0.13788398400008967 0.062378681269293045 0 4.047729355856415E-9 -2.8900616216397418E-8 -2.7619250372753987E-5
0.3331467524821928 0.06332732629493788 0.0580143200893398 0 4.1799790369895565E-9 -2.4840232367196003E-8 -2.7639044845517342E-5
-0.47800098007166614 -0.21838828549818234 0.06713458210584479 0 -1.9895229051541065E-8 3.017229554012119E-8 -2.7629730820472E-5
-0.581042663690517 -0.3157640075984302 0.07626188231201678 0 -2.172097980554131E-8 4.453139374539533E-8 -2.7635598722594935E-5
-0.516501927640104 -0.27345997871285144 0.07083650833060166 0 -2.3497452878865253E-8 3.6076413478404044E-8 -2.7638423097619404E-5
-0.6531660790226061 -0.2763311132584134 0.0799841441751332 0 -1.8363464158944E-8 5.077345279247322E-8 -2.7630283745765136E-5
-0.7177089386751481 -0.25492955224205677 0.08435704674323387 0 -1.796615846021284E-8 5.2933008694824876E-8 -2.762477026223777E-5
-0.7682837005378522 -0.21778108265977297 0.08762455506029665 0 -1.645967347591787E-8 5.2560120978803614E-8 -2.7618244018712692E-5
-0.7926496756412593 -0.29133333750236745 0.09190870000572768 0 -2.6319746854979018E-8 5.7291627834928567E-8 -2.762329409942405E-5
-0.8437556437212325 -0.37907955935377746 0.0999999999999999 0 -3.619281989990958E-8 6.21219359857382E-8 -2.7626518733084234E-5
0.14972579901011426 -0.2593326910893636 0.056582144341893334 0 -1.7845418010157063E-8 -1.3093708895709622E-8 -2.7637645083101695E-5
0.30024351839566077 1.0287337474471442E-16 0.0566089984335615 0 2.6314053421335565E-9 -2.13000687086698E-8 -2.763963626314609E-5
0.25485064501553867 -0.06881848120103613 0.0554520694654174 0 9.583763417468706E-10 -1.7229953450372938E-8 -2.7630059193220737E-5
0.2018137422816696 -0.09141964150518621 0.054287541904913736 0 -7.242456691954904E-10 -1.3854170531347529E-8 -2.761286256812368E-5
0.1764824224893901 -0.17786432905826247 0.05506179018247805 0 -1.1042273939133384E-8 -1.8759966730638053E-8 -2.7626553311739145E-5
0.17846806103523252 -0.12182655323316927 0.054152220507936534 0 -6.687185939898602E-9 -1.729444086877804E-8 -2.7610531015405324E-5
0.06445906182530688 -0.2524774236880236 0.055351148337145016 0 -1.501333519351275E-8 -9.465546624065559E-9 -2.7628453511030484E-5
0.01713256069613923 -0.2191946756676691 0.054245341320781695 0 -1.3594269345392354E-8 -5.896080941625398E-9 -2.7611748527314693E-5
-0.015811501710617768 -0.22080470166743846 0.054282927994611936 0 -1.92619822882319E-8 -3.789675758833318E-9 -2.761222520537755E-5
-0.11115524588477288 -0.32319159740630654 0.058116751891295344 0 -2.5018730364957275E-8 9.54385626707414E-9 -2.763821572422715E-5
-0.2724211583800276 -0.34021230275634257 0.06225471036920954 0 -2.021037991660128E-8 2.1261421785927633E-8 -2.7623849750858884E-5
-0.19295762658678686 -0.33421241295621795 0.059933626134453855 0 -2.38724605260256E-8 1.6665318084277213E-8 -2.7636018922236815E-5
-0.299671918215507 -0.26919022055739933 0.06068803798570996 0 -1.7277230859978394E-8 2.6224546148892E-8 -2.762940944842136E-5
-0.35401952964801076 -0.2618191533072333 0.0624765930436588 0 -1.988895124379428E-8 3.043064402131575E-8 -2.7626314487684967E-5
-0.059917909088264505 -0.2537684697083779 0.05535616729591674 0 -2.3130050167134462E-8 -5.27294266040862E-10 -2.7629129878082026E-5
-0.4286041911968905 -0.21160410640457614 0.06443452009247358 0 -1.6316435135006614E-8 2.863660152016811E-8 -2.7627994210329215E-5
-0.3837371950984817 -0.21760730691022395 0.06251779019199943 0 -1.579307568271237E-8 2.8741228122402963E-8 -2.7630633400647048E-5
0.44078820931890417 0.17778853409565737 0.06428879605061415 0 1.1046050175926539E-8 -2.6441727490564596E-8 -2.761930309489261E-5
0.4759951064045458 0.23047538821939026 0.0673334019397155 0 1.9732924224412328E-8 -2.924298179689602E-8 -2.7629718500843206E-5
0.5023235944487765 0.29151864533540206 0.07059623054924213 0 2.414259613341342E-8 -3.405155965225686E-8 -2.7637344573965166E-5
0.5853609901656723 0.37038384021673393 0.07867156144500055 0 2.2259969473645593E-8 -4.364529458334213E-8 -2.762935791674334E-5
0.5293785213896149 0.3388907230126146 0.07386902220939724 0 2.482284626406427E-8 -3.78246485195268E-8 -2.7637872372362343E-5
0.8010710017272104 0.46249419126110125 0.09999999999999991 0 3.995423569741823E-8 -5.349537232269837E-8 -2.761942598541824E-5
0.626960623589047 0.4522983371432033 0.08535306995964971 0 2.9263275032177803E-8 -4.264653125817773E-8 -2.7618312880231176E-5
0.7061350528834721 0.4673278645716987 0.09212747065803699 0 3.642164019815659E-8 -4.426438822380638E-8 -2.7613236355716813E-5
0.3592371994727271 0.12552401442410036 0.05970040660633737 0 5.618038174875377E-9 -2.6138575654162513E-8 -2.7633615347523358E-5
0.39449037889125516 0.17177804019933995 0.06198157459134765 0 8.54524501823718E-9 -2.65481586675837E-8 -2.7626828683806244E-5
0.2907007887888551 0.1297941048796961 0.057242741237689944 0 1.1648387602299574E-8 -2.0004819561739606E-8 -2.763775763889051E-5
0.2538184516803514 0.06940494742292715 0.05542696753822805 0 1.1211920524765858E-8 -1.8735432085034188E-8 -2.763142211721011E-5
0.20062573683728857 0.09527047772396227 0.054301155270572714 0 1.287435310254164E-8 -1.3879212127367384E-8 -2.761455385128222E-5
-0.4690213191754545 -0.16282051739106812 0.06545407679976868 0 -1.3708214302657346E-8 2.8987753732679964E-8 -2.7615909050113033E-5
-0.5329845388239064 -0.1985594752136454 0.06981392050905111 0 -2.0175994095251855E-8 3.504371921497816E-8 -2.763243378955407E-5
-0.5985835515449605 -0.2260297922817816 0.07467942546060531 0 -1.7788106259512903E-8 4.336654983861604E-8 -2.7637822458119096E-5
-0.6738902730202506 -0.22049852083738797 0.07997070091519404 0 -1.3894564656017778E-8 4.9577426166084815E-8 -2.763086611444941E-5
-0.7224932718504692 -0.1846612188414888 0.08299584497449673 0 -9.538515220966512E-9 5.139384620813737E-8 -2.762132207002083E-5
-0.784218194998307 -0.17459658052838994 0.0880668176158918 0 -1.3606490755472688E-8 5.402672896810775E-8 -2.7610263297687345E-5
-0.8340398056073667 -0.21902107573341573 0.09363611174877708 0 -2.186470783930221E-8 5.682225974204083E-8 -2.7619541930144976E-5
-0.8809151182252344 -0.2821428693025129 0.09999999999999996 0 -2.7493821441437153E-8 6.133435271671881E-8 -2.762888654348901E-5
0.11138757858716244 -0.19292894544503636 0.054318208030815426 0 -1.1908127622783366E-8 -1.2130426831934822E-8 -2.7626423142811598E-5
0.2238875048948224 7.238912562247948E-17 0.054346295287657886 0 4.965267505818133E-9 -1.5764234524587535E-8 -2.762789668091847E-5
0.19420772375092543 -0.04676552312468657 0.053768452091938715 0 2.6541799313719186E-10 -1.0610812341587863E-8 -2.7618486407967007E-5
0.16765785073129597 -0.0820458117059934 0.0534822586461166 0 -6.131156864751795E-9 -9.580072969382282E-9 -2.7609237910666878E-5
0.1532214795718842 -0.1047515501973591 0.0534601593182905 0 -9.895533435974206E-9 -1.1997203434945454E-8 -2.7609435374098592E-5
0.13365633223327952 -0.1314943305448411 0.053500013617672364 0 -1.1882124620184747E-8 -1.298612308726119E-8 -2.761583333046193E-5
0.1909210649037196 0.04684254353730671 0.053697308093126346 0 6.6500842242949435E-9 -1.6331603205415257E-8 -2.7619130548005787E-5
0.05493858025113072 -0.1872116672800932 0.053664600392910426 0 -9.781793226708403E-9 -4.940132788130452E-9 -2.7617460036229295E-5
0.0015895535343272628 -0.18045943852644164 0.053353802929854664 0 -1.338022155835322E-8 2.385249642153737E-9 -2.7609411047829566E-5
-0.053441146730527564 -0.18709102439814254 0.05365287398922711 0 -1.862651315642631E-8 3.0843172268108178E-9 -2.7618108732177554E-5
-0.15050660974349658 -0.260685094950677 0.05663516711153095 0 -2.1060254932472455E-8 8.96714309706884E-9 -2.7640407504044963E-5
-0.22974591189928226 -0.256397975299907 0.05821373401797809 0 -1.7938084644155416E-8 1.7262629529809786E-8 -2.7639287034338688E-5
-0.2901412929767384 -0.21922908092139923 0.05898973037684318 0 -1.5714852562251667E-8 2.289959830297427E-8 -2.7637528158942965E-5
-0.3302765228915605 -0.22443841547131757 0.06052899064430553 0 -1.560531118126279E-8 2.7059174314970178E-8 -2.7633940290786844E-5
-0.11217260429255088 -0.1942886498520168 0.05435789315243198 0 -1.732605546915725E-8 4.192070662879935E-9 -2.7628647349403703E-5
-0.4043520178042477 -0.16901983470521795 0.062374130552393804 0 -9.010196053535072E-9 2.801072508758121E-8 -2.7626903377499972E-5
-0.36201088411519367 -0.17400839360604692 0.060635096430618034 0 -1.047537718464821E-8 2.6991613233153025E-8 -2.7634279084376164E-5
-0.42569230627547644 -0.12215318657273527 0.06260425960749791 0 -3.9062534795639695E-9 3.257233491412951E-8 -2.7619625855510697E-5
-0.467604489294916 -0.09647351175034927 0.06440527405535047 0 -7.87104194204516E-9 3.9540502522238405E-8 -2.7615058620613533E-5
0.40159415937487924 0.2222711945652258 0.06342742714419668 0 1.5878161012922626E-8 -2.7674161304805566E-8 -2.7628611842584915E-5
0.4374027432196876 0.28280425722564984 0.06685837267776952 0 2.5395452638488094E-8 -3.0451948030840175E-8 -2.763081173323022E-5
0.4716692828943538 0.34325991058700284 0.07076541111671204 0 2.9473638909992324E-8 -3.2487662962233595E-8 -2.7636141451473172E-5
0.5572755215547438 0.4510872900080022 0.08061070588876619 0 3.022899034768512E-8 -4.1286011681554695E-8 -2.7629175318552318E-5
0.5201731653431543 0.38799390136202994 0.0753439569886662 0 2.7879396960663554E-8 -3.7622113735094146E-8 -2.7636759500945474E-5
0.7501545426059838 0.541195955123228 0.09999999999999998 0 4.325337524082583E-8 -4.726848993418079E-8 -2.7625439647049805E-5
0.5828756184496425 0.5332115379316271 0.0868511630159933 0 4.0816233146799516E-8 -4.3390575794741264E-8 -2.7620757010787958E-5
0.650470548607775 0.5465931881196748 0.09240305490818579 0 4.326290920993784E-8 -4.353577422203631E-8 -2.7622809448216416E-5
0.33827356631260735 0.19741612693850677 0.06018657141513714 0 1.2568684757455193E-8 -2.493255360963094E-8 -2.7635204561124305E-5
0.2643297840462276 0.19520810401833616 0.057617277126140565 0 1.5018288973003312E-8 -1.745457620731677E-8 -2.763920401140266E-5
0.23462332403576286 0.13422621113694244 0.055643167928538385 0 1.567478745177269E-8 -1.30779291666185E-8 -2.7629086719763036E-5
0.1835322570857455 0.12636576122723128 0.05431954168807021 0 1.2311183421973155E-8 -7.444907430943316E-9 -2.7615227495468118E-5
0.15384433041034717 0.09209874155024383 0.0533301823681776 0 4.312968429538005E-9 -1.1327782548694964E-8 -2.7611576502375945E-5
-0.5199939829281822 -0.124648956040805 0.06768673130026932 0 -1.7787828094460974E-8 3.851766542758345E-8 -2.7620863650218957E-5
-0.5744027965338087 -0.14938461510286838 0.07144252826293566 0 -1.6715085191761998E-8 4.133623083805266E-8 -2.763419874389698E-5
-0.6477191420222239 -0.14358128013705043 0.07642272847163621 0 -9.468158814387028E-9 4.817258223476103E-8 -2.763516344679033E-5
-0.735100345459195 -0.11930462056175606 0.08291132970822637 0 -3.564682242134068E-9 5.648422224819215E-8 -2.761789656246574E-5
-0.8023821229894582 -0.12465004703532732 0.08885408731398864 0 -1.2369601837371416E-8 6.126101036651193E-8 -2.760826471633133E-5
-0.8531067718150073 -0.15803750226362165 0.09415708085227005 0 -1.941080213904367E-8 6.12985137305098E-8 -2.7615328976367268E-5
-0.9051158299750595 -0.19076243784282 0.09999999999999995 0 -2.1682273458164786E-8 6.372918339797196E-8 -2.7623467509958643E-5
-0.8393412000271001 -0.10211595922316327 0.09200820531311653 0 -1.420453817869907E-8 6.498516204303334E-8 -2.761531282890968E-5
-0.5124187514513647 -0.05184789683178334 0.06651654728017117 0 -9.335068283143951E-9 4.1961812106141436E-8 -2.7630186586480554E-5
-0.4662367643365183 -0.05429215722432917 0.06397307879016166 0 -4.989959143111663E-9 3.960176963559705E-8 -2.7626520523466018E-5
0.07846305682895906 -0.1359020009449211 0.0529048760801971 0 -1.0500023996448398E-8 -4.935976381905352E-9 -2.7621241010635252E-5
0.1581850159804538 4.03666044625459E-17 0.05292729798071231 0 -6.241606488432326E-10 -1.0999099269010292E-8 -2.7621995931166725E-5
0.1339429855522494 -0.042721659792281826 0.052630185389843626 0 -6.2294486008815435E-9 -6.723702652135602E-9 -2.7620574052369472E-5
0.12170874450296679 -0.07937873255132208 0.05270638285367756 0 -1.0274760608427052E-8 -6.457313421559925E-9 -2.7617823743670667E-5
0.0926329081859553 -0.0934021566431387 0.052491087538806276 0 -1.0438033004649441E-8 -4.673318301384862E-9 -2.76224804884581E-5
-0.07925046645516257 -0.1372658344238745 0.05293295280422828 0 -1.0415502086511706E-8 6.496532305696769E-9 -2.7622449308654035E-5
0.12737884186502532 0.04457914646124025 0.052542398875778 0 -2.0470184569754675E-10 -1.1154504786974378E-8 -2.7622534067380297E-5
0.025874926118163208 -0.13266950985365822 0.05254567933671947 0 -9.546938571724577E-9 2.5656067640811233E-9 -2.7621270427889163E-5
-0.025243839799718233 -0.13300675455069116 0.052548920040911946 0 -1.0776771685046142E-8 6.362748082581062E-9 -2.7621697868321005E-5
-0.18973296493485722 -0.18461798069110355 0.055474546986767154 0 -1.663399204441659E-8 8.565725630778442E-9 -2.7632346762960874E-5
-0.2483235922732361 -0.1816505696604007 0.05686432272721824 0 -1.6261260193822492E-8 1.6091873472107123E-8 -2.7637458800227424E-5
-0.30831506111577245 -0.17770170158565643 0.058672582596364375 0 -1.342830192156835E-8 2.3248934744248292E-8 -2.7639019126989784E-5
-0.13643849435757827 -0.142707733989249 0.05371629461338724 0 -1.014841223837575E-8 5.701011964021392E-9 -2.7619780929598966E-5
-0.184039983968445 -0.12735803584373426 0.05434432437859786 0 -1.3315849299148419E-8 8.603038306300567E-9 -2.761564907782461E-5
-0.10393602836491156 -0.0928684349452979 0.05261104654913399 0 -3.601466502439103E-9 9.322152489234512E-9 -2.762209286551153E-5
-0.33491839009005275 -0.13913239257244242 0.05894927757126896 0 -9.324185118300584E-9 2.526520164751128E-8 -2.7638692892302665E-5
-0.379850741799242 -0.12110542276221135 0.060500587943527986 0 -4.646638730639023E-9 2.922319846881315E-8 -2.7632228290260064E-5
-0.40842759083875496 -0.05875232359605658 0.061140527783328784 0 -1.393471282213082E-9 3.35823787604388E-8 -2.763276322715763E-5
0.36282250283673584 0.2686598783514224 0.06303900336729046 0 2.0417722006241086E-8 -2.986607796187953E-8 -2.762551933815613E-5
0.4058790843317993 0.3317218591300756 0.06705525860874961 0 3.1475425441452934E-8 -2.85758137798068E-8 -2.762322603143505E-5
0.4678168231247622 0.39722837411780604 0.07282402579327739 0 3.190759681888165E-8 -3.218476958622518E-8 -2.7636589618295263E-5
0.43228391685071293 0.3802988180284773 0.07026687195777441 0 3.347184481742265E-8 -2.7946494441720654E-8 -2.763165301566079E-5
0.5096255127299391 0.5106912413470729 0.08097857821614195 0 3.5888634178175584E-8 -4.0903805985062565E-8 -2.7626128961232253E-5
0.49005227512439575 0.44470401859070535 0.07629562530822705 0 3.23760164207274E-8 -3.6010249977247884E-8 -2.7635561901543807E-5
0.5354804188313992 0.5793968081607486 0.0867593250488703 0 4.416670861080689E-8 -4.17746446580625E-8 -2.761114868247008E-5
0.6847900044003186 0.621834941224156 0.09999999999999994 0 5.142595540813493E-8 -4.565430768059813E-8 -2.7628205672567983E-5
0.5876935447112426 0.6161088910778022 0.09257893706827944 0 5.146011675983143E-8 -4.026710246225182E-8 -2.7616056429046834E-5
0.2968769596322443 0.26583446546620604 0.06049214663587174 0 1.624659238184023E-8 -2.4514555933951473E-8 -2.7632107905109848E-5
0.22703812963746217 0.26409762190385 0.058370438456053005 0 1.7379757535941125E-8 -1.6002624671090457E-8 -2.7641539760878854E-5
0.18890830540911197 0.18932922319802872 0.05555650018582656 0 1.5829759838525553E-8 -7.48066406103334E-9 -2.7634519785632576E-5
0.10177697427875262 0.08834048795367637 0.05253956863179544 0 2.507628754095451E-9 -8.330231591274816E-9 -2.7623272052225856E-5
0.13647605991683223 0.1435082568468913 0.053729825805134857 0 9.425443010299685E-9 -4.652405367920779E-9 -2.7621002953000703E-5
0.14969050843762163 0.2592715660247786 0.05657975437506356 0 2.0149578353668333E-8 -7.543493232165621E-9 -2.7643654125253152E-5
-0.5844196053235717 -0.07491703801282973 0.07115392026499065 0 -1.0374851424448052E-8 4.499351770198518E-8 -2.7638051248664717E-5
-0.7351410524947968 -0.060926854977285956 0.08231802271497875 0 -1.4158567726589034E-9 5.797004066439671E-8 -2.7625622850337357E-5
-0.6752473549062168 -0.060997662019661704 0.07752927755735102 0 -2.2590800407252494E-9 5.199472114030578E-8 -2.763584766467954E-5
-0.7962287177911108 -0.06074957956360477 0.08762354715881242 0 -6.203717215000512E-9 6.328684539103217E-8 -2.7619352432905492E-5
-0.8627884197170684 -0.055125093298773874 0.09385473111979895 0 -1.0495457109931489E-8 6.635048999078664E-8 -2.7623427229603846E-5
-0.9192838471164881 -0.10263764414409532 0.09999999999999994 0 -1.578412054163288E-8 7.004183888376791E-8 -2.7625572886987737E-5
-0.5447672634209793 2.858524015158418E-17 0.06830049229574699 0 -5.248938263715262E-9 4.0529735285586004E-8 -2.7638138935581097E-5
-0.4638591691868275 2.797468827787367E-18 0.06368112390889594 0 -1.2060549204799986E-9 3.451724760519893E-8 -2.7632966174949683E-5
0.04273067501608843 0.07401170016957923 0.051925849626185475 0 3.220915244634096E-9 -5.673666876928245E-9 -2.763315253521785E-5
0.04273873390329096 -0.07402565857166639 0.05192600533605054 0 -7.625977130869261E-9 5.445754961004767E-10 -2.763149687518031E-5
0.08580268905133058 2.7616060966210454E-17 0.05192915349305607 0 -4.045351089812106E-9 -5.697267121732892E-9 -2.763188875801097E-5
0.07416648351753428 -0.042820039223696336 0.051927573540639343 0 -6.91132814968949E-9 -2.891138857346032E-9 -2.7631350125171606E-5
-0.04299754043112494 -0.07447392462720538 0.05193102148339571 0 -4.057962559320015E-9 6.843517472060802E-9 -2.7632068727939283E-5
0.07415950431437714 0.04281600977887487 0.051927495533993596 0 -6.853643724324514E-10 -6.790962518310588E-9 -2.7632290177011355E-5
1.3904975238826412E-17 -0.08573627431625096 0.051928505242836896 0 -6.651191249835817E-9 4.48643034211972E-9 -2.7631443987906343E-5
-2.9796378738924766E-17 0.08577355466188762 0.05192886660175564 0 5.9137776616901965E-9 -3.3785078157729834E-9 -2.7633286898904676E-5
-0.22815732549244747 -0.13366956667415786 0.05546555293618704 0 -1.665253350627109E-8 1.3412264671664713E-8 -2.762808683393474E-5
-0.27837086784154214 -0.12617379267311213 0.056793561369108604 0 -1.3514069132925044E-8 1.9988143019820567E-8 -2.76379429576828E-5
-0.15093740406319933 -0.09389909648308081 0.05329903073383901 0 -5.019140785371103E-9 1.199112648569816E-8 -2.7612300967239116E-5
-0.19761019796705667 -0.10158906953187431 0.054303584925033135 0 -1.3831852061921374E-8 1.377687475849201E-8 -2.761460207187852E-5
-0.12619399745448537 -0.06614911525416545 0.052660410611162535 0 -1.5317669989255036E-9 1.2226549005758912E-8 -2.7620611595273984E-5
-0.07423701450489274 -0.042860760308234 0.05192836227840669 0 -1.5699422017081174E-10 7.905300248997183E-9 -2.7632504239145798E-5
-0.4277423899643161 0.06497482014443749 0.06209784320535729 0 7.60432729704055E-9 2.7847241674930558E-8 -2.7629437559060398E-5
-0.33304413722574777 -0.06930677678439595 0.058055306373968225 0 -5.4361797492938095E-9 2.6078836081631972E-8 -2.7642170631034266E-5
-0.3847166606924661 9.345124501562139E-19 0.059881376808148805 0 1.7623567160245164E-9 2.8692665820867603E-8 -2.7640808261913602E-5
0.3329058545937796 0.33325924236807375 0.06406157186555389 0 2.1831443360293942E-8 -2.5236038798639345E-8 -2.761093898773085E-5
0.49825230464030634 0.6040689738251999 0.08623250303750961 0 4.1446248250273466E-8 -3.671961691783811E-8 -2.7608884501098653E-5
0.3818998921620359 0.39282083230988174 0.06849211870683777 0 3.349083823524772E-8 -2.0621703747136517E-8 -2.7624241588799494E-5
0.4314021965681312 0.42876752259718576 0.07244484890584979 0 3.3923038258842665E-8 -2.811469527799475E-8 -2.763534261570085E-5
0.4723939921181883 0.5653277489130144 0.08223903081434109 0 3.6753747592612256E-8 -3.812210155562054E-8 -2.761954871925936E-5
0.44736034083495346 0.4974141441538552 0.07684191432450417 0 3.460932968394796E-8 -3.355185985172484E-8 -2.7633957165365923E-5
0.5230354883414245 0.6422697488364204 0.0903707538749386 0 4.8268723408058375E-8 -3.281569758601873E-8 -2.760902262048096E-5
0.6177594130735138 0.6884753307245898 0.09999999999999995 0 5.621740300651159E-8 -3.961078642281242E-8 -2.7623288218774452E-5
0.5518007966248653 0.6760563257947593 0.09465507346897212 0 5.3053973081945615E-8 -3.290109997872404E-8 -2.7616183967426492E-5
0.2625418688185837 0.33648330779519714 0.06181290503458571 0 1.941327197984268E-8 -1.9460852987407447E-8 -2.7630054394155726E-5
0.10763513709501461 0.3224957272318108 0.058047784011843594 0 2.4127294480838984E-8 -7.871732921513446E-9 -2.7643362539699175E-5
0.19231764390950024 0.3331039304431938 0.059877835485628014 0 2.2876213275389202E-8 -1.5267090839049376E-8 -2.7640595514442364E-5
0.11136664405289663 0.19289268576805546 0.0543171535525474 0 1.6346064995581678E-8 -2.883304359506649E-9 -2.763075907923082E-5
0.07844894660138711 0.13587756131386042 0.05290437550856248 0 9.420985530929617E-9 -5.440545516009372E-9 -2.762427711528243E-5
0.03519829734560284 0.13784946141786306 0.05265706254873472 0 1.0591322286444118E-8 -5.295678783595639E-9 -2.7623468595146958E-5
0.06630901180929025 0.2508565357105051 0.05531869953262273 0 2.1936001236975724E-8 1.0751514960322996E-9 -2.7634064065501107E-5
-0.017053837843317182 0.27836069099312905 0.05590951428308119 0 1.8839980524200334E-8 8.039420914839538E-9 -2.763501012053694E-5
0.011677278178983168 0.25977319628253465 0.05533524160416193 0 1.9820893161608687E-8 7.24905925850177E-9 -2.7629241475767665E-5
-0.036475279191632355 0.1302798698937502 0.052547520741153056 0 8.725885251476673E-9 -1.3181650403083064E-10 -2.762528707800452E-5
-0.004334214649360648 0.15163914092247652 0.05281372846092682 0 1.0473842613255974E-8 -3.386332124165864E-9 -2.7619708552182897E-5
-0.5548238392163805 0.07638757137486699 0.06925704553616709 0 -1.0849040209123996E-9 3.90597885268164E-8 -2.7635120435167114E-5
-0.6361392415232946 1.3179599374821288E-17 0.07441207081886599 0 -7.468903583652263E-10 4.720755686465773E-8 -2.7641994274113202E-5
-0.7353276040989696 1.376885046738379E-19 0.08212306732579755 0 2.148338963403839E-9 5.451679307839819E-8 -2.7630047225327705E-5
-0.8245744171037558 1.994957568951944E-17 0.09002147282184524 0 -3.6793605687467484E-9 6.108643438393793E-8 -2.7624426475761524E-5
-0.9249999999999996 -3.487031299242896E-17 0.0999999999999999 0 -7.4443951655921574E-9 6.857965546522529E-8 -2.763143795822102E-5
-0.6215823870108426 0.05940809814964494 0.0735747228508592 0 2.560740988787705E-9 4.490948431169463E-8 -2.764143358549769E-5
-0.5039157942187592 0.07056797810116018 0.06615707446286308 0 -4.4278001407159353E-10 3.2801625721760183E-8 -2.7626407245551015E-5
-0.4742240483662385 0.11256694280313873 0.06494853319711702 0 6.253870165006362E-9 3.281626945162947E-8 -2.7613614216163707E-5
-0.4362515368769683 0.13236424219261794 0.06326633817399899 0 1.4005191234982097E-8 3.324252948633752E-8 -2.7618761232462653E-5
-0.3689420167821231 0.1279817916152874 0.06013540062401418 0 1.2844874802415903E-8 2.717501056260219E-8 -2.7636493261703117E-5
-0.40020050920329836 0.18553375498639205 0.06251643484045978 0 1.5723581075206945E-8 3.174912151388535E-8 -2.7631873206456453E-5
-0.11902524067374867 0.3280525016025783 0.058398241089487615 0 2.2861332612271117E-8 7.96782676627362E-9 -2.7644478553418282E-5
-0.278960464150049 0.23105339123962187 0.058930977919053947 0 1.7706643991033263E-8 1.979708760987892E-8 -2.764162423299483E-5
5.529796886260846E-16 -9.523255661324038E-16 0.05151308386343702 0 -4.022428143339969E-10 5.560755008424781E-10 -2.7640940420938388E-5
-0.043042879691499385 0.0745524545297515 0.0519319033593881 0 6.878212578963853E-9 5.548063993571028E-10 -2.7633599900158264E-5
-0.24680219676358373 -0.07209570484822997 0.055249906628573604 0 -1.2489790928485383E-8 1.9385292093592388E-8 -2.7631884601785936E-5
-0.1740533791739203 -0.0457943921612332 0.05334383022045102 0 -5.241961254226539E-9 1.6476877214387387E-8 -2.7619603851991594E-5
-0.12783259126111418 -0.033275347967647695 0.052499203818416273 0 4.491203454998071E-11 1.1921206085819572E-8 -2.762478068361856E-5
-0.08544796042127181 1.2633032021521531E-17 0.05192572029476935 0 3.204749695796312E-9 6.80114848536235E-9 -2.7633263462077893E-5
-0.33947513674739144 0.06240362523718613 0.058248486325065116 0 4.717011412301196E-9 2.413867791863532E-8 -2.764329737036367E-5
-0.30816555573663146 0.12979030410922676 0.05783416263257108 0 7.994302273212258E-9 2.3325967910103344E-8 -2.7642269803178792E-5
-0.22695325756190307 0.2565120405768185 0.05814491145404571 0 1.9550706191002455E-8 1.7528816853827136E-8 -2.7644514985751944E-5
-0.25569422992480956 0.1801064295667739 0.05704280655464759 0 1.0408836775755718E-8 2.156261653945124E-8 -2.76412843339522E-5
-0.07471068043782807 0.26158647648355277 0.05569656348774581 0 1.5212329821757997E-8 1.0682548845434077E-8 -2.763837892635771E-5
-0.15073713287945018 0.26108437273446883 0.05665087411303693 0 1.7193292116917024E-8 1.4244020359675723E-8 -2.7645674679135483E-5
-0.0793293077376864 0.13740239153093972 0.052935779499837216 0 9.743803917072268E-9 6.2406240704768275E-9 -2.762518496509788E-5
-0.299396714946573 6.0549876586637245E-18 0.05658028588283899 0 -3.6255105355477233E-9 2.2479203547678227E-8 -2.7643886674910235E-5
-0.39181543828090004 0.55445735722153 0.07760084140770424 0 4.313731656525161E-8 2.799500974050511E-8 -2.7639243334255646E-5
-0.42125713605646403 0.6077940464059373 0.08247265847688973 0 4.8810535288310256E-8 3.02598288963568E-8 -2.76290644166797E-5
-0.4499036574234317 0.6597655574984553 0.0876254316161508 0 5.0936137361855824E-8 3.692488855976963E-8 -2.7623398529397718E-5
-0.4789401191209052 0.7197628636157833 0.09385470752197607 0 5.14417449385186E-8 4.237529644092974E-8 -2.76275524867181E-5
0.30693864167133966 0.4042133776050551 0.06608285286906407 0 2.765077675230676E-8 -1.5238124400845012E-8 -2.7626288794269392E-5
0.45341996389119593 0.6343388790419371 0.0859386615701075 0 4.1215015148610485E-8 -3.077322064248684E-8 -2.7617461903089802E-5
0.36186279370904106 0.47199806236141656 0.0715259330567936 0 3.484225756661883E-8 -2.154242637728446E-8 -2.7638001657923438E-5
0.400949758946052 0.5652131577221655 0.07869394977656127 0 3.740051554219243E-8 -3.031447556486643E-8 -2.763317436613959E-5
0.4904238791693691 0.6985151762406319 0.09277567976728547 0 5.0750351028160276E-8 -2.8033820143539236E-8 -2.7620113969461364E-5
0.5485314952955888 0.74480230687788 0.1000000000000001 0 5.610012878981277E-8 -3.1473406529386576E-8 -2.7625749815903697E-5
-0.157502577302292 0.4062797025959702 0.06224976286168574 0 2.718853906000395E-8 7.155843056163612E-9 -2.7630084075179173E-5
-0.04439277195221168 0.328710102628296 0.0577329050528648 0 2.3207009718787977E-8 5.000922470211238E-9 -2.7642784999968736E-5
0.025557696189703685 0.3104658173674805 0.05699894508193312 0 2.3085615655286068E-8 2.1591089438322718E-9 -2.764071736312458E-5
0.05891091878969271 0.3561813785904501 0.05888183035860122 0 2.530323936636333E-8 -5.162482148859127E-9 -2.764103920311669E-5
-0.07539656272461737 0.3826387268002811 0.060112744280339386 0 2.9037171501634026E-8 2.5925010098385844E-9 -2.7637369706997147E-5
-0.19156331121345582 0.4731617410648756 0.06625147072173321 0 2.761135863088067E-8 1.6868678829049366E-8 -2.76283456362267E-5
-0.31860245148696237 0.5518356333914171 0.0744889558881298 0 3.9886040853876103E-8 2.4223864465115346E-8 -2.7644867588060064E-5
0.23188989210585279 0.40164507488900236 0.06367695651733306 0 2.9379024377883658E-8 -1.564850622812123E-8 -2.7632676922750542E-5
0.18545604713463834 0.43047399478074116 0.06393784680976809 0 3.553855973533523E-8 -1.4848456881923703E-8 -2.7627239268933542E-5
0.15384627156060351 0.3839117365891883 0.06118533303935759 0 2.8720184206816006E-8 -1.5200532407311057E-8 -2.7633593528184606E-5
0.08567704016096148 0.3934342712802923 0.06068036954612458 0 2.664297758376488E-8 -1.0189452614190482E-8 -2.7633357934533085E-5
-0.04746651353754765 0.1829715324610284 0.053532622158623755 0 8.882557365356234E-9 4.652757747451552E-9 -2.7620573584443766E-5
0.01717373484524668 0.1662656573333219 0.053092157016808576 0 1.353481991249425E-8 -3.566535067186726E-9 -2.7616953470672185E-5
7.833096257776418E-4 0.19069362679459012 0.05356840441819727 0 1.3677295007084528E-8 4.229499507677629E-10 -2.7612385467184386E-5
-0.014253461472862217 0.23459230484404994 0.05463523466770248 0 1.4621857370449281E-8 8.640477667185477E-9 -2.7620989168668135E-5
0.04520143550094837 0.1841851235528076 0.053545944108146816 0 1.7384839305329068E-8 -2.1467671243978927E-9 -2.7619403916369597E-5
0.017981432514459814 0.22651294475696923 0.05443142027174295 0 1.9144462416742633E-8 5.3660348729956006E-9 -2.761856214198135E-5
-0.4509389353459413 0.18062953941108667 0.06485872161226297 0 1.3135706438029243E-8 3.921377656579482E-8 -2.7624469273093415E-5
-0.43855507291261625 0.22078311851591842 0.06514753629020965 0 1.4305478154468662E-8 3.6391325873376564E-8 -2.7632632141030943E-5
-0.5430568755805911 0.1088667628343709 0.0688662273363696 0 -1.1181648477170558E-10 3.930028018027848E-8 -2.7630186517630857E-5
-0.5075730010734566 0.12513873893141766 0.06697106660603608 0 1.3557609171064298E-9 3.803238957884201E-8 -2.761922393255487E-5
-0.4876818695036711 0.16005919777938846 0.06641416297022892 0 6.92025660919719E-9 4.193696499886528E-8 -2.7619615468434607E-5
-0.5817364775186938 0.11498204866540508 0.07140762999266016 0 2.901169132923183E-9 4.281398952297015E-8 -2.763730226997958E-5
-0.6893460495224288 0.06354738512595376 0.07863780818203957 0 7.482703622878386E-9 4.891303052380338E-8 -2.7634528137255815E-5
-0.7599167871431189 0.060700756349994105 0.08441733903220823 0 6.1113564254127275E-9 5.234997169791946E-8 -2.7622894224995976E-5
-0.8184909839211809 0.07533925376340878 0.08977629762126756 0 1.2839337129198234E-9 5.6588558459967725E-8 -2.761820520909402E-5
-0.8641324069088798 0.06217499425579329 0.09403348687291993 0 -2.1760826972870885E-9 6.137863841513299E-8 -2.7623678253061706E-5
-0.919284810212244 0.10262901652303173 0.09999999999999994 0 -6.628915447417007E-10 6.626253215953532E-8 -2.762697258318908E-5
-0.7200856347104291 0.1275637570102766 0.08178787314202204 0 1.4894302949825227E-8 5.2334584370176114E-8 -2.762322848412616E-5
-0.6366216770914513 0.14805650423757327 0.07568897320024312 0 1.1097771376924934E-8 4.7404043137009005E-8 -2.7638348362716493E-5
-0.5083123257938114 0.6756675576578803 0.09200745306162258 0 4.8224454817081665E-8 4.473673388668247E-8 -2.7619627491813068E-5
-0.5084523869045262 0.6310249340793687 0.08870435188239581 0 4.604482951221998E-8 4.078492330467948E-8 -2.76125552870734E-5
-0.5485031394581954 0.7448231888659755 0.09999999999999998 0 5.188694525292497E-8 4.860489069255404E-8 -2.7630185504041088E-5
-0.47303326379715877 0.5791284533565413 0.08316905076856485 0 4.642142475557891E-8 3.1546098211232165E-8 -2.762113772194881E-5
-0.45509595152323223 0.4866404390645807 0.07663670286639768 0 3.596153798129307E-8 3.244898403374164E-8 -2.7638865875368915E-5
-0.4180330375357138 0.4186106610386911 0.07131407766744807 0 2.6134976219685553E-8 3.526011728050465E-8 -2.7637806653751526E-5
-0.35805699391726126 0.4725541821277961 0.0714004969823895 0 3.344935931175931E-8 3.1144009298163205E-8 -2.7641677302108863E-5
-0.3304177610769968 0.2075632873895256 0.060121873146272396 0 1.616565278303036E-8 2.343363154189415E-8 -2.7639376640405033E-5
-0.3986677525588505 0.2551376793832065 0.06418286265211677 0 1.5853270463692388E-8 2.898772552938895E-8 -2.7632758515349285E-5
-0.19326570388917413 0.3347460184966116 0.05996054906425581 0 2.5233879726934456E-8 1.2870462168077562E-8 -2.7642668362890952E-5
-0.2326279902659774 0.402923498403311 0.06375456788963607 0 2.8738832719769022E-8 1.838041234992282E-8 -2.7635361577387005E-5
-0.2730034360466582 0.4728558218736924 0.06837705113188595 0 3.180047453765096E-8 2.48735952674716E-8 -2.7640874376836343E-5
-0.30165136280488025 0.41841452971898935 0.0665620091821718 0 3.09596010073031E-8 2.8979264833257567E-8 -2.763291454285137E-5
-0.2982294435153453 0.2720284218761083 0.06072614652584282 0 2.272789659701077E-8 1.855296886479359E-8 -2.7633977325543704E-5
-0.28071917465641966 0.3771430143239578 0.06401358518053687 0 3.1047042248770467E-8 2.4174661853965767E-8 -2.7629079126918823E-5
-0.25621859628623345 0.3266156402995803 0.061257118437086824 0 2.8127901212169925E-8 1.785529437049227E-8 -2.7634938768304744E-5
-0.07427627943517316 0.042883429926301085 0.05192880169730083 0 6.1139846835230505E-9 4.06444660351649E-9 -2.763345017992601E-5
-0.10192189467460559 0.10267269443312377 0.05269596908601702 0 1.0302220915277493E-8 7.3153777620084665E-9 -2.7623798590512095E-5
-0.22270343343645202 -2.7398019802337882E-17 0.054316401779706945 0 -5.749818332225719E-9 1.6905308831956264E-8 -2.763100363065178E-5
-0.1568744501142894 1.9427769320198104E-18 0.05290395974586273 0 -1.4330117332716364E-10 1.20622403311498E-8 -2.7624498046525325E-5
-0.1333037269353432 0.03517105967265549 0.05258728793055297 0 4.742342001885695E-9 8.13151253824309E-9 -2.7624446642941655E-5
-0.2668792736165403 0.06671487334767572 0.055790773586017584 0 -1.0360621174572943E-9 1.9402244011301745E-8 -2.763802824041942E-5
-0.25161809751440434 0.1255049475699697 0.05598231997151887 0 2.935405068696798E-9 2.1026184078361303E-8 -2.763542567703242E-5
-0.2204702956430696 0.1429341155499399 0.055415459742855375 0 4.3718038512207735E-9 2.1547858764825207E-8 -2.7630257815958288E-5
-0.18350196867475072 0.18844743574056294 0.05542383280391714 0 1.1078587939575557E-8 1.9956639836808256E-8 -2.7636305479982053E-5
-0.1122914677939212 0.19449452747555573 0.054363926326504504 0 1.1168705973906911E-8 1.3416466315434807E-8 -2.7632382015047927E-5
-0.13865734030206042 0.13413724110678021 0.05361667711440056 0 1.0805793456733608E-8 1.506315008660189E-8 -2.762054363871631E-5
-0.3679940573528883 0.637384404218618 0.08217817873449762 0 4.754275231480636E-8 2.541564906582741E-8 -2.7633325382450938E-5
-0.4124740638930545 0.7144260354671818 0.09005646238462257 0 5.022146148695558E-8 3.37718310775702E-8 -2.7628186811711357E-5
-0.4625000000000002 0.8010734985006057 0.09999999999999998 0 5.474433246562168E-8 4.072936845020266E-8 -2.7635614864998762E-5
0.41227210451772545 0.7140762315680472 0.09001864521731297 0 5.3225461557750007E-8 -2.6431996148039456E-8 -2.762479434981857E-5
0.27234892372669683 0.47172217328134014 0.06829621029644013 0 3.645194959357132E-8 -1.5061007993194048E-8 -2.763783789908068E-5
0.36764043700660404 0.6367719158122639 0.08211917016769554 0 4.481497098923829E-8 -2.8225798058571633E-8 -2.7630141818792422E-5
0.31803615984503875 0.5508547874957042 0.07440724687637126 0 3.9975199445026134E-8 -2.2220127131388876E-8 -2.7641758985446163E-5
0.46250000000000013 0.8010734985006064 0.09999999999999999 0 6.144490174664306E-8 -2.680893135613851E-8 -2.7631851905063654E-5
0.3836506929290541 0.7746515411716932 0.09384509082801112 0 6.131697584547898E-8 -2.3136387152080018E-8 -2.7624690921352078E-5
-0.14030890931253803 0.4679836164169959 0.06501280116403946 0 3.0853004165275087E-8 1.1372101769167741E-8 -2.7615100102677008E-5
-0.10294114607188212 0.4464085827438704 0.06338188130081227 0 3.548639572464577E-8 4.7284417038769504E-9 -2.7619228235870444E-5
0.013052198219917906 0.38970549808144683 0.06010955939350729 0 2.771071690387863E-8 -2.065323333603369E-9 -2.763948185238344E-5
-0.04037960269203984 0.44085703180834646 0.06259577733066987 0 3.509472634644601E-8 2.328562097426797E-9 -2.7632097914042782E-5
0.06533055038853267 0.4354649165439312 0.06247764990259344 0 2.7393850708294458E-8 -6.755590243385422E-9 -2.762801701423497E-5
0.21079455863719812 0.4693257584201238 0.0664848367230654 0 3.9695722505232724E-8 -1.229310452956718E-8 -2.763087973119983E-5
-0.2117215867706234 0.5198781223671348 0.06933829044213057 0 3.256987866497692E-8 2.056967000928751E-8 -2.7637329382057433E-5
-0.1460434120132441 0.503264073058023 0.06704541835555092 0 3.295843705707715E-8 1.7962951688682015E-8 -2.762108487221157E-5
-0.17773060720916653 0.5259463281585314 0.0689480477972893 0 3.334261022138814E-8 1.9736955226405004E-8 -2.7632146382404183E-5
-0.2900329026458535 0.6297052539110424 0.07871782471366953 0 4.5421195139951746E-8 1.798241356307098E-8 -2.763711396238496E-5
-0.2598642375444073 0.5690891545970852 0.07365958600480058 0 3.954126589622048E-8 2.0164509231643276E-8 -2.7643920337211896E-5
0.1498593825176401 0.45279307874260616 0.06437801254812758 0 3.678771144974951E-8 -1.2474862108756809E-8 -2.7616644951593533E-5
0.11053788187593885 0.4306223745782792 0.0626902062642271 0 2.937818712305604E-8 -1.2588571515679854E-8 -2.7621117688987813E-5
-0.4490633670822637 0.26293361409508886 0.06682964731028329 0 1.4708207956489473E-8 3.5542017977151174E-8 -2.7636722366830484E-5
-0.4300985673768074 0.3012630280350379 0.0671100012724704 0 1.5567893842443782E-8 3.241534871673462E-8 -2.7634383538105043E-5
-0.49761740681994665 0.2259943198914076 0.06840949555720777 0 1.2249728234821172E-8 4.194105378635412E-8 -2.763654857440142E-5
-0.5518948161465873 0.17422255470543743 0.07046196471921622 0 6.4208560631610355E-9 4.433500052787528E-8 -2.7635173709575616E-5
-0.4324706598932548 0.35955969358955997 0.06940707877592157 0 1.893746364993906E-8 3.4461704101876424E-8 -2.7635121429041788E-5
-0.7940808377677345 0.13178185399490336 0.08820577601429047 0 7.799407379678647E-9 5.8018405572171216E-8 -2.7608950390990523E-5
-0.8565041007211139 0.12935729823844902 0.09401883827528355 0 1.403434543377957E-9 6.29663546485548E-8 -2.7617587439676936E-5
-0.9051192255768065 0.19074632675980735 0.09999999999999998 0 6.347324460382128E-9 7.051637585565891E-8 -2.762608934129932E-5
-0.7583678808155521 0.178257805309045 0.085877514601274 0 1.5435143605238808E-8 5.987487856103592E-8 -2.76162266008878E-5
-0.6170663609123308 0.222189336538271 0.07585507468331582 0 1.6133727745802537E-8 4.6497813848796775E-8 -2.764044485679429E-5
-0.6972424057138269 0.20430689657176623 0.08139617396721441 0 1.8326835385944E-8 5.3170622179350186E-8 -2.763008766615838E-5
-0.5596851197575441 0.6634042603718276 0.09419033697962355 0 4.3171807444883455E-8 4.74509069970856E-8 -2.7619984150195285E-5
-0.5445828559277583 0.5931276201062036 0.08823074690283748 0 3.9113277823221845E-8 3.897552627941772E-8 -2.761499335912466E-5
-0.6177328508859395 0.6884991641819085 0.09999999999999992 0 4.3417931075912085E-8 5.050851666604654E-8 -2.7628616186062454E-5
-0.5240933648557363 0.5322322969179639 0.08310069903157469 0 3.866195343369074E-8 3.414429197987029E-8 -2.7626064126105704E-5
-0.482008368592271 0.40269833860051546 0.07383556549613608 0 2.6832696973198437E-8 3.654388607253074E-8 -2.7642104749232116E-5
-0.5228737105474611 0.469403410425903 0.07945982017150148 0 3.4976878121082616E-8 3.64481429211105E-8 -2.7636225793847274E-5
-0.3178442209190435 0.3574692689417035 0.06445327462614317 0 2.9588509807772047E-8 2.6735785613749025E-8 -2.7618019294768673E-5
-0.3668515165065182 0.391453181331997 0.06779342734587494 0 2.420943040849128E-8 3.4733096253682094E-8 -2.7625138183667502E-5
-0.37474174799433474 0.32521524057353407 0.06543736846884436 0 1.7612028521517764E-8 2.620289381971926E-8 -2.7619301727433018E-5
-0.3445240713159381 0.2767146512083848 0.0625551726814487 0 2.000237314080373E-8 2.0867064017249503E-8 -2.7627936554435982E-5
-0.31825267387856393 0.31228528282505885 0.06275542647814246 0 2.6094756280362682E-8 1.9838436772644372E-8 -2.7621691878027887E-5
-0.13208776332768443 0.07040426877471616 0.05277929135503948 0 8.386448166614681E-9 7.809461934149385E-9 -2.7620148578412743E-5
-0.13558426904309848 0.09984465055515283 0.05311549222562181 0 1.0299750340233401E-8 1.0783437944355974E-8 -2.7617223795694924E-5
-0.18433654548332082 0.04822270923057056 0.05356505347436668 0 1.659540590498504E-10 1.0678398174249025E-8 -2.762073360919558E-5
-0.2141365218541703 0.10501643106435352 0.054728299370409676 0 -1.1325955405618152E-10 1.7853024880456932E-8 -2.7622232869611023E-5
-0.18680865935078547 0.12991541986645883 0.054439563423197654 0 5.267346931453604E-9 1.9920741738951527E-8 -2.761921452586012E-5
-0.1657690318723488 0.09663028560186346 0.05359396061230915 0 6.72442318084138E-9 1.2848385902867063E-8 -2.7612167409429942E-5
-0.3275435087421515 0.689022237889938 0.08446715933764735 0 4.754156469330839E-8 2.0916168963970356E-8 -2.7625902703637684E-5
-0.3440235561346144 0.746753392646391 0.089798396197132 0 4.873977970363475E-8 2.712219045428121E-8 -2.762149682989462E-5
-0.3781299746230488 0.7796968295885027 0.09405159466762453 0 5.119877730772338E-8 3.257209010302165E-8 -2.7627256727107578E-5
-0.37078556224583165 0.8474286657041803 0.09999999999999998 0 5.612416538926762E-8 3.373784283164043E-8 -2.763059902192124E-5
0.33139114289377414 0.7785556133621918 0.09206768166444738 0 6.188179371443222E-8 -1.918594439034527E-8 -2.761729579990332E-5
0.3464548928541494 0.7191482470167311 0.08759713317592265 0 5.640900436528168E-8 -2.550714196162797E-8 -2.7620694898909885E-5
0.31546555307223767 0.6681703741372863 0.08242156072081934 0 4.956808163106337E-8 -2.6875506732003514E-8 -2.7626728765860243E-5
0.22784343961994072 0.5451094489255655 0.0712614275403811 0 4.2869425900814263E-8 -1.2947691170078606E-8 -2.763929689925149E-5
0.28413345033548576 0.6165726819630529 0.0775980862421621 0 4.489601531006381E-8 -2.3098851336982317E-8 -2.76367718297385E-5
0.290977677915208 0.7546407636986492 0.08855875058870188 0 5.722268344352521E-8 -1.940124733453583E-8 -2.7610493771993587E-5
0.37075219693550476 0.8474432642497914 0.09999999999999995 0 6.686438812482915E-8 -2.0341104060979133E-8 -2.7627740273140267E-5
-0.10596501162257625 0.5041773372256164 0.06652572871029448 0 3.894121535215889E-8 1.517625229954089E-8 -2.7620999967145478E-5
-0.07102778036707863 0.4813038479979327 0.06489977746314218 0 4.0051954607233386E-8 8.543210979313101E-9 -2.762482507634288E-5
0.019795838688718658 0.4703114259817324 0.06404440608297313 0 3.216957914954148E-8 7.119411051288609E-10 -2.7632854380796206E-5
-0.028427878816465992 0.4894039605592073 0.06510500934199118 0 3.788397926571229E-8 5.724582326673291E-9 -2.7632938669337322E-5
0.09307018049889713 0.4870154223859189 0.06541754354915294 0 3.0509296420566483E-8 -2.164345312696933E-9 -2.761886769050602E-5
0.15223360853370174 0.5114589799667827 0.06762073099832455 0 4.097422332662591E-8 -3.3173879529146123E-9 -2.762258996355081E-5
-0.19168892528151515 0.5624523066487594 0.07149027116733256 0 3.7927332521572494E-8 1.883913547363242E-8 -2.7639354919021653E-5
-0.12546868182070262 0.5661421054611622 0.07053660282173835 0 4.092425237746832E-8 1.6584728873060773E-8 -2.7636657236969656E-5
-0.25001651455608004 0.6877574831582879 0.0818288600417976 0 5.1966332756435174E-8 1.3295701153170809E-8 -2.762559551088444E-5
-0.19051431605916905 0.626194724144322 0.07575740850014469 0 4.59495489558958E-8 1.4077270424368682E-8 -2.76402796955714E-5
-0.496968869184538 0.31115828345845903 0.07096354188096898 0 1.8902053174021185E-8 3.834353475421626E-8 -2.7643150898795374E-5
-0.5531916805568735 0.25483900449276115 0.07250231820116239 0 1.6229009770574382E-8 4.317864236515333E-8 -2.7642819648894496E-5
-0.8285501209973593 0.21135039229984 0.09293041569195869 0 1.0023006820725049E-8 6.671005490973148E-8 -2.7621171451263243E-5
-0.8809225682293763 0.28211960771987943 0.09999999999999996 0 1.3925391668463636E-8 6.937909106469692E-8 -2.763279632864254E-5
-0.7578216461505274 0.23114048963723496 0.08705889216020636 0 1.6730188354226497E-8 5.97823185704371E-8 -2.762380891047449E-5
-0.5442886348821633 0.36830034160648034 0.07595460109733419 0 2.7731112092292003E-8 3.985222058100675E-8 -2.7641532616719302E-5
-0.6102329054490169 0.29533181001281994 0.07752504764743703 0 2.3521476567652195E-8 4.3493853730982957E-8 -2.7638446662280342E-5
-0.6672358697757713 0.2726523999513782 0.08092297245691278 0 2.1756112580827978E-8 4.754654514306966E-8 -2.763311580193919E-5
-0.7250638207162802 0.2644091498704253 0.08523826785223539 0 1.9400001986559886E-8 5.38322586636657E-8 -2.7627751326020443E-5
-0.6071515389330133 0.6092519905512257 0.0934219469334025 0 3.7186366876711305E-8 4.7012088845404823E-8 -2.762469990116784E-5
-0.5735399527378838 0.553508622043815 0.08749015204644302 0 3.643403423702839E-8 4.046188856182249E-8 -2.7623506515309865E-5
-0.6847646792234087 0.6218628292777222 0.09999999999999995 0 3.84307750797794E-8 5.435911363390209E-8 -2.7634514358806364E-5
-0.5770660846669927 0.4836246905463882 0.08360849061752018 0 3.5980550593956237E-8 4.1782229249375195E-8 -2.763063200687357E-5
-0.5580584193120216 0.42548332869284067 0.07938775238593494 0 3.332758404467125E-8 4.0446553190995035E-8 -2.7636536957148915E-5
-0.28374056147924315 0.7514739211838952 0.0880520415280374 0 5.300847054172561E-8 2.19907365897657E-8 -2.761193384679883E-5
-0.3165497745723784 0.8071051679018629 0.09409208829712741 0 5.449361278407246E-8 3.04058368743988E-8 -2.7620960046435738E-5
-0.28739394850298333 0.8792210714939998 0.09999999999999995 0 6.331225932275623E-8 2.983143044053791E-8 -2.7629246283818124E-5
0.29491717071644896 0.8166669280321706 0.09422261270086467 0 6.156815342141643E-8 -1.3372417540796265E-8 -2.7618303474228676E-5
0.15199695343335898 0.5713443637747507 0.07128864354870555 0 4.259083739216717E-8 -4.8223837075665776E-9 -2.763650214661123E-5
0.2647361318881631 0.6988930987695543 0.08313425830297129 0 4.948938490648208E-8 -2.4446656498810552E-8 -2.7619426744377683E-5
0.19363779692619498 0.6392946953673742 0.07676490405819379 0 4.531046731124011E-8 -1.4898280437524953E-8 -2.7637229942700988E-5
0.23873623781901862 0.7680602578468166 0.08814793343306232 0 5.212943470844305E-8 -1.404289643021214E-8 -2.761392050692576E-5
0.28735785633849587 0.8792328678266585 0.09999999999999996 0 6.440344041426687E-8 -1.2215639091565184E-8 -2.7627053567934964E-5
0.045020558010702406 0.5239593119206281 0.06715619876796416 0 3.5147442160402575E-8 2.8363665091810392E-9 -2.7634493581723978E-5
-0.05203180167969757 0.5443357511275837 0.06842717285738563 0 4.1738603443835394E-8 1.0270200361886803E-8 -2.763740945201779E-5
0.00125333399408392 0.5186888782774369 0.06673044987207258 0 3.746202892168343E-8 5.140573106042329E-9 -2.7636777709829178E-5
0.09263905094403112 0.5551170207203664 0.06943102413110942 0 3.853765975442526E-8 8.844168244289722E-10 -2.7634986576703755E-5
-0.22520922840433807 0.7458968973346561 0.08588793599516027 0 5.8818679324209225E-8 1.665284653221708E-8 -2.7618759166396805E-5
-0.056365569894855645 0.6123374883168232 0.07290850863136553 0 4.512783932710878E-8 7.15538580402761E-9 -2.7643830126882842E-5
-0.11459365381122652 0.6489796043007032 0.07609123122821615 0 4.772705014048423E-8 9.043718968849986E-9 -2.7641728526340954E-5
-0.17201424223952635 0.7059350940103869 0.08139872432652714 0 5.4372222720765696E-8 1.0866605245209684E-8 -2.7632170795794458E-5
-0.5619648707592039 0.31624700130713346 0.07504348009682706 0 2.354269500306446E-8 4.134462602673545E-8 -2.764252659487611E-5
-0.7888004165309431 0.29037609645717466 0.09153149855841576 0 1.6587955719477447E-8 6.00353284546994E-8 -2.762725787430263E-5
-0.8437609348289447 0.37906778281416026 0.09999999999999995 0 1.948017842344761E-8 6.318634589068148E-8 -2.763191612329248E-5
-0.6064827120561797 0.3683452405387546 0.08001332460787643 0 3.167960968873321E-8 4.2809687589464006E-8 -2.7631563858326028E-5
-0.6554904399290363 0.3258387756938692 0.08184700708932659 0 2.672104991479587E-8 4.43065629373362E-8 -2.7627667900074187E-5
-0.7173789460644423 0.321865662586802 0.08652046298759287 0 2.1558963099328602E-8 4.975171213611814E-8 -2.7623154241694005E-5
-0.6465139113454262 0.538316822314734 0.09160194260007758 0 3.555933016511798E-8 5.101320365552248E-8 -2.7628582833838152E-5
-0.7501326501074496 0.5412263004122692 0.09999999999999996 0 3.474876220281589E-8 6.222059902524733E-8 -2.763276443533041E-5
-0.8010558185062641 0.4625204886241073 0.09999999999999998 0 2.6553146566307402E-8 6.338530084823287E-8 -2.762773930688548E-5
-0.6328963674406779 0.44705014677999644 0.08550954643040555 0 3.577192221675162E-8 4.953953579547517E-8 -2.762354109907589E-5
-0.2313025414788286 0.8233581280344338 0.09294490463014164 0 6.188688236721376E-8 2.4749958150962573E-8 -2.762384260129424E-5
-0.19616860770583666 0.9039546015730862 0.09999999999999994 0 6.609784671881274E-8 2.274104240025657E-8 -2.7635437238801354E-5
0.2216527773738334 0.8287572231622684 0.0932031971273528 0 5.8131938160368385E-8 -8.464888052157816E-9 -2.76235644977023E-5
0.10414931811684251 0.6209165315731189 0.07394244219969823 0 4.431499521525404E-8 -4.784003932406781E-9 -2.7641732133214512E-5
0.1942511971230704 0.716812779625243 0.08273823779707914 0 4.7947293635660365E-8 -1.5930926089084598E-8 -2.7626087514572543E-5
0.14442364609626682 0.6895139486023729 0.07960445430492032 0 4.827438596276139E-8 -1.2005446053958365E-8 -2.7635389609329146E-5
0.1913914876174544 0.7797285375111098 0.08801717214843206 0 5.2928899438809145E-8 -1.0592598297029027E-8 -2.76229367557596E-5
0.196130597538861 0.9039628493277602 0.09999999999999998 0 6.514742429349453E-8 -5.887724305205467E-9 -2.7633994650056574E-5
0.020086990102898373 0.582926818943489 0.07076019404513119 0 4.163810752123156E-8 3.170440164875E-9 -2.7643189902775992E-5
-0.17894546311077822 0.7718277883825889 0.08706002927260566 0 5.917530864754882E-8 1.5467141974924547E-8 -2.762601099363905E-5
0.04599891718688658 0.6542488180254783 0.07585611859697282 0 4.74627698614006E-8 -3.973933213689592E-9 -2.7641780224081206E-5
-0.007855133722757698 0.6491499078369714 0.07536310530979572 0 4.707838236080765E-8 -4.613140539378661E-11 -2.7642629535226836E-5
-0.13380906082414654 0.7600240739879767 0.08523325950883376 0 5.5507904645939675E-8 1.0209278661389047E-8 -2.7629606551989007E-5
-0.04850890629174576 0.6781878024575423 0.07767733236817918 0 4.8717776523915244E-8 1.2206589349152606E-9 -2.763913775186091E-5
-0.09794458893422112 0.7138796015511557 0.08090449857215169 0 5.1191344993191575E-8 5.036347511686011E-9 -2.7634677171266588E-5
-0.7603438011582597 0.3738096376808479 0.09217483686370775 0 2.0042317836579393E-8 5.560071144012286E-8 -2.76207874352237E-5
-0.6767294999436547 0.3833870641168077 0.0857669286165472 0 3.0039117925681885E-8 4.8039298653916264E-8 -2.7613587385969245E-5
-0.7186415188607147 0.46354605628657686 0.09293928953994947 0 2.961602760497316E-8 5.961601303617563E-8 -2.7620252079093893E-5
-0.14285595486183847 0.8282574032154251 0.09152546819348935 0 5.934480638835565E-8 1.5725326923232473E-8 -2.7629352117599017E-5
-0.09363126894349026 0.9202489260084377 0.09999999999999998 0 6.347038761245615E-8 1.485673518513111E-8 -2.763389846586884E-5
0.09361324045256657 0.9202507597854978 0.09999999999999996 0 7.014561179395716E-8 1.1898343708615864E-9 -2.7633260085661237E-5
0.14341620299378274 0.8294494640794721 0.09164675622284839 0 6.096325094610446E-8 -5.153955268754258E-9 -2.7628351570797767E-5
0.08739963386816947 0.6969472503405287 0.07943927986118828 0 5.1004052873034736E-8 -8.582766061780422E-9 -2.7636245292128814E-5
0.1332242410665833 0.7460807458646898 0.0840331591986956 0 5.350035671147562E-8 -1.0078300765306822E-8 -2.7629699601074662E-5
0.011531729957052445 0.7092408490309093 0.07999382505294728 0 5.1905933567771456E-8 -5.674152647152805E-9 -2.7632020985939365E-5
-0.08028628936017151 0.7814679591465112 0.08645850584417021 0 5.29417093319597E-8 6.178719963434994E-9 -2.7624834189226923E-5
-0.04561230651596534 0.7294921334214546 0.08175631121749642 0 5.085833905567373E-8 -8.514374966412658E-10 -2.762899789081168E-5
-2.6622719632600497E-6 0.924994933365257 0.09999999999999994 0 6.716695107752915E-8 8.927574076528086E-9 -2.7629112246365698E-5
-0.057540995049113024 0.8423979795604504 0.0918960227632853 0 5.690233847643346E-8 1.0479035392849333E-8 -2.7622111659368056E-5
0.04284010489062188 0.8515402282381707 0.09269147861274166 0 6.539871329950753E-8 4.056872793968371E-9 -2.7620904733817832E-5
0.06678793864290467 0.7745216917616873 0.0857326633705871 0 6.025864327699053E-8 -5.681181220827083E-9 -2.76229011263564E-5
-0.010066347156763605 0.7750831353836388 0.08553470969702802 0 5.505391458042651E-8 -1.958046050241927E-9 -2.76152364868625E-5
