% Model:
% Version:
% Dimension:          3
% Nodes:              691
% Expressions:        4
% Description:        Surface
% X                       Y                        Z                        Color                    DeformX                  DeformY                  DeformZ
0.09361324045256657 0.9202507597854978 0.09999999999999996 0 1.1851163342222605E-7 1.207082866329742E-9 0.0499770198381145
0.19613059753886136 0.9039628493277616 0.10000000000000006 0 1.1287270708707078E-7 -1.018318640250779E-8 0.04997702064621547
0.2873578563384961 0.8792328678266589 0.09999999999999998 0 1.1116731236971012E-7 -2.036848965657977E-8 0.04997702907063223
0.6177594130735132 0.6884753307245892 0.0999999999999999 0 9.542637714523087E-8 -6.180346339850024E-8 0.049977038228510635
0.684790004400319 0.6218349412241562 0.09999999999999998 0 8.794257238397248E-8 -7.06982441962769E-8 0.0499770343809269
-2.6622719632544978E-6 0.924994933365257 0.09999999999999995 0 1.1573468655995234E-7 1.2860148687037248E-8 0.04997702278467792
0.042840104890621886 0.8515402282381707 0.09269147861274166 0 1.1097757936822718E-7 6.0579152165740465E-9 0.049977032948563475
0.37075219693550476 0.8474432642497914 0.09999999999999995 0 1.1238760084156884E-7 -3.203027746735393E-8 0.04997702976954113
0.14341620299378263 0.8294494640794716 0.09164675622284833 0 1.0565438865215991E-7 -7.383665531088805E-9 0.04997702713420958
0.2216527773738334 0.8287572231622684 0.09320319712735281 0 1.0282113103210493E-7 -1.396116227567235E-8 0.049977032818836274
0.29491717071644885 0.8166669280321706 0.09422261270086468 0 1.0580500055642469E-7 -2.1947617504239136E-8 0.04997703906513704
0.5485314952955888 0.74480230687788 0.1000000000000001 0 9.756479339751983E-8 -5.0719509499832785E-8 0.04997703466651708
0.5518007966248653 0.6760563257947593 0.09465507346897212 0 9.173255651633135E-8 -5.238133179839589E-8 0.049977045291280754
0.5876935447112426 0.6161088910778022 0.09257893706827944 0 8.771417218456189E-8 -6.131284359243778E-8 0.04997704641219802
0.750154542605984 0.541195955123228 0.09999999999999999 0 7.647379274378891E-8 -7.508714537958082E-8 0.04997703825587426
0.6504705486077746 0.5465931881196746 0.09240305490818576 0 7.669315440566217E-8 -6.72558758087902E-8 0.049977040728940846
0.8010710017272109 0.46249419126110153 0.09999999999999994 0 6.992041253083758E-8 -8.346787976767512E-8 0.049977045274389766
0.8437752416466553 0.3790359375932063 0.09999999999999998 0 6.115509087930346E-8 -9.174516562562229E-8 0.04997704321629981
-0.09363126894349026 0.9202489260084377 0.09999999999999998 0 1.1184543679665193E-7 2.2691455604656177E-8 0.04997701704954661
-0.057540995049113 0.8423979795604501 0.09189602276328529 0 1.021246763647243E-7 1.6655880092284552E-8 0.04997703077903309
0.06678793864290467 0.7745216917616872 0.08573266337058709 0 1.0270927304542979E-7 -4.798551877902445E-9 0.0499770327833876
-0.010066347156763604 0.7750831353836388 0.085534709697028 0 9.753388798281715E-8 2.137384690283754E-9 0.0499770395376656
0.33139114289377414 0.7785556133621918 0.09206768166444738 0 1.0459956126904974E-7 -2.9345992494705888E-8 0.049977041110338974
0.46249999999999974 0.8010734985006057 0.09999999999999991 0 1.0514409840480254E-7 -4.239546950832699E-8 0.049977027171686964
0.3836506929290542 0.7746515411716933 0.09384509082801115 0 1.0390540885586894E-7 -3.548122359486741E-8 0.04997703421123863
0.1913914876174544 0.7797285375111098 0.08801717214843206 0 9.562073595227123E-8 -1.4907735942618523E-8 0.04997703407031401
0.13322424106658332 0.7460807458646898 0.0840331591986956 0 9.480999500738621E-8 -1.2016570613381487E-8 0.04997702732790134
0.290977677915208 0.7546407636986491 0.08855875058870188 0 9.894986636527974E-8 -2.7914936917000775E-8 0.049977047997873364
0.23873623781901876 0.768060257846817 0.08814793343306236 0 9.436983957991028E-8 -2.035408313401916E-8 0.049977043813561946
0.0873996338681695 0.6969472503405288 0.07943927986118829 0 9.03091249175057E-8 -8.677734837151103E-9 0.049977021262776276
0.5230354883414245 0.6422697488364205 0.0903707538749386 0 8.555897592496318E-8 -5.1146841108690964E-8 0.049977052862159144
0.4904238791693691 0.6985151762406319 0.09277567976728547 0 9.03100261345179E-8 -4.4933998161633596E-8 0.04997704074525059
0.49825230464030656 0.6040689738252 0.08623250303750964 0 7.716652394265698E-8 -5.4072267193404375E-8 0.04997705350243454
0.5828756184496425 0.5332115379316272 0.08685116301599329 0 7.368072847798244E-8 -6.433183643178382E-8 0.049977042879251456
0.5354804188313992 0.5793968081607486 0.0867593250488703 0 7.890034852285706E-8 -6.07024898714595E-8 0.049977051726367454
0.706135052883472 0.46732786457169856 0.09212747065803698 0 6.659297356805968E-8 -7.035262346828699E-8 0.049977051361490374
0.626960623589047 0.4522983371432033 0.08535306995964971 0 5.881872259495332E-8 -6.548445305194245E-8 0.04997704646204084
0.7564175363077812 0.3862256756237963 0.09237249347625182 0 6.140669818024232E-8 -8.260598846941388E-8 0.049977054470394654
0.7978472984237353 0.3041762806928352 0.09281227257926786 0 4.999935077272632E-8 -8.603272989310112E-8 0.049977048009436954
0.5572755215547441 0.4510872900080025 0.08061070588876622 0 5.97176496608188E-8 -6.124293870577164E-8 0.04997703559303098
0.8809325160784339 0.2820885436790224 0.09999999999999994 0 4.846759768795009E-8 -9.254572074575944E-8 0.0499770446787459
0.8318102133114372 0.22322523392999072 0.09353078509252773 0 4.063934542487661E-8 -8.60620256711484E-8 0.04997705492251433
-0.19616860770583672 0.9039546015730862 0.09999999999999996 0 1.1375904681689988E-7 3.4824914470472494E-8 0.04997701470733398
-0.14285595486183858 0.8282574032154257 0.09152546819348939 0 1.03962534760502E-7 2.5444129996089644E-8 0.04997702287991583
-0.08028628936017151 0.7814679591465112 0.08645850584417021 0 9.567716289249355E-8 1.3210263812670321E-8 0.04997702903119281
-0.04561230651596534 0.7294921334214545 0.08175631121749641 0 9.147529754927892E-8 4.658149936282026E-9 0.04997702632104624
0.011531729957052473 0.70924084903091 0.0799938250529473 0 9.17011078537614E-8 -2.5782553331905405E-9 0.04997702437005785
0.3464548928541494 0.7191482470167311 0.08759713317592265 0 9.673027421203712E-8 -3.638925180149647E-8 0.04997703890634404
0.41227210451772556 0.7140762315680476 0.090018645217313 0 9.337563771091812E-8 -4.006063059480232E-8 0.049977035359508606
0.19425119712307035 0.7168127796252429 0.08273823779707913 0 8.809024661583841E-8 -2.046598875157909E-8 0.04997703218084591
0.1444236460962668 0.6895139486023729 0.07960445430492033 0 8.729220516275005E-8 -1.449729491409925E-8 0.049977022893891505
0.26473613188816314 0.6988930987695542 0.08313425830297129 0 8.89410282990029E-8 -3.1954908758528474E-8 0.049977039869339865
0.31546555307223756 0.6681703741372859 0.0824215607208193 0 8.780166539467704E-8 -3.6542426061226606E-8 0.04997703355273809
0.04599891718688658 0.6542488180254783 0.07585611859697282 0 8.502156593647226E-8 -2.39923154207678E-9 0.0499770161444646
0.1041493181168425 0.6209165315731189 0.07394244219969821 0 8.053127733673974E-8 -5.687377379291289E-9 0.04997701750988173
0.4534199638911959 0.634338879041937 0.0859386615701075 0 7.814407091239915E-8 -4.6223509758282936E-8 0.049977044255733585
0.4723939921181885 0.5653277489130147 0.08223903081434113 0 7.087967063896037E-8 -5.444889068367645E-8 0.049977043350701716
0.5096255127299391 0.5106912413470729 0.08097857821614195 0 6.780130966267453E-8 -5.883396983084623E-8 0.049977037708170614
0.49005227512439603 0.44470401859070546 0.07629562530822705 0 6.157427550195516E-8 -5.3188173298747526E-8 0.04997702923094823
0.6719229666176102 0.3884051108238118 0.08561888827579651 0 5.1593592952197885E-8 -7.46029501569668E-8 0.04997705905808376
0.585360990165672 0.3703838402167338 0.07867156144500052 0 4.843424092275088E-8 -6.482498875687292E-8 0.04997703653872002
0.7133503615870089 0.32015636681811027 0.08613118221459616 0 4.7953289148549854E-8 -8.132535044110474E-8 0.04997705121318346
0.7561533810021166 0.25116889240286866 0.08746370240455795 0 3.9461522875370335E-8 -8.02361396155042E-8 0.04997705085039626
0.4678168231247622 0.39722837411780604 0.07282402579327739 0 5.9143778753363794E-8 -4.848040984598511E-8 0.04997702889296891
0.5201731653431543 0.38799390136202994 0.0753439569886662 0 5.4758768371890755E-8 -5.6093413419916564E-8 0.04997702889849119
0.9051251569294584 0.19071818089926673 0.09999999999999992 0 3.878259324948292E-8 -9.611179653492645E-8 0.049977053414373175
0.7902639371480997 0.1788726841459575 0.08869278761371618 0 3.174676626595946E-8 -8.194823382271275E-8 0.04997706478624399
0.8510855832446352 0.14814580550682155 0.0937894978149824 0 3.432171983112767E-8 -9.233504496082799E-8 0.04997706281530674
-0.2873939485029833 0.8792210714939994 0.09999999999999992 0 1.0987947823598425E-7 4.567571937592397E-8 0.049977020309623144
-0.23130254147882853 0.8233581280344335 0.09294490463014163 0 1.0623693628499287E-7 3.815442742957269E-8 0.04997702746359405
-0.31654977457237843 0.8071051679018628 0.09409208829712742 0 9.80835250839593E-8 4.7342845578679704E-8 0.049977029578903626
-0.17894546311077822 0.7718277883825889 0.08706002927260566 0 1.0146391941907782E-7 2.6598493346326777E-8 0.04997702692670872
-0.13380906082414656 0.7600240739879769 0.08523325950883374 0 9.734296725132623E-8 1.943923065684596E-8 0.04997702408985919
-0.09794458893422107 0.7138796015511553 0.08090449857215165 0 9.115310873489818E-8 1.270178888397151E-8 0.049977020365800685
-0.048508906291745806 0.6781878024575432 0.07767733236817927 0 8.723333123684105E-8 6.774394818960114E-9 0.04997701721127072
-0.0078551337227577 0.6491499078369712 0.07536310530979572 0 8.44159948035684E-8 3.770489934292001E-9 0.049977014791566104
-0.22520922840433794 0.7458968973346558 0.08588793599516023 0 1.0000586523361876E-7 2.967189646847254E-8 0.04997703412806884
0.3676404370066046 0.6367719158122648 0.08211917016769558 0 8.179895741003762E-8 -4.0106812300801585E-8 0.04997703106012468
0.1936377969261951 0.6392946953673746 0.07676490405819383 0 8.230705489543623E-8 -1.9519664569186137E-8 0.049977022544110905
0.2841334503354857 0.6165726819630527 0.07759808624216208 0 8.101294325047557E-8 -3.1528315919741045E-8 0.04997702421102392
0.15199695343335892 0.5713443637747505 0.07128864354870554 0 7.6803219374475E-8 -7.790385192025892E-9 0.04997702421561029
0.020086990102898376 0.582926818943489 0.07076019404513119 0 7.627528673093131E-8 5.7309251222581575E-9 0.04997701592594838
0.09263905094403112 0.5551170207203663 0.06943102413110944 0 7.20653731362937E-8 3.7818462259134447E-10 0.049977025477653744
0.40094975894605217 0.5652131577221657 0.07869394977656125 0 7.148454468351715E-8 -4.367067340795755E-8 0.04997702943305373
0.44736034083495335 0.4974141441538551 0.07684191432450417 0 6.594700259040916E-8 -4.891055108606339E-8 0.049977029929813004
0.43140219656813134 0.4287675225971859 0.07244484890584983 0 6.243815274746399E-8 -4.287378413759459E-8 0.04997702958918759
0.6341588941531795 0.31283518999890125 0.0798162445324894 0 4.263056636907318E-8 -7.21036304306449E-8 0.04997704067010104
0.5293785213896149 0.3388907230126146 0.07386902220939724 0 4.968122040859654E-8 -5.6716806298284295E-8 0.04997702848914157
0.5661686439840169 0.30314954318445153 0.07485251919573685 0 4.434327446860748E-8 -6.128355896498589E-8 0.04997703060865783
0.6744856330743808 0.25899543825752414 0.08106282636378112 0 3.761563145778906E-8 -7.45948035144686E-8 0.04997704220458061
0.7226994437477959 0.19973529248782174 0.08334138075756292 0 2.9169339697415205E-8 -7.629089845732502E-8 0.04997705163403428
0.432283916850713 0.3802988180284773 0.07026687195777442 0 5.999362333346007E-8 -4.2783439917222456E-8 0.04997703404094378
0.471669282894354 0.34325991058700306 0.07076541111671207 0 5.448821035630281E-8 -4.898723408423891E-8 0.04997703015510072
0.9192877608705788 0.10260257931928718 0.09999999999999994 0 2.9298605406584632E-8 -1.0315715190476111E-7 0.04997705407539242
0.8038717607621602 0.12213857484508563 0.08895470660031483 0 2.68174720627567E-8 -9.016523801359529E-8 0.049977068816425343
0.7461230180043805 0.13265602880629776 0.08402816782270865 0 2.0171838649677525E-8 -8.253849838672814E-8 0.04997706235145778
0.8513706752696019 0.07427003550197267 0.09288407134507307 0 2.4531719307396393E-8 -9.675634932542421E-8 0.04997705926196816
-0.37078556224583165 0.8474286657041801 0.09999999999999998 0 1.0129004338227485E-7 5.3009877233208486E-8 0.04997701846986072
-0.2837405614792432 0.7514739211838952 0.08805204152803742 0 9.435850343082482E-8 3.746327280196371E-8 0.04997704009104942
-0.34402355613461416 0.7467533926463904 0.08979839619713195 0 8.982099367031716E-8 4.5107984454639784E-8 0.049977029777400345
-0.37812997462304876 0.7796968295885027 0.09405159466762453 0 9.358558941541101E-8 5.203870791565713E-8 0.049977022929765275
-0.1720142422395265 0.7059350940103875 0.08139872432652721 0 9.396537315455171E-8 2.160496285639951E-8 0.04997702215517379
-0.11459365381122653 0.6489796043007033 0.07609123122821615 0 8.501610046956177E-8 1.7307681240396903E-8 0.049977014440170726
-0.05636556989485568 0.6123374883168238 0.07290850863136557 0 8.093975689842626E-8 1.2944066434349477E-8 0.04997701379103385
-0.25001651455608 0.6877574831582878 0.0818288600417976 0 9.074116974914262E-8 2.725790502824706E-8 0.049977028088098785
-0.052031801679697585 0.5443357511275841 0.06842717285738567 0 7.475911725261557E-8 1.579174606885297E-8 0.049977021670636786
0.3180361598450387 0.5508547874957042 0.07440724687637126 0 7.343100516970033E-8 -3.214083916913589E-8 0.04997702064756715
0.22784343961994075 0.5451094489255655 0.0712614275403811 0 7.604505788491465E-8 -1.9113704414003847E-8 0.049977022587732206
0.15223360853370177 0.5114589799667827 0.06762073099832457 0 7.274104630126086E-8 -6.364908407292236E-9 0.049977039318735816
0.001253333994083932 0.5186888782774371 0.06673044987207258 0 6.945724713733081E-8 8.409640412313525E-9 0.04997702345922657
0.04502055801070238 0.5239593119206278 0.06715619876796415 0 6.738009077890971E-8 4.283781682213E-9 0.049977026116033364
0.09307018049889716 0.48701542238591894 0.06541754354915293 0 6.124996023450062E-8 -2.7665290156157655E-9 0.0499770429878216
-0.028427878816465992 0.4894039605592073 0.06510500934199118 0 6.865979172492665E-8 1.0198648200707841E-8 0.04997702755974146
0.3618627937090411 0.47199806236141684 0.07152593305679358 0 6.509620637222072E-8 -3.33716886440096E-8 0.04997702600219237
0.3818998921620359 0.39282083230988174 0.06849211870683777 0 6.05034135033316E-8 -3.335818933226698E-8 0.049977041146051095
0.5964895386590119 0.24538252217967105 0.07505456752399718 0 3.842181560060066E-8 -6.388547126117195E-8 0.04997703303353087
0.5023235944487768 0.2915186453354023 0.07059623054924216 0 4.7034514360907644E-8 -5.186605520868771E-8 0.049977029693862654
0.5325092597313041 0.25445661626164345 0.07121936353097057 0 4.230449836431402E-8 -5.4356769494096365E-8 0.0499770315333027
0.6524176664552401 0.20477109599706136 0.07797707686621597 0 3.139668567242531E-8 -7.041869821132704E-8 0.04997703906136355
0.6908574756839181 0.1584953945063365 0.07995126254637963 0 2.3450118848469743E-8 -7.487471807358489E-8 0.049977047325375626
0.5953591891669738 0.1936606882201294 0.07369160395615945 0 3.448018007446146E-8 -6.276415834200261E-8 0.04997703541125019
0.6892086201904363 0.11760753932384704 0.079182235454291 0 1.8913339920426474E-8 -7.649388368660486E-8 0.04997704688597149
0.405879084331799 0.3317218591300754 0.06705525860874957 0 5.598171362635566E-8 -4.2359542108061283E-8 0.04997704318198781
0.4374027432196878 0.28280425722565 0.06685837267776955 0 4.78970267348855E-8 -4.558632194873223E-8 0.04997703635726363
0.9249999999999994 2.4083227273235917E-16 0.09999999999999988 0 1.6724221225773964E-8 -1.0206699808162378E-7 0.049977051028986114
0.7822439697509949 0.07342341173252223 0.08646750245519459 0 1.8171594025570553E-8 -9.05372478048742E-8 0.04997706113621201
0.7247257834183622 0.08520662975023731 0.08165698245211614 0 1.5090160311947497E-8 -8.258452168941095E-8 0.0499770531110318
0.8252770499196596 2.2719212644267835E-16 0.09008727174442381 0 1.3172405146103797E-8 -9.081087781236071E-8 0.04997705646963027
0.8548200389796248 -0.0652462727687064 0.09314675085287963 0 8.33048737696555E-9 -9.129964833356025E-8 0.049977060430572595
-0.4625 0.8010734985006055 0.09999999999999995 0 9.788230471755997E-8 6.376513035846159E-8 0.049977012943338596
-0.4789401191209053 0.7197628636157833 0.09385470752197606 0 9.122492303539348E-8 6.597473420743723E-8 0.04997702211589064
-0.5083123257938114 0.6756675576578802 0.09200745306162256 0 8.615275172985925E-8 6.950589289071541E-8 0.04997703027133975
-0.32754350874215143 0.6890222378899378 0.08446715933764734 0 8.627543885766015E-8 3.8121935938914374E-8 0.049977026665122486
-0.41247406389305447 0.7144260354671815 0.09005646238462256 0 8.988509838670438E-8 5.457484441916629E-8 0.04997702263822924
-0.19051431605916905 0.626194724144322 0.07575740850014469 0 8.224931358352929E-8 2.5472763205286246E-8 0.04997701538467243
-0.12546868182070262 0.5661421054611622 0.07053660282173835 0 7.479911996633312E-8 2.5192635445179903E-8 0.04997702105550932
-0.19168892528151546 0.5624523066487603 0.07149027116733264 0 7.160039494883733E-8 3.020348885063295E-8 0.049977017543655175
-0.29003290264585363 0.6297052539110426 0.07871782471366957 0 8.176400516401799E-8 3.353567818331702E-8 0.04997701709536403
-0.10596501162257628 0.5041773372256166 0.0665257287102945 0 7.02760895549171E-8 2.2899435368542833E-8 0.049977038223997385
-0.0710277803670786 0.4813038479979327 0.0648997774631422 0 7.046844951931093E-8 1.4785124439988063E-8 0.04997703531818745
0.27234892372669683 0.47172217328134014 0.06829621029644013 0 6.665071477970168E-8 -2.316192701390168E-8 0.04997702572109144
0.21079455863719812 0.4693257584201238 0.06648483672306539 0 6.976659173521424E-8 -1.7829582874891587E-8 0.049977032320014506
0.14985938251764008 0.45279307874260605 0.06437801254812757 0 6.615302863296428E-8 -1.5486946529658143E-8 0.049977046405304204
0.18545604713463826 0.4304739947807409 0.06393784680976806 0 6.400613795313872E-8 -1.9369683655337323E-8 0.04997703651804531
0.11053788187593885 0.4306223745782792 0.0626902062642271 0 5.781363457472643E-8 -1.3983901812238011E-8 0.04997704203354265
0.019795838688718648 0.4703114259817322 0.0640444060829731 0 6.218748260230137E-8 3.151754587381543E-9 0.049977028587922294
0.06533055038853271 0.4354649165439313 0.06247764990259347 0 5.60040574921645E-8 -6.256451408016254E-9 0.04997703461115287
-0.04037960269203985 0.4408570318083466 0.0625957773306699 0 6.38660993734204E-8 7.247442283802599E-9 0.04997702925235935
0.3329058545937796 0.33325924236807375 0.06406157186555389 0 4.6368155377958504E-8 -3.599148386162728E-8 0.04997705528202657
0.30693864167133966 0.4042133776050551 0.06608285286906407 0 5.5097394612585054E-8 -2.484715047776157E-8 0.04997703864819824
0.5387084587482874 0.20560708274998704 0.07032262751622614 0 3.855475198772313E-8 -5.37347563694411E-8 0.049977037487112325
0.47599510640454495 0.23047538821938993 0.06733340193971542 0 4.008800618615454E-8 -4.6029399758807795E-8 0.049977038162656084
0.5285393108936259 0.16518893231571916 0.06885934434787161 0 3.608675300768523E-8 -5.2815771682213496E-8 0.04997704614472982
0.6359863797306671 0.1341128294488754 0.07542020319546491 0 2.515142716719935E-8 -6.93304155796037E-8 0.049977038658689424
0.5665181445886517 0.15558354761445173 0.07104008880031383 0 3.3846874320441185E-8 -5.936784808769499E-8 0.049977040173549925
0.660910431014522 0.06111123862815046 0.0764443497197492 0 1.5435594340143493E-8 -7.355849338470368E-8 0.04997703965189166
0.3628225028367361 0.2686598783514226 0.06303900336729049 0 4.229752194280589E-8 -4.19272533708293E-8 0.04997704177691262
0.40159415937487913 0.22227119456522582 0.06342742714419668 0 3.58529965190669E-8 -4.1389994343408796E-8 0.0499770393834644
0.8374232558848936 -0.1293417213860296 0.09218338983550127 0 1.7980675014623215E-9 -9.172894193628064E-8 0.0499770700306607
0.9192877606928149 -0.10260258091221071 0.09999999999999994 0 5.692755468962895E-9 -9.973252336928103E-8 0.049977057692981865
0.736498120183538 1.9461726324828643E-16 0.0822207664498539 0 7.506660458249144E-9 -8.07881629236749E-8 0.049977049957633676
0.7859407931602105 -0.07401767626946824 0.08680140328934059 0 1.5529606394219982E-9 -8.16180012283936E-8 0.049977064261422455
0.7880045515761323 -0.12910173677696724 0.08762058220646912 0 -4.53345871147671E-9 -8.544897286695053E-8 0.04997707397375502
0.7883546035916829 -0.16488856810254315 0.08824892692988198 0 -8.149206908665784E-9 -9.025358484941978E-8 0.049977073097865414
0.7597010793028802 -0.19500257071099414 0.08634694259141451 0 -1.4323362972780816E-8 -8.787919709097026E-8 0.04997706583768763
-0.5485031394581955 0.7448231888659758 0.09999999999999998 0 9.25833241281546E-8 7.51652863290507E-8 0.04997701791007218
-0.5596851197575441 0.6634042603718276 0.09419033697962353 0 8.051163884742872E-8 7.436342971788144E-8 0.049977029198558155
-0.4499036574234318 0.6597655574984556 0.08762543161615084 0 8.830385766694303E-8 5.9218482643462464E-8 0.04997702775854603
-0.5084523869045262 0.6310249340793687 0.08870435188239581 0 8.214116830534144E-8 6.54975659075557E-8 0.04997703806219772
-0.3679940573528886 0.6373844042186184 0.08217817873449768 0 8.41052063354711E-8 4.4242233573913776E-8 0.04997701955201872
-0.42125713605646403 0.6077940464059373 0.08247265847688973 0 8.408563607540194E-8 5.127937020378675E-8 0.04997702345236151
-0.5445828559277581 0.5931276201062035 0.08823074690283744 0 7.359430057642083E-8 6.515793832925321E-8 0.049977035557581095
-0.2598642375444073 0.5690891545970852 0.07365958600480058 0 7.342171169951506E-8 3.438184022039704E-8 0.049977011867361136
-0.146043412013244 0.5032640730580226 0.06704541835555089 0 6.422754133789975E-8 2.735613727122283E-8 0.04997703761801501
-0.17773060720916645 0.5259463281585312 0.06894804779728927 0 6.552228732391517E-8 3.0476868554547123E-8 0.04997702566475554
-0.21172158677062325 0.5198781223671345 0.06933829044213057 0 6.446860544258141E-8 3.272132915625552E-8 0.04997702011098252
-0.31860245148696237 0.5518356333914171 0.07448895588812982 0 7.298899227444613E-8 4.0875184653994787E-8 0.049977010324731355
-0.14030890931253803 0.4679836164169959 0.06501280116403946 0 6.066999458788862E-8 2.048784832401036E-8 0.04997704439047578
-0.1029411460718821 0.44640858274387013 0.06338188130081228 0 6.444293864825676E-8 1.2261738538383402E-8 0.049977041209694734
0.2318898921058528 0.4016450748890024 0.06367695651733307 0 5.66848552448493E-8 -2.2134980022124646E-8 0.04997703192301149
0.15384627156060382 0.38391173658918915 0.06118533303935767 0 5.525995811987723E-8 -1.8453755087797234E-8 0.049977030814252366
0.08567704016096146 0.39343427128029224 0.06068036954612458 0 5.3537060898159695E-8 -1.0586570582318648E-8 0.04997703029890225
0.05891091878969271 0.3561813785904501 0.05888183035860122 0 5.06494078053297E-8 -4.481038043107669E-9 0.049977023086871936
0.013052198219917915 0.38970549808144694 0.060109559393507296 0 5.440910330818178E-8 5.674095618535328E-10 0.04997702351671901
-0.07539656272461731 0.38263872680028077 0.06011274428033935 0 5.5382521200868275E-8 8.908299166948004E-9 0.049977024702499595
0.29687695963224414 0.26583446546620587 0.06049214663587172 0 3.798042764965343E-8 -3.384540664211282E-8 0.04997703506925366
0.2625418688185837 0.33648330779519714 0.06181290503458571 0 4.4050253618766355E-8 -2.729077638463037E-8 0.0499770358538643
0.4879508039440347 0.1753290332884817 0.06671893154849401 0 3.4531233787856583E-8 -4.581797716361985E-8 0.04997705089113926
0.44078820931890456 0.1777885340956575 0.06428879605061416 0 2.919423438568312E-8 -4.183417558077285E-8 0.04997704925807566
0.5192463818471629 0.12824117265253684 0.06769417632898124 0 3.315297386341436E-8 -5.527276897185428E-8 0.04997705295868686
0.5800435663390094 0.07440259297015445 0.07086095755136958 0 2.3459422535660592E-8 -6.450838328530989E-8 0.04997703839543235
0.637168246229727 1.7636191275501274E-16 0.07448630903843242 0 1.0463870989256723E-8 -6.948574073951831E-8 0.049977036776014686
0.394490378891255 0.17177804019933987 0.06198157459134764 0 2.6418278671594578E-8 -4.003342386969234E-8 0.049977041794809295
0.33827356631260735 0.19741612693850674 0.060186571415137134 0 3.148356332311876E-8 -3.605681073913461E-8 0.049977033035513645
0.823080640176532 -0.2073363860609292 0.09232209730203018 0 -9.266841860406804E-9 -9.608052683041658E-8 0.049977065677665196
0.9051251563026288 -0.19071818387397393 0.09999999999999996 0 -4.967010362051836E-9 -1.0337508489214322E-7 0.04997706022091941
0.6918887433807663 -0.06772116765551028 0.07886795692620671 0 -1.2205549782856123E-9 -7.361063980849296E-8 0.04997704721612331
0.7325342916850162 -0.13408386908087777 0.08291013088256638 0 -1.13231856006817E-8 -7.97761176050155E-8 0.04997706344994871
0.7578046117703348 -0.24801668508133748 0.08751626752734717 0 -1.7975423778377773E-8 -8.596536567632364E-8 0.04997706024248492
0.7040732060431756 -0.2032143579310842 0.08191372549943252 0 -1.712682679598231E-8 -7.895034410330522E-8 0.049977055049978666
-0.6177328508859397 0.6884991641819087 0.09999999999999995 0 8.168731849521989E-8 7.990519994375487E-8 0.04997701912341993
-0.6071515389330133 0.6092519905512257 0.0934219469334025 0 7.222525554818428E-8 7.585438487182329E-8 0.0499770244204875
-0.5735399527378838 0.553508622043815 0.08749015204644302 0 6.924179175400732E-8 6.78171728749535E-8 0.04997702708965976
-0.47303326379715877 0.5791284533565412 0.08316905076856485 0 8.044225934649272E-8 5.470054346987888E-8 0.049977030950312855
-0.39181543828090004 0.55445735722153 0.07760084140770421 0 7.62569981209428E-8 4.77131597977536E-8 0.049977014681494944
-0.5240933648557364 0.532232296917964 0.0831006990315747 0 7.067409449753859E-8 5.939028938061659E-8 0.04997702580815144
-0.2730034360466586 0.47285582187369307 0.06837705113188602 0 6.169431627446772E-8 3.9533196218139284E-8 0.049977016498770004
-0.19156331121345604 0.4731617410648762 0.06625147072173328 0 5.759869817815438E-8 2.8128818256026705E-8 0.049977030299762415
-0.3580569939172612 0.4725541821277962 0.07140049698238948 0 6.32329410058229E-8 4.9358385811606666E-8 0.04997701424140943
-0.30165136280488036 0.4184145297189895 0.06656200918217181 0 5.857173702299452E-8 4.478049936955788E-8 0.049977024951803686
-0.157502577302292 0.4062797025959702 0.06224976286168573 0 5.444121480172288E-8 1.6921942766127244E-8 0.04997703037032045
0.1923176439095004 0.3331039304431941 0.059877835485628056 0 4.734364426659216E-8 -2.0177264980070606E-8 0.04997702499926132
0.10763513709501452 0.32249572723181036 0.058047784011843524 0 4.811572031527345E-8 -9.260607136443429E-9 0.04997702182634637
0.02555769618970364 0.3104658173674803 0.05699894508193309 0 4.65261821360758E-8 4.186164123989095E-9 0.0499770239394154
-0.04439277195221167 0.328710102628296 0.0577329050528648 0 4.734828446725551E-8 9.968105892800337E-9 0.04997702072649626
-0.11902524067374878 0.32805250160257865 0.05839824108948766 0 4.691273008998726E-8 1.6048369621590232E-8 0.049977018028855166
-0.017053837843317182 0.27836069099312905 0.05590951428308119 0 4.092180409710159E-8 1.181300696453998E-8 0.04997702976400195
0.011677278178983168 0.25977319628253465 0.05533524160416193 0 4.115861344936808E-8 9.803022654751138E-9 0.04997703618451524
0.26432978404622737 0.19520810401833602 0.05761727712614054 0 3.381541765456148E-8 -2.55125488381332E-8 0.049977028875659364
0.22703812963746223 0.26409762190385005 0.058370438456053005 0 3.901458357524042E-8 -2.243267871021667E-8 0.049977025393159354
0.4615326701397575 0.12346215125476942 0.06442192515091573 0 2.3372120860715826E-8 -4.99238792991504E-8 0.04997706242851366
0.41609697408913515 0.13788398400008958 0.06237868126929303 0 2.0522263246827285E-8 -4.333131634849048E-8 0.04997704974862318
0.493812622045095 0.06489296717588176 0.06554297030555511 0 2.1729528485358672E-8 -5.7997506588578064E-8 0.0499770502479043
0.5965173615012843 -0.07939251741876009 0.07200225824383245 0 4.524259042542301E-9 -6.362649148818062E-8 0.049977040138843395
0.5449077695259101 1.790659953385319E-16 0.06830916124377963 0 1.5015482734529076E-8 -5.896651540380729E-8 0.049977039599003466
0.35923719947272786 0.12552401442410066 0.05970040660633742 0 2.155759732704437E-8 -3.82258229285879E-8 0.04997703547263959
0.23462332403576253 0.13422621113694225 0.05564316792853833 0 3.193391434527857E-8 -1.9968866476414907E-8 0.049977039639335516
0.29070078878885497 0.12979410487969603 0.05724274123768994 0 2.7742738356048044E-8 -2.9235121447746647E-8 0.049977031175984545
0.8014927716328408 -0.29144105877124366 0.09271262928645599 0 -1.8893918257896513E-8 -9.030431344170558E-8 0.04997705892584486
0.8809325145611795 -0.2820885484172241 0.09999999999999999 0 -1.6416802101231902E-8 -1.014293726525772E-7 0.04997705501146415
0.6510493529215736 -0.15514133280147802 0.07686356365481603 0 -9.836837680574127E-9 -7.141941277509903E-8 0.049977045506270495
0.5770279320473077 -0.1518434761804153 0.07165568912865206 0 -2.2863851109873947E-9 -6.41405728880839E-8 0.04997704428754758
0.7173493567573875 -0.3169596225802428 0.08634023460744476 0 -2.519867636741644E-8 -7.539715206309553E-8 0.049977062320509955
0.6897625743522149 -0.264441860913035 0.0824063475266023 0 -2.2234799726644756E-8 -7.441126509395398E-8 0.049977053907872424
0.6384778628041973 -0.23491899962832427 0.0777084562971251 0 -1.8544766267845655E-8 -6.968157955760388E-8 0.049977045315499596
-0.6847646792234083 0.6218628292777221 0.09999999999999995 0 7.385311004729429E-8 8.650601786276197E-8 0.04997701292555053
-0.6465139113454264 0.538316822314734 0.09160194260007758 0 6.762883676320346E-8 8.143858109650812E-8 0.049977020797062836
-0.5770660846669927 0.4836246905463882 0.08360849061752018 0 6.59138916557034E-8 6.921430902413038E-8 0.04997702092348408
-0.45509595152323246 0.486640439064581 0.0766367028663977 0 6.619942177382152E-8 5.474561985275726E-8 0.049977015032538985
-0.41803303753571375 0.41861066103869105 0.07131407766744806 0 5.3616003181699016E-8 5.5934858530242816E-8 0.04997701789161328
-0.5228737105474611 0.469403410425903 0.0794598201715015 0 6.440662916886828E-8 6.157992029251178E-8 0.04997701662361972
-0.2326279902659774 0.402923498403311 0.06375456788963607 0 5.578300069733714E-8 3.128100697332077E-8 0.04997702396833635
-0.2807191746564195 0.3771430143239577 0.06401358518053686 0 5.697582850702716E-8 3.905919781677086E-8 0.04997702988691759
-0.366851516506518 0.3914531813319968 0.06779342734587492 0 5.063129997504146E-8 5.323578668473536E-8 0.04997703198840244
-0.31784422091904324 0.3574692689417032 0.06445327462614314 0 5.466256662828726E-8 4.315336413267332E-8 0.04997704060658266
-0.19326570388917427 0.3347460184966118 0.05996054906425582 0 4.949447039912337E-8 2.4057211369144594E-8 0.04997701855669096
0.14969050843762158 0.2592715660247785 0.05657975437506353 0 4.155384225632862E-8 -1.0755860349535746E-8 0.04997702293246943
-0.15073713287945018 0.26108437273446894 0.05665087411303694 0 3.8440228454124345E-8 2.3581803074510854E-8 0.04997701753401181
0.06630901180929023 0.250856535710505 0.0553186995326227 0 4.2947288000466933E-8 1.3358021771613486E-9 0.049977032040472956
0.017981432514459814 0.22651294475696923 0.05443142027174295 0 3.911423966411705E-8 7.618408176380078E-9 0.04997704749613184
-0.07471068043782808 0.2615864764835527 0.0556965634877458 0 3.654972380934306E-8 1.6846268123269552E-8 0.0499770259581055
-0.014253461472862217 0.23459230484404994 0.05463523466770248 0 3.4895125578403634E-8 1.2249507753954284E-8 0.0499770445818077
0.20062573683728832 0.09527047772396216 0.05430115527057267 0 2.750612574927401E-8 -1.9393753728224998E-8 0.04997705445689005
0.18890830540911194 0.1893292231980287 0.05555650018582656 0 3.435860861008829E-8 -1.2406845604506427E-8 0.04997703333429952
0.18353225708574536 0.1263657612272312 0.05431954168807018 0 2.8227690800741363E-8 -1.2217579344081665E-8 0.04997705338240275
0.4146151646677903 0.077681020975073 0.06157475739077052 0 1.4824164520685599E-8 -4.7603621665891427E-8 0.04997704522690541
0.4636209692030302 1.4593888372567647E-16 0.06366862151549985 0 1.0962831948710332E-8 -4.973051446793291E-8 0.04997704374646948
0.5270134709035552 -0.12362075461980128 0.0680883893303861 0 4.224492103715719E-9 -5.707642946917035E-8 0.04997705490430146
0.5078212312272355 -0.05773868566153319 0.06628756501631428 0 8.347633910564637E-9 -5.0901150121417344E-8 0.049977049065234626
0.3331467524821928 0.0633273262949379 0.05801432008933982 0 1.7536471680085513E-8 -3.5921079277824666E-8 0.04997703054293104
0.2538184516803514 0.06940494742292715 0.05542696753822805 0 2.4793743603450562E-8 -2.6497282976469474E-8 0.04997703799261711
0.7635253857731481 -0.3782532475337201 0.0926398396720293 0 -2.648813720734674E-8 -8.353539261683383E-8 0.04997706709356999
0.8437752388147 -0.3790359438971111 0.09999999999999999 0 -2.596623367661168E-8 -9.37192387024689E-8 0.04997705709576305
0.5898871014295897 -0.20776639827421509 0.07364495662277286 0 -1.1828322531926907E-8 -6.610455578630825E-8 0.04997704176841109
0.5408130551366508 -0.18150058753720788 0.06992281214701015 0 -4.704904579781609E-9 -6.278222174273351E-8 0.049977047327261166
0.6777956079436661 -0.39290477214771746 0.08626804024189792 0 -3.736610169403318E-8 -7.317861926784507E-8 0.049977074595010086
0.6346730356926773 -0.3174870091624343 0.08001946855914076 0 -2.9959965825272244E-8 -6.579755670644613E-8 0.04997705271777298
0.5796784116794852 -0.2776116098201063 0.07488927562467991 0 -2.2133011850244917E-8 -6.319181035783375E-8 0.049977041355323305
-0.7501326501074496 0.5412263004122693 0.09999999999999999 0 6.67648240113876E-8 9.706005249865149E-8 0.049977014507850914
-0.7186415188607144 0.4635460562865767 0.09293928953994947 0 5.852192857321502E-8 9.303818752443037E-8 0.0499770287212975
-0.5580584193120213 0.42548332869284045 0.0793877523859349 0 6.09002110448077E-8 6.702549916516366E-8 0.049977016256520464
-0.6328963674406778 0.4470501467799965 0.08550954643040555 0 6.412169186454901E-8 7.930262602738477E-8 0.04997702740382876
-0.6767294999436545 0.3833870641168075 0.08576692861654717 0 5.572264394884842E-8 7.962362040516876E-8 0.049977037351097015
-0.4324706598932547 0.3595596935895599 0.06940707877592157 0 4.396204986057275E-8 5.568937548562315E-8 0.04997702122421525
-0.48200836859227103 0.4026983386005155 0.07383556549613608 0 5.357372173108982E-8 5.989445527159459E-8 0.04997701257653009
-0.5442886348821633 0.36830034160648034 0.07595460109733419 0 5.297172632657861E-8 6.580278057045348E-8 0.04997701238453174
-0.3182526738785638 0.31228528282505874 0.06275542647814243 0 4.92973853469525E-8 3.622713262586964E-8 0.04997703767186034
-0.25621859628623345 0.32661564029958035 0.06125711843708684 0 5.1990439085951605E-8 3.166396366708214E-8 0.049977025343049215
-0.37474174799433474 0.325215240573534 0.06543736846884436 0 4.1284940066961306E-8 4.497352863525003E-8 0.04997703874252839
-0.4300985673768074 0.3012630280350379 0.06711000127247038 0 3.81864306598298E-8 5.3490697201026414E-8 0.04997702289702465
-0.22695325756190313 0.2565120405768185 0.058144911454045704 0 4.053464515547997E-8 3.004483006913366E-8 0.049977017461436464
-0.18350196867475074 0.18844743574056294 0.05542383280391715 0 2.9279302922680924E-8 3.058885044531951E-8 0.04997702749821839
0.11136664405289663 0.19289268576805546 0.0543171535525474 0 3.499038816991231E-8 -4.570870555897192E-9 0.04997703659906052
-0.1122914677939212 0.19449452747555573 0.054363926326504504 0 2.9690234355144403E-8 2.1077864197934323E-8 0.04997703250474262
7.833096257776418E-4 0.19069362679459012 0.05356840441819727 0 3.214832576332204E-8 3.3470324210240407E-9 0.04997705405636899
0.04520143550094839 0.18418512355280772 0.05354594410814683 0 3.5628225052649E-8 -1.084745934845188E-9 0.0499770475679673
0.017173734845246678 0.1662656573333219 0.05309215701680856 0 3.1010713941217244E-8 -1.35852560739806E-9 0.04997705000678944
-0.04746651353754764 0.1829715324610284 0.053532622158623755 0 2.6985743306054373E-8 9.586610142552439E-9 0.04997704540404531
0.1909210649037195 0.04684254353730668 0.05369730809312632 0 1.9272915092136365E-8 -2.1492212878896004E-8 0.04997705027774125
0.15384433041034729 0.09209874155024392 0.053330182368177645 0 1.8798486986483197E-8 -1.4894978138794478E-8 0.0499770572621371
0.13647605991683223 0.1435082568468913 0.053729825805134857 0 2.603643936385345E-8 -7.443326212479046E-9 0.04997704717029767
0.38492668203237634 1.0023152680894796E-16 0.05989052034096669 0 8.088429495786027E-9 -4.0740237095399096E-8 0.04997703487543562
0.4253355502182104 -0.06042681663517086 0.061949401873126426 0 2.297532096832125E-10 -4.1678615308382526E-8 0.049977046910460406
0.48600244774065643 -0.18106149615140063 0.0667271620082264 0 -6.7401244345296276E-9 -5.902806817425113E-8 0.04997705571802145
0.4535801009187721 -0.11979187747949692 0.06395953291420167 0 -6.204324791966735E-9 -4.747803306177288E-8 0.049977065272202685
0.30024351839566077 1.0287337474471442E-16 0.0566089984335615 0 1.335644498114232E-8 -3.107955970236581E-8 0.0499770302972707
0.2238875048948223 7.961310541061857E-17 0.054346295287657866 0 1.5661295335194692E-8 -2.235135323914983E-8 0.04997704192087217
0.7176713367395706 -0.46521260674377907 0.09294805270739667 0 -3.984829567022595E-8 -8.493103378235977E-8 0.04997706839562726
0.8010709981238167 -0.46249419750242293 0.09999999999999998 0 -3.656861150800457E-8 -9.214209563712167E-8 0.04997706240576685
0.526450453306162 -0.2376825100162034 0.07038843476625323 0 -1.352005466966634E-8 -6.089244019715381E-8 0.04997704192848694
0.4546475825643904 -0.23293628734368743 0.06627327609670221 0 -1.3800092217071521E-8 -5.289616655094743E-8 0.049977046823099856
0.5306797663003683 -0.29923675531161764 0.07251363051783592 0 -2.2619316535652704E-8 -5.85933907500537E-8 0.04997703945043596
0.6103906305879975 -0.40135765312469507 0.08172372928462608 0 -4.165100723448261E-8 -6.5752387969043E-8 0.049977058370507574
0.6403517767463041 -0.46278562534170165 0.08686037768572827 0 -4.5251823380753334E-8 -7.329550687118817E-8 0.04997706430512968
0.5664981365845182 -0.34007595181336636 0.07621962270586985 0 -3.102379395671866E-8 -6.05349760230923E-8 0.04997704393699082
-0.8010558185062641 0.4625204886241073 0.09999999999999998 0 5.528207185572846E-8 1.0033585352778151E-7 0.04997701960741471
-0.7603438011582597 0.3738096376808479 0.09217483686370775 0 4.52247886238983E-8 9.074306193022653E-8 0.04997702860827214
-0.6064827120561795 0.3683452405387546 0.0800133246078764 0 5.6837323601509405E-8 7.139603516094713E-8 0.049977021054111226
-0.6554904399290363 0.3258387756938692 0.08184700708932659 0 5.007300821512403E-8 7.494364980908838E-8 0.049977024532612664
-0.7173789460644423 0.3218656625868021 0.0865204629875929 0 4.4670678653766624E-8 8.302024189121552E-8 0.049977027832695024
-0.4490633670822638 0.262933614095089 0.06682964731028332 0 3.5720479143343864E-8 5.738049720126776E-8 0.0499770207164359
-0.561964870759204 0.31624700130713357 0.07504348009682706 0 4.661930026704344E-8 6.800000292071206E-8 0.04997701177111303
-0.4969688691845382 0.31115828345845914 0.070963541880969 0 4.184966321493482E-8 6.224601696672192E-8 0.049977012587803626
-0.3445240713159381 0.2767146512083848 0.0625551726814487 0 4.170117345653343E-8 3.8322910766340767E-8 0.04997703146626842
-0.29822944351534514 0.2720284218761082 0.06072614652584281 0 4.4283041919324175E-8 3.406413245609116E-8 0.04997702641305893
-0.278960464150049 0.23105339123962187 0.058930977919053947 0 3.7581190859471135E-8 3.446220922140497E-8 0.0499770197668964
-0.39866775255885006 0.2551376793832062 0.06418286265211672 0 3.6598971661253505E-8 4.86979001518987E-8 0.04997702585139149
-0.43855507291261625 0.22078311851591842 0.06514753629020965 0 3.3585827499411196E-8 5.774762874916013E-8 0.0499770256112523
-0.25569422992480945 0.18010642956677383 0.05704280655464758 0 2.8190451734921302E-8 3.520333913109885E-8 0.04997702129123249
-0.22047029564306936 0.14293411554993973 0.05541545974285534 0 2.0642901085265453E-8 3.367684987124423E-8 0.049977033490550465
-0.18680865935078536 0.12991541986645877 0.05443956342319764 0 2.103325748008131E-8 3.062761103980372E-8 0.049977045325478385
-0.13865734030206037 0.13413724110678016 0.05361667711440055 0 2.680061096873864E-8 2.3760088305432815E-8 0.04997704477139442
-0.13558426904309848 0.09984465055515283 0.05311549222562181 0 2.487565808670857E-8 1.9309623421930108E-8 0.04997704854935833
-0.25161809751440434 0.1255049475699697 0.05598231997151887 0 1.845072798741102E-8 3.443959844950517E-8 0.04997702792930986
0.19420772375092543 -0.04676552312468657 0.05376845209193871 0 9.004470601519064E-9 -1.6006093938074548E-8 0.04997705145920425
0.07844894660138703 0.13587756131386025 0.05290437550856243 0 2.5683336958507248E-8 -5.820631466665848E-9 0.0499770436076288
0.1581850159804538 4.03666044625459E-17 0.05292729798071231 0 1.0035853809753822E-8 -1.4842030135145969E-8 0.04997704760108321
-0.0793293077376864 0.13740239153093967 0.05293577949983721 0 2.5931258622514766E-8 1.2455227840851828E-8 0.04997704098593225
-0.10192189467460562 0.10267269443312377 0.05269596908601703 0 2.5029218310925372E-8 1.443570966636037E-8 0.049977042462050716
-0.004334214649360648 0.15163914092247652 0.05281372846092682 0 2.732200264843424E-8 -2.9750810453146197E-10 0.049977047220711605
0.035198297345602834 0.13784946141786308 0.05265706254873472 0 2.690375501963372E-8 -3.872155433816909E-9 0.04997704403213897
-0.03647527919163236 0.1302798698937503 0.05254752074115307 0 2.4658067876712316E-8 4.278559688905313E-9 0.04997704153700722
0.12737884186502524 0.04457914646124021 0.05254239887577797 0 1.2290268590113442E-8 -1.366851827763915E-8 0.049977046598783235
0.10177697427875258 0.08834048795367636 0.05253956863179542 0 1.6807787714388768E-8 -9.73281434483254E-9 0.049977045307291315
0.34118511954802583 -0.062154607897978366 0.058312559079427444 0 2.409065737195713E-9 -3.454238273184306E-8 0.049977033301355826
0.37836392981717903 -0.12391451309547875 0.06047575124681005 0 -8.469963672531025E-9 -3.9435215262722814E-8 0.04997704354388218
0.41238404925178007 -0.18021837395374024 0.06296662723972753 0 -1.3278840193404361E-8 -4.6937200548004426E-8 0.049977050233811424
0.1676578507312959 -0.08204581170599337 0.05348225864611659 0 1.120676749256414E-9 -1.3905515419730756E-8 0.049977060712291695
0.20181374228166962 -0.09141964150518621 0.05428754190491373 0 6.161182681411509E-9 -1.9617291233372744E-8 0.04997705720104977
0.25485064501553883 -0.06881848120103617 0.05545206946541742 0 8.812034858708078E-9 -2.5185348474828206E-8 0.049977040058711404
0.6644823007055147 -0.5389515943966049 0.09297818153954257 0 -4.847396739497103E-8 -7.654679031329375E-8 0.0499770605085026
0.7501545366059805 -0.541195963440213 0.09999999999999984 0 -4.800871367910067E-8 -8.880274859937885E-8 0.049977058164834096
0.6027366073062329 -0.5213223560235656 0.08747588350371878 0 -4.818237719174199E-8 -6.559686162609144E-8 0.049977061067859846
0.3907221727608636 -0.23584567652234328 0.06329187670784996 0 -1.614627184368956E-8 -4.106650547856969E-8 0.049977047024140235
0.47890979704271586 -0.2863984098188226 0.06912760288748078 0 -1.8415351472801502E-8 -5.3706729544598624E-8 0.04997704161942897
0.4250914842628162 -0.2904030737883922 0.06650384046370365 0 -1.744821340637518E-8 -4.5429160713231964E-8 0.04997704829142889
0.5018045759598764 -0.3463645861940246 0.07254833341115846 0 -2.721202390642956E-8 -5.4832505198909855E-8 0.049977040482964474
0.5395049675561714 -0.4037977139333864 0.07721405836956645 0 -3.795550884076803E-8 -5.757196567653547E-8 0.04997704549331738
0.5629289159938321 -0.47314451663551055 0.08212579004392509 0 -4.579754406560196E-8 -5.941603886309801E-8 0.04997705455753419
-0.8437609348289447 0.37906778281416026 0.09999999999999995 0 4.4735372219340825E-8 1.018967694070328E-7 0.04997701576288504
-0.7888004165309437 0.2903760964571749 0.0915314985584158 0 3.830238516681515E-8 9.631468151776244E-8 0.04997702273036518
-0.6102329054490165 0.2953318100128198 0.07752504764743698 0 4.567770285906976E-8 7.217899996262379E-8 0.049977015127481234
-0.6672358697757713 0.2726523999513782 0.08092297245691278 0 4.290983181155424E-8 7.863320749899151E-8 0.04997701957892502
-0.7578216461505273 0.23114048963723496 0.08705889216020636 0 3.60522201702623E-8 9.467748743950842E-8 0.04997702758046148
-0.7250638207162802 0.2644091498704253 0.08523826785223539 0 4.013900372428133E-8 8.737053217439848E-8 0.04997702386774039
-0.49761740681994665 0.2259943198914076 0.06840949555720777 0 3.168121889069771E-8 6.5792112952933E-8 0.04997702035846487
-0.5531916805568725 0.2548390044927608 0.07250231820116229 0 3.678770056986121E-8 6.940641045435496E-8 0.0499770125146058
-0.3304177610769968 0.2075632873895256 0.060121873146272396 0 3.501252212685403E-8 4.023206117685831E-8 0.0499770213206677
-0.40020050920329836 0.18553375498639196 0.06251643484045977 0 3.3585368951557327E-8 5.1457554980912235E-8 0.04997702765314958
-0.4509389353459413 0.1806295394110867 0.06485872161226297 0 3.074075259615838E-8 6.105230264672414E-8 0.049977034027227835
-0.3081655557366316 0.12979030410922685 0.057834162632571066 0 2.363354252474654E-8 3.9113633883124393E-8 0.04997701988396889
-0.21413652185417031 0.10501643106435352 0.05472829937040968 0 1.4587281511467278E-8 2.9674223312284322E-8 0.049977042090688206
-0.1657690318723487 0.09663028560186343 0.05359396061230914 0 2.1132299203420335E-8 2.2633772305854693E-8 0.049977053136768174
-0.13208776332768432 0.07040426877471608 0.05277929135503944 0 2.1742037196661313E-8 1.615422552994975E-8 0.04997704598340803
-0.2668792736165402 0.06671487334767569 0.05579077358601759 0 1.2019067937251253E-8 3.339280413430392E-8 0.04997702564323663
0.13394298555224937 -0.04272165979228181 0.052630185389843605 0 2.6354927415150816E-9 -9.598382549758236E-9 0.04997704911496903
0.04273067501608838 0.07401170016957918 0.05192584962618541 0 1.6884674340116704E-8 -4.630827124144118E-9 0.04997703511253379
-0.07427627943517315 0.042883429926301064 0.051928801697300825 0 1.838195962661104E-8 9.962682243135809E-9 0.0499770337813936
0.08580268905133058 2.7924535741052085E-17 0.05192915349305607 0 6.566664547517163E-9 -6.522455524428322E-9 0.049977037293332804
-0.04304287969149937 0.07455245452975151 0.0519319033593881 0 2.0492149413411464E-8 5.179990513711147E-9 0.04997703375339655
-2.9796378738924766E-17 0.08577355466188762 0.05192886660175564 0 2.0032182006945457E-8 -5.409448043831815E-10 0.04997703444921732
0.0741595043143772 0.04281600977887492 0.05192749553399362 0 1.1701979293504767E-8 -7.08910140778401E-9 0.04997703650559446
0.12170874450296679 -0.07937873255132208 0.05270638285367756 0 -2.946235016665421E-9 -8.861476002955715E-9 0.04997705190774123
0.1532214795718842 -0.1047515501973591 0.0534601593182905 0 -3.6000465926101603E-9 -1.5745825496866577E-8 0.04997706048192757
0.2997814449763266 -0.13025461904441932 0.057552736756421516 0 -2.828251488844016E-9 -3.166432178966953E-8 0.04997703535123018
0.34046960443170665 -0.192505611563268 0.060162576700472446 0 -1.3388780136051761E-8 -3.5099751204381903E-8 0.04997703974141147
0.34557599933864525 -0.25420475687873284 0.06192004258218349 0 -1.9484766957270527E-8 -3.258249191410638E-8 0.049977047782390455
0.17846806103523252 -0.12182655323316931 0.05415222050793654 0 -1.084122236331177E-9 -2.2114800400822604E-8 0.04997705947774153
0.23090062297727748 -0.133798202671902 0.055538699139373295 0 1.2442021044468191E-9 -2.7048415161990086E-8 0.04997704520680772
0.6050561438570468 -0.6036830020468081 0.09289418017943481 0 -5.267396314266279E-8 -6.733968369009277E-8 0.04997706587069231
0.6847899965302142 -0.6218349498910589 0.09999999999999994 0 -5.5054720939032527E-8 -7.818128849932393E-8 0.049977057115533415
0.5365057739834544 -0.6074638984061791 0.08871198704411519 0 -5.6580257865127815E-8 -5.791445356998017E-8 0.04997707645037766
0.5490740032503056 -0.5442731464552362 0.08535659345024513 0 -5.072419724569682E-8 -5.5407020598286834E-8 0.049977064761118094
0.3750627258693447 -0.2936858939923493 0.06434654814554322 0 -1.9852328351935182E-8 -3.6095972226420806E-8 0.04997705599495453
0.3969354899692888 -0.3460112170117684 0.06719703593166886 0 -2.1761222043435393E-8 -4.3874196210506206E-8 0.04997705768604444
0.4494990254251991 -0.34835776824770576 0.06980849106780326 0 -2.364426847288481E-8 -4.983068595870414E-8 0.04997704536211234
0.4743994852003083 -0.40954268251415876 0.073738234339428 0 -3.4538319206087524E-8 -5.18304478096351E-8 0.04997704299381096
0.5051728219418842 -0.4543425560441293 0.07763963571270259 0 -4.2632863907908757E-8 -5.2724779394680166E-8 0.04997704697599764
0.5025098789806551 -0.515963207586209 0.08087711077114171 0 -5.06081464799124E-8 -4.959348233785239E-8 0.0499770565481248
-0.8809225682293763 0.28211960771987943 0.09999999999999996 0 3.51447003479252E-8 1.095717028994335E-7 0.04997701548363518
-0.828550120997359 0.21135039229983998 0.09293041569195869 0 2.8418082499700996E-8 1.0458956749850314E-7 0.049977029042666765
-0.4876818695036711 0.16005919777938843 0.06641416297022892 0 2.3635289625892225E-8 6.530256293873562E-8 0.04997703833054987
-0.7583678808155521 0.178257805309045 0.085877514601274 0 3.257433909971839E-8 9.472913333126203E-8 0.04997703580125099
-0.6170663609123308 0.222189336538271 0.07585507468331582 0 3.527183810151235E-8 7.540111667869248E-8 0.04997701396344773
-0.6972424057138273 0.20430689657176634 0.08139617396721441 0 3.6627935687270845E-8 8.545918817211595E-8 0.049977022874988036
-0.5518948161465875 0.17422255470543752 0.07046196471921623 0 2.365346566274735E-8 7.042764691247457E-8 0.04997702121482231
-0.36894201678212313 0.12798179161528736 0.06013540062401418 0 2.835091195242356E-8 4.551199478532865E-8 0.04997702439839451
-0.4362515368769687 0.13236424219261816 0.06326633817399903 0 2.9625083102680327E-8 5.441431638441166E-8 0.049977040626342575
-0.33947513674739144 0.06240362523718613 0.058248486325065116 0 1.7524706603714003E-8 4.11712947106056E-8 0.04997701889638038
-0.18433654548332082 0.048222709230570565 0.05356505347436668 0 1.2537154892481E-8 2.1186445829148066E-8 0.049977044706377434
-0.13330372693534312 0.03517105967265548 0.052587287930552964 0 1.6629146889886038E-8 1.6489799567334353E-8 0.04997704197238923
-0.08544796042127181 1.2633032021521531E-17 0.05192572029476935 0 1.3675744655156105E-8 1.3123663906456503E-8 0.049977034123898735
-0.2993967149465731 5.4908359945213266E-18 0.05658028588283902 0 6.621548318700891E-9 3.776677245933965E-8 0.049977019649010516
-0.22270343343645202 -2.7398019802337882E-17 0.054316401779706945 0 4.572312006666675E-9 2.8974971965238338E-8 0.04997703407796879
-0.27837086784154214 -0.12617379267311218 0.05679356136910862 0 -8.503638891799984E-9 3.427689809659864E-8 0.049977026544128014
0.07416648351753428 -0.04282003922369633 0.05192757354063934 0 1.9080553483467363E-9 -3.2734515987457715E-9 0.0499770379615283
-0.07423701450489274 -0.04286076030823398 0.051928362278406685 0 8.538209426943417E-9 1.3717706642556896E-8 0.04997703526078129
5.433302611002987E-16 -9.25534990736191E-16 0.051513083863437 0 1.0145537916035504E-8 3.3092266446288275E-9 0.049977027492105856
-0.10393602836491157 -0.0928684349452979 0.05261104654913398 0 2.9786246044371556E-9 1.6327594127929916E-8 0.04997704540774458
0.09263290818595533 -0.09340215664313874 0.05249108753880629 0 -3.713433088932586E-9 -5.878850425802973E-9 0.049977047096883505
0.13365633223327938 -0.131494330544841 0.053500013617672336 0 -6.7144172837796305E-9 -1.594658556259715E-8 0.04997705399223869
0.32685099627426545 -0.2905697969488598 0.06232853198902639 0 -2.5321752433822704E-8 -2.910781019739965E-8 0.04997705481175977
0.25568805190108224 -0.19009790761699052 0.05725179690059135 0 -9.791324051216377E-9 -2.8122282722914307E-8 0.04997703580269
0.2878012678865199 -0.2461068228137798 0.059620677596610265 0 -2.006834920828947E-8 -2.7530645088341172E-8 0.049977040013992585
0.17648242248939017 -0.17786432905826252 0.055061790182478074 0 -7.777990374686302E-9 -2.3548992198076877E-8 0.04997704336249155
-0.2483235922732361 -0.18165056966040063 0.05686432272721823 0 -1.3535374489498885E-8 2.907552298928016E-8 0.04997702763693003
0.5547456546446986 -0.6639301342123074 0.09391738389868397 0 -6.179518572388436E-8 -6.587208660770821E-8 0.049977071149776585
0.617759403950767 -0.688475338910477 0.09999999999999995 0 -6.291921432659911E-8 -7.16389787197216E-8 0.049977063489362754
0.5055257679581893 -0.637124600070996 0.08897493457515948 0 -6.398289246387292E-8 -5.8183791518429245E-8 0.04997707610115506
0.4877536710430043 -0.5826751104622181 0.08420495651136725 0 -6.047348658552998E-8 -4.859650643103174E-8 0.04997707037261034
0.33633282409977666 -0.3398966968888034 0.06444423660906808 0 -3.0229148618795095E-8 -3.520858949775048E-8 0.049977067698138304
0.3632772876174715 -0.38800374757803635 0.06749345504717459 0 -3.082808825295523E-8 -4.565475631537028E-8 0.049977059019117503
0.41704203467651185 -0.4108303752912243 0.07090170067103964 0 -3.247754880224233E-8 -4.867001241723299E-8 0.04997704721221408
0.4381086940659461 -0.4733073985449338 0.07505155127124846 0 -4.412317792585469E-8 -4.704770428706955E-8 0.04997704489417611
0.4531934148271225 -0.5420428192507506 0.07976926362259741 0 -5.595247828410748E-8 -4.4705886230661676E-8 0.04997705524487444
-0.8565041007211142 0.12935729823844902 0.09401883827528355 0 1.6361526284479565E-8 1.0192450183638431E-7 0.049977032993591144
-0.9051192255768068 0.1907463267598074 0.09999999999999999 0 2.3762803576021476E-8 1.1162154862324436E-7 0.049977022853548325
-0.7940808377677345 0.13178185399490336 0.08820577601429047 0 2.2958689465430093E-8 9.432719605234116E-8 0.04997704286931584
-0.33304413722574716 -0.0693067767843958 0.05805530637396814 0 1.893076401526424E-9 4.271458349317867E-8 0.049977021033650586
-0.4742240483662385 0.11256694280313873 0.06494853319711702 0 2.1013290070272048E-8 5.556830807357093E-8 0.049977045154649326
-0.5075730010734563 0.12513873893141758 0.06697106660603604 0 1.6603826213255035E-8 6.220286729683125E-8 0.049977038681889914
-0.5430568755805907 0.10886676283437083 0.06886622733636953 0 1.4423298735169066E-8 6.495230668666797E-8 0.049977027119832006
-0.7200856347104287 0.12756375701027653 0.08178787314202199 0 2.999261344987148E-8 8.549817792066763E-8 0.04997703014572469
-0.6366216770914513 0.1480565042375733 0.07568897320024313 0 2.7151408845200276E-8 7.70554422747323E-8 0.04997701653769907
-0.5817364775186938 0.11498204866540508 0.07140762999266016 0 1.764775018228661E-8 7.010649086897455E-8 0.0499770191065992
-0.42774238996431574 0.06497482014443741 0.06209784320535726 0 2.043432218505062E-8 4.859236571864693E-8 0.04997703082105824
-0.3847166606924661 5.007387460326135E-18 0.05988137680814879 0 1.1930271610107097E-8 4.756524944250548E-8 0.04997702090826365
-0.3349183900900527 -0.1391323925724424 0.05894927757126893 0 -4.9079409570764766E-9 4.192040894192433E-8 0.04997702467596177
-0.29014129297673835 -0.2192290809213992 0.05898973037684319 0 -1.4599310500283541E-8 3.7617326565803255E-8 0.049977026754269696
-0.30831506111577245 -0.17770170158565646 0.05867258259636438 0 -1.0596780800307946E-8 3.875779732912906E-8 0.04997702492514042
-0.8184909839211807 0.07533925376340875 0.08977629762126751 0 1.4062442533678949E-8 9.385835876419496E-8 0.04997703366649994
-0.15687445011428935 1.9896548115933566E-17 0.05290395974586269 0 1.0251921368727996E-8 2.1373446784741667E-8 0.049977041781403365
-0.12783259126111396 -0.033275347967647646 0.05249920381841622 0 9.08640600077026E-9 1.9985325288986642E-8 0.049977042159370766
-0.12619399745448542 -0.06614911525416546 0.05266041061116255 0 6.1417541246349126E-9 2.0190175758651902E-8 0.04997704648634858
-0.24680219676358395 -0.07209570484823002 0.05524990662857362 0 -5.195687927594857E-9 3.239632671906511E-8 0.04997703308845743
-0.22815732549244763 -0.13366956667415794 0.05546555293618707 0 -1.190570812464864E-8 2.5584616274957228E-8 0.049977037377542055
-0.15093740406319942 -0.09389909648308085 0.053299030733839035 0 1.47105951026662E-9 2.096271704541592E-8 0.04997705447608402
-0.17405337917392047 -0.045794392161233266 0.053343830220451034 0 3.2267368347316403E-9 2.646554614585952E-8 0.04997704662661296
-0.18973296493485722 -0.18461798069110347 0.055474546986767154 0 -1.3974621726039971E-8 1.9084934739118535E-8 0.049977033792985355
-0.1364384943575783 -0.14270773398924902 0.05371629461338726 0 -5.68425788558123E-9 1.4018115518377332E-8 0.04997704726772265
0.04273873390329096 -0.07402565857166638 0.05192600533605053 0 -1.3015728327812158E-10 1.4427415313763567E-9 0.04997703766359854
-0.04299754043112493 -0.07447392462720538 0.051931021483395706 0 3.3465700513241987E-9 1.1320584984933128E-8 0.0499770362048114
1.3904975238826412E-17 -0.08573627431625096 0.051928505242836896 0 3.213269223344475E-10 7.15815403976495E-9 0.04997703733940665
-0.07925046645516252 -0.13726583442387433 0.052932952804228266 0 -5.669266227306181E-9 1.2428226595376868E-8 0.04997704543541031
0.078463056828959 -0.135902000944921 0.052904876080197075 0 -5.555202087627103E-9 -5.5930491888071974E-9 0.04997704825588334
0.11138757858716244 -0.19292894544503636 0.054318208030815426 0 -9.318054366641844E-9 -1.4216051621104315E-8 0.04997704316691236
0.2704412885460667 -0.32134890739138133 0.06148782850104338 0 -3.193631303617522E-8 -2.5824896463573788E-8 0.04997704819188407
0.21970172124605267 -0.2547036178054315 0.05790944965811469 0 -1.9875607920820872E-8 -2.282690433729198E-8 0.0499770335550063
0.06445906182530692 -0.2524774236880237 0.05535114833714504 0 -1.4952664530654283E-8 -9.637002478771452E-9 0.04997704059634932
0.14972579901011426 -0.2593326910893636 0.056582144341893334 0 -1.800882146581213E-8 -1.6824281078167925E-8 0.04997703186042312
0.031363797849434556 -0.30517057546423765 0.0568332914109285 0 -2.400190473878773E-8 -4.104436178774186E-9 0.04997703487786976
-0.03281109095750645 -0.303248501545522 0.0567724159885361 0 -2.599066105921323E-8 3.114411867222576E-9 0.04997703388524486
-0.22974591189928226 -0.25639797529990704 0.058213734017978094 0 -1.8315395707969046E-8 2.9418002359130352E-8 0.04997702602213281
-0.15050660974349658 -0.260685094950677 0.05663516711153095 0 -2.154032783933561E-8 1.7789961045534013E-8 0.04997702616828861
-0.0010639892128916778 -0.35571530812846325 0.05866683852382106 0 -3.090542844786948E-8 3.444828343259263E-9 0.049977033383118215
0.4897167015298755 -0.6990669986722716 0.09278011319940965 0 -7.040872650411688E-8 -5.9452433709221287E-8 0.049977065914804636
0.5485314847714318 -0.7448023146284537 0.09999999999999996 0 -7.369311426035159E-8 -6.689941778141123E-8 0.04997706175227486
0.4538946410105444 -0.6418290507487608 0.08650541722977732 0 -6.807054898458446E-8 -5.0781035660032714E-8 0.049977067098387236
0.43691576165411183 -0.5863880363863174 0.08178506492225697 0 -6.278728091505533E-8 -4.429209795584693E-8 0.049977059450846885
0.30008338071089913 -0.40108479031261085 0.06570468861303413 0 -3.785326921490783E-8 -3.709178407864689E-8 0.04997705260030942
0.35656776116113886 -0.46142030598113837 0.07075125137743835 0 -4.1962147933817004E-8 -4.2671215691782586E-8 0.04997704360676765
0.38634553368626 -0.5411366135074784 0.07653244947706513 0 -5.451404475317488E-8 -4.019757006315577E-8 0.0499770449141197
-0.8641324069088798 0.062174994255793294 0.09403348687291993 0 9.982084021693816E-9 1.0056991615034847E-7 0.04997702738949946
-0.9192848102122441 0.10262901652303172 0.09999999999999998 0 1.3082203503973693E-8 1.0784964422230793E-7 0.04997702262953494
-0.7599167871431189 0.06070075634999409 0.08441733903220823 0 1.8373806474673757E-8 8.711668342526175E-8 0.049977030302159005
-0.3798507417992421 -0.12110542276221137 0.06050058794352799 0 4.782228477750119E-10 4.778227017543937E-8 0.04997703016647945
-0.40842759083875524 -0.05875232359605665 0.06114052778332879 0 6.304875690101748E-9 5.3398247023994255E-8 0.049977028785715506
-0.5039157942187592 0.07056797810116018 0.06615707446286306 0 1.2541720496983338E-8 5.676270407151749E-8 0.04997703212774669
-0.5548238392163808 0.07638757137486703 0.0692570455361671 0 1.2088766209977876E-8 6.517451661888623E-8 0.04997702225039725
-0.6893460495224285 0.06354738512595373 0.07863780818203954 0 1.9964042991971123E-8 8.069683771542348E-8 0.04997702010103147
-0.6215823870108426 0.05940809814964494 0.0735747228508592 0 1.4953902098828795E-8 7.382486829108445E-8 0.04997701465819654
-0.4662367643365183 -0.05429215722432917 0.06397307879016166 0 2.834921709151371E-9 6.185499040815066E-8 0.04997703375092119
-0.46385916918682774 -3.671115297680029E-17 0.06368112390889598 0 8.883433065957974E-9 5.672032081810944E-8 0.04997702702280638
-0.3620108841151937 -0.17400839360604695 0.060635096430618034 0 -7.543190283817943E-9 4.476058234421175E-8 0.049977028581774
-0.299671918215507 -0.26919022055739933 0.06068803798570996 0 -1.8259348111820843E-8 4.1315330049194697E-8 0.04997703462101525
-0.33027652289156045 -0.22443841547131757 0.060528990644305516 0 -1.4748691021403643E-8 4.346170951565051E-8 0.04997702956484492
-0.8245744171037561 3.2427437940114445E-20 0.09002147282184526 0 5.9557304762333315E-9 9.852117106785484E-8 0.049977027932754374
-0.19761019796705673 -0.10158906953187434 0.054303584925033156 0 -7.715523470960056E-9 2.4696411530928815E-8 0.04997705138413774
-0.18403998396844498 -0.12735803584373423 0.05434432437859784 0 -8.259337767716802E-9 1.8928830220893774E-8 0.04997705060978392
0.002774404310843052 -0.26370741404826953 0.055444406431408536 0 -1.990938892193594E-8 -4.741079925068076E-9 0.04997704400697009
-0.11217260429255088 -0.1942886498520168 0.05435789315243198 0 -1.4995588827369992E-8 1.1451260892373603E-8 0.0499770387006766
-0.059917909088264505 -0.2537684697083779 0.05535616729591674 0 -2.3236089973121808E-8 4.500448192022944E-9 0.0499770387096428
0.025874926118163173 -0.1326695098536581 0.05254567933671944 0 -4.509741967065515E-9 4.112461820344999E-9 0.04997704780936773
-0.02524383979971824 -0.13300675455069116 0.05254892004091195 0 -5.801989531200811E-9 1.0044884303267601E-8 0.04997704686045516
0.05493858025113073 -0.18721166728009325 0.05366460039291042 0 -6.995672497726112E-9 -4.662001173395415E-9 0.04997705177998905
-0.053441146730527585 -0.1870910243981426 0.053652873989227134 0 -1.5940956496962902E-8 7.892340353266034E-9 0.04997705004806353
-0.015811501710617765 -0.22080470166743846 0.05428292799461194 0 -1.794764841194255E-8 -5.828010243020336E-10 0.04997705625730335
0.001589553534327251 -0.18045943852644147 0.053353802929854637 0 -1.0362235993747972E-8 4.9006374444655196E-9 0.04997705938032872
0.01713256069613923 -0.2191946756676691 0.054245341320781695 0 -1.2181316204278125E-8 -4.065429857491364E-9 0.04997705706613732
0.23193963455587202 -0.4017312313397281 0.06368217918749612 0 -3.5710855242954697E-8 -2.396989702148539E-8 0.049977045738678505
0.1923608915779979 -0.3331788376023402 0.059881599761303035 0 -2.920904822657095E-8 -1.7134007281407035E-8 0.04997703646914812
0.10559774308437371 -0.32641465451667345 0.058167036115944384 0 -2.6549844361341896E-8 -8.122187078388449E-9 0.049977033180348976
0.02839276411724587 -0.3973392921812579 0.060485401730235276 0 -3.6863004678924395E-8 1.96117154934762E-9 0.04997703869278828
0.04349199689707277 -0.3606955682361924 0.05897556113419837 0 -3.186515116873789E-8 -6.814540152339643E-10 0.04997703506058978
-0.2724211583800272 -0.34021230275634196 0.06225471036920945 0 -2.413514381578528E-8 3.517066239397936E-8 0.04997704046871549
-0.04975626500892476 -0.3592625346716331 0.05895024498757896 0 -3.0876776859066096E-8 1.0179690275628183E-8 0.04997703335749338
-0.11115524588477288 -0.32319159740630654 0.058116751891295344 0 -2.807489062356796E-8 1.6682545847662814E-8 0.049977028626252674
-0.1929576265867868 -0.33421241295621784 0.05993362613445384 0 -2.7467466262021288E-8 2.7234585122557375E-8 0.04997702960531615
-0.00580331192480529 -0.44141011755505605 0.06253303354413747 0 -4.0341999610083826E-8 4.375203142270161E-9 0.04997704220873572
-0.03317807935019408 -0.4000499580003111 0.06062434517611842 0 -3.45190908388549E-8 9.240660982194071E-9 0.04997703822294097
-0.4124914840826571 -0.7144562081206507 0.09005972521404425 0 -7.448032375158128E-8 4.809554131668033E-8 0.04997704564006755
-0.4625000000000001 -0.8010734985006056 0.09999999999999992 0 -8.648543068542363E-8 5.075574603422205E-8 0.049977038847177094
-0.38371343710296635 -0.7748603000238191 0.09386619334345217 0 -8.509703469774491E-8 4.3624133014154774E-8 0.049977047726153426
0.41226227881814503 -0.7140592129571534 0.09001680581831234 0 -7.080171672154984E-8 -4.655042920477435E-8 0.04997706111730634
0.4625000000000003 -0.8010734985006056 0.09999999999999992 0 -7.91329699721742E-8 -5.5395091040433515E-8 0.04997705625312217
0.36763254236248355 -0.6367582418875386 0.08211785344170675 0 -6.462640927776357E-8 -3.6543383293566034E-8 0.049977053787248656
0.2724100436150707 -0.4718280360333562 0.06830375115676082 0 -4.181747288992598E-8 -3.221453219595796E-8 0.04997704224623651
0.31808183532075857 -0.5509338997403103 0.07441383187593022 0 -5.32681038872891E-8 -3.3475891509385646E-8 0.04997704003725853
0.2111878992556696 -0.5199281931560845 0.06932845783235407 0 -4.4737261303481396E-8 -2.538298042322296E-8 0.04997704522534802
0.021803385387518696 -0.48225449508691837 0.06469299319690376 0 -4.7386055675288765E-8 -1.7658482793627763E-9 0.04997704470050431
-0.8627884197170683 -0.05512509329877387 0.09385473111979895 0 -3.2207031469159415E-9 1.053392881029124E-7 0.049977028527058834
-0.9249999999999996 -3.487031299242896E-17 0.0999999999999999 0 2.025143041151293E-9 1.1027410099679961E-7 0.04997701891966654
-0.7353276040989696 -1.3378311327871067E-18 0.08212306732579755 0 1.192019697847834E-8 8.817293992638237E-8 0.049977024136359204
-0.4256923062754768 -0.12215318657273537 0.06260425960749795 0 1.1295950930782488E-9 5.305906010612025E-8 0.04997704180026506
-0.4043520178042478 -0.16901983470521803 0.062374130552393804 0 -5.9125253667849255E-9 4.756359327040903E-8 0.04997703507553374
-0.46760448929491655 -0.09647351175034935 0.06440527405535054 0 -1.806945598431837E-9 6.18134010506242E-8 0.04997704537926319
-0.5447672634209793 2.858524015158418E-17 0.06830049229574699 0 4.756248727127185E-9 6.61413971855649E-8 0.04997702008084847
-0.6361392415232948 1.0428654588114258E-18 0.074412070818866 0 9.15576268140428E-9 7.667302761340521E-8 0.0499770142630518
-0.5124187514513647 -0.051847896831783355 0.06651654728017117 0 -1.4574437166988544E-9 6.616082888018328E-8 0.04997702906470687
-0.36799093114432163 -0.6373789894665451 0.08217765681431857 0 -6.255195792370239E-8 4.792315733590037E-8 0.0499770401751332
-0.31827009850817745 -0.5512599811461146 0.07444098367382036 0 -5.397792552176451E-8 3.955945602344145E-8 0.04997702803772733
-0.31386332305040454 -0.40193360988060217 0.06622216379223078 0 -3.514543270410887E-8 3.2408022041039866E-8 0.04997704262556697
-0.344912559069745 -0.4432246070018303 0.06935603931497553 0 -4.263917078698311E-8 3.633013250272537E-8 0.049977033565961185
-0.3337091490042147 -0.3553876317528073 0.06495432896100803 0 -2.975237575641433E-8 3.878960940747032E-8 0.04997705444771295
-0.383737195098482 -0.21760730691022415 0.06251779019199952 0 -1.4706760413252914E-8 4.739617214847232E-8 0.0499770318079067
-0.33230969380311975 -0.3125744339373021 0.06328313435425742 0 -2.447005058471346E-8 4.579660831249739E-8 0.04997704959217899
-0.3540195296480104 -0.26181915330723304 0.06247659304365877 0 -2.0620832290023822E-8 4.781153297125343E-8 0.049977036695957405
-0.7962287177911112 -0.06074957956360479 0.08762354715881245 0 9.421741504794624E-10 9.945235220216948E-8 0.04997703397626863
-0.7351410524947966 -0.06092685497728594 0.08231802271497875 0 5.814997451809104E-9 9.155266704554456E-8 0.049977028956033426
-0.4839056580716607 -0.700569999447879 0.09257832058039935 0 -7.149605009127042E-8 5.2522771448446476E-8 0.04997704731985775
-0.548567403595686 -0.7447758606713796 0.09999999999999995 0 -7.890346334666809E-8 5.908809176502904E-8 0.049977041358691625
-0.43547631470191006 -0.6351536187841573 0.08509247440255902 0 -5.9338373907708883E-8 5.276539257520987E-8 0.04997704703788056
-0.4991515386320159 -0.6334110077816721 0.08834372866104905 0 -6.203489343229038E-8 5.781276332550824E-8 0.04997705737756369
0.19075484218748148 -0.47253116432229375 0.06620021711897693 0 -3.762742640710621E-8 -2.0822688994129768E-8 0.04997705301214931
0.04901016908663563 -0.43723836174505165 0.062459634223422635 0 -4.374944178948408E-8 -8.154270590936748E-10 0.04997704662902243
0.06673635655852123 -0.4767204709635778 0.06461779605353515 0 -4.994738905370799E-8 -6.595028533637033E-9 0.0499770531798276
0.08201071126761385 -0.3939388987243752 0.06066806698898625 0 -3.7076692731667175E-8 -1.980403259232057E-9 0.04997704334225459
0.15779399244920161 -0.40600143052169285 0.06224217224863409 0 -3.459067509925369E-8 -1.003774709286145E-8 0.049977049472965066
-0.23228029263418432 -0.4023212684393739 0.06371797650698163 0 -3.685812657831695E-8 2.9200824648584015E-8 0.049977037390042604
-0.272587327693687 -0.4721351010648927 0.06832563375196132 0 -4.7001266333443986E-8 3.041867199640096E-8 0.04997703192109749
-0.08918266806588586 -0.39015326021997454 0.06056960464965617 0 -3.34130736884631E-8 1.7854729156536737E-8 0.04997703994713512
-0.15459594130071433 -0.39192658728762203 0.061550218588660825 0 -3.660060662787657E-8 2.5651178827275778E-8 0.0499770403800821
-0.18675532053812563 -0.43493251784630643 0.06418357757579085 0 -4.498160037796443E-8 2.6216036798935382E-8 0.0499770448482303
-0.21375905453868752 -0.4723463627877797 0.06671710658979704 0 -5.02791654044975E-8 2.5099119531935454E-8 0.0499770401906412
-0.030837599095424044 -0.4757419881377715 0.06436680609968097 0 -4.2030549880914086E-8 4.801285485769432E-9 0.04997704471990958
-0.05772042989369192 -0.4373202270026056 0.06251628812885628 0 -3.633167825795507E-8 1.1911263919781223E-8 0.049977046202124946
-0.34485879204612635 -0.7195732958375974 0.08756922173357189 0 -7.764670101153828E-8 4.4160754981984806E-8 0.04997705196089203
-0.3147326423667731 -0.6679534491621227 0.08237892997106575 0 -6.848711598823107E-8 4.433128508118359E-8 0.049977045621600054
-0.23145619169988374 -0.5426436945370012 0.07120349698950756 0 -5.6176388874745216E-8 2.6933766234398157E-8 0.049977032777833545
-0.28415939775573246 -0.6153602706014173 0.07751426427315904 0 -6.14396064777008E-8 3.922617103226908E-8 0.049977035206921726
-0.32938286511096027 -0.7771045511687235 0.09186418681824757 0 -8.546704182810623E-8 3.7399641922953436E-8 0.04997705698260044
-0.29287844997281653 -0.7560683801841978 0.08874412837590734 0 -8.026406707439528E-8 3.5951990051077265E-8 0.04997706393167729
-0.3707535969478622 -0.8474426517245004 0.09999999999999994 0 -9.373421050322221E-8 4.045873224586827E-8 0.049977046361862114
0.3299132550602819 -0.6955796266909601 0.08507057911176502 0 -6.737485145837415E-8 -3.089761523416723E-8 0.049977062748178834
0.29721686832567656 -0.7486484838731736 0.08825580478820183 0 -7.330965821398701E-8 -3.089512649331585E-8 0.0499770742789263
0.36329863298780996 -0.7692008953950569 0.09250410835033807 0 -7.319115802932842E-8 -4.155292708329456E-8 0.04997706457920984
0.37078540548822353 -0.84742873429503 0.09999999999999996 0 -8.255802363028208E-8 -4.47247864630283E-8 0.04997706030462571
0.28831363121595577 -0.628175946475062 0.07855241106831119 0 -6.221590862318645E-8 -2.5625138561987862E-8 0.04997704820584997
0.2593907519340379 -0.5686281064407216 0.07361593901057979 0 -5.371916829723302E-8 -2.699129971464919E-8 0.049977040222415996
0.1909808398518187 -0.5616900805542804 0.07142639087555927 0 -5.1838021397063794E-8 -2.2889360421681158E-8 0.049977043448187215
0.17735047116299676 -0.5251479744589087 0.06889288845838194 0 -4.566102036358707E-8 -2.330644841715492E-8 0.04997704986909046
-0.006975621790116347 -0.518397225687904 0.06671599267023105 0 -4.913829142370401E-8 -5.434674385231157E-10 0.04997704112545985
-0.05196883438319561 -0.5240326103663052 0.06719869985797552 0 -4.7333201395863064E-8 3.5039618533763214E-9 0.049977043204859364
0.051893656645759574 -0.5409828050063739 0.06822031633188269 0 -5.4694733840286474E-8 -8.596735877612636E-9 0.04997704252910311
-0.8393412000270999 -0.10211595922316324 0.09200820531311653 0 -8.855963230452606E-9 1.0292789596809166E-7 0.049977037365340295
-0.8023821229894582 -0.12465004703532731 0.08885408731398863 0 -7.905202672235564E-9 9.761706579834326E-8 0.04997704526094749
-0.919283847116488 -0.10263764414409532 0.09999999999999995 0 -1.0590354885291537E-8 1.1136993547585318E-7 0.04997702552454927
-0.4286041911968902 -0.211604106404576 0.06443452009247352 0 -1.5027090827453954E-8 4.918181478173946E-8 0.04997703352512523
-0.6752473549062171 -0.06099766201966174 0.07752927755735106 0 5.050360483003093E-9 8.304729838143486E-8 0.049977019973092146
-0.4690213191754545 -0.16282051739106812 0.06545407679976868 0 -1.0419803222114376E-8 5.12652606706594E-8 0.04997704469486676
-0.5199939829281818 -0.12464895604080488 0.06768673130026925 0 -1.2958583802884784E-8 6.296972259849989E-8 0.049977038545306426
-0.5844196053235723 -0.07491703801282976 0.07115392026499068 0 -3.5381090311373695E-9 7.220230149197906E-8 0.04997701976429725
-0.40158939943089916 -0.5697012631254147 0.07901179842938963 0 -5.219871149788698E-8 5.151448178935802E-8 0.04997703534868263
-0.3629672679735455 -0.5093150093458657 0.0736457128337714 0 -4.8543991888049566E-8 4.328639738997407E-8 0.04997702767261861
-0.36195665189066545 -0.3775113144203722 0.06698450376718919 0 -3.7600393910647096E-8 3.865640646603454E-8 0.049977048799882975
-0.36626813150114046 -0.41664081435894 0.06892167223823108 0 -4.112217187146103E-8 3.824841593465713E-8 0.049977038007131165
-0.3903068178565833 -0.4466269881485596 0.07141764844659583 0 -4.39348737843325E-8 4.355491812376409E-8 0.04997703083995738
-0.38262787487786487 -0.34149739132768064 0.06638993492953274 0 -3.660450130167242E-8 4.64265410079662E-8 0.04997704784111437
-0.4062559769371703 -0.26147495596378895 0.06471383725610919 0 -2.3527394260197777E-8 5.049740291308056E-8 0.04997703365138011
-0.379843340675863 -0.2969419115223147 0.06465963905911938 0 -2.8871899533445157E-8 5.021742547201413E-8 0.049977042361739506
-0.735100345459195 -0.11930462056175606 0.08291132970822639 0 1.2266559311105248E-9 9.000434907662939E-8 0.0499770369725578
-0.5519968333853201 -0.6639303440969675 0.09374464706266032 0 -7.178003878238456E-8 6.11678421633234E-8 0.049977050848977154
-0.6178002971320175 -0.6884386430529175 0.09999999999999999 0 -7.671404067658389E-8 7.025929259769732E-8 0.04997704061977923
-0.4800125571007386 -0.5637645778356987 0.08255043176744221 0 -5.183240485077311E-8 6.355522261551957E-8 0.049977047131620746
-0.5399346500949583 -0.6040123388311484 0.08868415026698905 0 -6.404232219210251E-8 6.611539096112326E-8 0.04997705601315423
0.1043605879990727 -0.5010308479370807 0.0663275801738497 0 -5.041677378833889E-8 -1.5271068297316224E-8 0.049977059463675644
0.14556246178613041 -0.5017461145955597 0.0669511130546236 0 -4.4322927746083315E-8 -1.994479779459334E-8 0.04997706027675092
0.1399468089855873 -0.4672126633962517 0.06496624972127404 0 -4.0754052571155764E-8 -1.3199145421219803E-8 0.04997706509323206
0.10408488366078729 -0.44405468685268906 0.06327666735135784 0 -4.4022145027052325E-8 -5.055089857934721E-9 0.049977059612468816
-0.1061373350373039 -0.43371612134398735 0.06278756375601147 0 -3.76514669626241E-8 2.0125499199080215E-8 0.049977053310278186
-0.15386562481962193 -0.515523498759926 0.0678853449092873 0 -5.3472121686188127E-8 1.3671346241067623E-8 0.049977050004349405
-0.1533021139497205 -0.45854960024362473 0.06473399748772987 0 -4.7640043784099497E-8 2.1742348518546942E-8 0.049977056491942146
-0.09527352708204248 -0.48999184724793526 0.06560563290386158 0 -4.233394908444765E-8 9.55260628967638E-9 0.04997705652368724
-0.09590125636856876 -0.5619999312235504 0.06990127823248256 0 -5.341281164722306E-8 7.372047827745848E-9 0.04997704027322792
-0.15663037176370528 -0.5733099421965812 0.07149707499548641 0 -5.753448643305292E-8 1.6035606417517435E-8 0.04997703798149486
-0.2643961373711981 -0.69702971973395 0.0829765309474388 0 -6.948053580151817E-8 3.9727407015281576E-8 0.049977054349757244
-0.19926692702634366 -0.6350324834465847 0.07658242747619838 0 -6.247265363763688E-8 2.779549155851991E-8 0.04997703733360664
-0.2937621218403118 -0.8161557505482272 0.0941366022415018 0 -8.67989641177728E-8 3.002064053218237E-8 0.04997705732443698
-0.2445064351501806 -0.7666415232960113 0.08818261063739219 0 -7.544266496165367E-8 2.906755162204122E-8 0.049977063035609226
-0.28738877712844163 -0.8792227618026947 0.09999999999999998 0 -9.242084317098428E-8 2.8720053364179075E-8 0.049977049662554764
0.24692814396934878 -0.6974874410583481 0.08250617855893734 0 -7.29990313978767E-8 -1.940785473879234E-8 0.04997706264316242
0.2521627428797361 -0.7694593063835823 0.08864404636431372 0 -8.12013640974992E-8 -2.8447644404059674E-8 0.049977073170204604
0.297447604941039 -0.8106467532563326 0.09375141746476387 0 -8.104079913867375E-8 -3.756697033696101E-8 0.04997706909236549
0.28742318143973467 -0.8792115158194408 0.09999999999999996 0 -9.105639714945642E-8 -3.732070590522453E-8 0.0499770605020013
0.18957159845420457 -0.6243064952889011 0.07560329744867302 0 -6.24124131113629E-8 -1.8021350407568682E-8 0.04997704321936136
0.12475562378528372 -0.5650913910725972 0.07045918166236258 0 -5.5120590246439E-8 -1.761166138812355E-8 0.049977044860085654
0.16970055881419605 -0.6915759378642314 0.08021607449160519 0 -7.25217527827052E-8 -1.3584887907798187E-8 0.04997704999879867
-0.02127679909875186 -0.5862434400348021 0.07098260267248739 0 -5.699509063625144E-8 2.0024665440540464E-9 0.049977035044966305
0.047679088889249585 -0.6125339534466792 0.07287094188782159 0 -6.13040935257847E-8 -4.380007053070476E-9 0.049977036352332666
-0.8531067718150073 -0.15803750226362162 0.09415708085227006 0 -1.6426259933786503E-8 9.976340253649616E-8 0.04997703731230173
-0.7842181949983064 -0.17459658052838975 0.08806681761589173 0 -1.1206596903821066E-8 8.956492848638485E-8 0.04997704381142188
-0.9051158299750597 -0.19076243784282004 0.09999999999999996 0 -2.0159823867593904E-8 1.0436477987449254E-7 0.049977028264093074
-0.47800098007166625 -0.2183882854981824 0.06713458210584479 0 -1.8945152358899755E-8 5.279107256959069E-8 0.04997703076640463
-0.4503344724862791 -0.2539143429242661 0.06663047103760426 0 -2.3217091468830276E-8 5.254748441723264E-8 0.04997702910877608
-0.647719142022224 -0.1435812801370505 0.07642272847163623 0 -5.578326384743537E-9 7.798514709489964E-8 0.04997702159984217
-0.5329845388239062 -0.1985594752136453 0.0698139205090511 0 -1.8456574319138775E-8 5.998702946528056E-8 0.049977026882213914
-0.5744027965338088 -0.14938461510286838 0.07144252826293569 0 -1.2981746302732841E-8 6.805739427850695E-8 0.049977024125731566
-0.44626651447182913 -0.4769553831048422 0.07565680574632234 0 -4.515096590517406E-8 5.531615090332723E-8 0.04997702905855762
-0.5140310251048448 -0.4921578818310024 0.08018045280724437 0 -4.637076585347469E-8 6.613845257156947E-8 0.049977034055575666
-0.4256087219342948 -0.3924588186076942 0.07047472570296819 0 -4.119946827040488E-8 4.8852192239419145E-8 0.049977032064320935
-0.44295395304453694 -0.3153758255937713 0.06823813858748431 0 -3.311468731339837E-8 5.3429840122526186E-8 0.04997702982941073
-0.722493271850469 -0.18466121884148878 0.08299584497449673 0 -7.469727189143507E-9 8.432008333169802E-8 0.049977034027865005
-0.6008930547011089 -0.6092572756078648 0.09299302035398636 0 -6.804290962294399E-8 7.102297842797532E-8 0.04997704445854912
-0.684830613311738 -0.6217902179859557 0.09999999999999995 0 -6.927520916365993E-8 7.904284550715357E-8 0.049977031874271965
-0.5678213237459835 -0.5376676061363831 0.08613904983735729 0 -5.504050179716858E-8 7.156339655760807E-8 0.04997704222896551
-0.10379006268918359 -0.6311723493295895 0.07466578004946203 0 -6.22044685633664E-8 1.4015064851163658E-8 0.049977035353464865
-0.2012336657215405 -0.7196538123444206 0.08312630758513646 0 -6.880907128041833E-8 2.9159011891499484E-8 0.04997705163597311
-0.14538614431124028 -0.6947291331504665 0.08002955113164488 0 -6.843239709082951E-8 2.2224525456346997E-8 0.049977042456440884
-0.2244810935107963 -0.8295744817427091 0.09335179876408069 0 -8.402251933918131E-8 2.234743603250125E-8 0.04997705394692924
-0.1948530319449167 -0.7756068237085788 0.08772926134592988 0 -7.589094152512426E-8 2.346747254824059E-8 0.04997705486481911
-0.1961900777341867 -0.9039499420937565 0.09999999999999996 0 -9.420822350492144E-8 1.8631731673094653E-8 0.0499770453625134
0.18083964416846282 -0.7595104378227607 0.08602850609777067 0 -8.126683275377594E-8 -1.7959047378639388E-8 0.04997705950327417
0.22639239794839497 -0.823169454837357 0.09279966487488275 0 -8.731276614061834E-8 -2.9331631188168792E-8 0.04997706348090794
0.1962292603758944 -0.9039414372048344 0.1 0 -9.503068703718631E-8 -2.644784351931927E-8 0.049977052739171426
0.115198487208555 -0.6531897985847656 0.07640980333620502 0 -6.605257117752107E-8 -9.504550545023805E-9 0.049977041037520396
0.13075868837865867 -0.7179080095003469 0.08165710231721485 0 -7.380227770411185E-8 -9.47476218098199E-9 0.04997704997869984
0.11581756539084577 -0.7588114009433137 0.08487399945221091 0 -7.665761104991412E-8 -8.998176538483574E-9 0.04997705457248842
0.049373389215154787 -0.6762514634930521 0.07753347573866784 0 -6.761714400831925E-8 5.786826044993797E-10 0.04997704200455698
-0.018713178495829663 -0.6598847879456909 0.07617577755495697 0 -6.623768795801035E-8 7.581625599163698E-9 0.049977038271247526
-0.6738902730202501 -0.2204985208373878 0.07997070091519397 0 -1.3266941919196548E-8 8.042985300046713E-8 0.04997702555584306
-0.8340398056073672 -0.21902107573341584 0.09363611174877712 0 -2.1409163846545274E-8 9.442451305918478E-8 0.04997703366246864
-0.7682837005378527 -0.21778108265977308 0.08762455506029669 0 -1.584908125372552E-8 8.73889636685566E-8 0.04997703626379587
-0.8809151182252344 -0.2821428693025129 0.09999999999999996 0 -2.9777868749418685E-8 1.0086995763939671E-7 0.049977023533657516
-0.5165019276401033 -0.27345997871285094 0.07083650833060155 0 -2.4903332169954515E-8 6.028496207250841E-8 0.0499770213095949
-0.598583551544961 -0.22602979228178174 0.07467942546060534 0 -1.7299516716613607E-8 7.104954391323355E-8 0.049977020163407646
-0.5551101229584549 -0.47007014883430126 0.08146563252731462 0 -4.326961796094659E-8 6.916820247899247E-8 0.04997703315404208
-0.5105636494997625 -0.4275668331221898 0.07661161867134536 0 -3.9617699463858943E-8 6.313139435271897E-8 0.04997702612854134
-0.504302912589223 -0.3476237550984314 0.07274022680505549 0 -3.287369003368943E-8 6.083559885435291E-8 0.049977022085336914
-0.7177089386751472 -0.2549295522420565 0.0843570467432338 0 -1.8845701643276815E-8 8.560566940042836E-8 0.04997703081950802
-0.6531660790226061 -0.2763311132584134 0.0799841441751332 0 -2.0060325969735854E-8 8.072102816111497E-8 0.04997702663923372
-0.8437556437212325 -0.37907955935377746 0.0999999999999999 0 -4.251193759165026E-8 1.0004269557116199E-7 0.049977026733724526
-0.8010515387579304 -0.4625279007956028 0.09999999999999996 0 -5.120034965377785E-8 9.177927784091424E-8 0.04997703327273396
-0.7501479603301011 -0.5412050791178039 0.09999999999999992 0 -5.7859982950547544E-8 8.345034612536811E-8 0.049977030757491145
-0.5998767009898777 -0.4788913706345559 0.08487289614566725 0 -4.4487950309834393E-8 7.204296385822869E-8 0.049977036944613445
-0.6562422498346266 -0.5241856689594518 0.09146905933596002 0 -5.39049961331746E-8 7.522283239428743E-8 0.04997703720267436
-0.08839747535315964 -0.7039498716595032 0.08000538942626953 0 -7.192197581183005E-8 1.664051873603029E-8 0.0499770434352284
-0.13806578705455586 -0.7497079460326577 0.08441541385599154 0 -7.573171914175401E-8 2.0076384082415535E-8 0.049977048964793755
-0.14308797449955213 -0.8318118172195702 0.0918642159103333 0 -8.707493947509891E-8 1.5305748012195174E-8 0.04997705092016019
-0.09361073890939048 -0.9202510142029422 0.09999999999999995 0 -9.986486298800152E-8 7.195240320003959E-9 0.04997704870938038
0.09365704332523053 -0.9202463037324216 0.1 0 -9.318164087820574E-8 -1.4348956589090084E-8 0.04997705218366798
2.0711142119751377E-5 -0.9249949331376578 0.09999999999999996 0 -9.704695113470916E-8 -4.3839217970450235E-9 0.04997705518070227
0.12762107521700664 -0.8265826692803618 0.09113421310198927 0 -8.379437506201652E-8 -1.5210870876335425E-8 0.04997705664863163
0.08068135396090603 -0.7141673032968792 0.08075294753127603 0 -7.124525435259259E-8 -2.4106909903133932E-9 0.0499770485902027
0.06358506183867194 -0.7827017733005066 0.08643167294964102 0 -7.61458994534075E-8 -2.8944528795368993E-9 0.049977061278153115
0.02032803985547743 -0.7231235035279147 0.08113718206932351 0 -7.2489402888478E-8 6.72934934833555E-9 0.04997705248511047
-0.03309170223836219 -0.7328034628470876 0.08197501691133365 0 -7.650610309237875E-8 1.2728410058932777E-8 0.04997705328518218
-0.7926496756412598 -0.2913333375023676 0.0919087000057277 0 -2.884187889956055E-8 9.309800819684971E-8 0.04997703085832832
-0.5810426636905172 -0.3157640075984303 0.07626188231201679 0 -2.498785327933355E-8 7.14343081689996E-8 0.04997702282319549
-0.5773213056470615 -0.42632356756478973 0.08066830857907491 0 -3.6126030201969644E-8 7.060957039067708E-8 0.04997703179381965
-0.5604495700519321 -0.38109429561078195 0.0775098294695611 0 -3.1743183557265355E-8 6.891847645226788E-8 0.04997702607727121
-0.6449966839705538 -0.44452809810358646 0.08625924084344862 0 -3.875145519069641E-8 7.453287546728263E-8 0.0499770429016695
-0.6508158876168189 -0.3390076459058359 0.08199721983987755 0 -2.5856425074557825E-8 8.258965604125868E-8 0.0499770361259661
-0.7091826270730177 -0.3233083988571452 0.08590988858162861 0 -2.8791823256042615E-8 8.902115252376835E-8 0.04997703764607758
-0.7619010673352372 -0.3837317836320327 0.09273617861998763 0 -4.229909516315667E-8 9.12754680834054E-8 0.049977040093699354
-0.7143597851634016 -0.46065181317541964 0.09243904770387959 0 -4.7605532976425786E-8 7.958678692303487E-8 0.049977043273665554
-0.07537530152887754 -0.7754914719888757 0.0858872030654022 0 -8.349207965062698E-8 1.3257804570322167E-8 0.04997705604089369
-0.048377865911234746 -0.8513117859798408 0.09269807273978156 0 -9.210102085116454E-8 2.852713961744524E-9 0.04997706043079438
0.043935839967012356 -0.8511210240129371 0.09265635168129686 0 -8.491611997552374E-8 -7.920386985084294E-9 0.04997706274856519
-0.004822548609299441 -0.7855262944057825 0.08645491759740057 0 -8.139919258682716E-8 5.904287364749909E-9 0.04997706845216422
-0.615323196863825 -0.38077552285640776 0.08115372829448383 0 -2.8850503314115487E-8 7.619615742040605E-8 0.049977035430064515
-0.6821995337018092 -0.3893517946424338 0.0864501634511279 0 -3.408696368371418E-8 8.340687911044715E-8 0.049977049951294567
