% Model:
% Version:
% Dimension:          3
% Nodes:              691
% Expressions:        4
% Description:        Surface
% X                       Y                        Z                        Color                    DeformX                  DeformY                  DeformZ
0.7501545366059812 -0.5411959634402135 0.09999999999999992 0 -3.6448739495418735E-8 -6.121570512597292E-8 -2.7616155552086912E-5
0.8010709981238165 -0.4624941975024229 0.09999999999999998 0 -2.823002976770948E-8 -6.249752629927182E-8 -2.7611805009412307E-5
0.09365704332523052 -0.9202463037324213 0.1 0 -6.548111019540018E-8 -1.3047663456075006E-8 -2.761643077220167E-5
0.1962292603758942 -0.9039414372048337 0.09999999999999995 0 -6.804468634589742E-8 -2.1009847768427805E-8 -2.7617377809941728E-5
0.2874231814397345 -0.8792115158194402 0.09999999999999994 0 -6.515764964357732E-8 -2.822408976022332E-8 -2.761088210410088E-5
0.6177594039507672 -0.6884753389104772 0.09999999999999995 0 -4.521757718800458E-8 -4.935549979755623E-8 -2.7610770173836956E-5
0.6847899965302143 -0.621834949891059 0.09999999999999994 0 -4.015189191764297E-8 -5.321876838264803E-8 -2.7617254375277254E-5
0.6644823007055147 -0.538951594396605 0.09297818153954257 0 -3.700815643777246E-8 -5.24064998970464E-8 -2.7613619709092376E-5
2.0711142119768948E-5 -0.9249949331376585 0.09999999999999999 0 -6.914512654401512E-8 -6.881538390863554E-9 -2.7612089534976475E-5
0.04393583996701241 -0.8511210240129379 0.09265635168129693 0 -6.011844306428366E-8 -8.659651865845115E-9 -2.7605448866198087E-5
0.7176713367395712 -0.4652126067437795 0.09294805270739674 0 -3.141442010373932E-8 -5.865262194574756E-8 -2.7605657737304435E-5
0.8437752388147 -0.3790359438971111 0.09999999999999999 0 -2.103133245225258E-8 -6.236140707878021E-8 -2.761699498903776E-5
0.7635253857731481 -0.3782532475337201 0.0926398396720293 0 -2.1602484957576728E-8 -5.540001294577108E-8 -2.760683714588452E-5
0.5547456546446984 -0.6639301342123076 0.09391738389868395 0 -4.510113938022438E-8 -4.611351408052541E-8 -2.760279851575204E-5
0.5485314847714319 -0.7448023146284535 0.09999999999999996 0 -5.360123703589537E-8 -4.7377297197908964E-8 -2.761220607397328E-5
0.12762107521700677 -0.8265826692803626 0.09113421310198931 0 -6.004200852803259E-8 -1.2560430212763692E-8 -2.7612834074640286E-5
0.22639239794839497 -0.823169454837357 0.09279966487488275 0 -6.374346759092427E-8 -2.269754557899878E-8 -2.7607331274369805E-5
0.3707854054882235 -0.84742873429503 0.09999999999999998 0 -5.804854900805193E-8 -3.229463674563756E-8 -2.7612107431891168E-5
0.297447604941039 -0.8106467532563327 0.09375141746476388 0 -5.803987374813987E-8 -2.8080537767337185E-8 -2.7602616032341032E-5
0.6050561438570463 -0.6036830020468074 0.09289418017943475 0 -3.851237584690445E-8 -4.557669400285766E-8 -2.7608214572087387E-5
0.5365057739834548 -0.6074638984061794 0.08871198704411523 0 -4.223754346446884E-8 -3.889344345025199E-8 -2.7597379796597712E-5
0.640351776746304 -0.4627856253417016 0.08686037768572825 0 -3.693328222488554E-8 -5.012143503089324E-8 -2.7609604662208107E-5
0.6027366073062329 -0.5213223560235656 0.08747588350371878 0 -3.7440490809771154E-8 -4.3931183695483586E-8 -2.761287645049591E-5
0.11581756539084577 -0.7588114009433137 0.08487399945221091 0 -5.575263806296653E-8 -6.8356242579296695E-9 -2.7615046187302036E-5
-0.09361073890939044 -0.9202510142029422 0.09999999999999994 0 -7.21494139211231E-8 8.843012779613781E-10 -2.761730196477071E-5
-0.19619007773418676 -0.9039499420937565 0.09999999999999996 0 -6.710920441647348E-8 8.119032266069101E-9 -2.7619308488014594E-5
-0.2873887771284415 -0.8792227618026944 0.09999999999999995 0 -6.625484296822274E-8 1.4451522534066619E-8 -2.7613763702846667E-5
0.06358506183867196 -0.7827017733005069 0.08643167294964106 0 -5.422311779001332E-8 -2.840894436505929E-9 -2.7607503941244056E-5
-0.04837786591123471 -0.8513117859798404 0.09269807273978152 0 -6.729768929368727E-8 -1.6390988761522437E-9 -2.760648454438317E-5
-0.004822548609299431 -0.7855262944057821 0.08645491759740055 0 -5.935638875135817E-8 3.1826350874857175E-9 -2.7599352071201282E-5
0.8809325145611795 -0.2820885484172241 0.09999999999999999 0 -1.5435370604674442E-8 -6.86392755481797E-8 -2.7618864041425233E-5
0.677795607943666 -0.39290477214771735 0.0862680402418979 0 -3.191538026849731E-8 -4.8488733227713634E-8 -2.7599215664925115E-5
0.6103906305879976 -0.40135765312469535 0.08172372928462611 0 -3.586567163502533E-8 -4.377301792990943E-8 -2.7615379325196863E-5
0.8014927716328404 -0.2914410587712435 0.09271262928645595 0 -1.7555705754366293E-8 -6.067725948892168E-8 -2.7614848048302003E-5
0.7173493567573874 -0.31695962258024274 0.08634023460744475 0 -2.2843731408798535E-8 -4.912533790514577E-8 -2.761139743010513E-5
0.8230806401765318 -0.20733638606092913 0.09232209730203018 0 -1.1365275270088535E-8 -6.566100854370833E-8 -2.7607806538022768E-5
0.5055257679581893 -0.637124600070996 0.08897493457515948 0 -4.838644515573098E-8 -4.0396096035230996E-8 -2.7597593658598853E-5
0.4897167015298755 -0.6990669986722716 0.09278011319940965 0 -5.2211306274270455E-8 -4.2287132323586844E-8 -2.760767818276388E-5
0.46249999999999986 -0.8010734985006049 0.09999999999999984 0 -5.663010350781744E-8 -3.930365286447978E-8 -2.761708185224408E-5
0.18083964416846285 -0.7595104378227608 0.08602850609777069 0 -6.035666907094062E-8 -1.317355994949866E-8 -2.76109738968218E-5
0.2521627428797361 -0.7694593063835823 0.08864404636431371 0 -5.990935619748605E-8 -2.0789452444446727E-8 -2.7598151131956856E-5
0.36329863298781023 -0.7692008953950572 0.09250410835033814 0 -5.1978400696879634E-8 -2.9435578272719192E-8 -2.7607922889657008E-5
0.29721686832567656 -0.7486484838731736 0.08825580478820183 0 -5.292282133715755E-8 -2.1433184275736273E-8 -2.759761393047346E-5
0.566498136584519 -0.34007595181336675 0.07621962270586992 0 -2.7754377804838914E-8 -4.032308305875738E-8 -2.7629669678317777E-5
0.5490740032503059 -0.5442731464552364 0.08535659345024513 0 -3.9016903569071466E-8 -3.5890121966120024E-8 -2.7609060573232874E-5
0.4877536710430043 -0.5826751104622181 0.08420495651136725 0 -4.71410460130836E-8 -3.153097431166723E-8 -2.7603228364223304E-5
0.5629289159938321 -0.47314451663551055 0.08212579004392509 0 -3.704378214800015E-8 -3.934498151508527E-8 -2.7619218562825432E-5
0.5395049675561714 -0.4037977139333864 0.07721405836956645 0 -3.2061586969877355E-8 -3.8439227793855E-8 -2.7628154145152033E-5
0.08068135396090602 -0.714167303296879 0.080752947531276 0 -5.220546239326848E-8 -1.6743696360071412E-9 -2.7620764550058903E-5
0.1307586883786586 -0.7179080095003467 0.08165710231721483 0 -5.462142108609019E-8 -6.716354484585022E-9 -2.7620027444709648E-5
-0.3707535969478622 -0.8474426517245004 0.09999999999999994 0 -6.877674662229267E-8 2.274717679027766E-8 -2.7615818431092424E-5
-0.14308797449955207 -0.83181181721957 0.0918642159103333 0 -6.304657306615728E-8 6.948508449067402E-9 -2.761478210072458E-5
-0.22448109351079631 -0.8295744817427092 0.09335179876408067 0 -6.001341994295504E-8 1.0654973016861013E-8 -2.761059551174894E-5
-0.2937621218403122 -0.816155750548228 0.09413660224150187 0 -6.326369547482111E-8 1.547676216683014E-8 -2.7606199844676516E-5
0.02032803985547743 -0.7231235035279147 0.08113718206932351 0 -5.3061020880435256E-8 5.023563252693794E-9 -2.761599320727984E-5
0.049373389215154835 -0.676251463493053 0.07753347573866787 0 -5.0157314780058745E-8 4.075116742488335E-11 -2.7627119131157364E-5
-0.07537530152887752 -0.7754914719888756 0.0858872030654022 0 -6.1856005105272E-8 7.658822685512978E-9 -2.76108480705996E-5
-0.03309170223836219 -0.7328034628470876 0.08197501691133365 0 -5.666332149231423E-8 8.851300957855056E-9 -2.7614400703010517E-5
0.9051251563026282 -0.1907181838739738 0.09999999999999992 0 -7.710906447680325E-9 -6.971330956074386E-8 -2.7613286499426998E-5
0.6346730356926771 -0.3174870091624341 0.08001946855914073 0 -2.761069485609817E-8 -4.284710731244914E-8 -2.762091372229483E-5
0.7578046117703346 -0.24801668508133742 0.08751626752734717 0 -1.843083316294874E-8 -5.811382622326885E-8 -2.7613332174357303E-5
0.6897625743522149 -0.264441860913035 0.0824063475266023 0 -2.2040417528854273E-8 -4.927210957002516E-8 -2.761964854439761E-5
0.7597010793028803 -0.19500257071099417 0.08634694259141452 0 -1.6948020465299342E-8 -5.9998254842711E-8 -2.7607529750174247E-5
0.7883546035916825 -0.1648885681025431 0.08824892692988197 0 -1.1997515673161502E-8 -6.126408207465766E-8 -2.7600141158116327E-5
0.8374232558848942 -0.12934172138602965 0.09218338983550128 0 -3.4855109136885704E-9 -6.083132228821486E-8 -2.7603026462274605E-5
0.7880045515761319 -0.1291017367769672 0.0876205822064691 0 -9.84599435145428E-9 -5.6517795478698E-8 -2.759905135999626E-5
0.45389464101054455 -0.6418290507487612 0.08650541722977734 0 -5.2250509609523627E-8 -3.505835179410091E-8 -2.7606299011195818E-5
0.4122622788181451 -0.7140592129571535 0.09001680581831237 0 -5.193510861354626E-8 -3.2482294730151956E-8 -2.7611909489204326E-5
0.1697005588141962 -0.6915759378642319 0.08021607449160523 0 -5.446222065026299E-8 -9.262837292511388E-9 -2.762062120111328E-5
0.24692814396934865 -0.6974874410583478 0.08250617855893733 0 -5.473065082224705E-8 -1.1980313010970821E-8 -2.7608864895019194E-5
0.3299132550602819 -0.6955796266909601 0.08507057911176502 0 -4.923907584602593E-8 -2.0136976072611766E-8 -2.760960819109223E-5
0.5796784116794852 -0.2776116098201063 0.07488927562467991 0 -2.1423694779538218E-8 -4.246782056204445E-8 -2.763215474223871E-5
0.5306797663003683 -0.29923675531161764 0.07251363051783592 0 -2.1024383943383683E-8 -3.983146849683496E-8 -2.763405959519851E-5
0.5018045759598764 -0.34636458619402455 0.07254833341115845 0 -2.3676662797328143E-8 -3.722003636296167E-8 -2.763304639877367E-5
0.43691576165411183 -0.5863880363863174 0.08178506492225697 0 -4.9274910703072254E-8 -2.9260470727738507E-8 -2.761387997876235E-5
0.5025098789806555 -0.5159632075862093 0.08087711077114174 0 -4.006016941349081E-8 -3.1943331959057554E-8 -2.7617090984659057E-5
0.4531934148271225 -0.5420428192507506 0.07976926362259741 0 -4.4297700265885814E-8 -2.9028972669526975E-8 -2.761819144089721E-5
0.5051728219418842 -0.4543425560441293 0.07763963571270259 0 -3.4641788573656146E-8 -3.496932346397757E-8 -2.7626636334301284E-5
0.4743994852003083 -0.40954268251415876 0.073738234339428 0 -2.8390677853794152E-8 -3.531148363155678E-8 -2.763051550424344E-5
0.115198487208555 -0.6531897985847656 0.07640980333620502 0 -4.9581284422123115E-8 -7.386910986914879E-9 -2.7629071658778133E-5
-0.4625000000000001 -0.8010734985006056 0.09999999999999992 0 -6.331013422986256E-8 2.924839625138335E-8 -2.762179113060548E-5
-0.3837134371029664 -0.7748603000238192 0.09386619334345218 0 -6.31486436799334E-8 2.5363941660187083E-8 -2.7614389050939597E-5
-0.3293828651109605 -0.7771045511687245 0.09186418681824765 0 -6.35079220912322E-8 2.1379263270220742E-8 -2.7606071019618737E-5
-0.4839056580716607 -0.700569999447879 0.09257832058039935 0 -5.246995257977806E-8 3.011349569523594E-8 -2.7613003124345724E-5
0.04767908888924959 -0.6125339534466794 0.07287094188782159 0 -4.650558624620963E-8 -5.00117600251747E-9 -2.763308408118787E-5
-0.19485303194491674 -0.7756068237085788 0.08772926134592987 0 -5.416535740046367E-8 1.2977606913926233E-8 -2.761032508688197E-5
-0.1380657870545559 -0.7497079460326577 0.08441541385599156 0 -5.513339429464045E-8 1.1908615397177101E-8 -2.7617162830587413E-5
-0.24450643515018045 -0.7666415232960108 0.08818261063739213 0 -5.403584765341979E-8 1.6536569405928075E-8 -2.7601434814345976E-5
-0.29287844997281653 -0.7560683801841976 0.08874412837590734 0 -5.9232729830570135E-8 2.142855680452865E-8 -2.7599796222000517E-5
-0.018713178495829663 -0.6598847879456907 0.07617577755495693 0 -4.943813974988806E-8 4.274395712243315E-9 -2.7629999993258124E-5
-0.08839747535315964 -0.7039498716595032 0.08000538942626953 0 -5.325807536938282E-8 1.0497990799129539E-8 -2.762361977611261E-5
0.8548200389796248 -0.0652462727687064 0.09314675085287963 0 4.3565899547450254E-10 -5.9799586120878E-8 -2.761214826923882E-5
0.9192877606928158 -0.10260258091221079 0.10000000000000002 0 -6.440661107858572E-10 -6.562169198704271E-8 -2.7615255484181017E-5
0.6384778628041976 -0.2349189996283244 0.07770845629712514 0 -1.9572470913648736E-8 -4.661842572017159E-8 -2.762811927820724E-5
0.7040732060431756 -0.2032143579310842 0.08191372549943252 0 -1.943242885112895E-8 -5.328407961555701E-8 -2.761831098424737E-5
0.5898871014295897 -0.20776639827421509 0.07364495662277284 0 -1.3975785003578924E-8 -4.5010025387861206E-8 -2.763156068420758E-5
0.7325342916850157 -0.13408386908087772 0.08291013088256632 0 -1.644744863810175E-8 -5.3047362633538215E-8 -2.760958232481374E-5
0.8252770499196602 1.9257059754862352E-16 0.09008727174442388 0 2.6011862847056805E-9 -6.058030787189132E-8 -2.761547035243825E-5
0.7859407931602105 -0.07401767626946823 0.08680140328934058 0 -6.012630643933937E-9 -5.284264720365821E-8 -2.7608358809234688E-5
-0.499151538632016 -0.6334110077816723 0.08834372866104906 0 -4.577335782861486E-8 3.47596252359424E-8 -2.7602670373276036E-5
-0.539934650094959 -0.6040123388311489 0.08868415026698911 0 -4.892483881823862E-8 4.137213443457529E-8 -2.7603151837780965E-5
-0.55199683338532 -0.6639303440969675 0.09374464706266032 0 -5.4148979796937097E-8 3.593820998670974E-8 -2.7608066420223556E-5
-0.5485674035956859 -0.7447758606713794 0.09999999999999995 0 -5.791431462491481E-8 3.40153870556192E-8 -2.761763253268463E-5
0.36763254236248405 -0.6367582418875392 0.08211785344170683 0 -4.8975325938201725E-8 -2.4279777985758837E-8 -2.7619011931080707E-5
0.18957159845420457 -0.6243064952889011 0.07560329744867302 0 -4.718369597153645E-8 -1.291254755441571E-8 -2.762791644231957E-5
0.28831363121595577 -0.628175946475062 0.0785524110683112 0 -4.687998601776742E-8 -1.654746729037214E-8 -2.7623936521257533E-5
0.526450453306162 -0.23768251001620336 0.07038843476625324 0 -1.4448189019503705E-8 -4.232722382818891E-8 -2.7631461626094257E-5
0.47890979704271586 -0.2863984098188226 0.06912760288748078 0 -1.7342110168651648E-8 -3.7030431456064975E-8 -2.7631816684773384E-5
0.4494990254251993 -0.3483577682477059 0.06980849106780328 0 -2.0014820629217055E-8 -3.431950756123132E-8 -2.762806990064097E-5
0.38634553368626057 -0.5411366135074791 0.07653244947706521 0 -4.2866244139383784E-8 -2.7198323297441486E-8 -2.76281608447763E-5
0.43810869406594616 -0.47330739854493387 0.07505155127124848 0 -3.5320854737959623E-8 -3.1980624040279507E-8 -2.7628494650596607E-5
0.4170420346765119 -0.4108303752912244 0.07090170067103962 0 -2.6256735756768944E-8 -3.4453843532860637E-8 -2.762612195638754E-5
0.1909808398518187 -0.5616900805542806 0.07142639087555928 0 -3.922909924027734E-8 -1.773348713484107E-8 -2.762795983402052E-5
0.12475562378528363 -0.5650913910725969 0.07045918166236254 0 -4.233617084033799E-8 -1.512569732051448E-8 -2.762579126976573E-5
0.05189365664575958 -0.5409828050063739 0.06822031633188272 0 -4.2878081746517034E-8 -9.061242957578855E-9 -2.76273421482179E-5
-0.41249148408265685 -0.71445620812065 0.0900597252140442 0 -5.500027844731135E-8 2.8635680330301543E-8 -2.7616059971705903E-5
-0.34485879204612635 -0.7195732958375974 0.08756922173357189 0 -5.805862034425373E-8 2.7488165890033462E-8 -2.7610971828137087E-5
-0.4354763147019103 -0.6351536187841577 0.08509247440255904 0 -4.311790915050223E-8 3.234013752745564E-8 -2.761432482531777E-5
-0.02127679909875187 -0.5862434400348023 0.07098260267248742 0 -4.3256606311923153E-8 -1.4253991478751089E-9 -2.763358473932852E-5
-0.20123366572154053 -0.7196538123444207 0.08312630758513646 0 -4.940583138740921E-8 1.8392801165871207E-8 -2.7613680307873245E-5
-0.1453861443112404 -0.6947291331504667 0.08002955113164492 0 -5.0114194302614806E-8 1.3745238477087143E-8 -2.76238104812382E-5
-0.26439613737119816 -0.6970297197339501 0.08297653094743883 0 -5.094262185945037E-8 2.635817324817246E-8 -2.7610037589544953E-5
-0.314732642366773 -0.6679534491621226 0.08237892997106575 0 -5.108785504790981E-8 2.8885588010932544E-8 -2.761797977415237E-5
-0.10379006268918363 -0.6311723493295898 0.07466578004946206 0 -4.6552768847513505E-8 7.226884386135948E-9 -2.7631835781418452E-5
0.7822439697509947 0.07342341173252223 0.08646750245519458 0 4.591079365630597E-9 -6.212851742471567E-8 -2.7609943139403953E-5
0.9249999999999998 2.358937726024754E-16 0.09999999999999994 0 6.203626490527517E-9 -6.788459245321051E-8 -2.762098665295418E-5
0.851370675269602 0.07427003550197267 0.09288407134507307 0 1.0947259390985269E-8 -6.561273465223995E-8 -2.7611823225023266E-5
0.8038717607621603 0.12213857484508564 0.0889547066003148 0 1.1265158420965875E-8 -6.098332883012814E-8 -2.7601602238237617E-5
0.5408130551366507 -0.18150058753720788 0.06992281214701015 0 -7.931608044512232E-9 -4.3676218961373094E-8 -2.7625901564779826E-5
0.7247257834183621 0.0852066297502373 0.08165698245211614 0 1.0084815318729383E-9 -5.647664468933968E-8 -2.7617826156116154E-5
0.6510493529215736 -0.15514133280147802 0.07686356365481603 0 -1.412376847658026E-8 -4.791933712472114E-8 -2.762761808026519E-5
0.5770279320473081 -0.15184347618041535 0.07165568912865208 0 -6.722952562249667E-9 -4.36059611055416E-8 -2.762882044078097E-5
0.6918887433807659 -0.06772116765551027 0.07886795692620667 0 -9.07276316777148E-9 -4.858381913375789E-8 -2.7625348584208042E-5
0.7364981201835382 1.7871933341171726E-16 0.08222076644985389 0 -3.099320655071888E-9 -5.4081105176063934E-8 -2.7621977806534887E-5
-0.48001255710073826 -0.5637645778356982 0.08255043176744216 0 -3.84954924189866E-8 4.127514255734904E-8 -2.761334567689702E-5
-0.5678213237459834 -0.537667606136383 0.08613904983735729 0 -4.262481879120952E-8 4.5658570651988385E-8 -2.7616262496886476E-5
-0.600893054701109 -0.6092572756078649 0.09299302035398636 0 -5.2589725775367076E-8 4.376488432098405E-8 -2.7613344517884864E-5
-0.6178002971320171 -0.688438643052917 0.09999999999999995 0 -5.7933054884186265E-8 4.2318245374089346E-8 -2.7616878900181035E-5
0.31808183532075807 -0.5509338997403093 0.07441383187593008 0 -4.117758392266693E-8 -2.3213079968507216E-8 -2.7632556027338788E-5
0.2593907519340379 -0.5686281064407216 0.07361593901057979 0 -4.0857858847495773E-8 -1.9082949282480366E-8 -2.763183190057679E-5
0.4250914842628162 -0.2904030737883922 0.06650384046370365 0 -1.6199621958974166E-8 -3.0915142711787926E-8 -2.762506637912395E-5
0.4860024477406568 -0.1810614961514008 0.06672716200822644 0 -9.98497987401004E-9 -4.2123028564878816E-8 -2.7617498680287565E-5
0.4546475825643904 -0.2329362873436874 0.0662732760967022 0 -1.4917398019039463E-8 -3.72191672303491E-8 -2.7626505450513217E-5
0.39693548996928896 -0.3460112170117685 0.06719703593166886 0 -1.821161735366798E-8 -3.0475968129225144E-8 -2.7615611043208794E-5
0.3565677611611388 -0.4614203059811383 0.07075125137743832 0 -3.361874849029401E-8 -3.087559510129518E-8 -2.7629410346228872E-5
0.36327728761747163 -0.38800374757803646 0.06749345504717459 0 -2.5531111696356815E-8 -3.36018925666848E-8 -2.761412773456082E-5
0.3750627258693446 -0.2936858939923492 0.0643465481455432 0 -1.845349064648567E-8 -2.3593671831153188E-8 -2.761725213971579E-5
0.14556246178613044 -0.5017461145955597 0.06695111305462358 0 -3.418911071130223E-8 -1.662914380092156E-8 -2.7610911468030773E-5
0.1773504711629968 -0.5251479744589087 0.06889288845838194 0 -3.4569682549527655E-8 -1.8704921658240757E-8 -2.762155046351232E-5
0.2111878992556696 -0.5199281931560845 0.06932845783235407 0 -3.3882496003678364E-8 -1.9419151772758298E-8 -2.762655222706792E-5
0.10436058799907272 -0.5010308479370807 0.0663275801738497 0 -4.029011620886394E-8 -1.3619809370991047E-8 -2.7611263595375447E-5
0.06673635655852131 -0.4767204709635782 0.06461779605353521 0 -4.080749451203593E-8 -6.470954216404383E-9 -2.7617219637425577E-5
-0.006975621790116399 -0.5183972256879046 0.06671599267023115 0 -3.8224166591538434E-8 -3.4030218181520743E-9 -2.7628072921703978E-5
0.021803385387518696 -0.4822544950869184 0.06469299319690378 0 -3.798828229867843E-8 -3.4635239703792418E-9 -2.762508836688133E-5
-0.05196883438319561 -0.5240326103663052 0.06719869985797552 0 -3.615503453721406E-8 -1.1882338607601148E-9 -2.762531220342518E-5
-0.3679909311443217 -0.6373789894665455 0.08217765681431859 0 -4.634500927033253E-8 3.027915228608491E-8 -2.7622510114184408E-5
-0.40158939943089916 -0.5697012631254147 0.07901179842938963 0 -3.874563502510965E-8 3.2471188306872335E-8 -2.762678048572143E-5
-0.09590125636856872 -0.5619999312235502 0.06990127823248253 0 -4.063159838424886E-8 8.921387239182276E-10 -2.7627380430133272E-5
-0.19926692702634366 -0.6350324834465847 0.07658242747619838 0 -4.658025994437618E-8 1.709133276640762E-8 -2.7628347877000115E-5
-0.2841593977557326 -0.6153602706014176 0.07751426427315905 0 -4.626236541263134E-8 2.502793040263961E-8 -2.7629088745836745E-5
-0.15663037176370528 -0.5733099421965812 0.07149707499548641 0 -4.423656451078062E-8 7.06993943567871E-9 -2.7628655471441488E-5
0.6892086201904363 0.11760753932384704 0.079182235454291 0 3.5006310634532726E-9 -5.185020364074868E-8 -2.7623621351531797E-5
0.7461230180043805 0.1326560288062978 0.08402816782270867 0 4.169415548599799E-9 -5.5662043739470115E-8 -2.7607912944836162E-5
0.6908574756839181 0.1584953945063365 0.07995126254637963 0 6.376796043714247E-9 -5.023431193439781E-8 -2.762255997331146E-5
0.9192877608705788 0.10260257931928718 0.09999999999999994 0 1.4596547795188894E-8 -6.937427233329141E-8 -2.7616689979485406E-5
0.8510855832446352 0.14814580550682163 0.09378949781498243 0 1.7734242155717034E-8 -6.133172751386527E-8 -2.760723828314778E-5
0.7902639371481001 0.17887268414595758 0.08869278761371624 0 1.3885181522805704E-8 -5.340373223782309E-8 -2.760476043703947E-5
0.5270134709035552 -0.12362075461980128 0.0680883893303861 0 -1.370172468508022E-9 -3.857082081987394E-8 -2.761807695621327E-5
0.660910431014522 0.06111123862815046 0.0764443497197492 0 2.312226117615186E-9 -4.9946997752901236E-8 -2.763163612323472E-5
0.5965173615012839 -0.07939251741876008 0.07200225824383245 0 -2.873616537275991E-9 -4.2385745212130456E-8 -2.7632549667703632E-5
0.6371682462297272 1.7636191275501287E-16 0.07448630903843244 0 -1.7246115432378527E-10 -4.672684655378049E-8 -2.763521512282948E-5
-0.5998767009898777 -0.47889137063455584 0.08487289614566726 0 -3.445304790618725E-8 4.4812221021584205E-8 -2.762072477467556E-5
-0.4462665144718288 -0.4769553831048419 0.07565680574632232 0 -3.5460676953854474E-8 3.441495047476878E-8 -2.763218217214822E-5
-0.514031025104845 -0.49215788183100256 0.08018045280724438 0 -3.5938477361933384E-8 4.244589349043992E-8 -2.7625644793396753E-5
-0.5551101229584549 -0.4700701488343014 0.08146563252731463 0 -3.367994032492264E-8 4.378141333348978E-8 -2.762556944887251E-5
-0.6562422498346266 -0.5241856689594518 0.09146905933596002 0 -4.188488561943418E-8 4.567260479084044E-8 -2.7619198698146306E-5
-0.6848306133117381 -0.6217902179859557 0.09999999999999995 0 -5.313113876832064E-8 4.8328852563353296E-8 -2.762402609231019E-5
0.27241004361507065 -0.4718280360333558 0.06830375115676078 0 -3.3000260648529924E-8 -2.3795784418766188E-8 -2.763021265334532E-5
0.4535801009187721 -0.11979187747949692 0.06395953291420167 0 -1.1949560259625918E-8 -3.1923524633645776E-8 -2.76077000803166E-5
0.39072217276086296 -0.23584567652234287 0.06329187670784985 0 -1.712969899785899E-8 -2.7960084528617735E-8 -2.7626222181724065E-5
0.41238404925178007 -0.18021837395374024 0.06296662723972753 0 -1.6547118681808176E-8 -3.29912246280122E-8 -2.7622935158140233E-5
0.33633282409977633 -0.33989669688880314 0.06444423660906805 0 -2.6910314719133227E-8 -2.424859646785078E-8 -2.760539308218805E-5
0.30008338071089913 -0.40108479031261085 0.06570468861303413 0 -3.198699556628011E-8 -2.757382046666852E-8 -2.7620218337100908E-5
0.32685099627426545 -0.2905697969488598 0.06232853198902638 0 -2.4032381227969503E-8 -1.854754920961839E-8 -2.7618286224814943E-5
0.34557599933864525 -0.25420475687873284 0.06192004258218349 0 -1.9699680813576454E-8 -2.128456096920752E-8 -2.762537603922906E-5
0.13994680898558723 -0.4672126633962515 0.06496624972127402 0 -3.205357505055969E-8 -1.0117239082891632E-8 -2.760619815144472E-5
0.19075484218748176 -0.4725311643222945 0.06620021711897697 0 -2.8736301989178427E-8 -1.5689446177268695E-8 -2.761876153385352E-5
0.04901016908663563 -0.43723836174505165 0.062459634223422635 0 -3.623316488369778E-8 -1.4204324619810436E-9 -2.762375136152956E-5
0.10408488366078726 -0.44405468685268895 0.0632766673513578 0 -3.62594823328019E-8 -3.4285110212593703E-9 -2.7611396649654355E-5
-0.03083759909542402 -0.4757419881377713 0.06436680609968096 0 -3.286633460703712E-8 9.604823207588528E-10 -2.7624365371945686E-5
-0.0058033119248053185 -0.4414101175550563 0.06253303354413749 0 -3.261544164189777E-8 1.5450604930756425E-9 -2.762741575434779E-5
-0.39030681785658333 -0.4466269881485597 0.07141764844659583 0 -3.5580939072442734E-8 2.495519140438186E-8 -2.763166578321079E-5
-0.09527352708204243 -0.48999184724793493 0.06560563290386152 0 -3.2530275622458E-8 3.0842583633014226E-9 -2.761150272501989E-5
-0.31827009850817745 -0.5512599811461146 0.07444098367382036 0 -4.1406912263638905E-8 2.3945959399791817E-8 -2.7635790231485028E-5
-0.36296726797354567 -0.5093150093458659 0.07364571283377143 0 -3.764326429917264E-8 2.5824032859221348E-8 -2.7635339598683053E-5
-0.1538656248196219 -0.515523498759926 0.0678853449092873 0 -4.256355067893393E-8 4.808564582976981E-9 -2.7616937481496358E-5
-0.23145619169988374 -0.5426436945370011 0.07120349698950754 0 -4.406865211822853E-8 1.4890682718227888E-8 -2.7632701636175486E-5
0.02839276411724586 -0.3973392921812578 0.06048540173023527 0 -3.098197784670606E-8 5.074845316967825E-10 -2.7631618752157062E-5
0.6359863797306674 0.13411282944887548 0.07542020319546493 0 9.05002124005264E-9 -4.6828593327881704E-8 -2.763165076797183E-5
0.7226994437477957 0.1997352924878217 0.08334138075756291 0 1.043445402478089E-8 -5.045685400458206E-8 -2.761755967297343E-5
0.6524176664552398 0.20477109599706128 0.07797707686621592 0 1.2431966113049653E-8 -4.738024876308202E-8 -2.7630074180614293E-5
0.9051251569294585 0.19071818089926676 0.09999999999999994 0 2.0491012822360236E-8 -6.304455611521523E-8 -2.7616022750474845E-5
0.8318102133114379 0.22322523392999097 0.09353078509252784 0 2.0996869877769477E-8 -5.5951495694346965E-8 -2.7613903470838573E-5
0.7561533810021175 0.2511688924028691 0.08746370240455802 0 1.865561542941659E-8 -5.3160769449996204E-8 -2.76174375500554E-5
0.5078212312272354 -0.05773868566153316 0.06628756501631425 0 6.013670088255731E-11 -3.3230895587893307E-8 -2.7623528182199437E-5
0.580043566339009 0.07440259297015442 0.07086095755136954 0 9.775149526432584E-9 -4.413324805143195E-8 -2.7632822154413162E-5
0.5449077695259106 1.435041058529122E-16 0.06830916124377966 0 4.366714739507159E-9 -3.988212324909329E-8 -2.76324861134513E-5
-0.6449966839705535 -0.4445280981035864 0.08625924084344859 0 -3.0062723757080944E-8 4.544275295768633E-8 -2.7613625451563115E-5
-0.5773213056470615 -0.42632356756478973 0.08066830857907491 0 -2.830952569558171E-8 4.430605112436441E-8 -2.7626349056601067E-5
-0.42560872193429483 -0.3924588186076942 0.07047472570296821 0 -3.502712332544271E-8 2.8789602291282697E-8 -2.7629671753484916E-5
-0.5105636494997626 -0.4275668331221898 0.07661161867134533 0 -3.1863009053300916E-8 3.957590220896991E-8 -2.7633617236428247E-5
-0.6821995337018094 -0.3893517946424338 0.08645016345112792 0 -2.7629082144782688E-8 5.279189194869995E-8 -2.7605567851036467E-5
-0.7143597851634019 -0.46065181317541976 0.09243904770387963 0 -3.812729090138321E-8 4.7643701199821386E-8 -2.761161491094025E-5
-0.7501479603301018 -0.5412050791178046 0.09999999999999998 0 -4.4943032743803326E-8 5.004250731744228E-8 -2.7623452051067846E-5
0.23193963455587194 -0.401731231339728 0.06368217918749611 0 -2.978258164752778E-8 -1.719381925603961E-8 -2.762663449258819E-5
0.4253355502182103 -0.060426816635170834 0.06194940187312641 0 -7.932121242990054E-9 -2.7317123847666798E-8 -2.76257172280418E-5
0.3783639298171796 -0.12391451309547895 0.06047575124681011 0 -1.403057855363112E-8 -2.690316703462709E-8 -2.7629395124171808E-5
0.3404696044317066 -0.192505611563268 0.06016257670047243 0 -1.6133642655155804E-8 -2.4042612340516418E-8 -2.7633337147241197E-5
0.2704412885460664 -0.32134890739138106 0.06148782850104334 0 -2.9351212963263246E-8 -1.752317635767973E-8 -2.7624621849164022E-5
0.28780126788651955 -0.24610682281377952 0.05962067759661022 0 -2.059197239899137E-8 -1.8564043536449865E-8 -2.76329482001508E-5
0.15779399244920164 -0.4060014305216929 0.062242172248634084 0 -2.8441690826932853E-8 -6.251915069650493E-9 -2.76222631786749E-5
0.08201071126761389 -0.3939388987243753 0.060668066988986274 0 -3.1374483789616374E-8 -1.2616063700543887E-9 -2.7627649206855637E-5
0.04349199689707277 -0.3606955682361924 0.05897556113419837 0 -2.750836051695891E-8 -1.5345758675210978E-9 -2.7635614252582933E-5
-0.05772042989369192 -0.4373202270026056 0.06251628812885628 0 -2.8734519639417603E-8 6.96383525321013E-9 -2.7622678851261877E-5
-0.03317807935019408 -0.4000499580003112 0.06062434517611841 0 -2.8479101107759477E-8 5.283053892265022E-9 -2.7631212190011893E-5
-0.3619566518906658 -0.37751131442037245 0.06698450376718922 0 -3.213277807842513E-8 2.1210700057017415E-8 -2.76144062952556E-5
-0.36626813150114024 -0.4166408143589399 0.06892167223823106 0 -3.403765579967368E-8 2.0633258632097536E-8 -2.7625061646257906E-5
-0.3449125590697449 -0.44322460700183025 0.06935603931497553 0 -3.4488338904716314E-8 1.959970028718946E-8 -2.7629932895379896E-5
-0.1061373350373039 -0.43371612134398735 0.06278756375601147 0 -3.016083666281242E-8 1.3197423034404387E-8 -2.7614815127979207E-5
-0.1533021139497205 -0.45854960024362473 0.06473399748772989 0 -3.90799119067876E-8 1.2890520961628672E-8 -2.7610715809270224E-5
-0.27258732769368704 -0.47213510106489254 0.06832563375196132 0 -3.775176969295672E-8 1.6671784354558846E-8 -2.7633007178773375E-5
-0.2137590545386873 -0.47234636278777903 0.06671710658979699 0 -4.108843031009362E-8 1.3770848832422344E-8 -2.7625867284277934E-5
-0.18675532053812582 -0.4349325178463068 0.06418357757579088 0 -3.7359311291310096E-8 1.5986592469594095E-8 -2.762185228798675E-5
-0.3826278748778653 -0.34149739132768103 0.06638993492953281 0 -3.258993746178224E-8 2.8121403351207534E-8 -2.7614913293080225E-5
-0.0010639892128916778 -0.35571530812846325 0.05866683852382106 0 -2.671870739426978E-8 7.79958382234592E-10 -2.763672063315455E-5
0.5665181445886517 0.15558354761445173 0.07104008880031383 0 1.6859120658195615E-8 -3.9668512124569734E-8 -2.7629888931039715E-5
0.5953591891669738 0.1936606882201294 0.07369160395615945 0 1.5952333595765265E-8 -4.197754432441014E-8 -2.7633970881926315E-5
0.5192463818471629 0.12824117265253684 0.06769417632898124 0 1.727848474150301E-8 -3.7411890263326776E-8 -2.761760630747673E-5
0.5285393108936259 0.16518893231571916 0.06885934434787161 0 1.8712221901307037E-8 -3.4649379229961074E-8 -2.7623811554709495E-5
0.6744856330743806 0.25899543825752414 0.08106282636378111 0 1.6460684761059592E-8 -5.076510684102074E-8 -2.762593270759186E-5
0.5964895386590124 0.24538252217967127 0.07505456752399722 0 1.7799717687419852E-8 -4.313239160306556E-8 -2.7635402980149313E-5
0.8809325160784339 0.2820885436790224 0.09999999999999994 0 2.6455781664178487E-8 -6.059182739266503E-8 -2.762315454420844E-5
0.7133503615870089 0.32015636681811027 0.08613118221459619 0 2.4339401657153058E-8 -5.604512175403771E-8 -2.7615744658480893E-5
0.7978472984237357 0.3041762806928354 0.09281227257926788 0 2.706472003798316E-8 -5.739190182538545E-8 -2.761931988078721E-5
0.4636209692030302 1.4593888372567647E-16 0.06366862151549985 0 3.2828560907869125E-10 -3.389718619169283E-8 -2.7628401331723842E-5
0.4938126220450951 0.06489296717588176 0.06554297030555511 0 8.442010122057304E-9 -4.1040968347819164E-8 -2.7621203027054816E-5
-0.6153231968638251 -0.38077552285640803 0.08115372829448388 0 -2.2856542494272448E-8 4.832839724020832E-8 -2.7621720516761853E-5
-0.560449570051932 -0.3810942956107818 0.0775098294695611 0 -2.582769391099836E-8 4.330597486262136E-8 -2.7632422348894992E-5
-0.4429539530445369 -0.3153758255937713 0.06823813858748431 0 -3.0090353295614714E-8 3.2635539226393726E-8 -2.7631480142663198E-5
-0.5043029125892239 -0.34762375509843185 0.07274022680505556 0 -2.843062052969304E-8 3.7526494634174726E-8 -2.7637752921632332E-5
-0.6508158876168189 -0.3390076459058359 0.08199721983987755 0 -2.1537270558876017E-8 5.325986641593872E-8 -2.7620082526992354E-5
-0.7091826270730176 -0.32330839885714513 0.08590988858162861 0 -2.5031212355946808E-8 5.728984775259902E-8 -2.7617105728667063E-5
-0.7619010673352372 -0.3837317836320327 0.09273617861998763 0 -3.594178234347883E-8 5.738611339247908E-8 -2.7613508200818347E-5
-0.8010515387579304 -0.4625279007956028 0.09999999999999996 0 -4.1471379964104236E-8 5.6284083616861114E-8 -2.7619559695594732E-5
0.19236089157799777 -0.33317883760233996 0.059881599761303 0 -2.609322827646359E-8 -1.1975222526195896E-8 -2.763581209551264E-5
0.38492668203237634 1.0023152680894796E-16 0.05989052034096669 0 -2.520843374746057E-9 -2.8072084955838973E-8 -2.7637247906870786E-5
0.2997814449763267 -0.1302546190444194 0.057552736756421544 0 -8.107125309625275E-9 -2.2294783536233863E-8 -2.7637460852128387E-5
0.3411851195480258 -0.06215460789797836 0.058312559079427444 0 -5.6606133798407765E-9 -2.3568881268139922E-8 -2.7639254619861685E-5
0.25568805190108224 -0.19009790761699052 0.05725179690059135 0 -1.2600935053009902E-8 -2.048451856093547E-8 -2.7636998960274765E-5
0.21970172124605264 -0.25470361780543144 0.057909449658114676 0 -2.0011487921582692E-8 -1.6599933765562187E-8 -2.7639066064488184E-5
0.23090062297727731 -0.13379820267190193 0.05553869913937325 0 -3.860640987171227E-9 -2.0456295571770397E-8 -2.7627376285694015E-5
0.10559774308437374 -0.32641465451667345 0.0581670361159444 0 -2.3655184448891342E-8 -6.471227694254432E-9 -2.7638345185856534E-5
0.031363797849434556 -0.30517057546423765 0.0568332914109285 0 -2.1924015286059004E-8 -5.471180388300983E-9 -2.7635865771870115E-5
-0.08918266806588585 -0.39015326021997465 0.06056960464965617 0 -2.7732010390625635E-8 1.160709561047571E-8 -2.7628655312251048E-5
-0.049756265008924744 -0.359262534671633 0.05895024498757894 0 -2.6502655394093697E-8 5.5324318320456245E-9 -2.7636011207640265E-5
-0.33370914900421456 -0.3553876317528072 0.06495432896100803 0 -2.523128643701521E-8 2.2500682968913767E-8 -2.7609420282069366E-5
-0.31386332305040454 -0.4019336098806021 0.0662221637922308 0 -2.873445320256481E-8 1.6947594028376745E-8 -2.762161120350668E-5
-0.15459594130071444 -0.3919265872876224 0.06155021858866086 0 -3.078156883796209E-8 1.6726977079769388E-8 -2.7627077060394068E-5
-0.2322802926341843 -0.4023212684393738 0.06371797650698165 0 -3.052814920304519E-8 1.7094828406451774E-8 -2.7628543049962963E-5
-0.33230969380311987 -0.31257443393730217 0.06328313435425743 0 -2.1709026524252694E-8 2.9550991456098253E-8 -2.7614347250886486E-5
-0.37984334067586323 -0.29694191152231486 0.06465963905911942 0 -2.669073995283309E-8 3.2011759651799855E-8 -2.7620463750970757E-5
-0.03281109095750644 -0.303248501545522 0.05677241598853609 0 -2.3934843555861317E-8 -8.638489465108057E-10 -2.763596569827913E-5
0.002774404310843052 -0.26370741404826953 0.055444406431408536 0 -1.9511327890824696E-8 -7.289757798803603E-9 -2.7626490420410055E-5
-0.4503344724862791 -0.2539143429242661 0.06663047103760426 0 -2.2709282420873806E-8 3.1425400638987805E-8 -2.763195325280667E-5
-0.40625597693717014 -0.2614749559637888 0.06471383725610917 0 -2.2767656128123774E-8 3.119118315471005E-8 -2.7628512149448505E-5
0.4615326701397575 0.12346215125476942 0.06442192515091573 0 7.722336835373966E-9 -3.4360050206434874E-8 -2.7608262574026274E-5
0.5387084587482873 0.20560708274998704 0.07032262751622614 0 1.954219728958408E-8 -3.522669427493201E-8 -2.763174335362825E-5
0.4879508039440348 0.17532903328848173 0.06671893154849401 0 1.6759648534761595E-8 -2.9292689165961097E-8 -2.7618931138852687E-5
0.532509259731304 0.25445661626164345 0.07121936353097057 0 2.131727047709768E-8 -3.6165657970192604E-8 -2.7636772562079015E-5
0.6341588941531792 0.31283518999890103 0.07981624453248937 0 1.928432016490907E-8 -4.9947730397870485E-8 -2.7626429305766114E-5
0.5661686439840169 0.30314954318445153 0.07485251919573685 0 2.1384279726668084E-8 -4.181483822773443E-8 -2.7636708495928044E-5
0.8437752416466553 0.3790359375932063 0.09999999999999998 0 3.519925106126914E-8 -6.140298276271299E-8 -2.762272163709239E-5
0.6719229666176102 0.38840511082381185 0.08561888827579653 0 2.5202305816476258E-8 -5.103955760524917E-8 -2.760650442288257E-5
0.7564175363077813 0.38622567562379634 0.09237249347625182 0 3.514067406576631E-8 -5.570638599613876E-8 -2.7611210529978993E-5
0.41461516466779025 0.07768102097507298 0.06157475739077051 0 1.0554010987783531E-9 -3.384305134518066E-8 -2.7626074541113644E-5
0.41609697408913526 0.13788398400008967 0.062378681269293045 0 4.3116874132744E-9 -2.9613489209943623E-8 -2.7620693751650002E-5
0.3331467524821928 0.06332732629493788 0.0580143200893398 0 4.373945005628353E-9 -2.5423407442504434E-8 -2.764081650558315E-5
-0.47800098007166614 -0.21838828549818234 0.06713458210584479 0 -1.985912033709681E-8 3.051258629662878E-8 -2.762952891340404E-5
-0.581042663690517 -0.3157640075984302 0.07626188231201678 0 -2.1741645611246404E-8 4.4963249944387023E-8 -2.7635076704707167E-5
-0.516501927640104 -0.27345997871285144 0.07083650833060166 0 -2.3499529682568524E-8 3.645061002151822E-8 -2.7638129593127823E-5
-0.6531660790226061 -0.2763311132584134 0.0799841441751332 0 -1.8331980219596496E-8 5.127238344322112E-8 -2.762939008009251E-5
-0.7177089386751481 -0.25492955224205677 0.08435704674323387 0 -1.7897399150981088E-8 5.3490073864807257E-8 -2.762356859299635E-5
-0.7682837005378522 -0.21778108265977297 0.08762455506029665 0 -1.634335171334063E-8 5.3161786366046216E-8 -2.761677851656036E-5
-0.7926496756412593 -0.29133333750236745 0.09190870000572768 0 -2.6255745765364534E-8 5.7915022610202886E-8 -2.7621816406514504E-5
-0.8437556437212325 -0.37907955935377746 0.0999999999999999 0 -3.6177437400730325E-8 6.278700503957166E-8 -2.7624925580362573E-5
0.14972579901011426 -0.2593326910893636 0.056582144341893334 0 -1.7911014204768847E-8 -1.3418995172374154E-8 -2.764026021025706E-5
0.30024351839566077 1.0287337474471442E-16 0.0566089984335615 0 2.7714496203309293E-9 -2.1830158106996495E-8 -2.7641678549679907E-5
0.25485064501553867 -0.06881848120103613 0.0554520694654174 0 1.0412941282417737E-9 -1.7692534273922966E-8 -2.763232190043718E-5
0.2018137422816696 -0.09141964150518621 0.054287541904913736 0 -6.594824587811418E-10 -1.424494438349262E-8 -2.761508351478789E-5
0.1764824224893901 -0.17786432905826247 0.05506179018247805 0 -1.1045084168158504E-8 -1.9116038894809513E-8 -2.762900645425684E-5
0.17846806103523252 -0.12182655323316927 0.054152220507936534 0 -6.645993092561949E-9 -1.7653483875719066E-8 -2.761279780719255E-5
0.06445906182530688 -0.2524774236880236 0.055351148337145016 0 -1.5072170984765433E-8 -9.686980952309535E-9 -2.763070801301071E-5
0.01713256069613923 -0.2191946756676691 0.054245341320781695 0 -1.3624473676078965E-8 -6.060018829060768E-9 -2.761372572020701E-5
-0.015811501710617768 -0.22080470166743846 0.054282927994611936 0 -1.9291814607643472E-8 -3.9160635519714705E-9 -2.7614071235122083E-5
-0.11115524588477288 -0.32319159740630654 0.058116751891295344 0 -2.5124409389143842E-8 9.514122606990614E-9 -2.763986226578414E-5
-0.2724211583800276 -0.34021230275634257 0.06225471036920954 0 -2.0311883680612294E-8 2.1397030976752218E-8 -2.762477679632603E-5
-0.19295762658678686 -0.33421241295621795 0.059933626134453855 0 -2.397913261670693E-8 1.6720728873801495E-8 -2.763730710806118E-5
-0.299671918215507 -0.26919022055739933 0.06068803798570996 0 -1.731678814841124E-8 2.6393227158243032E-8 -2.7630092057673284E-5
-0.35401952964801076 -0.2618191533072333 0.0624765930436588 0 -1.9913699881563078E-8 3.065269979424571E-8 -2.7626737102839228E-5
-0.059917909088264505 -0.2537684697083779 0.05535616729591674 0 -2.3183841967288597E-8 -6.066759400136544E-10 -2.7630862271597333E-5
-0.4286041911968905 -0.21160410640457614 0.06443452009247358 0 -1.6284460563259046E-8 2.8931220117757895E-8 -2.7628002820325456E-5
-0.3837371950984817 -0.21760730691022395 0.06251779019199943 0 -1.5774726747226098E-8 2.899354152071608E-8 -2.7630852821864863E-5
0.44078820931890417 0.17778853409565737 0.06428879605061415 0 1.1348178599838297E-8 -2.7197807591738214E-8 -2.7620524818387682E-5
0.4759951064045458 0.23047538821939026 0.0673334019397155 0 2.0087148935466215E-8 -3.0062908052974254E-8 -2.7630633087304956E-5
0.5023235944487765 0.29151864533540206 0.07059623054924213 0 2.4556244291238465E-8 -3.492755018207865E-8 -2.7637873007528606E-5
0.5853609901656723 0.37038384021673393 0.07867156144500055 0 2.2758788263291107E-8 -4.4673123451976055E-8 -2.7629390725782037E-5
0.5293785213896149 0.3388907230126146 0.07386902220939724 0 2.528428743211917E-8 -3.875624523625296E-8 -2.7638093549690427E-5
0.8010710017272104 0.46249419126110125 0.09999999999999991 0 4.05716312941916E-8 -5.490738871331003E-8 -2.7618948795858773E-5
0.626960623589047 0.4522983371432033 0.08535306995964971 0 2.984648962403234E-8 -4.37701006128462E-8 -2.7617783598474136E-5
0.7061350528834721 0.4673278645716987 0.09212747065803699 0 3.703112567077771E-8 -4.5521247413650674E-8 -2.761264698903835E-5
0.3592371994727271 0.12552401442410036 0.05970040660633737 0 5.866335885416E-9 -2.6767951792573122E-8 -2.7635075363311754E-5
0.39449037889125516 0.17177804019933995 0.06198157459134765 0 8.836805838511623E-9 -2.7236397267360686E-8 -2.762804934822054E-5
0.2907007887888551 0.1297941048796961 0.057242741237689944 0 1.189678129151147E-8 -2.0539208004909386E-8 -2.7639127020332675E-5
0.2538184516803514 0.06940494742292715 0.05542696753822805 0 1.1408385042728459E-8 -1.9209991994842068E-8 -2.7633052956832493E-5
0.20062573683728857 0.09527047772396227 0.054301155270572714 0 1.3092896923551485E-8 -1.4286003495371229E-8 -2.7615989567587025E-5
-0.4690213191754545 -0.16282051739106812 0.06545407679976868 0 -1.3625056140456804E-8 2.9320308893346928E-8 -2.7615663642594E-5
-0.5329845388239064 -0.1985594752136454 0.06981392050905111 0 -2.011036996145549E-8 3.54347629142094E-8 -2.763195954236557E-5
-0.5985835515449605 -0.2260297922817816 0.07467942546060531 0 -1.7729666330453397E-8 4.3816995232861463E-8 -2.7637099376127898E-5
-0.6738902730202506 -0.22049852083738797 0.07997070091519404 0 -1.3810230123039721E-8 5.009550322503518E-8 -2.762980825107462E-5
-0.7224932718504692 -0.1846612188414888 0.08299584497449673 0 -9.408612193088888E-9 5.1954570502660095E-8 -2.7620008020538687E-5
-0.784218194998307 -0.17459658052838994 0.0880668176158918 0 -1.3447994398978664E-8 5.464142941422617E-8 -2.7608674795057594E-5
-0.8340398056073667 -0.21902107573341573 0.09363611174877708 0 -2.1726485893638074E-8 5.748170840545847E-8 -2.761780051491946E-5
-0.8809151182252344 -0.2821428693025129 0.09999999999999996 0 -2.738861459952428E-8 6.203366402773596E-8 -2.7627022860479746E-5
0.11138757858716244 -0.19292894544503636 0.054318208030815426 0 -1.1921271600976401E-8 -1.2405279194094507E-8 -2.7628695245107833E-5
0.2238875048948224 7.238912562247948E-17 0.054346295287657886 0 5.103859033424692E-9 -1.619080034838491E-8 -2.7629795360012283E-5
0.19420772375092543 -0.04676552312468657 0.053768452091938715 0 3.662587894599042E-10 -1.0994353379309722E-8 -2.762051457630933E-5
0.16765785073129597 -0.0820458117059934 0.0534822586461166 0 -6.0578192101693616E-9 -9.926890302418769E-9 -2.761133149461246E-5
0.1532214795718842 -0.1047515501973591 0.0534601593182905 0 -9.839785557998844E-9 -1.2324437561604591E-8 -2.7611567776441887E-5
0.13365633223327952 -0.1314943305448411 0.053500013617672364 0 -1.1846971641359586E-8 -1.3287848942459136E-8 -2.7617993945207874E-5
0.1909210649037196 0.04684254353730671 0.053697308093126346 0 6.8279400404484875E-9 -1.6719366185946522E-8 -2.7620766151713045E-5
0.05493858025113072 -0.1872116672800932 0.053664600392910426 0 -9.787957429902638E-9 -5.1465957670375945E-9 -2.761950528950236E-5
0.0015895535343272628 -0.18045943852644164 0.053353802929854664 0 -1.3377815460985494E-8 2.241469131380706E-9 -2.7611232595407633E-5
-0.053441146730527564 -0.18709102439814254 0.05365287398922711 0 -1.8625582161941096E-8 3.0021346906869415E-9 -2.7619724548002576E-5
-0.15050660974349658 -0.260685094950677 0.05663516711153095 0 -2.111169519307306E-8 8.984806516564434E-9 -2.7641753493835304E-5
-0.22974591189928226 -0.256397975299907 0.05821373401797809 0 -1.797670860699095E-8 1.7362367398383796E-8 -2.7640267311536868E-5
-0.2901412929767384 -0.21922908092139923 0.05898973037684318 0 -1.571340550536452E-8 2.3061662065545868E-8 -2.7638172563079513E-5
-0.3302765228915605 -0.22443841547131757 0.06052899064430553 0 -1.560202488079655E-8 2.7260158939922158E-8 -2.763441177208409E-5
-0.11217260429255088 -0.1942886498520168 0.05435789315243198 0 -1.7325628672131655E-8 4.173270580724694E-9 -2.7630032514168364E-5
-0.4043520178042477 -0.16901983470521795 0.062374130552393804 0 -8.945145703169869E-9 2.8283456586887592E-8 -2.7626955189818344E-5
-0.36201088411519367 -0.17400839360604692 0.060635096430618034 0 -1.0422470431013911E-8 2.7224444734412478E-8 -2.763452803705481E-5
-0.42569230627547644 -0.12215318657273527 0.06260425960749791 0 -3.794748213992175E-9 3.2864758741045805E-8 -2.7619509210132706E-5
-0.467604489294916 -0.09647351175034927 0.06440527405535047 0 -7.727839697222908E-9 3.987079305747209E-8 -2.7614716434151737E-5
0.40159415937487924 0.2222711945652258 0.06342742714419668 0 1.6215732846691714E-8 -2.8384252480325774E-8 -2.76295295373016E-5
0.4374027432196876 0.28280425722564984 0.06685837267776952 0 2.5792812959860288E-8 -3.123025841943507E-8 -2.7631363544576174E-5
0.4716692828943538 0.34325991058700284 0.07076541111671204 0 2.993184851732089E-8 -3.333515085035535E-8 -2.763630676135642E-5
0.5572755215547438 0.4510872900080022 0.08061070588876619 0 3.080164631691606E-8 -4.230193640498336E-8 -2.762862307040956E-5
0.5201731653431543 0.38799390136202994 0.0753439569886662 0 2.8386214881580528E-8 -3.855732729507947E-8 -2.7636636783086914E-5
0.7501545426059838 0.541195955123228 0.09999999999999998 0 4.39372308537581E-8 -4.8629011609745506E-8 -2.7624333203297573E-5
0.5828756184496425 0.5332115379316271 0.0868511630159933 0 4.1473383034703274E-8 -4.44822017742156E-8 -2.7619625201539097E-5
0.650470548607775 0.5465931881196748 0.09240305490818579 0 4.394138281176854E-8 -4.4738739130547855E-8 -2.7621607405114302E-5
0.33827356631260735 0.19741612693850677 0.06018657141513714 0 1.2878398415803316E-8 -2.554721166547519E-8 -2.7636234693017283E-5
0.2643297840462276 0.19520810401833616 0.057617277126140565 0 1.532295012275978E-8 -1.7966872713546524E-8 -2.764020274951047E-5
0.23462332403576286 0.13422621113694244 0.055643167928538385 0 1.5926185878622842E-8 -1.353659188356936E-8 -2.7630377806632836E-5
0.1835322570857455 0.12636576122723128 0.05431954168807021 0 1.2556532858703014E-8 -7.833948879995659E-9 -2.7616499973811773E-5
0.15384433041034717 0.09209874155024383 0.0533301823681776 0 4.529957271608687E-9 -1.1672669139118445E-8 -2.761295992447996E-5
-0.5199939829281822 -0.124648956040805 0.06768673130026932 0 -1.7659515289639652E-8 3.889630325233183E-8 -2.7620336496040897E-5
-0.5744027965338087 -0.14938461510286838 0.07144252826293566 0 -1.659606128154147E-8 4.176447132206942E-8 -2.7633472151185236E-5
-0.6477191420222239 -0.14358128013705043 0.07642272847163621 0 -9.32442875188624E-9 4.866606558212223E-8 -2.763411242482982E-5
-0.735100345459195 -0.11930462056175606 0.08291132970822637 0 -3.3734652941639373E-9 5.705375136126683E-8 -2.761644027600577E-5
-0.8023821229894582 -0.12465004703532732 0.08885408731398864 0 -1.2161492387507836E-8 6.188959551834047E-8 -2.760653456352309E-5
-0.8531067718150073 -0.15803750226362165 0.09415708085227005 0 -1.921388667911621E-8 6.19726712862982E-8 -2.7613432174331408E-5
-0.9051158299750595 -0.19076243784282 0.09999999999999995 0 -2.149274243657338E-8 6.44475612567452E-8 -2.7621395772920674E-5
-0.8393412000271001 -0.10211595922316327 0.09200820531311653 0 -1.3963721787021082E-8 6.564434511780502E-8 -2.7613400129664677E-5
-0.5124187514513647 -0.05184789683178334 0.06651654728017117 0 -9.140971759065629E-9 4.233006304193488E-8 -2.7629576990034184E-5
-0.4662367643365183 -0.05429215722432917 0.06397307879016166 0 -4.807702053229066E-9 3.992850629076164E-8 -2.762611541887153E-5
0.07846305682895906 -0.1359020009449211 0.0529048760801971 0 -1.0465816121061519E-8 -5.1695529296335435E-9 -2.7623231041692508E-5
0.1581850159804538 4.03666044625459E-17 0.05292729798071231 0 -4.838853529590384E-10 -1.1339066261564093E-8 -2.7623759282920594E-5
0.1339429855522494 -0.042721659792281826 0.052630185389843626 0 -6.122735862036722E-9 -7.029272489063627E-9 -2.7622437186155927E-5
0.12170874450296679 -0.07937873255132208 0.05270638285367756 0 -1.0197063426842936E-8 -6.745491781382326E-9 -2.7619778082833713E-5
0.0926329081859553 -0.0934021566431387 0.052491087538806276 0 -1.0370002110106637E-8 -4.924743579369231E-9 -2.7624391536244946E-5
-0.07925046645516257 -0.1372658344238745 0.05293295280422828 0 -1.0369378015735966E-8 6.444486769624931E-9 -2.7623853630028944E-5
0.12737884186502532 0.04457914646124025 0.052542398875778 0 -2.5626639657352912E-11 -1.1458982852554961E-8 -2.762406275615142E-5
0.025874926118163208 -0.13266950985365822 0.05254567933671947 0 -9.506544901709788E-9 2.394913109023233E-9 -2.762306567626362E-5
-0.025243839799718233 -0.13300675455069116 0.052548920040911946 0 -1.0732457929914085E-8 6.2509674624427655E-9 -2.7623303860288883E-5
-0.18973296493485722 -0.18461798069110355 0.055474546986767154 0 -1.6616394289660368E-8 8.628473510204315E-9 -2.7633378502548685E-5
-0.2483235922732361 -0.1816505696604007 0.05686432272721824 0 -1.6233316853697924E-8 1.6213983432916743E-8 -2.763822736866184E-5
-0.30831506111577245 -0.17770170158565643 0.058672582596364375 0 -1.3387737945930967E-8 2.343015291011233E-8 -2.7639514149737932E-5
-0.13643849435757827 -0.142707733989249 0.05371629461338724 0 -1.0100446765288126E-8 5.709873483244183E-9 -2.7620961841189086E-5
-0.184039983968445 -0.12735803584373426 0.05434432437859786 0 -1.3248459367195724E-8 8.661462897376331E-9 -2.7616599823049626E-5
-0.10393602836491156 -0.0928684349452979 0.05261104654913399 0 -3.5132495528140617E-9 9.297228686232813E-9 -2.7623305160060496E-5
-0.33491839009005275 -0.13913239257244242 0.05894927757126896 0 -9.244690731321543E-9 2.5472481606466348E-8 -2.763900653464714E-5
-0.379850741799242 -0.12110542276221135 0.060500587943527986 0 -4.542758687774523E-9 2.9472915872167943E-8 -2.763231319652805E-5
-0.40842759083875496 -0.05875232359605658 0.061140527783328784 0 -1.226565616420629E-9 3.385632309420658E-8 -2.763261840384784E-5
0.36282250283673584 0.2686598783514224 0.06303900336729046 0 2.0793938363102508E-8 -3.053452468723992E-8 -2.7626131920907235E-5
0.4058790843317993 0.3317218591300756 0.06705525860874961 0 3.191533461583103E-8 -2.9324854144460062E-8 -2.7623447880173893E-5
0.4678168231247622 0.39722837411780604 0.07282402579327739 0 3.2416967789584557E-8 -3.304653483393704E-8 -2.7636386835181113E-5
0.43228391685071293 0.3802988180284773 0.07026687195777441 0 3.396094663318424E-8 -2.875050797349628E-8 -2.763155792231811E-5
0.5096255127299391 0.5106912413470729 0.08097857821614195 0 3.6514680019860034E-8 -4.187559657019084E-8 -2.762514019773116E-5
0.49005227512439575 0.44470401859070535 0.07629562530822705 0 3.293421256820796E-8 -3.692374830144226E-8 -2.763503528579691E-5
0.5354804188313992 0.5793968081607486 0.0867593250488703 0 4.486508509534429E-8 -4.281804554232744E-8 -2.760967155703839E-5
0.6847900044003186 0.621834941224156 0.09999999999999994 0 5.218027370253505E-8 -4.6949006792388464E-8 -2.7626466473875985E-5
0.5876935447112426 0.6161088910778022 0.09257893706827944 0 5.220082107098102E-8 -4.140772135041743E-8 -2.761432561692431E-5
0.2968769596322443 0.26583446546620604 0.06049214663587174 0 1.6615735694363702E-8 -2.5090921509274686E-8 -2.7632719294204378E-5
0.22703812963746217 0.26409762190385 0.058370438456053005 0 1.774680987015824E-8 -1.6484771304983647E-8 -2.7642142952238816E-5
0.18890830540911197 0.18932922319802872 0.05555650018582656 0 1.6130065810863135E-8 -7.890962901333993E-9 -2.7635498362282017E-5
0.10177697427875262 0.08834048795367637 0.05253956863179544 0 2.7261295672605796E-9 -8.607673641179903E-9 -2.762458626796507E-5
0.13647605991683223 0.1435082568468913 0.053729825805134857 0 9.688148810338085E-9 -4.984041631229575E-9 -2.7622143529715644E-5
0.14969050843762163 0.2592715660247786 0.05657975437506356 0 2.051727688920035E-8 -7.925008494038348E-9 -2.7644250962936896E-5
-0.5844196053235717 -0.07491703801282973 0.07115392026499065 0 -1.0185603629495992E-8 4.542755517871169E-8 -2.7637169050551918E-5
-0.7351410524947968 -0.060926854977285956 0.08231802271497875 0 -1.1720198536638892E-9 5.85356129180417E-8 -2.7624082612479837E-5
-0.6752473549062168 -0.060997662019661704 0.07752927755735102 0 -2.0328716863249777E-9 5.25079003566632E-8 -2.763455814314329E-5
-0.7962287177911108 -0.06074957956360477 0.08762354715881242 0 -5.94041821062374E-9 6.390550765464857E-8 -2.7617559394905973E-5
-0.8627884197170684 -0.055125093298773874 0.09385473111979895 0 -1.0204120903075653E-8 6.702566548550228E-8 -2.762135470525016E-5
-0.9192838471164881 -0.10263764414409532 0.09999999999999994 0 -1.5513595498457326E-8 7.076766913450795E-8 -2.762333467995701E-5
-0.5447672634209793 2.858524015158418E-17 0.06830049229574699 0 -4.998450249671987E-9 4.092184128102933E-8 -2.7637301004267606E-5
-0.4638591691868275 2.797468827787367E-18 0.06368112390889594 0 -9.726038151835932E-10 3.483677257790164E-8 -2.7632475582643707E-5
0.04273067501608843 0.07401170016957923 0.051925849626185475 0 3.4357248922538044E-9 -5.875780760954843E-9 -2.76343979187683E-5
0.04273873390329096 -0.07402565857166639 0.05192600533605054 0 -7.538028947916752E-9 3.5342603189060446E-10 -2.7633192774142103E-5
0.08580268905133058 2.7616060966210454E-17 0.05192915349305607 0 -3.899679858212125E-9 -5.944797609182959E-9 -2.763348301801124E-5
0.07416648351753428 -0.042820039223696336 0.051927573540639343 0 -6.800224988754619E-9 -3.1215930105641386E-9 -2.7633050197014725E-5
-0.04299754043112494 -0.07447392462720538 0.05193102148339571 0 -3.9610853211902346E-9 6.751766590873308E-9 -2.7633471569885525E-5
0.07415950431437714 0.04281600977887487 0.051927495533993596 0 -5.021938330122722E-10 -7.027852382261964E-9 -2.7633712536002953E-5
1.3904975238826412E-17 -0.08573627431625096 0.051928505242836896 0 -6.5689402562550405E-9 4.345832909152151E-9 -2.7633027466881323E-5
-2.9796378738924766E-17 0.08577355466188762 0.05192886660175564 0 6.1472463397021055E-9 -3.531695407076618E-9 -2.7634389768823953E-5
-0.22815732549244747 -0.13366956667415786 0.05546555293618704 0 -1.6584866711898277E-8 1.351529962977446E-8 -2.7628860064407382E-5
-0.27837086784154214 -0.12617379267311213 0.056793561369108604 0 -1.3432089163567046E-8 2.014083816129081E-8 -2.763848440871939E-5
-0.15093740406319933 -0.09389909648308081 0.05329903073383901 0 -4.925734619796529E-9 1.2015785347079892E-8 -2.7613325764743124E-5
-0.19761019796705667 -0.10158906953187431 0.054303584925033135 0 -1.3739412970251517E-8 1.3849325853086392E-8 -2.761544718860778E-5
-0.12619399745448537 -0.06614911525416545 0.052660410611162535 0 -1.416493829174362E-9 1.2224939307857949E-8 -2.762167990350201E-5
-0.07423701450489274 -0.042860760308234 0.05192836227840669 0 -2.7888933163458038E-11 7.847171405829361E-9 -2.7633719456417342E-5
-0.4277423899643161 0.06497482014443749 0.06209784320535729 0 7.894102184820113E-9 2.812519084223482E-8 -2.7628972243112092E-5
-0.33304413722574777 -0.06930677678439595 0.058055306373968225 0 -5.292621768366863E-9 2.628281908279625E-8 -2.764237439340813E-5
-0.3847166606924661 9.345124501562139E-19 0.059881376808148805 0 1.9809282972398335E-9 2.8939761076398964E-8 -2.7640660071561733E-5
0.3329058545937796 0.33325924236807375 0.06406157186555389 0 2.2265430516503558E-8 -2.5884240837333665E-8 -2.7611140469713844E-5
0.49825230464030634 0.6040689738251999 0.08623250303750961 0 4.216604381152137E-8 -3.772122449337752E-8 -2.760722506250806E-5
0.3818998921620359 0.39282083230988174 0.06849211870683777 0 3.3986864416263994E-8 -2.1359612188116068E-8 -2.7624057662620716E-5
0.4314021965681312 0.42876752259718576 0.07244484890584979 0 3.4459120771167564E-8 -2.8937129651350378E-8 -2.76349181700683E-5
0.4723939921181883 0.5653277489130144 0.08223903081434109 0 3.743134446208764E-8 -3.9066911791876256E-8 -2.761816619590422E-5
0.44736034083495346 0.4974141441538552 0.07684191432450417 0 3.521550188303883E-8 -3.442780391968347E-8 -2.7633056376831712E-5
0.5230354883414245 0.6422697488364204 0.0903707538749386 0 4.903003678409563E-8 -3.3873504515329244E-8 -2.7607090326877947E-5
0.6177594130735138 0.6884753307245898 0.09999999999999995 0 5.7031611695732814E-8 -4.083719585793547E-8 -2.762103762775678E-5
0.5518007966248653 0.6760563257947593 0.09465507346897212 0 5.38519499672568E-8 -3.4020480682479026E-8 -2.761401131993659E-5
0.2625418688185837 0.33648330779519714 0.06181290503458571 0 1.9847690090047044E-8 -2.0015350644754548E-8 -2.7630237059130648E-5
0.10763513709501461 0.3224957272318108 0.058047784011843594 0 2.45631851070931E-8 -8.225331874886266E-9 -2.764359264452759E-5
0.19231764390950024 0.3331039304431938 0.059877835485628014 0 2.331064000201519E-8 -1.5728996205405546E-8 -2.7640795829962243E-5
0.11136664405289663 0.19289268576805546 0.0543171535525474 0 1.6655928294566726E-8 -3.1962240436865403E-9 -2.7631651360773834E-5
0.07844894660138711 0.13587756131386042 0.05290437550856248 0 9.684042250562744E-9 -5.697485253988195E-9 -2.76253681149343E-5
0.03519829734560284 0.13784946141786306 0.05265706254873472 0 1.0864346041911349E-8 -5.500029086360829E-9 -2.7624475203213797E-5
0.06630901180929025 0.2508565357105051 0.05531869953262273 0 2.230847440788923E-8 7.966391042753391E-10 -2.76346338921379E-5
-0.017053837843317182 0.27836069099312905 0.05590951428308119 0 1.9261838730403577E-8 7.846019632720262E-9 -2.7635316582478845E-5
0.011677278178983168 0.25977319628253465 0.05533524160416193 0 2.021603764651328E-8 7.029622936327597E-9 -2.7629691275331518E-5
-0.036475279191632355 0.1302798698937502 0.052547520741153056 0 9.009517529062352E-9 -2.5204445714933135E-10 -2.7626150220701075E-5
-0.004334214649360648 0.15163914092247652 0.05281372846092682 0 1.0769605752404092E-8 -3.547462022261421E-9 -2.7620581027313295E-5
-0.5548238392163805 0.07638757137486699 0.06925704553616709 0 -7.58145545059451E-10 3.94499649420817E-8 -2.7634093195948785E-5
-0.6361392415232946 1.3179599374821288E-17 0.07441207081886599 0 -4.743190410248305E-10 4.768027989933781E-8 -2.7640770016675283E-5
-0.7353276040989696 1.376885046738379E-19 0.08212306732579755 0 2.448563054977638E-9 5.5076016198582224E-8 -2.762841148541619E-5
-0.8245744171037558 1.994957568951944E-17 0.09002147282184524 0 -3.3507963675522437E-9 6.172278174556188E-8 -2.7622427435880243E-5
-0.9249999999999996 -3.487031299242896E-17 0.0999999999999999 0 -7.079713012334484E-9 6.929938773506417E-8 -2.7629037164235023E-5
-0.6215823870108426 0.05940809814964494 0.0735747228508592 0 2.886566051292702E-9 4.536129829080895E-8 -2.7640161974922105E-5
-0.5039157942187592 0.07056797810116018 0.06615707446286308 0 -1.3254863457870302E-10 3.3147523481787685E-8 -2.7625606417831644E-5
-0.4742240483662385 0.11256694280313873 0.06494853319711702 0 6.5996564664802205E-9 3.312780025592106E-8 -2.761284556909305E-5
-0.4362515368769683 0.13236424219261794 0.06326633817399899 0 1.4363553457502632E-8 3.351554232430781E-8 -2.7618103613385594E-5
-0.3689420167821231 0.1279817916152874 0.06013540062401418 0 1.3186946017804135E-8 2.738714733844629E-8 -2.7636127712757278E-5
-0.40020050920329836 0.18553375498639205 0.06251643484045978 0 1.6129162079435584E-8 3.1976430149005436E-8 -2.763122163403865E-5
-0.11902524067374867 0.3280525016025783 0.058398241089487615 0 2.3358948764494455E-8 7.869326952222219E-9 -2.764430294556157E-5
-0.278960464150049 0.23105339123962187 0.058930977919053947 0 1.8138425995182858E-8 1.989702463056359E-8 -2.7641311229505013E-5
5.529796886260846E-16 -9.523255661324038E-16 0.05151308386343702 0 -2.456631194704168E-10 4.1218437905920446E-10 -2.764229673401034E-5
-0.043042879691499385 0.0745524545297515 0.0519319033593881 0 7.110088870122128E-9 4.5197557087802295E-10 -2.7634615955816642E-5
-0.24680219676358373 -0.07209570484822997 0.055249906628573604 0 -1.2362912864565425E-8 1.9506214353668967E-8 -2.7632466478156262E-5
-0.1740533791739203 -0.0457943921612332 0.05334383022045102 0 -5.101226380679831E-9 1.6524133506147968E-8 -2.762043846981509E-5
-0.12783259126111418 -0.033275347967647695 0.052499203818416273 0 1.9056797662579299E-10 1.1920004190423839E-8 -2.7625772613106563E-5
-0.08544796042127181 1.2633032021521531E-17 0.05192572029476935 0 3.3746954900702697E-9 6.752736587822471E-9 -2.763433696137012E-5
-0.33947513674739144 0.06240362523718613 0.058248486325065116 0 4.988687502879954E-9 2.433546916744468E-8 -2.7643213551761154E-5
-0.30816555573663146 0.12979030410922676 0.05783416263257108 0 8.328018601490521E-9 2.348063255093899E-8 -2.7642151178712273E-5
-0.22695325756190307 0.2565120405768185 0.05814491145404571 0 1.999940136204661E-8 1.7569277006452944E-8 -2.7644303115439793E-5
-0.25569422992480956 0.1801064295667739 0.05704280655464759 0 1.0784781105140631E-8 2.165473214536985E-8 -2.764123009518837E-5
-0.07471068043782807 0.26158647648355277 0.05569656348774581 0 1.563367816684242E-8 1.0560800385487772E-8 -2.7638630925580656E-5
-0.15073713287945018 0.26108437273446883 0.05665087411303693 0 1.7631614709695453E-8 1.4204871874001312E-8 -2.7645705624960487E-5
-0.0793293077376864 0.13740239153093972 0.052935779499837216 0 1.0044183939685796E-8 6.164795343898216E-9 -2.7625898859707112E-5
-0.299396714946573 6.0549876586637245E-18 0.05658028588283899 0 -3.4215791333359836E-9 2.264616503402327E-8 -2.764410583015001E-5
-0.39181543828090004 0.55445735722153 0.07760084140770424 0 4.391627724205015E-8 2.8068467984700107E-8 -2.7637095489742913E-5
-0.42125713605646403 0.6077940464059373 0.08247265847688973 0 4.96476163306666E-8 3.0336247612883855E-8 -2.762655778824389E-5
-0.4499036574234317 0.6597655574984553 0.0876254316161508 0 5.183049566474236E-8 3.7003146273569914E-8 -2.762054658814281E-5
-0.4789401191209052 0.7197628636157833 0.09385470752197607 0 5.2402672090940386E-8 4.2450074265993316E-8 -2.762431590401907E-5
0.30693864167133966 0.4042133776050551 0.06608285286906407 0 2.8152124500641556E-8 -1.5879226422398697E-8 -2.762603613586911E-5
0.45341996389119593 0.6343388790419371 0.0859386615701075 0 4.1962828545393485E-8 -3.172719664465176E-8 -2.7615584156400212E-5
0.36186279370904106 0.47199806236141656 0.0715259330567936 0 3.541542841161184E-8 -2.228841941711121E-8 -2.763728337908825E-5
0.400949758946052 0.5652131577221655 0.07869394977656127 0 3.8072775589186375E-8 -3.115988451704882E-8 -2.7631795795622145E-5
0.4904238791693691 0.6985151762406319 0.09277567976728547 0 5.156745388460298E-8 -2.9076356335029416E-8 -2.761777413662233E-5
0.5485314952955888 0.74480230687788 0.1000000000000001 0 5.6966827681465896E-8 -3.262881160705992E-8 -2.7623078206993032E-5
-0.157502577302292 0.4062797025959702 0.06224976286168574 0 2.777555824366576E-8 7.063555634207585E-9 -2.7629407329864207E-5
-0.04439277195221168 0.328710102628296 0.0577329050528648 0 2.3685621795721355E-8 4.8191101720326E-9 -2.7642783091293464E-5
0.025557696189703685 0.3104658173674805 0.05699894508193312 0 2.3527682427180548E-8 1.9050926120167887E-9 -2.7640931037667897E-5
0.05891091878969271 0.3561813785904501 0.05888183035860122 0 2.578380937065895E-8 -5.473299158401601E-9 -2.7641040119697768E-5
-0.07539656272461737 0.3826387268002811 0.060112744280339386 0 2.957717669638423E-8 2.421911106420366E-9 -2.7637016596468516E-5
-0.19156331121345582 0.4731617410648756 0.06625147072173321 0 2.8275708763553192E-8 1.6774783795606136E-8 -2.7627202777613448E-5
-0.31860245148696237 0.5518356333914171 0.0744889558881298 0 4.065044619465286E-8 2.4222854806338577E-8 -2.7642928805695533E-5
0.23188989210585279 0.40164507488900236 0.06367695651733306 0 2.9877764964192E-8 -1.6190707393573275E-8 -2.763245507594652E-5
0.18545604713463834 0.43047399478074116 0.06393784680976809 0 3.606950929246385E-8 -1.5346039663357145E-8 -2.7626838535173043E-5
0.15384627156060351 0.3839117365891883 0.06118533303935759 0 2.9209552317067055E-8 -1.5635693392554647E-8 -2.7633484355020536E-5
0.08567704016096148 0.3934342712802923 0.06068036954612458 0 2.7156143584482066E-8 -1.0548030190904417E-8 -2.763316216569389E-5
-0.04746651353754765 0.1829715324610284 0.053532622158623755 0 9.220844708378915E-9 4.52965393453805E-9 -2.7621223172291864E-5
0.01717373484524668 0.1662656573333219 0.053092157016808576 0 1.3838211058005752E-8 -3.756845715609479E-9 -2.7617819022426753E-5
7.833096257776418E-4 0.19069362679459012 0.05356840441819727 0 1.4008755913698064E-8 2.433172016811281E-10 -2.7613123158834068E-5
-0.014253461472862217 0.23459230484404994 0.05463523466770248 0 1.5000587815177296E-8 8.46015782971068E-9 -2.7621507946198044E-5
0.04520143550094837 0.1841851235528076 0.053545944108146816 0 1.7697519586422098E-8 -2.376235005694827E-9 -2.76202484769585E-5
0.017981432514459814 0.22651294475696923 0.05443142027174295 0 1.950475799207477E-8 5.1521664543143306E-9 -2.7619179631599015E-5
-0.4509389353459413 0.18062953941108667 0.06485872161226297 0 1.3545393947510557E-8 3.948887167912372E-8 -2.762362424002292E-5
-0.43855507291261625 0.22078311851591842 0.06514753629020965 0 1.4753664932035787E-8 3.6644378295408486E-8 -2.763172112203195E-5
-0.5430568755805911 0.1088667628343709 0.0688662273363696 0 2.443676107707788E-10 3.9674131348828166E-8 -2.7629138738456737E-5
-0.5075730010734566 0.12513873893141766 0.06697106660603608 0 1.7207120690514582E-9 3.837133016147285E-8 -2.761828651158546E-5
-0.4876818695036711 0.16005919777938846 0.06641416297022892 0 7.316178827984976E-9 4.225034431302596E-8 -2.7618674426506025E-5
-0.5817364775186938 0.11498204866540508 0.07140762999266016 0 3.2719053205705015E-9 4.322093343423519E-8 -2.7636080965559596E-5
-0.6893460495224288 0.06354738512595376 0.07863780818203957 0 7.830109522158529E-9 4.942340108727933E-8 -2.763296987865671E-5
-0.7599167871431189 0.060700756349994105 0.08441733903220823 0 6.476347597097206E-9 5.2921930669172817E-8 -2.7621055195023084E-5
-0.8184909839211809 0.07533925376340878 0.08977629762126756 0 1.6813527292584747E-9 5.72084061285597E-8 -2.7616106303871086E-5
-0.8641324069088798 0.06217499425579329 0.09403348687291993 0 -1.7757722658006343E-9 6.203957627042902E-8 -2.7621421365945854E-5
-0.919284810212244 0.10262901652303173 0.09999999999999994 0 -2.04735354378938E-10 6.696125831325134E-8 -2.7624431632761365E-5
-0.7200856347104291 0.1275637570102766 0.08178787314202204 0 1.531221557474984E-8 5.285992523166155E-8 -2.762142074018888E-5
-0.6366216770914513 0.14805650423757327 0.07568897320024312 0 1.1514057543583008E-8 4.785246164490003E-8 -2.7636829867724728E-5
-0.5083123257938114 0.6756675576578803 0.09200745306162258 0 4.914674829500286E-8 4.486441153850372E-8 -2.7616560033690844E-5
-0.5084523869045262 0.6310249340793687 0.08870435188239581 0 4.6921944792459326E-8 4.093606108760206E-8 -2.7609713916781076E-5
-0.5485031394581954 0.7448231888659755 0.09999999999999998 0 5.2891829420306606E-8 4.8735695487819164E-8 -2.7626675126478136E-5
-0.47303326379715877 0.5791284533565413 0.08316905076856485 0 4.7239350197449444E-8 3.1688636835541744E-8 -2.7618645735455374E-5
-0.45509595152323223 0.4866404390645807 0.07663670286639768 0 3.668325837791487E-8 3.26179037387641E-8 -2.7636869861200957E-5
-0.4180330375357138 0.4186106610386911 0.07131407766744807 0 2.6781734527662462E-8 3.542307986702366E-8 -2.763623760802944E-5
-0.35805699391726126 0.4725541821277961 0.0714004969823895 0 3.4141108171634805E-8 3.122335422948141E-8 -2.7640048760414817E-5
-0.3304177610769968 0.2075632873895256 0.060121873146272396 0 1.6581979015489416E-8 2.3589818157952553E-8 -2.7638940107405753E-5
-0.3986677525588505 0.2551376793832065 0.06418286265211677 0 1.6329629179391998E-8 2.919367825843811E-8 -2.7631896066120372E-5
-0.19326570388917413 0.3347460184966116 0.05996054906425581 0 2.575584327892304E-8 1.2847406419269357E-8 -2.7642241133726285E-5
-0.2326279902659774 0.402923498403311 0.06375456788963607 0 2.9339125283926363E-8 1.8366628778549968E-8 -2.763448016313471E-5
-0.2730034360466582 0.4728558218736924 0.06837705113188595 0 3.247922874157602E-8 2.4865673318373193E-8 -2.7639501819691477E-5
-0.30165136280488025 0.41841452971898935 0.0665620091821718 0 3.1587856515680724E-8 2.9027599020098386E-8 -2.7631734176593967E-5
-0.2982294435153453 0.2720284218761083 0.06072614652584282 0 2.3204971603395582E-8 1.865809570790314E-8 -2.7633442726131883E-5
-0.28071917465641966 0.3771430143239578 0.06401358518053687 0 3.162943245447985E-8 2.422111241301115E-8 -2.7628165669609555E-5
-0.25621859628623345 0.3266156402995803 0.061257118437086824 0 2.8653853615196876E-8 1.7898885659553596E-8 -2.7634336765082807E-5
-0.07427627943517316 0.042883429926301085 0.05192880169730083 0 6.322030041170958E-9 3.9998222876634075E-9 -2.7634454230540662E-5
-0.10192189467460559 0.10267269443312377 0.05269596908601702 0 1.0573082104974234E-8 7.270962134387731E-9 -2.7624545276022907E-5
-0.22270343343645202 -2.7398019802337882E-17 0.054316401779706945 0 -5.558217773848509E-9 1.699794944682459E-8 -2.7631544926969017E-5
-0.1568744501142894 1.9427769320198104E-18 0.05290395974586273 0 3.798858940830675E-11 1.2088812482148665E-8 -2.7625304012238575E-5
-0.1333037269353432 0.03517105967265549 0.05258728793055297 0 4.953333796485158E-9 8.130210367553991E-9 -2.762526084823221E-5
-0.2668792736165403 0.06671487334767572 0.055790773586017584 0 -7.72190101167857E-10 1.9529417546603192E-8 -2.763823881021785E-5
-0.25161809751440434 0.1255049475699697 0.05598231997151887 0 3.255479743220693E-9 2.1127574132498957E-8 -2.7635548267423685E-5
-0.2204702956430696 0.1429341155499399 0.055415459742855375 0 4.704223148953748E-9 2.1614869321416962E-8 -2.7630453705333968E-5
-0.18350196867475072 0.18844743574056294 0.05542383280391714 0 1.1450360918671755E-8 1.9974807964285048E-8 -2.763649673914549E-5
-0.1122914677939212 0.19449452747555573 0.054363926326504504 0 1.1532784284447318E-8 1.3359101852524028E-8 -2.7632795799735583E-5
-0.13865734030206042 0.13413724110678021 0.05361667711440056 0 1.1114870811504114E-8 1.505001113117971E-8 -2.7621070039597117E-5
-0.3679940573528883 0.637384404218618 0.08217817873449762 0 4.839980096642589E-8 2.5422055912821935E-8 -2.7630780842134344E-5
-0.4124740638930545 0.7144260354671818 0.09005646238462257 0 5.1163565900868804E-8 3.3782844354472755E-8 -2.76251118432669E-5
-0.4625000000000002 0.8010734985006057 0.09999999999999998 0 5.5789099835307344E-8 4.074289402026818E-8 -2.7631960596944934E-5
0.41227210451772545 0.7140762315680472 0.09001864521731297 0 5.40564573527329E-8 -2.737465305909563E-8 -2.7622343667590877E-5
0.27234892372669683 0.47172217328134014 0.06829621029644013 0 3.702121055194385E-8 -1.5690031895401626E-8 -2.7637141450297693E-5
0.36764043700660404 0.6367719158122639 0.08211917016769554 0 4.556224022678082E-8 -2.9065057369930133E-8 -2.7628253602477167E-5
0.31803615984503875 0.5508547874957042 0.07440724687637126 0 4.062887597006565E-8 -2.2948869549835232E-8 -2.764049674919416E-5
0.46250000000000013 0.8010734985006064 0.09999999999999999 0 6.236777442721334E-8 -2.7876049923947092E-8 -2.7628770613182102E-5
0.3836506929290541 0.7746515411716932 0.09384509082801112 0 6.221248249258271E-8 -2.4077176657682498E-8 -2.7621804065257175E-5
-0.14030890931253803 0.4679836164169959 0.06501280116403946 0 3.149803194792976E-8 1.1226255082746309E-8 -2.761411880241329E-5
-0.10294114607188212 0.4464085827438704 0.06338188130081227 0 3.6097084280259395E-8 4.555199189907087E-9 -2.7618456251036614E-5
0.013052198219917906 0.38970549808144683 0.06010955939350729 0 2.8236128268894004E-8 -2.339595212981209E-9 -2.763923614395321E-5
-0.04037960269203984 0.44085703180834646 0.06259577733066987 0 3.568375077975718E-8 2.087705850866497E-9 -2.763146819053837E-5
0.06533055038853267 0.4354649165439312 0.06247764990259344 0 2.7955827843415352E-8 -7.113125929056679E-9 -2.7627545326583557E-5
0.21079455863719812 0.4693257584201238 0.0664848367230654 0 4.0264003621939097E-8 -1.2843831781847986E-8 -2.7630215585827247E-5
-0.2117215867706234 0.5198781223671348 0.06933829044213057 0 3.3284414434422336E-8 2.0470869439975366E-8 -2.7635854243253434E-5
-0.1460434120132441 0.503264073058023 0.06704541835555092 0 3.364058808269434E-8 1.780092323227708E-8 -2.761987111518527E-5
-0.17773060720916653 0.5259463281585314 0.0689480477972893 0 3.405558623696311E-8 1.9597173086343735E-8 -2.7630715796250548E-5
-0.2900329026458535 0.6297052539110424 0.07871782471366953 0 4.625741187445682E-8 1.791035731032766E-8 -2.7634784672794765E-5
-0.2598642375444073 0.5690891545970852 0.07365958600480058 0 4.031280633638913E-8 2.0091694624551003E-8 -2.7642027537067753E-5
0.1498593825176401 0.45279307874260616 0.06437801254812758 0 3.734730468672831E-8 -1.294105474397877E-8 -2.7616100402397484E-5
0.11053788187593885 0.4306223745782792 0.0626902062642271 0 2.992458460001904E-8 -1.299500995782878E-8 -2.762070630254766E-5
-0.4490633670822637 0.26293361409508886 0.06682964731028329 0 1.520122370355968E-8 3.5792169518999875E-8 -2.7635636746008414E-5
-0.4300985673768074 0.3012630280350379 0.0671100012724704 0 1.6096810738176092E-8 3.263531393343011E-8 -2.7633239603125692E-5
-0.49761740681994665 0.2259943198914076 0.06840949555720777 0 1.2714095838631717E-8 4.2246500853243387E-8 -2.7635386034453077E-5
-0.5518948161465873 0.17422255470543743 0.07046196471921622 0 6.843985215410849E-9 4.470262228683209E-8 -2.7633934318574695E-5
-0.4324706598932548 0.35955969358955997 0.06940707877592157 0 1.952643780781422E-8 3.466257637157883E-8 -2.7633748766486915E-5
-0.7940808377677345 0.13178185399490336 0.08820577601429047 0 8.243294765833313E-9 5.860665569683226E-8 -2.7606842452767536E-5
-0.8565041007211139 0.12935729823844902 0.09401883827528355 0 1.8651938065427817E-9 6.360835454752232E-8 -2.7615241157520408E-5
-0.9051192255768065 0.19074632675980735 0.09999999999999998 0 6.884984120539904E-9 7.118473691313057E-8 -2.7623437869265446E-5
-0.7583678808155521 0.178257805309045 0.085877514601274 0 1.591367831251431E-8 6.042222826361516E-8 -2.7614160603897857E-5
-0.6170663609123308 0.222189336538271 0.07585507468331582 0 1.6619284048608888E-8 4.691117322121691E-8 -2.7638821828629948E-5
-0.6972424057138269 0.20430689657176623 0.08139617396721441 0 1.8814237672023207E-8 5.3658824308289474E-8 -2.7628198175513963E-5
-0.5596851197575441 0.6634042603718276 0.09419033697962355 0 4.409288049322539E-8 4.763489616009608E-8 -2.761685860807609E-5
-0.5445828559277583 0.5931276201062036 0.08823074690283748 0 3.995961069499675E-8 3.9180600503154475E-8 -2.7612242973137503E-5
-0.6177328508859395 0.6884991641819085 0.09999999999999992 0 4.4380670154931034E-8 5.0736401776067E-8 -2.7625232465732218E-5
-0.5240933648557363 0.5322322969179639 0.08310069903157469 0 3.944249931423955E-8 3.435886157821998E-8 -2.762365229195827E-5
-0.482008368592271 0.40269833860051546 0.07383556549613608 0 2.7474053849701603E-8 3.677454925481378E-8 -2.7640384611107688E-5
-0.5228737105474611 0.469403410425903 0.07945982017150148 0 3.569357837197813E-8 3.668960996078139E-8 -2.7634093579982915E-5
-0.3178442209190435 0.3574692689417035 0.06445327462614317 0 3.0156815293104066E-8 2.6827286385651415E-8 -2.7617066033027065E-5
-0.3668515165065182 0.391453181331997 0.06779342734587494 0 2.4820383141269352E-8 3.48579900120969E-8 -2.7623863907252067E-5
-0.37474174799433474 0.32521524057353407 0.06543736846884436 0 1.815638737082518E-8 2.6362074068900875E-8 -2.7618275902652445E-5
-0.3445240713159381 0.2767146512083848 0.0625551726814487 0 2.049192953190102E-8 2.1014982538463263E-8 -2.7627208582154764E-5
-0.31825267387856393 0.31228528282505885 0.06275542647814246 0 2.6616585362454023E-8 1.9948317523947055E-8 -2.762092634967417E-5
-0.13208776332768443 0.07040426877471616 0.05277929135503948 0 8.631377148801867E-9 7.802097253047796E-9 -2.762087843444124E-5
-0.13558426904309848 0.09984465055515283 0.05311549222562181 0 1.0574218882245198E-8 1.0774493719050735E-8 -2.7617861267695915E-5
-0.18433654548332082 0.04822270923057056 0.05356505347436668 0 3.981793381417866E-10 1.0727424439344502E-8 -2.7621321309127175E-5
-0.2141365218541703 0.10501643106435352 0.054728299370409676 0 1.8004853186524335E-10 1.7922014653456588E-8 -2.762255990184415E-5
-0.18680865935078547 0.12991541986645883 0.054439563423197654 0 5.580879925765775E-9 1.9957358138497258E-8 -2.761957732567281E-5
-0.1657690318723488 0.09663028560186346 0.05359396061230915 0 7.0011165192085186E-9 1.2870777563700661E-8 -2.7612702921493343E-5
-0.3275435087421515 0.689022237889938 0.08446715933764735 0 4.844269843100096E-8 2.085275580473696E-8 -2.7623138712439534E-5
-0.3440235561346144 0.746753392646391 0.089798396197132 0 4.9701545532551744E-8 2.7044887993876172E-8 -2.761835600517286E-5
-0.3781299746230488 0.7796968295885027 0.09405159466762453 0 5.220073476514402E-8 3.251142177150131E-8 -2.762386412753403E-5
-0.37078556224583165 0.8474286657041803 0.09999999999999998 0 5.719897487919214E-8 3.363041673869564E-8 -2.762681287477352E-5
0.33139114289377414 0.7785556133621918 0.09206768166444738 0 6.278237954949073E-8 -2.0059469632125043E-8 -2.7614383683964934E-5
0.3464548928541494 0.7191482470167311 0.08759713317592265 0 5.7245397957472284E-8 -2.6365154827337106E-8 -2.7618211970521477E-5
0.31546555307223767 0.6681703741372863 0.08242156072081934 0 5.034922654443563E-8 -2.766477808811641E-8 -2.7624619467364698E-5
0.22784343961994072 0.5451094489255655 0.0712614275403811 0 4.3518435916958584E-8 -1.3561516230954105E-8 -2.7638096482729926E-5
0.28413345033548576 0.6165726819630529 0.0775980862421621 0 4.562114240947308E-8 -2.3820247729794383E-8 -2.7635043005695385E-5
0.290977677915208 0.7546407636986492 0.08855875058870188 0 5.809852085840091E-8 -2.0208272425730094E-8 -2.7607756939318132E-5
0.37075219693550476 0.8474432642497914 0.09999999999999995 0 6.783735342185569E-8 -2.1312435433683068E-8 -2.762432876777792E-5
-0.10596501162257625 0.5041773372256164 0.06652572871029448 0 3.9611554366427215E-8 1.4969558679451174E-8 -2.7619860975967097E-5
-0.07102778036707863 0.4813038479979327 0.06489977746314218 0 4.0688888236194944E-8 8.312549464377432E-9 -2.7623893330329787E-5
0.019795838688718658 0.4703114259817324 0.06404440608297313 0 3.2776843021621286E-8 3.8584036848775826E-10 -2.7632113175068993E-5
-0.028427878816465992 0.4894039605592073 0.06510500934199118 0 3.852016089770051E-8 5.441736196676332E-9 -2.7632014545003625E-5
0.09307018049889713 0.4870154223859189 0.06541754354915294 0 3.11194967246475E-8 -2.585428197704069E-9 -2.7618074362228423E-5
0.15223360853370174 0.5114589799667827 0.06762073099832455 0 4.159541037841768E-8 -3.823268581079368E-9 -2.7621640862391328E-5
-0.19168892528151515 0.5624523066487594 0.07149027116733256 0 3.8679069050609614E-8 1.8694989687358035E-8 -2.7637659582644893E-5
-0.12546868182070262 0.5661421054611622 0.07053660282173835 0 4.1663539634219126E-8 1.636466876853974E-8 -2.7635067711182265E-5
-0.25001651455608004 0.6877574831582879 0.0818288600417976 0 5.285326160959715E-8 1.3149928750828483E-8 -2.7622979965214842E-5
-0.19051431605916905 0.626194724144322 0.07575740850014469 0 4.676386687902446E-8 1.38984930389174E-8 -2.7638170444480424E-5
-0.496968869184538 0.31115828345845903 0.07096354188096898 0 1.9452913153083246E-8 3.8622056308000514E-8 -2.7641719511795957E-5
-0.5531916805568735 0.25483900449276115 0.07250231820116239 0 1.6733582271062255E-8 4.352600344612349E-8 -2.7641353678730774E-5
-0.8285501209973593 0.21135039229984 0.09293041569195869 0 1.0555507247863445E-8 6.730964679689429E-8 -2.7618764309076284E-5
-0.8809225682293763 0.28211960771987943 0.09999999999999996 0 1.4544758354247444E-8 7.000357709783978E-8 -2.7630033225971465E-5
-0.7578216461505274 0.23114048963723496 0.08705889216020636 0 1.72609493645267E-8 6.031616294551724E-8 -2.762162285294692E-5
-0.5442886348821633 0.36830034160648034 0.07595460109733419 0 2.8349143838151318E-8 4.015398011898876E-8 -2.763972603839032E-5
-0.6102329054490169 0.29533181001281994 0.07752504764743703 0 2.4079261989891735E-8 4.3880043285869765E-8 -2.76366418421649E-5
-0.6672358697757713 0.2726523999513782 0.08092297245691278 0 2.230432996572014E-8 4.799004680220147E-8 -2.763116334738349E-5
-0.7250638207162802 0.2644091498704253 0.08523826785223539 0 1.9954854512956114E-8 5.432865776300641E-8 -2.7625604559007308E-5
-0.6071515389330133 0.6092519905512257 0.0934219469334025 0 3.8063011482802713E-8 4.7268559452269556E-8 -2.7621708795084846E-5
-0.5735399527378838 0.553508622043815 0.08749015204644302 0 3.724635154557516E-8 4.07134274436565E-8 -2.7620856750804395E-5
-0.6847646792234087 0.6218628292777222 0.09999999999999995 0 3.934088222792163E-8 5.468287945698514E-8 -2.763126181487938E-5
-0.5770660846669927 0.4836246905463882 0.08360849061752018 0 3.6722588129922676E-8 4.2068334712291304E-8 -2.7628269407103204E-5
-0.5580584193120216 0.42548332869284067 0.07938775238593494 0 3.4006523822360656E-8 4.073911325557399E-8 -2.7634468096789374E-5
-0.28374056147924315 0.7514739211838952 0.0880520415280374 0 5.396487468817151E-8 2.1847487276361225E-8 -2.7608859384376393E-5
-0.3165497745723784 0.8071051679018629 0.09409208829712741 0 5.5512590652641874E-8 3.026581494623131E-8 -2.7617493130058828E-5
-0.28739394850298333 0.8792210714939998 0.09999999999999995 0 6.440559706361549E-8 2.9617344590660324E-8 -2.762536558417323E-5
0.29491717071644896 0.8166669280321706 0.09422261270086467 0 6.25105259137708E-8 -1.4222234532369189E-8 -2.761511882478831E-5
0.15199695343335898 0.5713443637747507 0.07128864354870555 0 4.327744561137092E-8 -5.361074753026802E-9 -2.7635117624831833E-5
0.2647361318881631 0.6988930987695543 0.08313425830297129 0 5.030526126470738E-8 -2.5189442136548114E-8 -2.761709852589965E-5
0.19363779692619498 0.6392946953673742 0.07676490405819379 0 4.606628799364425E-8 -1.552183742004389E-8 -2.7635345176497434E-5
0.23873623781901862 0.7680602578468166 0.08814793343306232 0 5.302187339654456E-8 -1.4791878444246118E-8 -2.7611089690976722E-5
0.28735785633849587 0.8792328678266585 0.09999999999999996 0 6.541370743998272E-8 -1.3098014754121776E-8 -2.7623419815554376E-5
0.045020558010702406 0.5239593119206281 0.06715619876796416 0 3.5805385311857555E-8 2.4493773785038416E-9 -2.763340862641417E-5
-0.05203180167969757 0.5443357511275837 0.06842717285738563 0 4.2437062500908674E-8 9.981547784166474E-9 -2.7636081411549798E-5
0.00125333399408392 0.5186888782774369 0.06673044987207258 0 3.812275945419654E-8 4.80690656447021E-9 -2.7635689543938985E-5
0.09263905094403112 0.5551170207203664 0.06943102413110942 0 3.921835569301654E-8 4.239366831345758E-10 -2.763370676229597E-5
-0.22520922840433807 0.7458968973346561 0.08588793599516027 0 5.975988258490642E-8 1.644980193030921E-8 -2.761580711268098E-5
-0.056365569894855645 0.6123374883168232 0.07290850863136553 0 4.5898261302011006E-8 6.834561920418678E-9 -2.7642017962575655E-5
-0.11459365381122652 0.6489796043007032 0.07609123122821615 0 4.854797852338475E-8 8.769276198676714E-9 -2.7639585214532772E-5
-0.17201424223952635 0.7059350940103869 0.08139872432652714 0 5.526282263394486E-8 1.0626439085244696E-8 -2.7629558515869864E-5
-0.5619648707592039 0.31624700130713346 0.07504348009682706 0 2.411131943752448E-8 4.168067036793609E-8 -2.7640835505077985E-5
-0.7888004165309431 0.29037609645717466 0.09153149855841576 0 1.7186859878143304E-8 6.057938971058213E-8 -2.7624808231588307E-5
-0.8437609348289447 0.37906778281416026 0.09999999999999995 0 2.0185124385635607E-8 6.374937568312336E-8 -2.7629031399010358E-5
-0.6064827120561797 0.3683452405387546 0.08001332460787643 0 3.2310659567126236E-8 4.316806327863645E-8 -2.7629536757464765E-5
-0.6554904399290363 0.3258387756938692 0.08184700708932659 0 2.7320155227030187E-8 4.472327604082516E-8 -2.7625603090865185E-5
-0.7173789460644423 0.321865662586802 0.08652046298759287 0 2.2169612958859787E-8 5.0224205167394757E-8 -2.7620877219164953E-5
-0.6465139113454262 0.538316822314734 0.09160194260007758 0 3.6372698341510635E-8 5.133941041510375E-8 -2.7625785690756285E-5
-0.7501326501074496 0.5412263004122692 0.09999999999999996 0 3.5592707382120805E-8 6.264014825970438E-8 -2.762964938534193E-5
-0.8010558185062641 0.4625204886241073 0.09999999999999998 0 2.7330385088113735E-8 6.388156568274715E-8 -2.7624741977598735E-5
-0.6328963674406779 0.44705014677999644 0.08550954643040555 0 3.648897927679317E-8 4.989197073323361E-8 -2.762114254657151E-5
-0.2313025414788286 0.8233581280344338 0.09294490463014164 0 6.290821978416554E-8 2.4510089518369795E-8 -2.7620381099219216E-5
-0.19616860770583666 0.9039546015730862 0.09999999999999994 0 6.720060537460371E-8 2.2412953422741626E-8 -2.7631484903636477E-5
0.2216527773738334 0.8287572231622684 0.0932031971273528 0 5.9091441847093624E-8 -9.22940601598908E-9 -2.7620296502130933E-5
0.10414931811684251 0.6209165315731189 0.07394244219969823 0 4.506344771559214E-8 -5.2928342834772426E-9 -2.763997269167851E-5
0.1942511971230704 0.716812779625243 0.08273823779707914 0 4.878762641800692E-8 -1.6596901430329164E-8 -2.762363200989585E-5
0.14442364609626682 0.6895139486023729 0.07960445430492032 0 4.909092369304436E-8 -1.2597277533333047E-8 -2.7633131722454638E-5
0.1913914876174544 0.7797285375111098 0.08801717214843206 0 5.383789031866115E-8 -1.1290227001966663E-8 -2.7620022518283702E-5
0.196130597538861 0.9039628493277602 0.09999999999999998 0 6.619162840218652E-8 -6.671126986907522E-9 -2.7630188395805593E-5
0.020086990102898373 0.582926818943489 0.07076019404513119 0 4.236215764046545E-8 2.779119362676206E-9 -2.764166350126282E-5
-0.17894546311077822 0.7718277883825889 0.08706002927260566 0 6.013420746126827E-8 1.5199724054283673E-8 -2.7622948478205553E-5
0.04599891718688658 0.6542488180254783 0.07585611859697282 0 4.825714095327978E-8 -4.432873085315552E-9 -2.7639750160598594E-5
-0.007855133722757698 0.6491499078369714 0.07536310530979572 0 4.7877363732757766E-8 -4.4088012748028217E-10 -2.764060018638246E-5
-0.13380906082414654 0.7600240739879767 0.08523325950883376 0 5.644600626747238E-8 9.898346370750534E-9 -2.7626674049135602E-5
-0.04850890629174576 0.6781878024575423 0.07767733236817918 0 4.9554921071739794E-8 8.568242299886125E-10 -2.763686352995592E-5
-0.09794458893422112 0.7138796015511557 0.08090449857215169 0 5.207506665338249E-8 4.7096939082766796E-9 -2.7632101190575087E-5
-0.7603438011582597 0.3738096376808479 0.09217483686370775 0 2.0717207052825044E-8 5.609350398606789E-8 -2.7618204957629507E-5
-0.6767294999436547 0.3833870641168077 0.0857669286165472 0 3.0701760942920004E-8 4.8455180522620854E-8 -2.761126419737994E-5
-0.7186415188607147 0.46354605628657686 0.09293928953994947 0 3.037097151727698E-8 6.003882546676043E-8 -2.7617515978642703E-5
-0.14285595486183847 0.8282574032154251 0.09152546819348935 0 6.035481913468067E-8 1.5386020778985542E-8 -2.762594843093486E-5
-0.09363126894349026 0.9202489260084377 0.09999999999999998 0 6.457198061282938E-8 1.4404700685007505E-8 -2.762990667541828E-5
0.09361324045256657 0.9202507597854978 0.09999999999999996 0 7.121992712908651E-8 5.205135009924516E-10 -2.7629331024465667E-5
0.14341620299378274 0.8294494640794721 0.09164675622284839 0 6.193161610767888E-8 -5.823262359389618E-9 -2.762507548124731E-5
0.08739963386816947 0.6969472503405287 0.07943927986118828 0 5.183720715372742E-8 -9.111803139316605E-9 -2.7633919438427755E-5
0.1332242410665833 0.7460807458646898 0.0840331591986956 0 5.437989966712966E-8 -1.0687259632323275E-8 -2.762702509216974E-5
0.011531729957052445 0.7092408490309093 0.07999382505294728 0 5.2764723706214624E-8 -6.122507958777278E-9 -2.762956897436212E-5
-0.08028628936017151 0.7814679591465112 0.08645850584417021 0 5.3891704201249465E-8 5.796236301214156E-9 -2.7621802924638027E-5
-0.04561230651596534 0.7294921334214546 0.08175631121749642 0 5.174823095036426E-8 -1.245359443038939E-9 -2.762635985789173E-5
-2.6622719632600497E-6 0.924994933365257 0.09999999999999994 0 6.825898312475007E-8 8.365566255536916E-9 -2.7625127484070088E-5
-0.057540995049113024 0.8423979795604504 0.0918960227632853 0 5.7912202346465004E-8 1.003621262472981E-8 -2.7618673236489474E-5
0.04284010489062188 0.8515402282381707 0.09269147861274166 0 6.640408604703656E-8 3.493342565299951E-9 -2.7617448126059508E-5
0.06678793864290467 0.7745216917616873 0.0857326633705871 0 6.117852670042425E-8 -6.228021294975221E-9 -2.7620002566924852E-5
-0.010066347156763605 0.7750831353836388 0.08553470969702802 0 5.5985588881807445E-8 -2.4168719834590885E-9 -2.7612297363416784E-5
