% Model:
% Version:
% Dimension:          3
% Nodes:              691
% Expressions:        4
% Description:        Surface
% X                       Y                        Z                        Color                    DeformX                  DeformY                  DeformZ
0.09361324045256657 0.9202507597854978 0.09999999999999996 0 1.5195553178499428E-7 6.943369032251601E-10 0.049977027802873296
0.19613059753886136 0.9039628493277616 0.10000000000000006 0 1.4588166939961919E-7 -1.2815759003338593E-8 0.049977027234953925
0.2873578563384961 0.8792328678266589 0.09999999999999998 0 1.4364160299898713E-7 -2.4908873787298825E-8 0.049977034452896266
0.6177594130735132 0.6884753307245892 0.0999999999999999 0 1.2403690342738395E-7 -7.325283156292604E-8 0.04997703776432315
0.684790004400319 0.6218349412241562 0.09999999999999998 0 1.1519836390409645E-7 -8.353434802516668E-8 0.0499770322955104
-2.6622719632544978E-6 0.924994933365257 0.09999999999999995 0 1.4942449000244666E-7 1.4256138932546351E-8 0.04997703218009124
0.042840104890621886 0.8515402282381707 0.09269147861274166 0 1.429719181702316E-7 6.6212118870905345E-9 0.049977041024457096
0.37075219693550476 0.8474432642497914 0.09999999999999995 0 1.442169215350233E-7 -3.832464742401733E-8 0.04997703394289542
0.14341620299378263 0.8294494640794716 0.09164675622284833 0 1.370592784498171E-7 -8.868862017129731E-9 0.049977033691218795
0.2216527773738334 0.8287572231622684 0.09320319712735281 0 1.3418679172013327E-7 -1.707605146075878E-8 0.04997703846942686
0.29491717071644885 0.8166669280321706 0.09422261270086468 0 1.369294740796104E-7 -2.6599225158037178E-8 0.049977043793273106
0.5485314952955888 0.74480230687788 0.1000000000000001 0 1.273181067541204E-7 -6.073130392293327E-8 0.04997703568854146
0.5518007966248653 0.6760563257947593 0.09465507346897212 0 1.2002009845867334E-7 -6.24076930236671E-8 0.04997704549809005
0.5876935447112426 0.6161088910778022 0.09257893706827944 0 1.1475791588768535E-7 -7.20642645172865E-8 0.0499770454788559
0.750154542605984 0.541195955123228 0.09999999999999999 0 1.0208807783796503E-7 -8.926882648783001E-8 0.04997703436676704
0.6504705486077746 0.5465931881196746 0.09240305490818576 0 1.0231957422398801E-7 -7.93027557898753E-8 0.049977038174211126
0.8010710017272109 0.46249419126110153 0.09999999999999994 0 9.393223908502747E-8 -9.869239208137091E-8 0.04997703976541989
0.8437752416466553 0.3790359375932063 0.09999999999999998 0 8.34664426494501E-8 -1.0783651436074575E-7 0.049977036124198765
-0.09363126894349026 0.9202489260084377 0.09999999999999998 0 1.4558052218002624E-7 2.5979086212787966E-8 0.0499770281146092
-0.057540995049113 0.8423979795604501 0.09189602276328529 0 1.3409089269547992E-7 1.926478821329111E-8 0.04997704045437121
0.06678793864290467 0.7745216917616872 0.08573266337058709 0 1.3298610387833193E-7 -4.658076839473998E-9 0.04997703983641713
-0.010066347156763604 0.7750831353836388 0.085534709697028 0 1.279395867114838E-7 3.8528601219489355E-9 0.04997704775375878
0.33139114289377414 0.7785556133621918 0.09206768166444738 0 1.3492904116448204E-7 -3.474910703614404E-8 0.04997704506012776
0.46249999999999974 0.8010734985006057 0.09999999999999991 0 1.360376888126529E-7 -5.061388780557922E-8 0.049977029825327805
0.3836506929290542 0.7746515411716933 0.09384509082801115 0 1.3417943048181508E-7 -4.199385823191851E-8 0.049977037511077356
0.1913914876174544 0.7797285375111098 0.08801717214843206 0 1.2593248206755984E-7 -1.736042651003585E-8 0.04997703962394007
0.13322424106658332 0.7460807458646898 0.0840331591986956 0 1.24421502167595E-7 -1.3234825292932959E-8 0.04997703326886245
0.290977677915208 0.7546407636986491 0.08855875058870188 0 1.287485420968169E-7 -3.245055132116135E-8 0.0499770521867488
0.23873623781901876 0.768060257846817 0.08814793343306236 0 1.2443272096473186E-7 -2.3793621141979818E-8 0.049977048725563356
0.0873996338681695 0.6969472503405288 0.07943927986118829 0 1.1889992695306486E-7 -8.911883803520716E-9 0.0499770273616343
0.5230354883414245 0.6422697488364205 0.0903707538749386 0 1.1310534395703064E-7 -6.053606142347986E-8 0.04997705303999341
0.4904238791693691 0.6985151762406319 0.09277567976728547 0 1.1902840120878199E-7 -5.3666872509088797E-8 0.04997704195631808
0.49825230464030656 0.6040689738252 0.08623250303750964 0 1.038832541281821E-7 -6.291051695899946E-8 0.049977053551458275
0.5828756184496425 0.5332115379316272 0.08685116301599329 0 9.896406710191289E-8 -7.49280882381588E-8 0.04997704102318287
0.5354804188313992 0.5793968081607486 0.0867593250488703 0 1.0512291020057481E-7 -7.031772175807032E-8 0.04997705102025507
0.706135052883472 0.46732786457169856 0.09212747065803698 0 9.060060376690384E-8 -8.35408760376852E-8 0.04997704713206431
0.626960623589047 0.4522983371432033 0.08535306995964971 0 8.24318670819042E-8 -7.697336721715588E-8 0.049977043061435515
0.7564175363077812 0.3862256756237963 0.09237249347625182 0 8.37643453187516E-8 -9.682526305592402E-8 0.04997704859581694
0.7978472984237353 0.3041762806928352 0.09281227257926786 0 7.068838058724653E-8 -1.0109352082117971E-7 0.04997704059254211
0.5572755215547441 0.4510872900080025 0.08061070588876622 0 8.324803697535865E-8 -7.124949933703007E-8 0.04997703306998801
0.8809325160784339 0.2820885436790224 0.09999999999999994 0 6.88027911144474E-8 -1.0937895687618974E-7 0.04997703591924113
0.8318102133114372 0.22322523392999072 0.09353078509252773 0 5.968697238330921E-8 -1.0180720308224658E-7 0.04997704609412841
-0.19616860770583672 0.9039546015730862 0.09999999999999996 0 1.4723832316739999E-7 4.015835357874067E-8 0.049977027748894516
-0.14285595486183858 0.8282574032154257 0.09152546819348939 0 1.357160641397846E-7 2.9778396512502947E-8 0.04997703411321668
-0.08028628936017151 0.7814679591465112 0.08645850584417021 0 1.2632711998613492E-7 1.633021477061032E-8 0.04997703858745314
-0.04561230651596534 0.7294921334214545 0.08175631121749641 0 1.209302015390311E-7 7.125500195570902E-9 0.04997703477320576
0.011531729957052473 0.70924084903091 0.0799938250529473 0 1.2063600382506478E-7 -1.253796532340965E-9 0.0499770316857787
0.3464548928541494 0.7191482470167311 0.08759713317592265 0 1.2580163910764885E-7 -4.2080593238585673E-8 0.04997704207804184
0.41227210451772556 0.7140762315680476 0.090018645217313 0 1.2237447225167448E-7 -4.714252508618206E-8 0.049977037686154496
0.19425119712307035 0.7168127796252429 0.08273823779707913 0 1.1705730091072627E-7 -2.2946233411318717E-8 0.049977037117989294
0.1444236460962668 0.6895139486023729 0.07960445430492033 0 1.1569096522699335E-7 -1.5917415420892087E-8 0.0499770281800978
0.26473613188816314 0.6988930987695542 0.08313425830297129 0 1.1753954619381022E-7 -3.591301297390316E-8 0.049977043806040115
0.31546555307223756 0.6681703741372859 0.0824215607208193 0 1.1577102501002977E-7 -4.1551956869891124E-8 0.04997703656210008
0.04599891718688658 0.6542488180254783 0.07585611859697282 0 1.127326071532144E-7 -1.756061328875054E-9 0.049977022455713865
0.1041493181168425 0.6209165315731189 0.07394244219969821 0 1.0749040948500034E-7 -6.232711686845578E-9 0.04997702268798275
0.4534199638911959 0.634338879041937 0.0859386615701075 0 1.0547156031523698E-7 -5.412804242281962E-8 0.049977045206090746
0.4723939921181885 0.5653277489130147 0.08223903081434113 0 9.675775825514032E-8 -6.271563154267432E-8 0.049977043275904375
0.5096255127299391 0.5106912413470729 0.08097857821614195 0 9.255223410931369E-8 -6.78602787812273E-8 0.04997703651654631
0.49005227512439603 0.44470401859070546 0.07629562530822705 0 8.492418156897216E-8 -6.17649215807148E-8 0.04997702749807424
0.6719229666176102 0.3884051108238118 0.08561888827579651 0 7.390525078568146E-8 -8.701719259312969E-8 0.04997705429654918
0.585360990165672 0.3703838402167338 0.07867156144500052 0 7.029127260760345E-8 -7.538908213381746E-8 0.049977032659108495
0.7133503615870089 0.32015636681811027 0.08613118221459616 0 6.887829291292061E-8 -9.458748934391202E-8 0.04997704507640173
0.7561533810021166 0.25116889240286866 0.08746370240455795 0 5.899527809416565E-8 -9.43743232306687E-8 0.04997704332625268
0.4678168231247622 0.39722837411780604 0.07282402579327739 0 8.148642580924379E-8 -5.6563929667431466E-8 0.04997702687483044
0.5201731653431543 0.38799390136202994 0.0753439569886662 0 7.693936345871786E-8 -6.528272649903931E-8 0.04997702607996078
0.9051251569294584 0.19071818089926673 0.09999999999999992 0 5.725641577466347E-8 -1.134164655671293E-7 0.049977043252236536
0.7902639371480997 0.1788726841459575 0.08869278761371618 0 4.982271237682044E-8 -9.677863102069705E-8 0.049977055971255624
0.8510855832446352 0.14814580550682155 0.0937894978149824 0 5.184325495666699E-8 -1.0845743667252793E-7 0.04997705286176851
-0.2873939485029833 0.8792210714939994 0.09999999999999992 0 1.4284357091415987E-7 5.280905839689141E-8 0.04997703504705775
-0.23130254147882853 0.8233581280344335 0.09294490463014163 0 1.379361911104251E-7 4.424478987741333E-8 0.0499770404886158
-0.31654977457237843 0.8071051679018628 0.09409208829712742 0 1.29429288145676E-7 5.5107964175062825E-8 0.04997704416643063
-0.17894546311077822 0.7718277883825889 0.08706002927260566 0 1.3198686029309735E-7 3.1686558921913336E-8 0.04997703837187639
-0.13380906082414656 0.7600240739879769 0.08523325950883374 0 1.2756954944055677E-7 2.36406641906827E-8 0.049977034504956074
-0.09794458893422107 0.7138796015511553 0.08090449857215165 0 1.2032100579635833E-7 1.62212149697232E-8 0.04997702964891804
-0.048508906291745806 0.6781878024575432 0.07767733236817927 0 1.1556181880381361E-7 9.32746760912011E-9 0.04997702526471342
-0.0078551337227577 0.6491499078369712 0.07536310530979572 0 1.1206791876757447E-7 5.51637709428372E-9 0.04997702189760658
-0.22520922840433794 0.7458968973346558 0.08588793599516023 0 1.2997249399748692E-7 3.5683659306549645E-8 0.04997704626527091
0.3676404370066046 0.6367719158122648 0.08211917016769558 0 1.0912730392979873E-7 -4.619785574375256E-8 0.04997703309478091
0.1936377969261951 0.6392946953673746 0.07676490405819383 0 1.0963166774998304E-7 -2.1945995532497574E-8 0.049977026735209665
0.2841334503354857 0.6165726819630527 0.07759808624216208 0 1.0787408408100996E-7 -3.584659874938453E-8 0.04997702705399795
0.15199695343335892 0.5713443637747505 0.07128864354870554 0 1.0269510178405422E-7 -9.309018147092482E-9 0.04997702827125445
0.020086990102898376 0.582926818943489 0.07076019404513119 0 1.0247464589240565E-7 6.934864991287845E-9 0.04997702198279786
0.09263905094403112 0.5551170207203663 0.06943102413110944 0 9.763162508327465E-8 1.0158121122255006E-10 0.04997703019316624
0.40094975894605217 0.5652131577221657 0.07869394977656125 0 9.73155793087948E-8 -5.0423499384073456E-8 0.04997703025668354
0.44736034083495335 0.4974141441538551 0.07684191432450417 0 9.037705745922475E-8 -5.660864135223176E-8 0.04997702937881698
0.43140219656813134 0.4287675225971859 0.07244484890584983 0 8.541975470756303E-8 -5.019971764682085E-8 0.049977028432577536
0.6341588941531795 0.31283518999890125 0.0798162445324894 0 6.332329635401048E-8 -8.367621825452979E-8 0.049977035451078566
0.5293785213896149 0.3388907230126146 0.07386902220939724 0 7.084097412057336E-8 -6.607993152367896E-8 0.049977024940895426
0.5661686439840169 0.30314954318445153 0.07485251919573685 0 6.478036979890663E-8 -7.140995078264695E-8 0.049977026137435376
0.6744856330743808 0.25899543825752414 0.08106282636378112 0 5.722261565164971E-8 -8.699601495286064E-8 0.04997703581177126
0.7226994437477959 0.19973529248782174 0.08334138075756292 0 4.759598962592409E-8 -8.968681505100057E-8 0.049977043922089036
0.432283916850713 0.3802988180284773 0.07026687195777442 0 8.196464528877957E-8 -5.0106840126629085E-8 0.04997703229096953
0.471669282894354 0.34325991058700306 0.07076541111671207 0 7.570760053496199E-8 -5.713008684579753E-8 0.04997702742351905
0.9192877608705788 0.10260257931928718 0.09999999999999994 0 4.597915337383585E-8 -1.2072726310008615E-7 0.04997704271392275
0.8038717607621602 0.12213857484508563 0.08895470660031483 0 4.374141896959582E-8 -1.0526134339271444E-7 0.049977059176327526
0.7461230180043805 0.13265602880629776 0.08402816782270865 0 3.7240090744223526E-8 -9.640151657099473E-8 0.04997705356810813
0.8513706752696019 0.07427003550197267 0.09288407134507307 0 4.053674839061018E-8 -1.1285417789796463E-7 0.04997704847108375
-0.37078556224583165 0.8474286657041801 0.09999999999999998 0 1.3355219989672835E-7 6.178180805138984E-8 0.04997703454880367
-0.2837405614792432 0.7514739211838952 0.08805204152803742 0 1.2445231547646822E-7 4.462022917451596E-8 0.04997705345860228
-0.34402355613461416 0.7467533926463904 0.08979839619713195 0 1.1981558947065358E-7 5.344550884883556E-8 0.04997704422738398
-0.37812997462304876 0.7796968295885027 0.09405159466762453 0 1.2432899875447805E-7 6.101662969852217E-8 0.049977038384198556
-0.1720142422395265 0.7059350940103875 0.08139872432652721 0 1.2301526114109776E-7 2.659182939893348E-8 0.04997703280937846
-0.11459365381122653 0.6489796043007033 0.07609123122821615 0 1.1276169319219743E-7 2.1191795136932203E-8 0.04997702342116416
-0.05636556989485568 0.6123374883168238 0.07290850863136557 0 1.0783437970433557E-7 1.568450014296933E-8 0.049977021375935404
-0.25001651455608 0.6877574831582878 0.0818288600417976 0 1.194154359435771E-7 3.378295611021578E-8 0.04997704009093534
-0.052031801679697585 0.5443357511275841 0.06842717285738567 0 1.001739953456999E-7 1.847528697080737E-8 0.049977028528538754
0.3180361598450387 0.5508547874957042 0.07440724687637126 0 9.891745697287566E-8 -3.713462419725123E-8 0.0499770223572074
0.22784343961994075 0.5451094489255655 0.0712614275403811 0 1.0138323648785324E-7 -2.220648275933434E-8 0.049977025385929415
0.15223360853370177 0.5114589799667827 0.06762073099832457 0 9.736836727898761E-8 -7.858443870934972E-9 0.04997704277419581
0.001253333994083932 0.5186888782774371 0.06673044987207258 0 9.428992143584151E-8 1.002573964834007E-8 0.04997702920180316
0.04502055801070238 0.5239593119206278 0.06715619876796415 0 9.230433538889913E-8 5.002940901882431E-9 0.04997703123255635
0.09307018049889716 0.48701542238591894 0.06541754354915293 0 8.537338379945351E-8 -3.0197201551389597E-9 0.049977047034753294
-0.028427878816465992 0.4894039605592073 0.06510500934199118 0 9.287961451770705E-8 1.2431224289979939E-8 0.04997703349199301
0.3618627937090411 0.47199806236141684 0.07152593305679358 0 8.894589555571968E-8 -3.9246840893330705E-8 0.049977026264868524
0.3818998921620359 0.39282083230988174 0.06849211870683777 0 8.271034467647578E-8 -3.961940938871024E-8 0.04997704022650306
0.5964895386590119 0.24538252217967105 0.07505456752399718 0 5.767562378361518E-8 -7.462529242600865E-8 0.04997702745891814
0.5023235944487768 0.2915186453354023 0.07059623054924216 0 6.719234978462376E-8 -6.063704521648287E-8 0.049977025909917525
0.5325092597313041 0.25445661626164345 0.07121936353097057 0 6.17060706351639E-8 -6.374943568254467E-8 0.04997702688995543
0.6524176664552401 0.20477109599706136 0.07797707686621597 0 4.985417313593865E-8 -8.232141143635253E-8 0.049977032292677956
0.6908574756839181 0.1584953945063365 0.07995126254637963 0 4.0988635280635995E-8 -8.757017979658725E-8 0.049977039533671545
0.5953591891669738 0.1936606882201294 0.07369160395615945 0 5.265743287531636E-8 -7.345175549582367E-8 0.049977029224356304
0.6892086201904363 0.11760753932384704 0.079182235454291 0 3.560800528413835E-8 -8.913372860802079E-8 0.04997703865113534
0.405879084331799 0.3317218591300754 0.06705525860874957 0 7.693124385123726E-8 -4.9104711569874826E-8 0.04997704120601013
0.4374027432196878 0.28280425722565 0.06685837267776955 0 6.784674581110414E-8 -5.298040668862972E-8 0.04997703334619183
0.9249999999999994 2.4083227273235917E-16 0.09999999999999988 0 3.1317839011241756E-8 -1.197247544035825E-7 0.04997703846009066
0.7822439697509949 0.07342341173252223 0.08646750245519459 0 3.4068839997320994E-8 -1.0514923930399247E-7 0.04997705123071276
0.7247257834183622 0.08520662975023731 0.08165698245211614 0 3.1159479271076674E-8 -9.596876250465126E-8 0.04997704406946847
0.8252770499196596 2.2719212644267835E-16 0.09008727174442381 0 2.7627507769017847E-8 -1.0632266817124685E-7 0.04997704521390947
0.8548200389796248 -0.0652462727687064 0.09314675085287963 0 2.150194634050518E-8 -1.0743206467899679E-7 0.049977048103837116
-0.4625 0.8010734985006055 0.09999999999999995 0 1.291426302998598E-7 7.435648738638049E-8 0.04997703019067596
-0.4789401191209053 0.7197628636157833 0.09385470752197606 0 1.2068764909541522E-7 7.6966277710597E-8 0.04997703865319633
-0.5083123257938114 0.6756675576578802 0.09200745306162256 0 1.146654390852197E-7 8.111149832866573E-8 0.04997704675945
-0.32754350874215143 0.6890222378899378 0.08446715933764734 0 1.1498673759389642E-7 4.617106405518127E-8 0.04997704014367581
-0.41247406389305447 0.7144260354671815 0.09005646238462256 0 1.1919019073708369E-7 6.427359244995404E-8 0.04997703794563016
-0.19051431605916905 0.626194724144322 0.07575740850014469 0 1.095392556409927E-7 3.086877801296703E-8 0.049977025564750505
-0.12546868182070262 0.5661421054611622 0.07053660282173835 0 1.0073454125507387E-7 2.9335417902533975E-8 0.049977029405417484
-0.19168892528151546 0.5624523066487603 0.07149027116733264 0 9.749065340173782E-8 3.566256673318123E-8 0.0499770270556496
-0.29003290264585363 0.6297052539110426 0.07871782471366957 0 1.0916241881125858E-7 4.088811080577243E-8 0.04997702918531498
-0.10596501162257628 0.5041773372256166 0.0665257287102945 0 9.48543036592183E-8 2.6685755623537398E-8 0.04997704559513387
-0.0710277803670786 0.4813038479979327 0.0648997774631422 0 9.453511815939148E-8 1.7882233131382724E-8 0.049977041867998215
0.27234892372669683 0.47172217328134014 0.06829621029644013 0 9.04580479300852E-8 -2.7149500802417046E-8 0.04997702715730752
0.21079455863719812 0.4693257584201238 0.06648483672306539 0 9.35092676371681E-8 -2.0523917211745312E-8 0.04997703455198477
0.14985938251764008 0.45279307874260605 0.06437801254812757 0 8.954592049660958E-8 -1.6900467821393613E-8 0.04997704930460963
0.18545604713463826 0.4304739947807409 0.06393784680976806 0 8.69320669724387E-8 -2.1514374757510634E-8 0.04997703869508135
0.11053788187593885 0.4306223745782792 0.0626902062642271 0 8.074373776345963E-8 -1.4570872955349941E-8 0.04997704527347726
0.019795838688718648 0.4703114259817322 0.0640444060829731 0 8.597943438761047E-8 4.411942748472532E-9 0.04997703357228222
0.06533055038853271 0.4354649165439313 0.06247764990259347 0 7.904397351504035E-8 -5.913372656122523E-9 0.04997703856413534
-0.04037960269203985 0.4408570318083466 0.0625957773306699 0 8.705333712934201E-8 9.745399223024588E-9 0.049977034899212264
0.3329058545937796 0.33325924236807375 0.06406157186555389 0 6.731652862059521E-8 -4.1193082641500234E-8 0.049977054349588025
0.30693864167133966 0.4042133776050551 0.06608285286906407 0 7.750694734115873E-8 -2.9529393583492793E-8 0.04997703887853695
0.5387084587482874 0.20560708274998704 0.07032262751622614 0 5.694338965146769E-8 -6.323397991764163E-8 0.0499770321607556
0.47599510640454495 0.23047538821938993 0.06733340193971542 0 5.896899387341042E-8 -5.4218310532382166E-8 0.049977033971964936
0.5285393108936259 0.16518893231571916 0.06885934434787161 0 5.363185454516562E-8 -6.207616128383192E-8 0.049977040462413774
0.6359863797306671 0.1341128294488754 0.07542020319546491 0 4.2133003167977726E-8 -8.084477405468463E-8 0.04997703127469145
0.5665181445886517 0.15558354761445173 0.07104008880031383 0 5.1214177642571116E-8 -6.942250250636206E-8 0.04997703390002753
0.660910431014522 0.06111123862815046 0.0764443497197492 0 3.094477442845355E-8 -8.556862917359634E-8 0.049977031157783104
0.3628225028367361 0.2686598783514226 0.06303900336729049 0 6.192699801520626E-8 -4.77360044055205E-8 0.049977039660342774
0.40159415937487913 0.22227119456522582 0.06342742714419668 0 5.454380120294398E-8 -4.8000025725213097E-8 0.04997703614793514
0.8374232558848936 -0.1293417213860296 0.09218338983550127 0 1.3653479943053147E-8 -1.0747907133480879E-7 0.049977057286682516
0.9192877606928149 -0.10260258091221071 0.09999999999999994 0 1.8200545353054426E-8 -1.1724603968949661E-7 0.04997704412179427
0.736498120183538 1.9461726324828643E-16 0.0822207664498539 0 2.1852478274370736E-8 -9.439428719990373E-8 0.04997703985657265
0.7859407931602105 -0.07401767626946824 0.08680140328934059 0 1.4458329175601559E-8 -9.626851220232899E-8 0.04997705275717962
0.7880045515761323 -0.12910173677696724 0.08762058220646912 0 7.264179865850449E-9 -1.00138013138142E-7 0.0499770618936913
0.7883546035916829 -0.16488856810254315 0.08824892692988198 0 2.929914436293792E-9 -1.0494921258971879E-7 0.04997706066393442
0.7597010793028802 -0.19500257071099414 0.08634694259141451 0 -3.88185126506255E-9 -1.0196224296433223E-7 0.04997705350217627
-0.5485031394581955 0.7448231888659758 0.09999999999999998 0 1.22652811297526E-7 8.748649296270705E-8 0.0499770359598881
-0.5596851197575441 0.6634042603718276 0.09419033697962353 0 1.0879728583880143E-7 8.698307496907301E-8 0.04997704639495594
-0.4499036574234318 0.6597655574984556 0.08762543161615084 0 1.1642715594979786E-7 6.969557311557888E-8 0.049977043049866075
-0.5084523869045262 0.6310249340793687 0.08870435188239581 0 1.0967724049654578E-7 7.714669632367361E-8 0.049977053987754996
-0.3679940573528886 0.6373844042186184 0.08217817873449768 0 1.1169689246853919E-7 5.312685796400608E-8 0.049977033141179794
-0.42125713605646403 0.6077940464059373 0.08247265847688973 0 1.1105708208469314E-7 6.123700071184092E-8 0.049977037607815925
-0.5445828559277581 0.5931276201062035 0.08823074690283744 0 1.0033539784702105E-7 7.754794766891715E-8 0.04997705160407634
-0.2598642375444073 0.5690891545970852 0.07365958600480058 0 9.948417564710728E-8 4.1184017524770027E-8 0.049977022699624916
-0.146043412013244 0.5032640730580226 0.06704541835555089 0 8.880807703642195E-8 3.194378390539722E-8 0.049977045675620384
-0.17773060720916645 0.5259463281585312 0.06894804779728927 0 9.06107136559309E-8 3.568174041031519E-8 0.049977034527437965
-0.21172158677062325 0.5198781223671345 0.06933829044213057 0 8.944066809834513E-8 3.8604749585363813E-8 0.0499770295163268
-0.31860245148696237 0.5518356333914171 0.07448895588812982 0 9.869732774068274E-8 4.885086219102356E-8 0.04997702200905785
-0.14030890931253803 0.4679836164169959 0.06501280116403946 0 8.448579805606191E-8 2.4982084928810576E-8 0.049977051977078746
-0.1029411460718821 0.44640858274387013 0.06338188130081228 0 8.777627498836313E-8 1.601931208570959E-8 0.0499770479391636
0.2318898921058528 0.4016450748890024 0.06367695651733307 0 7.901694943896972E-8 -2.523792525328056E-8 0.049977033155946295
0.15384627156060382 0.38391173658918915 0.06118533303935767 0 7.720949568499427E-8 -1.9917958891575412E-8 0.04997703296562632
0.08567704016096146 0.39343427128029224 0.06068036954612458 0 7.568721746460812E-8 -1.0643535715840489E-8 0.0499770335385238
0.05891091878969271 0.3561813785904501 0.05888183035860122 0 7.201895615824364E-8 -3.972239764674535E-9 0.04997702636326053
0.013052198219917915 0.38970549808144694 0.060109559393507296 0 7.649332343861123E-8 2.0013118067377945E-9 0.04997702781940998
-0.07539656272461731 0.38263872680028077 0.06011274428033935 0 7.734361729401295E-8 1.2141171515637688E-8 0.0499770303355894
0.29687695963224414 0.26583446546620587 0.06049214663587172 0 5.7524460769548816E-8 -3.825811808582155E-8 0.04997703389658683
0.2625418688185837 0.33648330779519714 0.06181290503458571 0 6.50376210498418E-8 -3.100876578309634E-8 0.04997703595759208
0.4879508039440347 0.1753290332884817 0.06671893154849401 0 5.227475402025729E-8 -5.423146903268569E-8 0.04997704586086102
0.44078820931890456 0.1777885340956575 0.06428879605061416 0 4.6983320755299485E-8 -4.9252307653383254E-8 0.04997704491760529
0.5192463818471629 0.12824117265253684 0.06769417632898124 0 4.993070180755183E-8 -6.430881236401704E-8 0.049977046970825084
0.5800435663390094 0.07440259297015445 0.07086095755136958 0 3.917075343588324E-8 -7.480011064048557E-8 0.04997703106323784
0.637168246229727 1.7636191275501274E-16 0.07448630903843242 0 2.470841486671919E-8 -8.096757732949557E-8 0.04997702795643238
0.394490378891255 0.17177804019933987 0.06198157459134764 0 4.407305621320518E-8 -4.6467018434935716E-8 0.049977038074637985
0.33827356631260735 0.19741612693850674 0.060186571415137134 0 4.964185989285866E-8 -4.131465789513826E-8 0.04997703047051354
0.823080640176532 -0.2073363860609292 0.09232209730203018 0 1.0052011424694399E-9 -1.115224403819104E-7 0.04997705236384928
0.9051251563026288 -0.19071818387397393 0.09999999999999996 0 5.749460554904044E-9 -1.2057833597374186E-7 0.049977045954572995
0.6918887433807663 -0.06772116765551028 0.07886795692620671 0 1.170609989228566E-8 -8.624753090859976E-8 0.04997703701367101
0.7325342916850162 -0.13408386908087777 0.08291013088256638 0 3.097036548048119E-10 -9.327671421913243E-8 0.04997705206339292
0.7578046117703348 -0.24801668508133748 0.08751626752734717 0 -8.595681810821939E-9 -1.0001400985729947E-7 0.04997704743299038
0.7040732060431756 -0.2032143579310842 0.08191372549943252 0 -6.9111925888509255E-9 -9.184591396462078E-8 0.04997704339309203
-0.6177328508859397 0.6884991641819087 0.09999999999999995 0 1.105786988158502E-7 9.363223668734406E-8 0.04997703760832178
-0.6071515389330133 0.6092519905512257 0.0934219469334025 0 9.937313817208168E-8 8.945047269346418E-8 0.04997704170312953
-0.5735399527378838 0.553508622043815 0.08749015204644302 0 9.515019173450383E-8 8.080741191797695E-8 0.049977043106402164
-0.47303326379715877 0.5791284533565412 0.08316905076856485 0 1.0682358975808559E-7 6.57002795956135E-8 0.04997704562794501
-0.39181543828090004 0.55445735722153 0.07760084140770421 0 1.020548057799945E-7 5.71329797031239E-8 0.049977027674441135
-0.5240933648557364 0.532232296917964 0.0831006990315747 0 9.608053245518782E-8 7.143068838909866E-8 0.04997704074432647
-0.2730034360466586 0.47285582187369307 0.06837705113188602 0 8.567472580666992E-8 4.666306168700059E-8 0.04997702645546743
-0.19156331121345604 0.4731617410648762 0.06625147072173328 0 8.155083340150904E-8 3.36417239579289E-8 0.049977038833889445
-0.3580569939172612 0.4725541821277962 0.07140049698238948 0 8.724619192975718E-8 5.817218489715975E-8 0.04997702566168158
-0.30165136280488036 0.4184145297189895 0.06656200918217181 0 8.139512330476106E-8 5.2513454179862504E-8 0.049977034772268926
-0.157502577302292 0.4062797025959702 0.06224976286168573 0 7.694023009066447E-8 2.1793842459040905E-8 0.04997703760326536
0.1923176439095004 0.3331039304431941 0.059877835485628056 0 6.82404831021804E-8 -2.2421179939472204E-8 0.04997702608003692
0.10763513709501452 0.32249572723181036 0.058047784011843524 0 6.87782543321786E-8 -9.741208484700378E-9 0.04997702404548649
0.02555769618970364 0.3104658173674803 0.05699894508193309 0 6.693855320007004E-8 5.395564456349783E-9 0.049977027277695735
-0.04439277195221167 0.328710102628296 0.0577329050528648 0 6.815811216449348E-8 1.2595140787451091E-8 0.04997702532820713
-0.11902524067374878 0.32805250160257865 0.05839824108948766 0 6.77315922182681E-8 2.018378025864344E-8 0.04997702381688
-0.017053837843317182 0.27836069099312905 0.05590951428308119 0 6.066619333538342E-8 1.390219369307795E-8 0.04997703344456588
0.011677278178983168 0.25977319628253465 0.05533524160416193 0 6.050947642155225E-8 1.1312573262305972E-8 0.04997703924306932
0.26432978404622737 0.19520810401833602 0.05761727712614054 0 5.189643254211475E-8 -2.921164894472997E-8 0.04997702744410431
0.22703812963746223 0.26409762190385005 0.058370438456053005 0 5.849455711049722E-8 -2.5374711640284273E-8 0.04997702525077448
0.4615326701397575 0.12346215125476942 0.06442192515091573 0 4.00483082000662E-8 -5.7737248233348494E-8 0.049977057161148954
0.41609697408913515 0.13788398400008958 0.06237868126929303 0 3.7489916954353504E-8 -5.019948407047529E-8 0.04997704531677972
0.493812622045095 0.06489296717588176 0.06554297030555511 0 3.7205725911909805E-8 -6.645123893047527E-8 0.04997704394184433
0.5965173615012843 -0.07939251741876009 0.07200225824383245 0 1.7129864556583035E-8 -7.422907867087692E-8 0.04997703108930636
0.5449077695259101 1.790659953385319E-16 0.06830916124377963 0 2.9192770573677533E-8 -6.848376800641719E-8 0.04997703198561765
0.35923719947272786 0.12552401442410066 0.05970040660633742 0 3.825121175992185E-8 -4.3891332330031855E-8 0.049977031793864764
0.23462332403576253 0.13422621113694225 0.05564316792853833 0 4.8751730417564504E-8 -2.3029436630284436E-8 0.04997703806522428
0.29070078878885497 0.12979410487969603 0.05724274123768994 0 4.4495454224143475E-8 -3.3466925245307594E-8 0.04997702864292668
0.8014927716328408 -0.29144105877124366 0.09271262928645599 0 -1.0326712580032225E-8 -1.0529546489707599E-7 0.049977045109156015
0.8809325145611795 -0.2820885484172241 0.09999999999999999 0 -7.558754599876377E-9 -1.1812074647247262E-7 0.04997704018969864
0.6510493529215736 -0.15514133280147802 0.07686356365481603 0 1.2901079052240632E-9 -8.318142235972399E-8 0.04997703501677415
0.5770279320473077 -0.1518434761804153 0.07165568912865206 0 8.844732860405662E-9 -7.433092920433938E-8 0.04997703483834733
0.7173493567573875 -0.3169596225802428 0.08634023460744476 0 -1.723704700257176E-8 -8.859843034100643E-8 0.04997704943077389
0.6897625743522149 -0.264441860913035 0.0824063475266023 0 -1.3257277134784025E-8 -8.701202944702213E-8 0.04997704188143969
0.6384778628041973 -0.23491899962832427 0.0777084562971251 0 -9.027886132380943E-9 -8.1186470214919E-8 0.049977034266176834
-0.6847646792234083 0.6218628292777221 0.09999999999999995 0 1.0135808832993532E-7 1.0160160418571211E-7 0.04997703163084395
-0.6465139113454264 0.538316822314734 0.09160194260007758 0 9.327982784285001E-8 9.586398591870504E-8 0.04997703779833921
-0.5770660846669927 0.4836246905463882 0.08360849061752018 0 9.032064894896373E-8 8.232968875673823E-8 0.04997703610627639
-0.45509595152323246 0.486640439064581 0.0766367028663977 0 9.057293582487025E-8 6.546492859786154E-8 0.049977028257956704
-0.41803303753571375 0.41861066103869105 0.07131407766744806 0 7.650797067656276E-8 6.59704497796779E-8 0.04997702966701592
-0.5228737105474611 0.469403410425903 0.0794598201715015 0 8.846135008846135E-8 7.364442023816666E-8 0.04997703074843195
-0.2326279902659774 0.402923498403311 0.06375456788963607 0 7.824273845472622E-8 3.7652721607980894E-8 0.04997703243933681
-0.2807191746564195 0.3771430143239577 0.06401358518053686 0 7.890664992551798E-8 4.640142547626877E-8 0.04997703888079914
-0.366851516506518 0.3914531813319968 0.06779342734587492 0 7.291262612941988E-8 6.227694586184581E-8 0.04997704258811546
-0.31784422091904324 0.3574692689417032 0.06445327462614314 0 7.619275377050528E-8 5.124359987778009E-8 0.04997704999458466
-0.19326570388917427 0.3347460184966118 0.05996054906425582 0 7.048360841842756E-8 2.9678852124290792E-8 0.04997702562814092
0.14969050843762158 0.2592715660247785 0.05657975437506353 0 6.090733527864363E-8 -1.2082408240372593E-8 0.049977023905838476
-0.15073713287945018 0.26108437273446894 0.05665087411303694 0 5.785629205335292E-8 2.8380255167408173E-8 0.049977023145857356
0.06630901180929023 0.250856535710505 0.0553186995326227 0 6.211068102817589E-8 1.7309812046642998E-9 0.049977034185603064
0.017981432514459814 0.22651294475696923 0.05443142027174295 0 5.776914435114435E-8 9.009231445648808E-9 0.049977050137229875
-0.07471068043782808 0.2615864764835527 0.0556965634877458 0 5.595413452604481E-8 2.0110959132477876E-8 0.049977030371895215
-0.014253461472862217 0.23459230484404994 0.05463523466770248 0 5.3722438750736786E-8 1.4294968102243623E-8 0.04997704779281241
0.20062573683728832 0.09527047772396216 0.05430115527057267 0 4.350481635710336E-8 -2.174730639420106E-8 0.04997705305059147
0.18890830540911194 0.1893292231980287 0.05555650018582656 0 5.228192980668999E-8 -1.4524859019834938E-8 0.04997703302816013
0.18353225708574536 0.1263657612272312 0.05431954168807018 0 4.485320162234267E-8 -1.421313856618126E-8 0.049977052557321024
0.4146151646677903 0.077681020975073 0.06157475739077052 0 3.055183905042103E-8 -5.44018235805162E-8 0.049977040190794825
0.4636209692030302 1.4593888372567647E-16 0.06366862151549985 0 2.5106140138313338E-8 -5.7530923650532116E-8 0.049977037253371076
0.5270134709035552 -0.12362075461980128 0.0680883893303861 0 1.5889753543397506E-8 -6.620739573554902E-8 0.04997704640194875
0.5078212312272355 -0.05773868566153319 0.06628756501631428 0 2.133479787915265E-8 -5.96263386545135E-8 0.04997704142279136
0.3331467524821928 0.0633273262949379 0.05801432008933982 0 3.294068498671653E-8 -4.1018332762122596E-8 0.04997702664564593
0.2538184516803514 0.06940494742292715 0.05542696753822805 0 4.028903285269876E-8 -2.9950924100393723E-8 0.04997703545050341
0.7635253857731481 -0.3782532475337201 0.0926398396720293 0 -1.9688603659483605E-8 -9.774122604629055E-8 0.049977052997309444
0.8437752388147 -0.3790359438971111 0.09999999999999999 0 -1.908145023832599E-8 -1.0963853560072216E-7 0.049977041874165656
0.5898871014295897 -0.20776639827421509 0.07364495662277286 0 -1.8099324252083514E-9 -7.657471000954217E-8 0.04997703163702674
0.5408130551366508 -0.18150058753720788 0.06992281214701015 0 5.803705145065637E-9 -7.221112940426725E-8 0.04997703811509578
0.6777956079436661 -0.39290477214771746 0.08626804024189792 0 -3.095210879054896E-8 -8.556721555078262E-8 0.04997706156364174
0.6346730356926773 -0.3174870091624343 0.08001946855914076 0 -2.2093124949705723E-8 -7.724343592643641E-8 0.04997704097382384
0.5796784116794852 -0.2776116098201063 0.07488927562467991 0 -1.3519943871382866E-8 -7.346257811943435E-8 0.049977030739957934
-0.7501326501074496 0.5412263004122693 0.09999999999999999 0 9.259823479892421E-8 1.1349622214694084E-7 0.049977033191043685
-0.7186415188607144 0.4635460562865767 0.09293928953994947 0 8.264543302195461E-8 1.0892468401438316E-7 0.049977045895590544
-0.5580584193120213 0.42548332869284045 0.0793877523859349 0 8.404577447578564E-8 7.981113108620302E-8 0.04997703039841595
-0.6328963674406778 0.4470501467799965 0.08550954643040555 0 8.779908786733266E-8 9.353517465688585E-8 0.04997704301376607
-0.6767294999436545 0.3833870641168075 0.08576692861654717 0 7.808968682034099E-8 9.475427010869719E-8 0.04997705283984199
-0.4324706598932547 0.3595596935895599 0.06940707877592157 0 6.560600539900815E-8 6.604693060232388E-8 0.04997703252218802
-0.48200836859227103 0.4026983386005155 0.07383556549613608 0 7.617092028615653E-8 7.120181274476638E-8 0.04997702520632036
-0.5442886348821633 0.36830034160648034 0.07595460109733419 0 7.48881645269391E-8 7.835595213898469E-8 0.04997702559205033
-0.3182526738785638 0.31228528282505874 0.06275542647814243 0 6.986855838935619E-8 4.434971309199154E-8 0.04997704654965292
-0.25621859628623345 0.32661564029958035 0.06125711843708684 0 7.283439036808412E-8 3.854561656114681E-8 0.04997703336394972
-0.37474174799433474 0.325215240573534 0.06543736846884436 0 6.216292967639431E-8 5.420938593638763E-8 0.04997704869142557
-0.4300985673768074 0.3012630280350379 0.06711000127247038 0 5.8593950654288693E-8 6.38339706286486E-8 0.04997703346031652
-0.22695325756190313 0.2565120405768185 0.058144911454045704 0 5.988360868227922E-8 3.637279456311452E-8 0.049977024245269126
-0.18350196867475074 0.18844743574056294 0.05542383280391715 0 4.7183471976521337E-8 3.6067836823424825E-8 0.049977032879669335
0.11136664405289663 0.19289268576805546 0.0543171535525474 0 5.2955626518367985E-8 -5.085264445159116E-9 0.049977037513288136
-0.1122914677939212 0.19449452747555573 0.054363926326504504 0 4.7698850358224263E-8 2.5121176992733265E-8 0.04997703683725012
7.833096257776418E-4 0.19069362679459012 0.05356840441819727 0 5.0057965752035254E-8 5.0975985667488455E-9 0.049977056614565446
0.04520143550094839 0.18418512355280772 0.05354594410814683 0 5.3401431511875924E-8 -2.399180382725129E-10 0.04997704939406839
0.017173734845246678 0.1662656573333219 0.05309215701680856 0 4.84115324891983E-8 6.205911050910925E-11 0.049977052083328644
-0.04746651353754764 0.1829715324610284 0.053532622158623755 0 4.474042383225122E-8 1.2319999887363235E-8 0.049977048623123674
0.1909210649037195 0.04684254353730668 0.05369730809312632 0 3.426868438328566E-8 -2.364624201019418E-8 0.049977048531759986
0.15384433041034729 0.09209874155024392 0.053330182368177645 0 3.469885649490609E-8 -1.628098157524009E-8 0.04997705656489263
0.13647605991683223 0.1435082568468913 0.053729825805134857 0 4.298731336256968E-8 -8.46705129344572E-9 0.04997704723637907
0.38492668203237634 1.0023152680894796E-16 0.05989052034096669 0 2.220764271458271E-8 -4.6897663057397006E-8 0.04997702955281647
0.4253355502182104 -0.06042681663517086 0.061949401873126426 0 1.3126025083577619E-8 -4.8672885961435204E-8 0.049977040427147075
0.48600244774065643 -0.18106149615140063 0.0667271620082264 0 3.741961102140433E-9 -6.730354463778271E-8 0.049977047285730235
0.4535801009187721 -0.11979187747949692 0.06395953291420167 0 5.49768477051573E-9 -5.506514014818703E-8 0.0499770578476181
0.30024351839566077 1.0287337474471442E-16 0.0566089984335615 0 2.7443242098353384E-8 -3.548337650460582E-8 0.049977026310432195
0.2238875048948223 7.961310541061857E-17 0.054346295287657866 0 2.971258796028033E-8 -2.51806514168753E-8 0.04997703916674836
0.7176713367395706 -0.46521260674377907 0.09294805270739667 0 -3.481667877845549E-8 -9.820011778547269E-8 0.049977054140148275
0.8010709981238167 -0.46249419750242293 0.09999999999999998 0 -3.1384310207705506E-8 -1.0718347184945569E-7 0.04997704700500233
0.526450453306162 -0.2376825100162034 0.07038843476625323 0 -4.148972157125407E-9 -7.003032650835433E-8 0.0499770324194108
0.4546475825643904 -0.23293628734368743 0.06627327609670221 0 -4.379983909149693E-9 -6.052592856369152E-8 0.04997703838462575
0.5306797663003683 -0.29923675531161764 0.07251363051783592 0 -1.4475709946868343E-8 -6.78383264682623E-8 0.04997702933420132
0.6103906305879975 -0.40135765312469507 0.08172372928462608 0 -3.5469873870832815E-8 -7.671800801545543E-8 0.04997704620881497
0.6403517767463041 -0.46278562534170165 0.08686037768572827 0 -4.0253617778011645E-8 -8.492454129314105E-8 0.049977051160619936
0.5664981365845182 -0.34007595181336636 0.07621962270586985 0 -2.3665576245866247E-8 -7.054880374819529E-8 0.049977032947785105
-0.8010558185062641 0.4625204886241073 0.09999999999999998 0 7.948808422230102E-8 1.1782107150681183E-7 0.049977038050551544
-0.7603438011582597 0.3738096376808479 0.09217483686370775 0 6.748598660472503E-8 1.0750243775224839E-7 0.04997704527320643
-0.6064827120561795 0.3683452405387546 0.0800133246078764 0 7.88121801882848E-8 8.516688391471535E-8 0.04997703524933776
-0.6554904399290363 0.3258387756938692 0.08184700708932659 0 7.119782710321272E-8 8.969724192841612E-8 0.049977038963950796
-0.7173789460644423 0.3218656625868021 0.0865204629875929 0 6.578070799898499E-8 9.898008865371261E-8 0.049977043174265275
-0.4490633670822638 0.262933614095089 0.06682964731028332 0 5.5333488112251566E-8 6.811721585951546E-8 0.04997703113015664
-0.561964870759204 0.31624700130713357 0.07504348009682706 0 6.744923855126941E-8 8.093071092729517E-8 0.04997702461660838
-0.4969688691845382 0.31115828345845914 0.070963541880969 0 6.251643313992408E-8 7.390249521791824E-8 0.049977024340102795
-0.3445240713159381 0.2767146512083848 0.0625551726814487 0 6.153538198029118E-8 4.6984207740714115E-8 0.049977040365980566
-0.29822944351534514 0.2720284218761082 0.06072614652584281 0 6.39927613134618E-8 4.1807489408873384E-8 0.049977034513480685
-0.278960464150049 0.23105339123962187 0.058930977919053947 0 5.641876284171692E-8 4.183811270414439E-8 0.04997702710741359
-0.39866775255885006 0.2551376793832062 0.06418286265211672 0 5.601244186836395E-8 5.844203454928145E-8 0.04997703537190313
-0.43855507291261625 0.22078311851591842 0.06514753629020965 0 5.2305713782462345E-8 6.82954039591276E-8 0.04997703536651195
-0.25569422992480945 0.18010642956677383 0.05704280655464758 0 4.594986961787184E-8 4.2131190474940164E-8 0.0499770277157454
-0.22047029564306936 0.14293411554993973 0.05541545974285534 0 3.761218097561106E-8 3.99086054498854E-8 0.04997703897555763
-0.18680865935078536 0.12991541986645877 0.05443956342319764 0 3.771919916454699E-8 3.6185903516770344E-8 0.04997705015685638
-0.13865734030206037 0.13413724110678016 0.05361667711440055 0 4.3559348691830774E-8 2.8347734876997417E-8 0.049977048905800084
-0.13558426904309848 0.09984465055515283 0.05311549222562181 0 4.092267514054265E-8 2.3839898495378588E-8 0.04997705229207757
-0.25161809751440434 0.1255049475699697 0.05598231997151887 0 3.507117097526209E-8 4.129932883250232E-8 0.049977033713486024
0.19420772375092543 -0.04676552312468657 0.05376845209193871 0 2.2083618470201384E-8 -1.8221073908489E-8 0.049977048712161035
0.07844894660138703 0.13587756131386025 0.05290437550856243 0 4.245930459312872E-8 -5.651276304440711E-9 0.04997704447438334
0.1581850159804538 4.03666044625459E-17 0.05292729798071231 0 2.4054223778681058E-8 -1.631756237026424E-8 0.0499770458942342
-0.0793293077376864 0.13740239153093967 0.05293577949983721 0 4.274383586125708E-8 1.5842541605461345E-8 0.049977044245246
-0.10192189467460562 0.10267269443312377 0.05269596908601703 0 4.112677940191448E-8 1.8284942031933486E-8 0.04997704572134658
-0.004334214649360648 0.15163914092247652 0.05281372846092682 0 4.442026364033169E-8 1.563805223736532E-9 0.04997704948107983
0.035198297345602834 0.13784946141786308 0.05265706254873472 0 4.37157813938889E-8 -2.816695962796106E-9 0.04997704556556803
-0.03647527919163236 0.1302798698937503 0.05254752074115307 0 4.131646255148589E-8 6.796668514029081E-9 0.04997704407596414
0.12737884186502524 0.04457914646124021 0.05254239887577797 0 2.7205326212886712E-8 -1.4509653244599849E-8 0.04997704582548959
0.10177697427875258 0.08834048795367636 0.05253956863179542 0 3.260950080327925E-8 -1.004360518507923E-8 0.04997704536219714
0.34118511954802583 -0.062154607897978366 0.058312559079427444 0 1.523698345436988E-8 -3.9787848687184784E-8 0.049977028080644505
0.37836392981717903 -0.12391451309547875 0.06047575124681005 0 3.1136674636262663E-9 -4.545408328550847E-8 0.0499770371946628
0.41238404925178007 -0.18021837395374024 0.06296662723972753 0 -2.8202064756816393E-9 -5.3672202073897785E-8 0.04997704287798842
0.1676578507312959 -0.08204581170599337 0.05348225864611659 0 1.3469211801025085E-8 -1.5573150660990487E-8 0.049977058034309414
0.20181374228166962 -0.09141964150518621 0.05428754190491373 0 1.8332280486405975E-8 -2.198775376990035E-8 0.04997705389522883
0.25485064501553883 -0.06881848120103617 0.05545206946541742 0 2.146713329726918E-8 -2.8648129036780848E-8 0.0499770361336848
0.6644823007055147 -0.5389515943966049 0.09297818153954257 0 -4.494511602331809E-8 -8.872861009471798E-8 0.049977046321959664
0.7501545366059805 -0.541195963440213 0.09999999999999984 0 -4.442893079529251E-8 -1.0280176815429577E-7 0.04997704274956225
0.6027366073062329 -0.5213223560235656 0.08747588350371878 0 -4.436861461517539E-8 -7.646360486301986E-8 0.04997704791793702
0.3907221727608636 -0.23584567652234328 0.06329187670784996 0 -6.819938629514616E-9 -4.736275769862681E-8 0.049977039495803934
0.47890979704271586 -0.2863984098188226 0.06912760288748078 0 -1.0051188236483812E-8 -6.186036334694059E-8 0.04997703235769045
0.4250914842628162 -0.2904030737883922 0.06650384046370365 0 -9.197088463812444E-9 -5.245834940339768E-8 0.04997703977434
0.5018045759598764 -0.3463645861940246 0.07254833341115846 0 -2.002781791101921E-8 -6.348842796425853E-8 0.049977030358277906
0.5395049675561714 -0.4037977139333864 0.07721405836956645 0 -3.188244409977354E-8 -6.704480395777593E-8 0.04997703431369438
0.5629289159938321 -0.47314451663551055 0.08212579004392509 0 -4.1073366929002745E-8 -6.941670215921362E-8 0.04997704241452017
-0.8437609348289447 0.37906778281416026 0.09999999999999995 0 6.72190627684346E-8 1.202676274292751E-7 0.04997703377527889
-0.7888004165309437 0.2903760964571749 0.0915314985584158 0 5.8836353874071174E-8 1.136771383146551E-7 0.049977038772296985
-0.6102329054490165 0.2953318100128198 0.07752504764743698 0 6.611217371691571E-8 8.60665054667063E-8 0.0499770284738336
-0.6672358697757713 0.2726523999513782 0.08092297245691278 0 6.292615112361269E-8 9.36459466950536E-8 0.04997703353171786
-0.7578216461505273 0.23114048963723496 0.08705889216020636 0 5.530326834819614E-8 1.1147270426739027E-7 0.049977042412072285
-0.7250638207162802 0.2644091498704253 0.08523826785223539 0 6.004792669117953E-8 1.0351264910580887E-7 0.04997703860935982
-0.49761740681994665 0.2259943198914076 0.06840949555720777 0 5.055651666530716E-8 7.750314179723594E-8 0.04997703110337568
-0.5531916805568725 0.2548390044927608 0.07250231820116229 0 5.631618985402301E-8 8.219725243378989E-8 0.04997702447492059
-0.3304177610769968 0.2075632873895256 0.060121873146272396 0 5.338480823599702E-8 4.864127951804384E-8 0.049977029219286775
-0.40020050920329836 0.18553375498639196 0.06251643484045977 0 5.154025140948658E-8 6.126003380701221E-8 0.04997703640278021
-0.4509389353459413 0.1806295394110867 0.06485872161226297 0 4.8629812926278556E-8 7.186055259896372E-8 0.0499770435137566
-0.3081655557366316 0.12979030410922685 0.057834162632571066 0 4.037089753758958E-8 4.710284733073095E-8 0.049977026587427954
-0.21413652185417031 0.10501643106435352 0.05472829937040968 0 3.076700130820867E-8 3.578596323683475E-8 0.049977047085326555
-0.1657690318723487 0.09663028560186343 0.05359396061230914 0 3.712135664120362E-8 2.7773466189909736E-8 0.049977057306705513
-0.13208776332768432 0.07040426877471608 0.05277929135503944 0 3.717987285555566E-8 2.0616878400797858E-8 0.04997704937780154
-0.2668792736165402 0.06671487334767569 0.05579077358601759 0 2.74294813930786E-8 4.0568546187565154E-8 0.04997703104685416
0.13394298555224937 -0.04272165979228181 0.052630185389843605 0 1.5772116373345482E-8 -1.0572673709272281E-8 0.04997704735542821
0.04273067501608838 0.07401170016957918 0.05192584962618541 0 3.2381328458461165E-8 -3.7277810042543496E-9 0.04997703591303365
-0.07427627943517315 0.042883429926301064 0.051928801697300825 0 3.32421904807456E-8 1.3255128730786536E-8 0.04997703603099206
0.08580268905133058 2.7924535741052085E-17 0.05192915349305607 0 2.0557834534494308E-8 -6.50584602644001E-9 0.04997703670619301
-0.04304287969149937 0.07455245452975151 0.0519319033593881 0 3.6000142036826356E-8 7.835942381754111E-9 0.04997703584597492
-2.9796378738924766E-17 0.08577355466188762 0.05192886660175564 0 3.576890670267401E-8 1.2366481361505906E-9 0.049977036005436924
0.0741595043143772 0.04281600977887492 0.05192749553399362 0 2.6564362728058208E-8 -6.8323664178142276E-9 0.04997703652450382
0.12170874450296679 -0.07937873255132208 0.05270638285367756 0 9.440274608002723E-9 -9.583951115388285E-9 0.049977049972332245
0.1532214795718842 -0.1047515501973591 0.0534601593182905 0 8.281376491361567E-9 -1.7116921397371622E-8 0.049977057806529265
0.2997814449763266 -0.13025461904441932 0.057552736756421516 0 8.59249996842473E-9 -3.605585955891566E-8 0.04997703014583044
0.34046960443170665 -0.192505611563268 0.060162576700472446 0 -3.212800254963866E-9 -4.034203928705648E-8 0.049977033349640154
0.34557599933864525 -0.25420475687873284 0.06192004258218349 0 -1.055005694927538E-8 -3.7945190767166794E-8 0.0499770407612478
0.17846806103523252 -0.12182655323316931 0.05415222050793654 0 1.0459431762864042E-8 -2.40059344873477E-8 0.04997705624262159
0.23090062297727748 -0.133798202671902 0.055538699139373295 0 1.2564595796644221E-8 -3.0019491874640755E-8 0.04997704103897311
0.6050561438570468 -0.6036830020468081 0.09289418017943481 0 -5.046566251496964E-8 -7.830727575142857E-8 0.04997705192675909
0.6847899965302142 -0.6218349498910589 0.09999999999999994 0 -5.3118741708888776E-8 -9.084464387182763E-8 0.049977041873497066
0.5365057739834544 -0.6074638984061791 0.08871198704411519 0 -5.450577623712205E-8 -6.744202411104236E-8 0.04997706344667073
0.5490740032503056 -0.5442731464552362 0.08535659345024513 0 -4.7406615762083016E-8 -6.51573765156317E-8 0.049977052162753166
0.3750627258693447 -0.2936858939923493 0.06434654814554322 0 -1.1694507291997171E-8 -4.208368453526835E-8 0.04997704818337534
0.3969354899692888 -0.3460112170117684 0.06719703593166886 0 -1.4635973026187882E-8 -5.033744585588471E-8 0.04997704908416292
0.4494990254251991 -0.34835776824770576 0.06980849106780326 0 -1.6534518830346336E-8 -5.739189701246492E-8 0.04997703597319661
0.4743994852003083 -0.40954268251415876 0.073738234339428 0 -2.862659173515225E-8 -5.994010199913775E-8 0.049977032694451876
0.5051728219418842 -0.4543425560441293 0.07763963571270259 0 -3.7584174591740774E-8 -6.150182701629985E-8 0.0499770358282728
0.5025098789806551 -0.515963207586209 0.08087711077114171 0 -4.6773146132698814E-8 -5.834909692491911E-8 0.04997704487490284
-0.8809225682293763 0.28211960771987943 0.09999999999999996 0 5.563190686244987E-8 1.2872057909147033E-7 0.04997703282103978
-0.828550120997359 0.21135039229983998 0.09293041569195869 0 4.734790572004839E-8 1.2276394568008732E-7 0.0499770447059869
-0.4876818695036711 0.16005919777938843 0.06641416297022892 0 4.1124904990822304E-8 7.684391066680349E-8 0.0499770481524278
-0.7583678808155521 0.178257805309045 0.085877514601274 0 5.072128194947659E-8 1.1156085566364656E-7 0.04997704999612273
-0.6170663609123308 0.222189336538271 0.07585507468331582 0 5.417683999742773E-8 8.945963001662988E-8 0.04997702652473023
-0.6972424057138273 0.20430689657176634 0.08139617396721441 0 5.5245047479977256E-8 1.0109089712190292E-7 0.04997703645366609
-0.5518948161465875 0.17422255470543752 0.07046196471921623 0 4.149417366525149E-8 8.322860291572795E-8 0.049977032197341696
-0.36894201678212313 0.12798179161528736 0.06013540062401418 0 4.50860007304946E-8 5.47121541326426E-8 0.049977032022031125
-0.4362515368769687 0.13236424219261816 0.06326633817399903 0 4.649749748551602E-8 6.494864810192831E-8 0.049977049337963875
-0.33947513674739144 0.06240362523718613 0.058248486325065116 0 3.2884228974954475E-8 4.979891606159491E-8 0.04997702536118763
-0.18433654548332082 0.048222709230570565 0.05356505347436668 0 2.753309742137453E-8 2.6705765583079394E-8 0.04997704866726613
-0.13330372693534312 0.03517105967265548 0.052587287930552964 0 3.134193569400913E-8 2.0979429158568042E-8 0.04997704503264827
-0.08544796042127181 1.2633032021521531E-17 0.05192572029476935 0 2.765837397374136E-8 1.6643693434388163E-8 0.049977036116165614
-0.2993967149465731 5.4908359945213266E-18 0.05658028588283902 0 2.0675413786350998E-8 4.560038240485673E-8 0.049977024853040126
-0.22270343343645202 -2.7398019802337882E-17 0.054316401779706945 0 1.8591469001206332E-8 3.526950309061497E-8 0.04997703812800136
-0.27837086784154214 -0.12617379267311218 0.05679356136910862 0 2.9676580952033727E-9 4.1685253381511366E-8 0.04997703014741131
0.07416648351753428 -0.04282003922369633 0.05192757354063934 0 1.5024319452418206E-8 -3.0178460080881057E-9 0.0499770371227344
-0.07423701450489274 -0.04286076030823398 0.051928362278406685 0 2.164456959700994E-8 1.7008626032722547E-8 0.04997703666048478
5.433302611002987E-16 -9.25534990736191E-16 0.051513083863437 0 2.4123803672629193E-8 5.0870716059322035E-9 0.04997702820281378
-0.10393602836491157 -0.0928684349452979 0.05261104654913398 0 1.5071733734125307E-8 2.0218312958761033E-8 0.04997704675595698
0.09263290818595533 -0.09340215664313874 0.05249108753880629 0 8.37982826261736E-9 -6.00428646244604E-9 0.04997704547151253
0.13365633223327938 -0.131494330544841 0.053500013617672336 0 4.617966270403704E-9 -1.6917229533905184E-8 0.04997705135918125
0.32685099627426545 -0.2905697969488598 0.06232853198902639 0 -1.7125777579552462E-8 -3.4093293090371014E-8 0.049977047743191366
0.25568805190108224 -0.19009790761699052 0.05725179690059135 0 3.972316100592823E-10 -3.161121510514117E-8 0.049977030724795916
0.2878012678865199 -0.2461068228137798 0.059620677596610265 0 -1.0996872871217099E-8 -3.169466298555796E-8 0.04997703393344922
0.17648242248939017 -0.17786432905826252 0.055061790182478074 0 2.6291328549367273E-9 -2.5405059170230998E-8 0.049977039619923024
-0.2483235922732361 -0.18165056966040063 0.05686432272721823 0 -3.19887907846244E-9 3.5871278071873346E-8 0.04997703023942621
0.5547456546446986 -0.6639301342123074 0.09391738389868397 0 -6.080132323270339E-8 -7.582338604448281E-8 0.04997705735998744
0.617759403950767 -0.688475338910477 0.09999999999999995 0 -6.234165271262687E-8 -8.293427835851099E-8 0.0499770485750095
0.5055257679581893 -0.637124600070996 0.08897493457515948 0 -6.250971987021737E-8 -6.708220313497389E-8 0.04997706326305729
0.4877536710430043 -0.5826751104622181 0.08420495651136725 0 -5.795437995069877E-8 -5.708471384271061E-8 0.04997705829479581
0.33633282409977666 -0.3398966968888034 0.06444423660906808 0 -2.3014625476916618E-8 -4.040922265534431E-8 0.04997706004368268
0.3632772876174715 -0.38800374757803635 0.06749345504717459 0 -2.4556643003492097E-8 -5.1436457855225716E-8 0.04997705053050413
0.41704203467651185 -0.4108303752912243 0.07090170067103964 0 -2.6628141252216376E-8 -5.5581891639048536E-8 0.04997703773074661
0.4381086940659461 -0.4733073985449338 0.07505155127124846 0 -3.949469991118388E-8 -5.4431529597792615E-8 0.049977034537404715
0.4531934148271225 -0.5420428192507506 0.07976926362259741 0 -5.2663857872396805E-8 -5.24449381080361E-8 0.04997704403835265
-0.8565041007211142 0.12935729823844902 0.09401883827528355 0 3.36238538045083E-8 1.2067774674098103E-7 0.049977048088054414
-0.9051192255768068 0.1907463267598074 0.09999999999999999 0 4.237158799581057E-8 1.3128638763231722E-7 0.049977039419558965
-0.7940808377677345 0.13178185399490336 0.08820577601429047 0 4.018590859389354E-8 1.118722922248984E-7 0.049977057049197186
-0.33304413722574716 -0.0693067767843958 0.05805530637396814 0 1.4548479135428888E-8 5.1222462593923543E-8 0.049977026028211434
-0.4742240483662385 0.11256694280313873 0.06494853319711702 0 3.750472654032262E-8 6.686002576549518E-8 0.04997705422952951
-0.5075730010734563 0.12513873893141758 0.06697106660603604 0 3.338441498851794E-8 7.414891404934405E-8 0.049977048412645324
-0.5430568755805907 0.10886676283437083 0.06886622733636953 0 3.0897808567976746E-8 7.760267349948906E-8 0.04997703721248864
-0.7200856347104287 0.12756375701027653 0.08178787314202199 0 4.703853452723525E-8 1.0160791572183932E-7 0.04997704315674438
-0.6366216770914513 0.1480565042375733 0.07568897320024313 0 4.453003537339387E-8 9.152838012209844E-8 0.04997702851849735
-0.5817364775186938 0.11498204866540508 0.07140762999266016 0 3.428503027837187E-8 8.351535466810169E-8 0.049977029862828336
-0.42774238996431574 0.06497482014443741 0.06209784320535726 0 3.5904965367863115E-8 5.8975509962402485E-8 0.04997703865946609
-0.3847166606924661 5.007387460326135E-18 0.05988137680814879 0 2.603418520475893E-8 5.7102287608722424E-8 0.04997702739888183
-0.3349183900900527 -0.1391323925724424 0.05894927757126893 0 6.330166948847836E-9 5.046032863830583E-8 0.049977028985663884
-0.29014129297673835 -0.2192290809213992 0.05898973037684319 0 -5.000668024760855E-9 4.524581366884348E-8 0.04997702959631594
-0.30831506111577245 -0.17770170158565646 0.05867258259636438 0 -1.5276277783652669E-10 4.6759232186809043E-8 0.04997702845172297
-0.8184909839211807 0.07533925376340875 0.08977629762126751 0 3.0154480323517035E-8 1.1189711394078983E-7 0.0499770475552542
-0.15687445011428935 1.9896548115933566E-17 0.05290395974586269 0 2.424913247523659E-8 2.6340768504420283E-8 0.04997704484363818
-0.12783259126111396 -0.033275347967647646 0.05249920381841622 0 2.239632883015924E-8 2.4364753568868476E-8 0.04997704445515489
-0.12619399745448542 -0.06614911525416546 0.05266041061116255 0 1.8781476632990786E-8 2.4534836849105443E-8 0.04997704843119522
-0.24680219676358395 -0.07209570484823002 0.05524990662857362 0 7.360298243605569E-9 3.917496166085615E-8 0.04997703676860165
-0.22815732549244763 -0.13366956667415794 0.05546555293618707 0 -6.077316412721549E-10 3.198227329783661E-8 0.04997704016241951
-0.15093740406319942 -0.09389909648308085 0.053299030733839035 0 1.3551956769027157E-8 2.5806182015749825E-8 0.049977056513855804
-0.17405337917392047 -0.045794392161233266 0.053343830220451034 0 1.6292640781735386E-8 3.1779414056372156E-8 0.049977049487175296
-0.18973296493485722 -0.18461798069110347 0.055474546986767154 0 -3.7187203670653054E-9 2.4698545641570877E-8 0.049977035502076
-0.1364384943575783 -0.14270773398924902 0.05371629461338726 0 5.404688619288665E-9 1.8561072545719207E-8 0.04997704860548363
0.04273873390329096 -0.07402565857166638 0.05192600533605053 0 1.2345867481989558E-8 2.3422570725802742E-9 0.049977036993300854
-0.04299754043112493 -0.07447392462720538 0.051931021483395706 0 1.580788955995105E-8 1.3973168134324013E-8 0.049977036823798636
1.3904975238826412E-17 -0.08573627431625096 0.051928505242836896 0 1.2554879760192372E-8 8.931866502924838E-9 0.04997703720032637
-0.07925046645516252 -0.13726583442387433 0.052932952804228266 0 5.521410958460963E-9 1.581153981407267E-8 0.04997704597617385
0.078463056828959 -0.135902000944921 0.052904876080197075 0 5.673602348031694E-9 -5.431098389332108E-9 0.04997704642914352
0.11138757858716244 -0.19292894544503636 0.054318208030815426 0 7.662116099499228E-10 -1.4737633475339554E-8 0.049977040280084296
0.2704412885460667 -0.32134890739138133 0.06148782850104338 0 -2.4381184445713608E-8 -2.965383097364554E-8 0.049977041684763704
0.21970172124605267 -0.2547036178054315 0.05790944965811469 0 -1.1003413557028739E-8 -2.5588011293515155E-8 0.04997702842712621
0.06445906182530692 -0.2524774236880237 0.05535114833714504 0 -6.07553478917842E-9 -9.210326921243855E-9 0.049977037846946425
0.14972579901011426 -0.2593326910893636 0.056582144341893334 0 -9.251305270705562E-9 -1.814736406076927E-8 0.0499770277521496
0.031363797849434556 -0.30517057546423765 0.0568332914109285 0 -1.618396606778208E-8 -3.0164223353964395E-9 0.04997703211481434
-0.03281109095750645 -0.303248501545522 0.0567724159885361 0 -1.8137074205034313E-8 5.512397207389705E-9 0.049977032098878126
-0.22974591189928226 -0.25639797529990704 0.058213734017978094 0 -9.488115872716542E-9 3.582219613787291E-8 0.04997702760605193
-0.15050660974349658 -0.260685094950677 0.05663516711153095 0 -1.2822344765472212E-8 2.259186504129686E-8 0.049977026543656745
-0.0010639892128916778 -0.35571530812846325 0.05866683852382106 0 -2.409673942540421E-8 5.177311493099257E-9 0.04997703061244576
0.4897167015298755 -0.6990669986722716 0.09278011319940965 0 -7.01466490050208E-8 -6.806591696680163E-8 0.04997705272218342
0.5485314847714318 -0.7448023146284537 0.09999999999999996 0 -7.426379753065112E-8 -7.678261872952946E-8 0.04997704729221079
0.4538946410105444 -0.6418290507487608 0.08650541722977732 0 -6.672653178969171E-8 -5.860180865912592E-8 0.04997705495402547
0.43691576165411183 -0.5863880363863174 0.08178506492225697 0 -6.03761007260022E-8 -5.171955385995328E-8 0.049977048066925885
0.30008338071089913 -0.40108479031261085 0.06570468861303413 0 -3.187285886698304E-8 -4.156808560710976E-8 0.049977044920572415
0.35656776116113886 -0.46142030598113837 0.07075125137743835 0 -3.7147230434087394E-8 -4.8349916147315864E-8 0.0499770345422893
0.38634553368626 -0.5411366135074784 0.07653244947706513 0 -5.124953385843003E-8 -4.654147757981653E-8 0.04997703467929016
-0.8641324069088798 0.062174994255793294 0.09403348687291993 0 2.586573471311093E-8 1.1949472213939576E-7 0.04997704181193025
-0.9192848102122441 0.10262901652303172 0.09999999999999998 0 2.9881823268104366E-8 1.2782586236081306E-7 0.04997703835006133
-0.7599167871431189 0.06070075634999409 0.08441733903220823 0 3.408674546480816E-8 1.0402387850320425E-7 0.049977043140627106
-0.3798507417992421 -0.12110542276221137 0.06050058794352799 0 1.210892112685037E-8 5.7221629823760147E-8 0.049977035326543365
-0.40842759083875524 -0.05875232359605665 0.06114052778332879 0 1.9223131533401388E-8 6.34097001683349E-8 0.049977035016652134
-0.5039157942187592 0.07056797810116018 0.06615707446286306 0 2.8189168163326086E-8 6.865211121334281E-8 0.04997704119079652
-0.5548238392163808 0.07638757137486703 0.0692570455361671 0 2.7901967334687675E-8 7.806559679682417E-8 0.0499770321567879
-0.6893460495224285 0.06354738512595373 0.07863780818203954 0 3.565071083101696E-8 9.622829371541733E-8 0.049977031907141936
-0.6215823870108426 0.05940809814964494 0.0735747228508592 0 3.0481867439293854E-8 8.80313509910413E-8 0.04997702539060129
-0.4662367643365183 -0.05429215722432917 0.06397307879016166 0 1.588730767088223E-8 7.301421251998099E-8 0.04997704089494798
-0.46385916918682774 -3.671115297680029E-17 0.06368112390889598 0 2.3044982403468325E-8 6.78291187230136E-8 0.04997703470865804
-0.3620108841151937 -0.17400839360604695 0.060635096430618034 0 3.005638122044448E-9 5.383706644307769E-8 0.04997703293808142
-0.299671918215507 -0.26919022055739933 0.06068803798570996 0 -9.65816638485343E-9 4.9122425850985535E-8 0.04997703710368118
-0.33027652289156045 -0.22443841547131757 0.060528990644305516 0 -5.234106687524068E-9 5.1893675415343976E-8 0.04997703294461661
-0.8245744171037561 3.2427437940114445E-20 0.09002147282184526 0 2.050567040112342E-8 1.1669594324808889E-7 0.04997704105368697
-0.19761019796705673 -0.10158906953187434 0.054303584925033156 0 4.222088277453264E-9 3.048217079173373E-8 0.049977054037373875
-0.18403998396844498 -0.12735803584373423 0.05434432437859784 0 3.1515136207669983E-9 2.4437308192043758E-8 0.04997705280545318
0.002774404310843052 -0.26370741404826953 0.055444406431408536 0 -1.1264202428106465E-8 -3.0570040984626474E-9 0.049977042076873014
-0.11217260429255088 -0.1942886498520168 0.05435789315243198 0 -4.951775432023568E-9 1.549253398581588E-8 0.049977039166852415
-0.059917909088264505 -0.2537684697083779 0.05535616729591674 0 -1.4392280175170524E-8 7.465097840220407E-9 0.049977037812695926
0.025874926118163173 -0.1326695098536581 0.05254567933671944 0 6.775611383586335E-9 5.352216737595361E-9 0.04997704681573875
-0.02524383979971824 -0.13300675455069116 0.05254892004091195 0 5.4728560245360365E-9 1.2329023228283237E-8 0.049977046634912974
0.05493858025113073 -0.18721166728009325 0.05366460039291042 0 3.192696555383E-9 -4.025639991608563E-9 0.049977049810269646
-0.053441146730527585 -0.1870910243981426 0.053652873989227134 0 -5.75785596256931E-9 1.0741560989908314E-8 0.04997704971201449
-0.015811501710617765 -0.22080470166743846 0.05428292799461194 0 -8.442743968799602E-9 1.4917827143206818E-9 0.04997705502706351
0.001589553534327251 -0.18045943852644147 0.053353802929854637 0 -4.4184963337301136E-11 6.629280994213557E-9 0.04997705828468758
0.01713256069613923 -0.2191946756676691 0.054245341320781695 0 -2.641570945627979E-9 -2.6629043530574276E-9 0.04997705535648885
0.23193963455587202 -0.4017312313397281 0.06368217918749612 0 -2.9770459676123416E-8 -2.7037172219094705E-8 0.04997703906005442
0.1923608915779979 -0.3331788376023402 0.059881599761303035 0 -2.1917783350619778E-8 -1.935698955206385E-8 0.04997703102111789
0.10559774308437371 -0.32641465451667345 0.058167036115944384 0 -1.914528396008771E-8 -8.560448025391885E-9 0.04997702909890882
0.02839276411724587 -0.3973392921812579 0.060485401730235276 0 -3.087909501256757E-8 3.0755084108367333E-9 0.04997703508129746
0.04349199689707277 -0.3606955682361924 0.05897556113419837 0 -2.5152605807839578E-8 1.3915747977955829E-10 0.04997703157853398
-0.2724211583800272 -0.34021230275634196 0.06225471036920945 0 -1.6963407520737448E-8 4.240732483854735E-8 0.04997704184670208
-0.04975626500892476 -0.3592625346716331 0.05895024498757896 0 -2.4138062581980424E-8 1.2903136832611864E-8 0.049977031274405614
-0.11115524588477288 -0.32319159740630654 0.058116751891295344 0 -2.0612399395700922E-8 2.0667088018791688E-8 0.04997702780430315
-0.1929576265867868 -0.33421241295621784 0.05993362613445384 0 -2.0205719510592594E-8 3.287173196600398E-8 0.049977029878359024
-0.00580331192480529 -0.44141011755505605 0.06253303354413747 0 -3.523088915604395E-8 6.167802840578887E-9 0.04997703867712568
-0.03317807935019408 -0.4000499580003111 0.06062434517611842 0 -2.8590039771568875E-8 1.1610016347692133E-8 0.04997703549702835
-0.4124914840826571 -0.7144562081206507 0.09005972521404425 0 -7.45619409982727E-8 5.792644205488115E-8 0.049977045375694876
-0.4625000000000001 -0.8010734985006056 0.09999999999999992 0 -8.819476003243737E-8 6.151180552779116E-8 0.0499770384586536
-0.38371343710296635 -0.7748603000238191 0.09386619334345217 0 -8.635798935498959E-8 5.283195843072019E-8 0.04997704646237415
0.41226227881814503 -0.7140592129571534 0.09001680581831234 0 -7.088217284649565E-8 -5.355632541905106E-8 0.04997704889097527
0.4625000000000003 -0.8010734985006056 0.09999999999999992 0 -8.084956349731176E-8 -6.352287245576273E-8 0.049977042487028285
0.36763254236248355 -0.6367582418875386 0.08211785344170675 0 -6.323724378402469E-8 -4.256127184377545E-8 0.04997704292914244
0.2724100436150707 -0.4718280360333562 0.06830375115676082 0 -3.7247253868953796E-8 -3.61533654948128E-8 0.04997703431647807
0.31808183532075857 -0.5509338997403103 0.07441383187593022 0 -5.023113538639419E-8 -3.8406972750383436E-8 0.049977030700828935
0.2111878992556696 -0.5199281931560845 0.06932845783235407 0 -4.113495764189834E-8 -2.8083746810643238E-8 0.049977037742635615
0.021803385387518696 -0.48225449508691837 0.06469299319690376 0 -4.307894445718502E-8 -5.57329760130282E-10 0.04997704036714442
-0.8627884197170683 -0.05512509329877387 0.09385473111979895 0 1.0254266213149119E-8 1.2425995511685767E-7 0.049977041601105734
-0.9249999999999996 -3.487031299242896E-17 0.0999999999999999 0 1.6719252308368323E-8 1.3038848828982584E-7 0.049977033538540175
-0.7353276040989696 -1.3378311327871067E-18 0.08212306732579755 0 2.6354847916095356E-8 1.0461450807830277E-7 0.04997703591932018
-0.4256923062754768 -0.12215318657273537 0.06260425960749795 0 1.2770325222690624E-8 6.341118817458032E-8 0.04997704763072354
-0.4043520178042478 -0.16901983470521803 0.062374130552393804 0 4.764393920815849E-9 5.748539962889194E-8 0.04997704010819688
-0.46760448929491655 -0.09647351175034935 0.06440527405535054 0 1.038702806470898E-8 7.299929085752104E-8 0.049977052100430894
-0.5447672634209793 2.858524015158418E-17 0.06830049229574699 0 1.898741126636187E-8 7.88487548920192E-8 0.049977028990189014
-0.6361392415232948 1.0428654588114258E-18 0.074412070818866 0 2.3477387318025214E-8 9.117626884788018E-8 0.04997702455286607
-0.5124187514513647 -0.051847896831783355 0.06651654728017117 0 1.1683456773643724E-8 7.823378826939168E-8 0.049977036927797605
-0.36799093114432163 -0.6373789894665451 0.08217765681431857 0 -6.117013190873191E-8 5.692110060723663E-8 0.049977040020619465
-0.31827009850817745 -0.5512599811461146 0.07444098367382036 0 -5.0945975962898254E-8 4.7616279706478464E-8 0.04997702800517738
-0.31386332305040454 -0.40193360988060217 0.06622216379223078 0 -2.9178904345370873E-8 4.045227004529276E-8 0.0499770439977334
-0.344912559069745 -0.4432246070018303 0.06935603931497553 0 -3.747217293036631E-8 4.497805041243518E-8 0.04997703498158232
-0.3337091490042147 -0.3553876317528073 0.06495432896100803 0 -2.2852575637814294E-8 4.725063650470049E-8 0.04997705657055649
-0.383737195098482 -0.21760730691022415 0.06251779019199952 0 -5.0229841400050266E-9 5.6898174207079E-8 0.04997703604258219
-0.33230969380311975 -0.3125744339373021 0.06328313435425742 0 -1.6718790281509552E-8 5.424484684291971E-8 0.04997705212018241
-0.3540195296480104 -0.26181915330723304 0.06247659304365877 0 -1.1842836449443617E-8 5.670932838871859E-8 0.04997704004889321
-0.7962287177911112 -0.06074957956360479 0.08762354715881245 0 1.421153370965978E-8 1.1708477570449619E-7 0.04997704599693737
-0.7351410524947966 -0.06092685497728594 0.08231802271497875 0 1.9003590651785326E-8 1.0799711118526593E-7 0.04997704006235988
-0.4839056580716607 -0.700569999447879 0.09257832058039935 0 -7.12589686174886E-8 6.378579716048125E-8 0.04997704821515097
-0.548567403595686 -0.7447758606713796 0.09999999999999995 0 -7.946374350460201E-8 7.159812166281941E-8 0.04997704274764635
-0.43547631470191006 -0.6351536187841573 0.08509247440255902 0 -5.7870365716792806E-8 6.311181525239908E-8 0.04997704787701747
-0.4991515386320159 -0.6334110077816721 0.08834372866104905 0 -6.048560965398665E-8 6.942623582035342E-8 0.04997705914862969
0.19075484218748148 -0.47253116432229375 0.06620021711897693 0 -3.309956241456361E-8 -2.30756768857125E-8 0.04997704627793074
0.04901016908663563 -0.43723836174505165 0.062459634223422635 0 -3.8553249013194223E-8 -1.4058704152277644E-10 0.04997704232744923
0.06673635655852123 -0.4767204709635778 0.06461779605353515 0 -4.552782653654697E-8 -6.302727896961917E-9 0.04997704823705491
0.08201071126761385 -0.3939388987243752 0.06066806698898625 0 -3.1019540615622284E-8 -1.961479613037876E-9 0.049977038966870814
0.15779399244920161 -0.40600143052169285 0.06224217224863409 0 -2.8757309801381527E-8 -1.1579354529480817E-8 0.049977043855369496
-0.23228029263418432 -0.4023212684393739 0.06371797650698163 0 -3.0934606609519653E-8 3.5604577180567414E-8 0.04997703756772549
-0.272587327693687 -0.4721351010648927 0.06832563375196132 0 -4.243915777952308E-8 3.760123495348519E-8 0.04997703200042491
-0.08918266806588586 -0.39015326021997454 0.06056960464965617 0 -2.728373834182253E-8 2.1367627916676354E-8 0.049977038144333026
-0.15459594130071433 -0.39192658728762203 0.061550218588660825 0 -3.049468627032352E-8 3.049001745942974E-8 0.049977039521963584
-0.18675532053812563 -0.43493251784630643 0.06418357757579085 0 -3.97173712219359E-8 3.168635927824457E-8 0.049977044039699235
-0.21375905453868752 -0.4723463627877797 0.06671710658979704 0 -4.574366510799449E-8 3.109656754068902E-8 0.04997703941035978
-0.030837599095424044 -0.4757419881377715 0.06436680609968097 0 -3.759553413968851E-8 7.087335867498798E-9 0.04997704122487865
-0.05772042989369192 -0.4373202270026056 0.06251628812885628 0 -3.113809320399767E-8 1.4763613712522618E-8 0.04997704347581019
-0.34485879204612635 -0.7195732958375974 0.08756922173357189 0 -7.786717831639395E-8 5.2635780827610255E-8 0.04997705067417243
-0.3147326423667731 -0.6679534491621227 0.08237892997106575 0 -6.772627531581844E-8 5.2240958716519786E-8 0.04997704440102186
-0.23145619169988374 -0.5426436945370012 0.07120349698950756 0 -5.301347396735979E-8 3.324992254641243E-8 0.049977031568719195
-0.28415939775573246 -0.6153602706014173 0.07751426427315904 0 -5.967307262734933E-8 4.655809794072666E-8 0.04997703405499735
-0.32938286511096027 -0.7771045511687235 0.09186418681824757 0 -8.680118662499731E-8 4.551787960491198E-8 0.04997705491596291
-0.29287844997281653 -0.7560683801841978 0.08874412837590734 0 -8.121205789204181E-8 4.335504936232506E-8 0.049977061542289036
-0.3707535969478622 -0.8474426517245004 0.09999999999999994 0 -9.638879296563055E-8 4.934353292215197E-8 0.04997704421009447
0.3299132550602819 -0.6955796266909601 0.08507057911176502 0 -6.714449403362509E-8 -3.61748827002882E-8 0.04997705187958967
0.29721686832567656 -0.7486484838731736 0.08825580478820183 0 -7.41167637231811E-8 -3.553562775087244E-8 0.04997706337989024
0.36329863298780996 -0.7692008953950569 0.09250410835033807 0 -7.436062986217355E-8 -4.7583582566629695E-8 0.04997705253455703
0.37078540548822353 -0.84742873429503 0.09999999999999996 0 -8.521725342594367E-8 -5.0980501755230856E-8 0.049977047411299026
0.28831363121595577 -0.628175946475062 0.07855241106831119 0 -6.069853860602032E-8 -2.999002225145798E-8 0.049977038575468986
0.2593907519340379 -0.5686281064407216 0.07361593901057979 0 -5.105330471608484E-8 -3.071759212753825E-8 0.04997703157457832
0.1909808398518187 -0.5616900805542804 0.07142639087555927 0 -4.9059586097362153E-8 -2.5198592948357634E-8 0.04997703586643851
0.17735047116299676 -0.5251479744589087 0.06889288845838194 0 -4.2171071616310556E-8 -2.531276387804848E-8 0.049977042834145564
-0.006975621790116347 -0.518397225687904 0.06671599267023105 0 -4.554139574809913E-8 1.2330316391769099E-9 0.04997703686701174
-0.05196883438319561 -0.5240326103663052 0.06719869985797552 0 -4.384498628559273E-8 6.194337212167572E-9 0.04997703955280982
0.051893656645759574 -0.5409828050063739 0.06822031633188269 0 -5.153773910173668E-8 -8.036404781952423E-9 0.04997703718779317
-0.8393412000270999 -0.10211595922316324 0.09200820531311653 0 3.6287817896925666E-9 1.2139690931458137E-7 0.049977049572148026
-0.8023821229894582 -0.12465004703532731 0.08885408731398863 0 4.071994441381526E-9 1.153691318142573E-7 0.04997705667352756
-0.919283847116488 -0.10263764414409532 0.09999999999999995 0 1.99949897404578E-9 1.3138359789953539E-7 0.04997703890946149
-0.4286041911968902 -0.211604106404576 0.06443452009247352 0 -5.191999167984829E-9 5.957895578030321E-8 0.049977038481091
-0.6752473549062171 -0.06099766201966174 0.07752927755735106 0 1.8167330104319518E-8 9.832219895298429E-8 0.049977030181832596
-0.4690213191754545 -0.16282051739106812 0.06545407679976868 0 4.2994457973792804E-10 6.247343126691985E-8 0.04997705074780452
-0.5199939829281818 -0.12464895604080488 0.06768673130026925 0 -1.2927686871582076E-9 7.519100578221636E-8 0.04997704575186949
-0.5844196053235723 -0.07491703801282976 0.07115392026499068 0 9.199163713641783E-9 8.56954981738615E-8 0.04997702846100475
-0.40158939943089916 -0.5697012631254147 0.07901179842938963 0 -4.947931330227327E-8 6.122739027895067E-8 0.04997703634039264
-0.3629672679735455 -0.5093150093458657 0.0736457128337714 0 -4.466669276541996E-8 5.2262251932618254E-8 0.049977028698815866
-0.36195665189066545 -0.3775113144203722 0.06698450376718919 0 -3.112404629834134E-8 4.7674094830269375E-8 0.04997705111442622
-0.36626813150114046 -0.41664081435894 0.06892167223823108 0 -3.5418103227887E-8 4.733577834734166E-8 0.04997703999598887
-0.3903068178565833 -0.4466269881485596 0.07141764844659583 0 -3.880822915986569E-8 5.310893993791106E-8 0.049977032880681574
-0.38262787487786487 -0.34149739132768064 0.06638993492953274 0 -2.940014449221017E-8 5.58710931307761E-8 0.049977050815138355
-0.4062559769371703 -0.26147495596378895 0.06471383725610919 0 -1.4709548027500679E-8 6.04380505603197E-8 0.04997703777341803
-0.379843340675863 -0.2969419115223147 0.06465963905911938 0 -2.0780902976532454E-8 5.962116123299557E-8 0.04997704574053905
-0.735100345459195 -0.11930462056175606 0.08291132970822639 0 1.3227456062527502E-8 1.0644803265296322E-7 0.049977047442922994
-0.5519968333853201 -0.6639303440969675 0.09374464706266032 0 -7.077804759884937E-8 7.380709006995363E-8 0.049977053077931995
-0.6178002971320175 -0.6884386430529175 0.09999999999999999 0 -7.612332477391294E-8 8.417884975865939E-8 0.04997704354901264
-0.4800125571007386 -0.5637645778356987 0.08255043176744221 0 -4.894176323227582E-8 7.483319378469866E-8 0.049977049312134786
-0.5399346500949583 -0.6040123388311484 0.08868415026698905 0 -6.188744176787601E-8 7.855635135401006E-8 0.04997705865847664
0.1043605879990727 -0.5010308479370807 0.0663275801738497 0 -4.6469809444156735E-8 -1.5763173185586443E-8 0.049977053733230956
0.14556246178613041 -0.5017461145955597 0.0669511130546236 0 -4.038166119726073E-8 -2.128358333301749E-8 0.049977053932175566
0.1399468089855873 -0.4672126633962517 0.06496624972127404 0 -3.613458056664104E-8 -1.4403728835072275E-8 0.049977059159994584
0.10408488366078729 -0.44405468685268906 0.06327666735135784 0 -3.8953150141164075E-8 -5.51159863843765E-9 0.0499770544303191
-0.1061373350373039 -0.43371612134398735 0.06278756375601147 0 -3.238116631205996E-8 2.396352961631684E-8 0.0499770513313867
-0.15386562481962193 -0.515523498759926 0.0678853449092873 0 -4.9801436540305426E-8 1.8435304544084973E-8 0.04997704792769646
-0.1533021139497205 -0.45854960024362473 0.06473399748772987 0 -4.28501314325643E-8 2.6524693519833737E-8 0.04997705496254187
-0.09527352708204248 -0.48999184724793526 0.06560563290386158 0 -3.817333090991632E-8 1.3142187226333144E-8 0.049977053837278206
-0.09590125636856876 -0.5619999312235504 0.06990127823248256 0 -5.0662240706595716E-8 1.0933541216844516E-8 0.04997703689737451
-0.15663037176370528 -0.5733099421965812 0.07149707499548641 0 -5.499290366992805E-8 2.0821710301226224E-8 0.04997703538352706
-0.2643961373711981 -0.69702971973395 0.0829765309474388 0 -6.930410914435486E-8 4.660425736803836E-8 0.04997705211940287
-0.19926692702634366 -0.6350324834465847 0.07658242747619838 0 -6.111992403703119E-8 3.3403679223706675E-8 0.04997703475830154
-0.2937621218403118 -0.8161557505482272 0.0941366022415018 0 -8.889713802978602E-8 3.739008501382869E-8 0.049977054366911064
-0.2445064351501806 -0.7666415232960113 0.08818261063739219 0 -7.661323437901498E-8 3.5488556779645387E-8 0.04997705984454683
-0.28738877712844163 -0.8792227618026947 0.09999999999999998 0 -9.57219039927668E-8 3.590339453696731E-8 0.04997704600450057
0.24692814396934878 -0.6974874410583481 0.08250617855893734 0 -7.284032712377252E-8 -2.2966544513839514E-8 0.049977052957045465
0.2521627428797361 -0.7694593063835823 0.08864404636431372 0 -8.242591805046532E-8 -3.217192259665978E-8 0.04997706272544608
0.297447604941039 -0.8106467532563326 0.09375141746476387 0 -8.303578807781439E-8 -4.226512854425678E-8 0.04997705760277158
0.28742318143973467 -0.8792115158194408 0.09999999999999996 0 -9.436079242162678E-8 -4.18744749058077E-8 0.04997704850569835
0.18957159845420457 -0.6243064952889011 0.07560329744867302 0 -6.085462718797458E-8 -2.0342490005585324E-8 0.04997703506347065
0.12475562378528372 -0.5650913910725972 0.07045918166236258 0 -5.2424642512671965E-8 -1.8560142700347912E-8 0.04997703821746804
0.16970055881419605 -0.6915759378642314 0.08021607449160519 0 -7.227252724247082E-8 -1.5544795776840083E-8 0.04997704149269747
-0.02127679909875186 -0.5862434400348021 0.07098260267248739 0 -5.472388261691979E-8 4.030068503374109E-9 0.04997703034184251
0.047679088889249585 -0.6125339534466792 0.07287094188782159 0 -5.9543065574525246E-8 -3.778318282779892E-9 0.04997703038578264
-0.8531067718150073 -0.15803750226362162 0.09415708085227006 0 -5.0565775784490156E-9 1.1849608792386023E-7 0.049977049112093774
-0.7842181949983064 -0.17459658052838975 0.08806681761589173 0 -2.6439392646245125E-10 1.0695974839924674E-7 0.049977054414097596
-0.9051158299750597 -0.19076243784282004 0.09999999999999996 0 -9.37597561306817E-9 1.2409954449456882E-7 0.04997704047516734
-0.47800098007166625 -0.2183882854981824 0.06713458210584479 0 -9.208998931453173E-9 6.416805123128797E-8 0.04997703638042656
-0.4503344724862791 -0.2539143429242661 0.06663047103760426 0 -1.421618363420337E-8 6.336723029418068E-8 0.04997703395378306
-0.647719142022224 -0.1435812801370505 0.07642272847163623 0 5.82940822855142E-9 9.271898963224519E-8 0.04997703050825933
-0.5329845388239062 -0.1985594752136453 0.0698139205090511 0 -8.274129446652538E-9 7.245606057017058E-8 0.04997703351146629
-0.5744027965338088 -0.14938461510286838 0.07144252826293569 0 -1.7668783104580564E-9 8.13500809404257E-8 0.049977031882117946
-0.44626651447182913 -0.4769553831048422 0.07565680574632234 0 -4.05838763376826E-8 6.597091629064898E-8 0.04997703160929783
-0.5140310251048448 -0.4921578818310024 0.08018045280724437 0 -4.204984160459546E-8 7.813105459872124E-8 0.04997703743451301
-0.4256087219342948 -0.3924588186076942 0.07047472570296819 0 -3.4978684545371974E-8 5.9134232830596134E-8 0.04997703515536923
-0.44295395304453694 -0.3153758255937713 0.06823813858748431 0 -2.534880100828002E-8 6.40853971613463E-8 0.04997703394503551
-0.722493271850469 -0.18466121884148878 0.08299584497449673 0 3.1925235393599203E-9 1.005116608718401E-7 0.049977043608664666
-0.6008930547011089 -0.6092572756078648 0.09299302035398636 0 -6.59338945663181E-8 8.466451868289699E-8 0.04997704792631372
-0.684830613311738 -0.6217902179859557 0.09999999999999995 0 -6.732174612546005E-8 9.432555070428381E-8 0.04997703642008853
-0.5678213237459835 -0.5376676061363831 0.08613904983735729 0 -5.156516012958227E-8 8.459554617385894E-8 0.04997704593103404
-0.10379006268918359 -0.6311723493295895 0.07466578004946203 0 -6.07990821778918E-8 1.7692243383455096E-8 0.04997703142380444
-0.2012336657215405 -0.7196538123444206 0.08312630758513646 0 -6.909131096872332E-8 3.474504819784459E-8 0.04997704827086844
-0.14538614431124028 -0.6947291331504665 0.08002955113164488 0 -6.824902928279705E-8 2.669988688433368E-8 0.04997703851967192
-0.2244810935107963 -0.8295744817427091 0.09335179876408069 0 -8.640405854795607E-8 2.8310141390603333E-8 0.04997704985832136
-0.1948530319449167 -0.7756068237085788 0.08772926134592988 0 -7.725008230618363E-8 2.887915695792375E-8 0.04997705086711058
-0.1961900777341867 -0.9039499420937565 0.09999999999999996 0 -9.801225901280184E-8 2.395340126709504E-8 0.0499770401478166
0.18083964416846282 -0.7595104378227607 0.08602850609777067 0 -8.232299153572484E-8 -2.0202002414431574E-8 0.0499770501883168
0.22639239794839497 -0.823169454837357 0.09279966487488275 0 -8.95741326278387E-8 -3.2569762105330397E-8 0.04997705289953886
0.1962292603758944 -0.9039414372048344 0.1 0 -9.883686995214783E-8 -2.913945657445961E-8 0.049977041825696386
0.115198487208555 -0.6531897985847656 0.07640980333620502 0 -6.507233935416107E-8 -1.031523732730121E-8 0.049977033693314236
0.13075868837865867 -0.7179080095003469 0.08165710231721485 0 -7.406979826751496E-8 -1.0653364560716668E-8 0.04997704178942048
0.11581756539084577 -0.7588114009433137 0.08487399945221091 0 -7.77146303698958E-8 -9.902465322350987E-9 0.049977046210690455
0.049373389215154787 -0.6762514634930521 0.07753347573866784 0 -6.709150739773499E-8 1.1011413786942033E-9 0.04997703540202342
-0.018713178495829663 -0.6598847879456909 0.07617577755495697 0 -6.539687278594128E-8 9.507256080313274E-9 0.049977032821392486
-0.6738902730202501 -0.2204985208373878 0.07997070091519397 0 -3.383809021491573E-9 9.566585413101426E-8 0.04997703403770766
-0.8340398056073672 -0.21902107573341584 0.09363611174877712 0 -1.1296680701844255E-8 1.1278001795016636E-7 0.0499770445221765
-0.7682837005378527 -0.21778108265977308 0.08762455506029669 0 -5.7983765653940654E-9 1.0446760322591857E-7 0.04997704616790028
-0.8809151182252344 -0.2821428693025129 0.09999999999999996 0 -2.0866547445424586E-8 1.2012022543536375E-7 0.049977034406162434
-0.5165019276401033 -0.27345997871285094 0.07083650833060155 0 -1.6240705148985292E-8 7.241173040877657E-8 0.049977026926033084
-0.598583551544961 -0.22602979228178174 0.07467942546060534 0 -7.607898626228458E-9 8.480672270251016E-8 0.04997702747585983
-0.5551101229584549 -0.47007014883430126 0.08146563252731462 0 -3.847830046063796E-8 8.198461842236396E-8 0.049977037346127406
-0.5105636494997625 -0.4275668331221898 0.07661161867134536 0 -3.402660074826985E-8 7.508611841726155E-8 0.04997703010125016
-0.504302912589223 -0.3476237550984314 0.07274022680505549 0 -2.5702276780970855E-8 7.26979918122702E-8 0.049977026770499824
-0.7177089386751472 -0.2549295522420565 0.0843570467432338 0 -9.60409602205747E-9 1.0169126957297054E-7 0.04997703958453432
-0.6531660790226061 -0.2763311132584134 0.0799841441751332 0 -1.132162475291862E-8 9.553875981157977E-8 0.04997703423139695
-0.8437556437212325 -0.37907955935377746 0.0999999999999999 0 -3.558716420462024E-8 1.1854468280588894E-7 0.049977036040041264
-0.8010515387579304 -0.4625279007956028 0.09999999999999996 0 -4.598566633738575E-8 1.0941876675425963E-7 0.04997704109532481
-0.7501479603301011 -0.5412050791178039 0.09999999999999992 0 -5.42570651952062E-8 1.00059058488389E-7 0.04997703704623767
-0.5998767009898777 -0.4788913706345559 0.08487289614566725 0 -3.982800659104726E-8 8.573834425125676E-8 0.04997704169478052
-0.6562422498346266 -0.5241856689594518 0.09146905933596002 0 -5.007706785837007E-8 9.000352735524475E-8 0.04997704231148971
-0.08839747535315964 -0.7039498716595032 0.08000538942626953 0 -7.192678895029752E-8 1.99524951895149E-8 0.04997703857889571
-0.13806578705455586 -0.7497079460326577 0.08441541385599154 0 -7.660852136202056E-8 2.4360394408534205E-8 0.04997704439131661
-0.14308797449955213 -0.8318118172195702 0.0918642159103333 0 -8.952222273396355E-8 1.9621047395741197E-8 0.04997704562922458
-0.09361073890939048 -0.9202510142029422 0.09999999999999995 0 -1.0400086021179261E-7 1.0422412472667259E-8 0.04997704184996827
0.09365704332523053 -0.9202463037324216 0.1 0 -9.731841797029404E-8 -1.4945947969127075E-8 0.049977042602753624
2.0711142119751377E-5 -0.9249949331376578 0.09999999999999996 0 -1.0127978891295328E-7 -3.0687689686484275E-9 0.04997704691526966
0.12762107521700664 -0.8265826692803618 0.09113421310198927 0 -8.614647462936939E-8 -1.641616525483103E-8 0.049977047468514696
0.08068135396090603 -0.7141673032968792 0.08075294753127603 0 -7.144859193292478E-8 -2.5582173783277214E-9 0.04997704116728987
0.06358506183867194 -0.7827017733005066 0.08643167294964102 0 -7.766797864328103E-8 -2.747125790469679E-9 0.04997705344918558
0.02032803985547743 -0.7231235035279147 0.08113718206932351 0 -7.28697193248995E-8 7.810425257057177E-9 0.04997704585745467
-0.03309170223836219 -0.7328034628470876 0.08197501691133365 0 -7.707196538060067E-8 1.4892276955622218E-8 0.04997704734434576
-0.7926496756412598 -0.2913333375023676 0.0919087000057277 0 -2.0236318437737206E-8 1.1063482260576457E-7 0.04997704033995158
-0.5810426636905172 -0.3157640075984303 0.07626188231201679 0 -1.711214200103776E-8 8.482336592188768E-8 0.04997702895184184
-0.5773213056470615 -0.42632356756478973 0.08066830857907491 0 -3.0450736853456165E-8 8.388450397181335E-8 0.04997703674592694
-0.5604495700519321 -0.38109429561078195 0.0775098294695611 0 -2.5187610507972797E-8 8.187888890593625E-8 0.049977031241085074
-0.6449966839705538 -0.44452809810358646 0.08625924084344862 0 -3.3367797855039456E-8 8.91318886543789E-8 0.04997704864959429
-0.6508158876168189 -0.3390076459058359 0.08199721983987755 0 -1.83729000552758E-8 9.734315352279548E-8 0.04997704303498765
-0.7091826270730177 -0.3233083988571452 0.08590988858162861 0 -2.0929111030337207E-8 1.0492231375374406E-7 0.049977045570277004
-0.7619010673352372 -0.3837317836320327 0.09273617861998763 0 -3.5575053434210575E-8 1.0818537984975692E-7 0.04997704816005191
-0.7143597851634016 -0.46065181317541964 0.09243904770387959 0 -4.2462204372910324E-8 9.553771963593732E-8 0.04997704986147249
-0.07537530152887754 -0.7754914719888757 0.0858872030654022 0 -8.48740383477852E-8 1.6247748346632765E-8 0.04997705030645123
-0.048377865911234746 -0.8513117859798408 0.09269807273978156 0 -9.493413280455513E-8 5.226198607876848E-9 0.04997705357546663
0.043935839967012356 -0.8511210240129371 0.09265635168129686 0 -8.774632331057931E-8 -7.4314920142517075E-9 0.04997705455156512
-0.004822548609299441 -0.7855262944057825 0.08645491759740057 0 -8.297803906988591E-8 7.448214348033373E-9 0.04997706159316507
-0.615323196863825 -0.38077552285640776 0.08115372829448383 0 -2.223526717222493E-8 9.023794074594769E-8 0.04997704139459476
-0.6821995337018092 -0.3893517946424338 0.0864501634511279 0 -2.7570002619843658E-8 9.875794624950154E-8 0.04997705680007225
