% Model:
% Version:
% Dimension:          3
% Nodes:              691
% Expressions:        4
% Description:        Surface
% X                       Y                        Z                        Color                    DeformX                  DeformY                  DeformZ
0.7501545366059812 -0.5411959634402135 0.09999999999999992 0 -4.190215854468296E-8 -6.836997109951463E-8 -2.761087353637907E-5
0.8010709981238165 -0.4624941975024229 0.09999999999999998 0 -3.2814284324121726E-8 -7.022019313700103E-8 -2.7607738222974936E-5
0.09365704332523052 -0.9202463037324213 0.1 0 -7.510191928007519E-8 -1.2840191445428484E-8 -2.760244770391871E-5
0.1962292603758942 -0.9039414372048337 0.09999999999999995 0 -7.748576080877521E-8 -2.195507433235449E-8 -2.760427626250619E-5
0.2874231814397345 -0.8792115158194402 0.09999999999999994 0 -7.432902373533465E-8 -3.019374180105095E-8 -2.7598687432054923E-5
0.6177594039507672 -0.6884753389104772 0.09999999999999995 0 -5.2295802346744045E-8 -5.5029652188646935E-8 -2.760296161639444E-5
0.6847899965302143 -0.621834949891059 0.09999999999999994 0 -4.649526344770538E-8 -5.964257028054262E-8 -2.7610638011964303E-5
0.6644823007055147 -0.538951594396605 0.09297818153954257 0 -4.247771937449178E-8 -5.869283217737676E-8 -2.7607872829860286E-5
2.0711142119768948E-5 -0.9249949331376585 0.09999999999999999 0 -7.882050161682102E-8 -5.621618583190391E-9 -2.7597435242879227E-5
0.04393583996701241 -0.8511210240129379 0.09265635168129693 0 -6.902139260802565E-8 -7.99406611221134E-9 -2.7592081340059792E-5
0.7176713367395712 -0.4652126067437795 0.09294805270739674 0 -3.606994530982895E-8 -6.553346002480852E-8 -2.7601082790657538E-5
0.8437752388147 -0.3790359438971111 0.09999999999999999 0 -2.4693572678906177E-8 -7.056025455776748E-8 -2.76141422457032E-5
0.7635253857731481 -0.3782532475337201 0.0926398396720293 0 -2.5299093160668925E-8 -6.279647606591999E-8 -2.7603535639124902E-5
0.5547456546446984 -0.6639301342123076 0.09391738389868395 0 -5.194342400281134E-8 -5.116038133916633E-8 -2.759491997829589E-5
0.5485314847714319 -0.7448023146284535 0.09999999999999996 0 -6.129970999807817E-8 -5.227640098815564E-8 -2.7603302190051685E-5
0.12762107521700677 -0.8265826692803626 0.09113421310198931 0 -6.868358429744792E-8 -1.2854883567699675E-8 -2.7600321965332833E-5
0.22639239794839497 -0.823169454837357 0.09279966487488275 0 -7.233768855112502E-8 -2.407748790009904E-8 -2.759548254232725E-5
0.3707854054882235 -0.84742873429503 0.09999999999999998 0 -6.687297342001043E-8 -3.520076728062841E-8 -2.760084410826406E-5
0.297447604941039 -0.8106467532563327 0.09375141746476388 0 -6.649290378786688E-8 -3.024513603250936E-8 -2.759137084767425E-5
0.6050561438570463 -0.6036830020468074 0.09289418017943475 0 -4.469668388733467E-8 -5.119978187223261E-8 -2.760135497516673E-5
0.5365057739834548 -0.6074638984061794 0.08871198704411523 0 -4.848854270244455E-8 -4.3804706887123374E-8 -2.7590080645742934E-5
0.640351776746304 -0.4627856253417016 0.08686037768572825 0 -4.159835209583511E-8 -5.621786195906564E-8 -2.7604619171255898E-5
0.6027366073062329 -0.5213223560235656 0.08747588350371878 0 -4.274841575722838E-8 -4.959929096302191E-8 -2.7606986769765098E-5
0.11581756539084577 -0.7588114009433137 0.08487399945221091 0 -6.368871818587969E-8 -7.084046798450877E-9 -2.7603362416187304E-5
-0.09361073890939044 -0.9202510142029422 0.09999999999999994 0 -8.177876476126885E-8 3.1969086502363584E-9 -2.7602113483322875E-5
-0.19619007773418676 -0.9039499420937565 0.09999999999999996 0 -7.657204579619268E-8 1.1584958578843608E-8 -2.7603714100493117E-5
-0.2873887771284415 -0.8792227618026944 0.09999999999999995 0 -7.546442501366656E-8 1.894379228446584E-8 -2.759799287843458E-5
0.06358506183867196 -0.7827017733005069 0.08643167294964106 0 -6.24130201621678E-8 -2.4820646847568694E-9 -2.7595182244640236E-5
-0.04837786591123471 -0.8513117859798404 0.09269807273978152 0 -7.620655664030652E-8 6.300740247653912E-11 -2.7592535969265876E-5
-0.004822548609299431 -0.7855262944057821 0.08645491759740055 0 -6.757936360429479E-8 4.308796380414501E-9 -2.7586574596818784E-5
0.8809325145611795 -0.2820885484172241 0.09999999999999999 0 -1.802620205031829E-8 -7.725150960616321E-8 -2.7617342018190726E-5
0.677795607943666 -0.39290477214771735 0.0862680402418979 0 -3.581176974473561E-8 -5.50109373949094E-8 -2.7595258051241036E-5
0.6103906305879976 -0.40135765312469535 0.08172372928462611 0 -3.988285167588359E-8 -4.960248767520707E-8 -2.7610943628695336E-5
0.8014927716328404 -0.2914410587712435 0.09271262928645595 0 -2.0292350170528928E-8 -6.84956739475515E-8 -2.7612764422682975E-5
0.7173493567573874 -0.31695962258024274 0.08634023460744475 0 -2.590011123952165E-8 -5.608763693941802E-8 -2.7608541776283416E-5
0.8230806401765318 -0.20733638606092913 0.09232209730203018 0 -1.3174411332160312E-8 -7.372402883898995E-8 -2.7606811121253764E-5
0.5055257679581893 -0.637124600070996 0.08897493457515948 0 -5.4962752945338685E-8 -4.4957202964595405E-8 -2.7589756197562565E-5
0.4897167015298755 -0.6990669986722716 0.09278011319940965 0 -5.944704016432515E-8 -4.662087119228509E-8 -2.7598989807979505E-5
0.46249999999999986 -0.8010734985006049 0.09999999999999984 0 -6.494703258363016E-8 -4.323875439324472E-8 -2.76069649666115E-5
0.18083964416846285 -0.7595104378227608 0.08602850609777069 0 -6.829277660236074E-8 -1.413515347589929E-8 -2.7599677107416805E-5
0.2521627428797361 -0.7694593063835823 0.08864404636431371 0 -6.793961120461886E-8 -2.2515147933407528E-8 -2.7587160392423805E-5
0.36329863298781023 -0.7692008953950572 0.09250410835033814 0 -5.99854940781037E-8 -3.2356011720044863E-8 -2.759760827609841E-5
0.29721686832567656 -0.7486484838731736 0.08825580478820183 0 -6.072826245821344E-8 -2.3669807605286377E-8 -2.758716380157735E-5
0.566498136584519 -0.34007595181336675 0.07621962270586992 0 -3.112734528702352E-8 -4.573592721615709E-8 -2.7625699708268265E-5
0.5490740032503059 -0.5442731464552364 0.08535659345024513 0 -4.459102570029452E-8 -4.098640254342904E-8 -2.7602592994910497E-5
0.4877536710430043 -0.5826751104622181 0.08420495651136725 0 -5.31458511986597E-8 -3.5956809288407033E-8 -2.7595950500207404E-5
0.5629289159938321 -0.47314451663551055 0.08212579004392509 0 -4.185199559646339E-8 -4.4639051815349375E-8 -2.7613674530537872E-5
0.5395049675561714 -0.4037977139333864 0.07721405836956645 0 -3.613335041237351E-8 -4.3537376354142274E-8 -2.7623294007391508E-5
0.08068135396090602 -0.714167303296879 0.080752947531276 0 -5.967744010333617E-8 -1.586283491217318E-9 -2.760946314399723E-5
0.1307586883786586 -0.7179080095003467 0.08165710231721483 0 -6.212793017610389E-8 -7.176949499891191E-9 -2.7608974866055933E-5
-0.3707535969478622 -0.8474426517245004 0.09999999999999994 0 -7.766339098845232E-8 2.8177478800838664E-8 -2.7600071449985956E-5
-0.14308797449955207 -0.83181181721957 0.0918642159103333 0 -7.175579206644836E-8 9.701548524563975E-9 -2.7600527017744536E-5
-0.22448109351079631 -0.8295744817427092 0.09335179876408067 0 -6.870250236187411E-8 1.4342916194918758E-8 -2.7595897134839053E-5
-0.2937621218403122 -0.816155750548228 0.09413660224150187 0 -7.181714372842543E-8 1.9954011983407308E-8 -2.7591312692447395E-5
0.02032803985547743 -0.7231235035279147 0.08113718206932351 0 -6.06309012261836E-8 5.793294314060887E-9 -2.7604213653305224E-5
0.049373389215154835 -0.676251463493053 0.07753347573866787 0 -5.723369631561262E-8 4.3456882867202614E-10 -2.7616139744300202E-5
-0.07537530152887752 -0.7754914719888756 0.0858872030654022 0 -6.997695695255354E-8 9.568083956102604E-9 -2.7597782970785765E-5
-0.03309170223836219 -0.7328034628470876 0.08197501691133365 0 -6.433692012799376E-8 1.0231501780343413E-8 -2.7602173806069947E-5
0.9051251563026282 -0.1907181838739738 0.09999999999999992 0 -9.29188510009728E-9 -7.859383153555298E-8 -2.7612951981915464E-5
0.6346730356926771 -0.3174870091624341 0.08001946855914073 0 -3.071066868840764E-8 -4.896995219130656E-8 -2.761758542011646E-5
0.7578046117703346 -0.24801668508133742 0.08751626752734717 0 -2.0717896252262496E-8 -6.55113942954898E-8 -2.761149805838504E-5
0.6897625743522149 -0.264441860913035 0.0824063475266023 0 -2.453934999567674E-8 -5.597763925133283E-8 -2.7617239882221756E-5
0.7597010793028803 -0.19500257071099417 0.08634694259141452 0 -1.8655648372385785E-8 -6.743140917387019E-8 -2.7606312924052772E-5
0.7883546035916825 -0.1648885681025431 0.08824892692988197 0 -1.3361018430501528E-8 -6.89915861172879E-8 -2.7599432257923324E-5
0.8374232558848942 -0.12934172138602965 0.09218338983550128 0 -4.433158179379051E-9 -6.905461337886042E-8 -2.7603005460184472E-5
0.7880045515761319 -0.1291017367769672 0.0876205822064691 0 -1.0817392725157657E-8 -6.42488671289972E-8 -2.759874895032814E-5
0.45389464101054455 -0.6418290507487612 0.08650541722977734 0 -5.889337362633088E-8 -3.907445015225246E-8 -2.7598106056871292E-5
0.4122622788181451 -0.7140592129571535 0.09001680581831237 0 -5.935174306161665E-8 -3.5985123056015424E-8 -2.7602579834025582E-5
0.1697005588141962 -0.6915759378642319 0.08021607449160523 0 -6.168803152200227E-8 -1.0180079023866202E-8 -2.7610145056116334E-5
0.24692814396934865 -0.6974874410583478 0.08250617855893733 0 -6.200774705136682E-8 -1.3732027770286472E-8 -2.7598769471272868E-5
0.3299132550602819 -0.6955796266909601 0.08507057911176502 0 -5.648131183696027E-8 -2.2783852693550332E-8 -2.76000260044054E-5
0.5796784116794852 -0.2776116098201063 0.07488927562467991 0 -2.4113557515846716E-8 -4.804543786622457E-8 -2.762897620066653E-5
0.5306797663003683 -0.29923675531161764 0.07251363051783592 0 -2.3968248916932478E-8 -4.489471315038372E-8 -2.7630361095520324E-5
0.5018045759598764 -0.34636458619402455 0.07254833341115845 0 -2.714199774908721E-8 -4.196056175148245E-8 -2.7628645801066754E-5
0.43691576165411183 -0.5863880363863174 0.08178506492225697 0 -5.533534038979348E-8 -3.3150039943033714E-8 -2.760626812206318E-5
0.5025098789806555 -0.5159632075862093 0.08087711077114174 0 -4.534902381731067E-8 -3.657881904158357E-8 -2.7610699100968317E-5
0.4531934148271225 -0.5420428192507506 0.07976926362259741 0 -4.988127843657247E-8 -3.312789623873227E-8 -2.7611209399371907E-5
0.5051728219418842 -0.4543425560441293 0.07763963571270259 0 -3.926980443165268E-8 -3.9678214093861867E-8 -2.7620991632440634E-5
0.4743994852003083 -0.40954268251415876 0.073738234339428 0 -3.254766325828013E-8 -3.9729642498734744E-8 -2.762522827340309E-5
0.115198487208555 -0.6531897985847656 0.07640980333620502 0 -5.640958729217728E-8 -7.746374277391606E-9 -2.7618778906325268E-5
-0.4625000000000001 -0.8010734985006056 0.09999999999999992 0 -7.17366251317727E-8 3.571167631175875E-8 -2.7606333230195888E-5
-0.3837134371029664 -0.7748603000238192 0.09386619334345218 0 -7.128583076300045E-8 3.084713529648298E-8 -2.7599663253247003E-5
-0.3293828651109605 -0.7771045511687245 0.09186418681824765 0 -7.165898262447298E-8 2.62228118892329E-8 -2.7591571572328195E-5
-0.4839056580716607 -0.700569999447879 0.09257832058039935 0 -5.987316511856046E-8 3.670039929451888E-8 -2.7599022330012183E-5
0.04767908888924959 -0.6125339534466794 0.07287094188782159 0 -5.291116847055675E-8 -4.65434619822436E-9 -2.7622943936537266E-5
-0.19485303194491674 -0.7756068237085788 0.08772926134592987 0 -6.229184626285429E-8 1.625253059748589E-8 -2.759656486867841E-5
-0.1380657870545559 -0.7497079460326577 0.08441541385599156 0 -6.298753343976399E-8 1.449985199476059E-8 -2.7604090699627603E-5
-0.24450643515018045 -0.7666415232960108 0.08818261063739213 0 -6.207105195981709E-8 2.0374687965371455E-8 -2.7587529621356823E-5
-0.29287844997281653 -0.7560683801841976 0.08874412837590734 0 -6.71606784749607E-8 2.581699742972837E-8 -2.758578959099699E-5
-0.018713178495829663 -0.6598847879456907 0.07617577755495693 0 -5.6346551776595435E-8 5.4118535001707E-9 -2.7618850267396566E-5
-0.08839747535315964 -0.7039498716595032 0.08000538942626953 0 -6.063178205611425E-8 1.247031208544909E-8 -2.7611469347297942E-5
0.8548200389796248 -0.0652462727687064 0.09314675085287963 0 2.0217116539492123E-10 -6.820293916578736E-8 -2.7612960392453904E-5
0.9192877606928158 -0.10260258091221079 0.10000000000000002 0 -1.2511055504255773E-9 -7.46581599717922E-8 -2.7616012036785432E-5
0.6384778628041976 -0.2349189996283244 0.07770845629712514 0 -2.1772795028390797E-8 -5.2813845797644996E-8 -2.7625758286308785E-5
0.7040732060431756 -0.2032143579310842 0.08191372549943252 0 -2.1256934559432894E-8 -6.01549760683704E-8 -2.761668324585997E-5
0.5898871014295897 -0.20776639827421509 0.07364495662277284 0 -1.590003101256883E-8 -5.071788327959451E-8 -2.762923506027753E-5
0.7325342916850157 -0.13408386908087772 0.08291013088256632 0 -1.750131579652562E-8 -6.0221453719016E-8 -2.7608904654625144E-5
0.8252770499196602 1.9257059754862352E-16 0.09008727174442388 0 3.0714538005373396E-9 -6.869174773117646E-8 -2.7616857980899178E-5
0.7859407931602105 -0.07401767626946823 0.08680140328934058 0 -6.379600995264975E-9 -6.056011037033095E-8 -2.760867286541591E-5
-0.499151538632016 -0.6334110077816723 0.08834372866104906 0 -5.2485724002185E-8 4.145737013294622E-8 -2.758968615577964E-5
-0.539934650094959 -0.6040123388311489 0.08868415026698911 0 -5.536362313806305E-8 4.8536984393241426E-8 -2.759057241176465E-5
-0.55199683338532 -0.6639303440969675 0.09374464706266032 0 -6.122055237164582E-8 4.331058804565797E-8 -2.7594514718849865E-5
-0.5485674035956859 -0.7447758606713794 0.09999999999999995 0 -6.580170165579163E-8 4.1446676455129156E-8 -2.7602791514420248E-5
0.36763254236248405 -0.6367582418875392 0.08211785344170683 0 -5.558850715599804E-8 -2.738932275004449E-8 -2.761038491362347E-5
0.18957159845420457 -0.6243064952889011 0.07560329744867302 0 -5.3698786120258874E-8 -1.411686404467796E-8 -2.761842584949398E-5
0.28831363121595577 -0.628175946475062 0.0785524110683112 0 -5.3419865125186306E-8 -1.8817481299345464E-8 -2.7614961719555152E-5
0.526450453306162 -0.23768251001620336 0.07038843476625324 0 -1.672364543673361E-8 -4.737222325012185E-8 -2.7628442229656642E-5
0.47890979704271586 -0.2863984098188226 0.06912760288748078 0 -2.0165060481310337E-8 -4.156263760835802E-8 -2.7627980435426152E-5
0.4494990254251993 -0.3483577682477059 0.06980849106780328 0 -2.3519621331166357E-8 -3.851389823547175E-8 -2.762336017944744E-5
0.38634553368626057 -0.5411366135074791 0.07653244947706521 0 -4.845983351405207E-8 -3.059355274958772E-8 -2.762081563422267E-5
0.43810869406594616 -0.47330739854493387 0.07505155127124848 0 -4.0174634789030464E-8 -3.597514906038417E-8 -2.762225347823943E-5
0.4170420346765119 -0.4108303752912244 0.07090170067103962 0 -3.044604799198004E-8 -3.827032715408711E-8 -2.762050611540633E-5
0.1909808398518187 -0.5616900805542806 0.07142639087555928 0 -4.508164231734956E-8 -1.9012429973240793E-8 -2.7619276567636964E-5
0.12475562378528363 -0.5650913910725969 0.07045918166236254 0 -4.823303718745297E-8 -1.5676507846600137E-8 -2.761669976053211E-5
0.05189365664575958 -0.5409828050063739 0.06822031633188272 0 -4.852625950596575E-8 -8.829022830414763E-9 -2.7618168637466136E-5
-0.41249148408265685 -0.71445620812065 0.0900597252140442 0 -6.251630162228188E-8 3.438420346320203E-8 -2.7602117143603873E-5
-0.34485879204612635 -0.7195732958375974 0.08756922173357189 0 -6.561193858573251E-8 3.244208605609634E-8 -2.7597245852073956E-5
-0.4354763147019103 -0.6351536187841577 0.08509247440255904 0 -4.98102503999993E-8 3.827641874584584E-8 -2.7601500218685364E-5
-0.02127679909875187 -0.5862434400348023 0.07098260267248742 0 -4.938922244375282E-8 -3.335617243774308E-10 -2.7623417300178834E-5
-0.20123366572154053 -0.7196538123444207 0.08312630758513646 0 -5.694822591080273E-8 2.167346517387092E-8 -2.760068148522981E-5
-0.1453861443112404 -0.6947291331504667 0.08002955113164492 0 -5.7393322057711624E-8 1.6356335989197027E-8 -2.7611469171658498E-5
-0.26439613737119816 -0.6970297197339501 0.08297653094743883 0 -5.825125187035608E-8 3.0344194389160075E-8 -2.7597033271118787E-5
-0.314732642366773 -0.6679534491621226 0.08237892997106575 0 -5.8096352909766205E-8 3.342766726527293E-8 -2.760515534526234E-5
-0.10379006268918363 -0.6311723493295898 0.07466578004946206 0 -5.316278050343058E-8 9.295819007290311E-9 -2.7620608698559588E-5
0.7822439697509947 0.07342341173252223 0.08646750245519458 0 5.852479093604897E-9 -6.980480376576029E-8 -2.7611921554299397E-5
0.9249999999999998 2.358937726024754E-16 0.09999999999999994 0 6.7305067072164626E-9 -7.698179451498852E-8 -2.762295278661788E-5
0.851370675269602 0.07427003550197267 0.09288407134507307 0 1.2254292936327477E-8 -7.397665483715052E-8 -2.76142151444482E-5
0.8038717607621603 0.12213857484508564 0.0889547066003148 0 1.3078998974193436E-8 -6.886669253035693E-8 -2.7604267962413E-5
0.5408130551366507 -0.18150058753720788 0.06992281214701015 0 -9.587648553358214E-9 -4.8887486885615333E-8 -2.7623597977747285E-5
0.7247257834183621 0.0852066297502373 0.08165698245211614 0 2.3730060566633524E-9 -6.357449030388601E-8 -2.761960238326481E-5
0.6510493529215736 -0.15514133280147802 0.07686356365481603 0 -1.544617032536528E-8 -5.4265290890309015E-8 -2.7626235373968237E-5
0.5770279320473081 -0.15184347618041535 0.07165568912865208 0 -8.039970051362524E-9 -4.9196962253508896E-8 -2.7627055067055247E-5
0.6918887433807659 -0.06772116765551027 0.07886795692620667 0 -9.415937644159957E-9 -5.535677685952137E-8 -2.762519130498514E-5
0.7364981201835382 1.7871933341171726E-16 0.08222076644985389 0 -2.67397118392363E-9 -6.130532803291466E-8 -2.762284926128211E-5
-0.48001255710073826 -0.5637645778356982 0.08255043176744216 0 -4.446325569841361E-8 4.76813947475921E-8 -2.7601516007706618E-5
-0.5678213237459834 -0.537667606136383 0.08613904983735729 0 -4.837083260706166E-8 5.308057506193195E-8 -2.7604752790854733E-5
-0.600893054701109 -0.6092572756078649 0.09299302035398636 0 -5.9120268912094304E-8 5.167042938478439E-8 -2.760065484010753E-5
-0.6178002971320171 -0.688438643052917 0.09999999999999995 0 -6.528700061146391E-8 5.0524144076704686E-8 -2.760287050372541E-5
0.31808183532075807 -0.5509338997403093 0.07441383187593008 0 -4.689245375372726E-8 -2.5873615758650026E-8 -2.7624710874049982E-5
0.2593907519340379 -0.5686281064407216 0.07361593901057979 0 -4.677274293096349E-8 -2.1097404959704337E-8 -2.762344056415837E-5
0.4250914842628162 -0.2904030737883922 0.06650384046370365 0 -1.9083831715081106E-8 -3.48836197980383E-8 -2.7620891858865154E-5
0.4860024477406568 -0.1810614961514008 0.06672716200822644 0 -1.1655960005290461E-8 -4.6767678585887596E-8 -2.761489484816246E-5
0.4546475825643904 -0.2329362873436874 0.0662732760967022 0 -1.7166194711948816E-8 -4.152070164938129E-8 -2.7623144631038208E-5
0.39693548996928896 -0.3460112170117685 0.06719703593166886 0 -2.1707442610111955E-8 -3.412013746218361E-8 -2.761064471307051E-5
0.3565677611611388 -0.4614203059811383 0.07075125137743832 0 -3.8368605558769524E-8 -3.4018033408317104E-8 -2.762286506583892E-5
0.36327728761747163 -0.38800374757803646 0.06749345504717459 0 -2.9490064241871415E-8 -3.686565419223869E-8 -2.760849093978724E-5
0.3750627258693446 -0.2936858939923492 0.0643465481455432 0 -2.1388434064002503E-8 -2.7034711821234247E-8 -2.7612772172180925E-5
0.14556246178613044 -0.5017461145955597 0.06695111305462358 0 -3.941085856540595E-8 -1.746427619568077E-8 -2.7602742190824052E-5
0.1773504711629968 -0.5251479744589087 0.06889288845838194 0 -4.0036239886298366E-8 -1.9867570706020234E-8 -2.7613255348800055E-5
0.2111878992556696 -0.5199281931560845 0.06932845783235407 0 -3.928840065967192E-8 -2.0954602929429338E-8 -2.7618505393419272E-5
0.10436058799907272 -0.5010308479370807 0.0663275801738497 0 -4.550866671180363E-8 -1.4002949491222633E-8 -2.7602885589912324E-5
0.06673635655852131 -0.4767204709635782 0.06461779605353521 0 -4.577089209141299E-8 -6.459310535034615E-9 -2.760895626114262E-5
-0.006975621790116399 -0.5183972256879046 0.06671599267023115 0 -4.3637566451415645E-8 -2.5346696422356644E-9 -2.7618887677359E-5
0.021803385387518696 -0.4822544950869184 0.06469299319690378 0 -4.301508789660467E-8 -2.9481432428984947E-9 -2.7616524096384182E-5
-0.05196883438319561 -0.5240326103663052 0.06719869985797552 0 -4.16313441099299E-8 1.9073132569698423E-10 -2.761582201343589E-5
-0.3679909311443217 -0.6373789894665455 0.08217765681431859 0 -5.304121725311127E-8 3.5416520711881996E-8 -2.7609906829932685E-5
-0.40158939943089916 -0.5697012631254147 0.07901179842938963 0 -4.4740189321334415E-8 3.794227714811873E-8 -2.761508092534954E-5
-0.09590125636856872 -0.5619999312235502 0.06990127823248253 0 -4.6511936763221286E-8 2.803444029069004E-9 -2.7617150192032812E-5
-0.19926692702634366 -0.6350324834465847 0.07658242747619838 0 -5.3234801140241636E-8 2.0256892510272072E-8 -2.761656508428761E-5
-0.2841593977557326 -0.6153602706014176 0.07751426427315905 0 -5.271559430587635E-8 2.915819546579248E-8 -2.7617178030140814E-5
-0.15663037176370528 -0.5733099421965812 0.07149707499548641 0 -5.023894083147453E-8 9.684413629856908E-9 -2.7617961088190023E-5
0.6892086201904363 0.11760753932384704 0.079182235454291 0 5.209503538022109E-9 -5.858391648188267E-8 -2.762555974912682E-5
0.7461230180043805 0.1326560288062978 0.08402816782270867 0 6.071880073590009E-9 -6.29655386892052E-8 -2.7610360434720134E-5
0.6908574756839181 0.1584953945063365 0.07995126254637963 0 8.542086059445764E-9 -5.697468231492107E-8 -2.7624978525821317E-5
0.9192877608705788 0.10260257931928718 0.09999999999999994 0 1.6257034787246624E-8 -7.840427766356486E-8 -2.7619804190908152E-5
0.8510855832446352 0.14814580550682163 0.09378949781498243 0 1.9862619155634418E-8 -6.967814052085799E-8 -2.7610481097429457E-5
0.7902639371481001 0.17887268414595758 0.08869278761371624 0 1.6324434074126276E-8 -6.113659110709894E-8 -2.760800236156588E-5
0.5270134709035552 -0.12362075461980128 0.0680883893303861 0 -2.3962000052194986E-9 -4.365323374473459E-8 -2.7616346585111838E-5
0.660910431014522 0.06111123862815046 0.0764443497197492 0 3.380657972300563E-9 -5.640373671013097E-8 -2.7632761845982587E-5
0.5965173615012839 -0.07939251741876008 0.07200225824383245 0 -3.386219636988987E-9 -4.8188252441775005E-8 -2.7631711597931537E-5
0.6371682462297272 1.7636191275501287E-16 0.07448630903843244 0 2.0843937566117494E-10 -5.2947026970848596E-8 -2.76355081269332E-5
-0.5998767009898777 -0.47889137063455584 0.08487289614566726 0 -3.956781056577609E-8 5.252577685522407E-8 -2.7610135963910905E-5
-0.4462665144718288 -0.4769553831048419 0.07565680574632232 0 -4.0494237496040194E-8 4.031735121732935E-8 -2.762179362573903E-5
-0.514031025104845 -0.49215788183100256 0.08018045280724438 0 -4.116558284505184E-8 4.916923936660022E-8 -2.7614905515061503E-5
-0.5551101229584549 -0.4700701488343014 0.08146563252731463 0 -3.8685175116402376E-8 5.095633975052088E-8 -2.761513514362155E-5
-0.6562422498346266 -0.5241856689594518 0.09146905933596002 0 -4.7506758110097924E-8 5.411813069352916E-8 -2.7607901096230034E-5
-0.6848306133117381 -0.6217902179859557 0.09999999999999995 0 -5.98179373907763E-8 5.7249919496933164E-8 -2.761115114691338E-5
0.27241004361507065 -0.4718280360333558 0.06830375115676078 0 -3.788149044316322E-8 -2.6031563757272072E-8 -2.7623088304788052E-5
0.4535801009187721 -0.11979187747949692 0.06395953291420167 0 -1.2958751528509747E-8 -3.624593688332004E-8 -2.7605600680100648E-5
0.39072217276086296 -0.23584567652234287 0.06329187670784985 0 -1.9430306078945E-8 -3.159132790745653E-8 -2.762248274558125E-5
0.41238404925178007 -0.18021837395374024 0.06296662723972753 0 -1.823288562715633E-8 -3.6868897555122095E-8 -2.7619936510786883E-5
0.33633282409977633 -0.33989669688880314 0.06444423660906805 0 -3.0356901166451076E-8 -2.7255553603708296E-8 -2.760017582008711E-5
0.30008338071089913 -0.40108479031261085 0.06570468861303413 0 -3.61029494208685E-8 -3.0156991575240175E-8 -2.7614091851333577E-5
0.32685099627426545 -0.2905697969488598 0.06232853198902638 0 -2.6946720069942577E-8 -2.148001039272895E-8 -2.7613587946369946E-5
0.34557599933864525 -0.25420475687873284 0.06192004258218349 0 -2.2213386048555842E-8 -2.4432256316713777E-8 -2.7621189593440908E-5
0.13994680898558723 -0.4672126633962515 0.06496624972127402 0 -3.6907808102466516E-8 -1.0919681743600853E-8 -2.7598433937621935E-5
0.19075484218748176 -0.4725311643222945 0.06620021711897697 0 -3.364032471325281E-8 -1.704203191519223E-8 -2.7611195827703005E-5
0.04901016908663563 -0.43723836174505165 0.062459634223422635 0 -4.0777146965039594E-8 -1.2445044307920013E-9 -2.7615901076889365E-5
0.10408488366078726 -0.44405468685268895 0.0632766673513578 0 -4.087027872366195E-8 -3.855839618736745E-9 -2.7603737702458154E-5
-0.03083759909542402 -0.4757419881377713 0.06436680609968096 0 -3.782831077957713E-8 2.059089770875508E-9 -2.7615623443043094E-5
-0.0058033119248053185 -0.4414101175550563 0.06253303354413749 0 -3.7209360140233585E-8 2.3346843195197293E-9 -2.761924337660558E-5
-0.39030681785658333 -0.4466269881485597 0.07141764844659583 0 -4.0272326568727557E-8 3.0163249154459396E-8 -2.7621870031930935E-5
-0.09527352708204243 -0.48999184724793493 0.06560563290386152 0 -3.764807548926291E-8 4.922459393896538E-9 -2.7602258511534656E-5
-0.31827009850817745 -0.5512599811461146 0.07444098367382036 0 -4.7190628220334005E-8 2.841329424123878E-8 -2.7624678643042422E-5
-0.36296726797354567 -0.5093150093458659 0.07364571283377143 0 -4.299310755979496E-8 3.077654996610008E-8 -2.762469083713497E-5
-0.1538656248196219 -0.515523498759926 0.0678853449092873 0 -4.795484602409371E-8 7.337196660920922E-9 -2.760706422397346E-5
-0.23145619169988374 -0.5426436945370011 0.07120349698950754 0 -4.975196175061369E-8 1.8337302825359926E-8 -2.7622086298877404E-5
0.02839276411724586 -0.3973392921812578 0.06048540173023527 0 -3.510123465200667E-8 8.818608230439013E-10 -2.7624170936419284E-5
0.6359863797306674 0.13411282944887548 0.07542020319546493 0 1.0920264680925585E-8 -5.301906042627719E-8 -2.76334629349075E-5
0.7226994437477957 0.1997352924878217 0.08334138075756291 0 1.3074406918412581E-8 -5.7505612704752126E-8 -2.762064452851242E-5
0.6524176664552398 0.20477109599706128 0.07797707686621592 0 1.509783518199131E-8 -5.371664610320965E-8 -2.7632799037374893E-5
0.9051251569294585 0.19071818089926676 0.09999999999999994 0 2.312474353619504E-8 -7.191317793696369E-8 -2.7620075422745E-5
0.8318102133114379 0.22322523392999097 0.09353078509252784 0 2.39529880852647E-8 -6.408305233126843E-8 -2.7617905673098786E-5
0.7561533810021175 0.2511688924028691 0.08746370240455802 0 2.188654390445058E-8 -6.052605426614383E-8 -2.7621320450917313E-5
0.5078212312272354 -0.05773868566153316 0.06628756501631425 0 -2.4675950075189775E-10 -3.8123908162889136E-8 -2.762242509066816E-5
0.580043566339009 0.07440259297015442 0.07086095755136954 0 1.095879311127253E-8 -4.976446289279933E-8 -2.763362227358296E-5
0.5449077695259106 1.435041058529122E-16 0.06830916124377966 0 4.711624660916444E-9 -4.515899129374728E-8 -2.7632242146061434E-5
-0.6449966839705535 -0.4445280981035864 0.08625924084344859 0 -3.479855516679111E-8 5.3625499548608525E-8 -2.7603539443381535E-5
-0.5773213056470615 -0.42632356756478973 0.08066830857907491 0 -3.283945739684938E-8 5.167102025431014E-8 -2.7616548152425283E-5
-0.42560872193429483 -0.3924588186076942 0.07047472570296821 0 -3.914298867532135E-8 3.434736067474658E-8 -2.7620569546939917E-5
-0.5105636494997626 -0.4275668331221898 0.07661161867134533 0 -3.638720228860903E-8 4.616721190166245E-8 -2.7623859946448245E-5
-0.6821995337018094 -0.3893517946424338 0.08645016345112792 0 -3.172400749650384E-8 6.129199781961798E-8 -2.7596193335257907E-5
-0.7143597851634019 -0.46065181317541976 0.09243904770387963 0 -4.302326403431619E-8 5.665254317458678E-8 -2.7601261796210546E-5
-0.7501479603301018 -0.5412050791178046 0.09999999999999998 0 -5.075452386085097E-8 5.9593417643295597E-8 -2.7611913609134597E-5
0.23193963455587194 -0.401731231339728 0.06368217918749611 0 -3.39203258309045E-8 -1.904505778097073E-8 -2.7620145321374678E-5
0.4253355502182103 -0.060426816635170834 0.06194940187312641 0 -8.295773698532961E-9 -3.1353694419522315E-8 -2.7624116395784404E-5
0.3783639298171796 -0.12391451309547895 0.06047575124681011 0 -1.510832976794896E-8 -3.043853348590065E-8 -2.7626835525802218E-5
0.3404696044317066 -0.192505611563268 0.06016257670047243 0 -1.797492170712219E-8 -2.715994722174307E-8 -2.7629815969167016E-5
0.2704412885460664 -0.32134890739138106 0.06148782850104334 0 -3.261324683056807E-8 -1.9838107356182674E-8 -2.7619277614399037E-5
0.28780126788651955 -0.24610682281377952 0.05962067759661022 0 -2.3032512007901813E-8 -2.1101775319654773E-8 -2.7628552998102765E-5
0.15779399244920164 -0.4060014305216929 0.062242172248634084 0 -3.2638155594297854E-8 -7.296190179975742E-9 -2.7615344807446907E-5
0.08201071126761389 -0.3939388987243753 0.060668066988986274 0 -3.5451327817045346E-8 -1.483332381378955E-9 -2.7620502258679383E-5
0.04349199689707277 -0.3606955682361924 0.05897556113419837 0 -3.1232686453805966E-8 -1.3537805222939314E-9 -2.7628691931469254E-5
-0.05772042989369192 -0.4373202270026056 0.06251628812885628 0 -3.328918309958344E-8 8.332476358526284E-9 -2.7614312828017742E-5
-0.03317807935019408 -0.4000499580003112 0.06062434517611841 0 -3.2633270790812385E-8 6.346509782481218E-9 -2.762344179279798E-5
-0.3619566518906658 -0.37751131442037245 0.06698450376718922 0 -3.607482172085024E-8 2.601389525195469E-8 -2.7605678331308378E-5
-0.36626813150114024 -0.4166408143589399 0.06892167223823106 0 -3.840223647192699E-8 2.5527742383535456E-8 -2.761576949411686E-5
-0.3449125590697449 -0.44322460700183025 0.06935603931497553 0 -3.9133481309074065E-8 2.4272732556319837E-8 -2.7620321232459124E-5
-0.1061373350373039 -0.43371612134398735 0.06278756375601147 0 -3.46803414827708E-8 1.510981669860802E-8 -2.760627494342709E-5
-0.1533021139497205 -0.45854960024362473 0.06473399748772989 0 -4.386650946237624E-8 1.5361113102325005E-8 -2.760163038246156E-5
-0.27258732769368704 -0.47213510106489254 0.06832563375196132 0 -4.269343217088825E-8 2.0529530654905432E-8 -2.7623232081630975E-5
-0.2137590545386873 -0.47234636278777903 0.06671710658979699 0 -4.6026130442771915E-8 1.694784313965446E-8 -2.761632771475624E-5
-0.18675532053812582 -0.4349325178463068 0.06418357757579088 0 -4.1897030223265184E-8 1.8819342723964878E-8 -2.7612944655730893E-5
-0.3826278748778653 -0.34149739132768103 0.06638993492953281 0 -3.6143111924548195E-8 3.3125652018547034E-8 -2.7606616391177272E-5
-0.0010639892128916778 -0.35571530812846325 0.05866683852382106 0 -3.039417742940732E-8 1.452360460283572E-9 -2.762965446041132E-5
0.5665181445886517 0.15558354761445173 0.07104008880031383 0 1.8942367937655758E-8 -4.514405462563017E-8 -2.7631532221738503E-5
0.5953591891669738 0.1936606882201294 0.07369160395615945 0 1.8471619926348605E-8 -4.7736543064930736E-8 -2.7636225080977698E-5
0.5192463818471629 0.12824117265253684 0.06769417632898124 0 1.9040156938129892E-8 -4.240843491315232E-8 -2.7618654898379635E-5
0.5285393108936259 0.16518893231571916 0.06885934434787161 0 2.0889550004996786E-8 -3.9731864538760055E-8 -2.762533641289825E-5
0.6744856330743806 0.25899543825752414 0.08106282636378111 0 1.9742737520149356E-8 -5.730384050431092E-8 -2.7629421713173906E-5
0.5964895386590124 0.24538252217967127 0.07505456752399722 0 2.0898411898151318E-8 -4.888314277183368E-8 -2.763826439322862E-5
0.8809325160784339 0.2820885436790224 0.09999999999999994 0 3.0098163203111465E-8 -6.918634094572308E-8 -2.7628133843758505E-5
0.7133503615870089 0.32015636681811027 0.08613118221459619 0 2.8324565642088837E-8 -6.294703315623716E-8 -2.7620186097989134E-5
0.7978472984237357 0.3041762806928354 0.09281227257926788 0 3.091040349664267E-8 -6.514994354386006E-8 -2.7624071987766932E-5
0.4636209692030302 1.4593888372567647E-16 0.06366862151549985 0 6.454472052400083E-10 -3.833442544593737E-8 -2.7627686262261592E-5
0.4938126220450951 0.06489296717588176 0.06554297030555511 0 9.489603278664713E-9 -4.578633821146491E-8 -2.7621386961136205E-5
-0.6153231968638251 -0.38077552285640803 0.08115372829448388 0 -2.6877976283151864E-8 5.605306637278665E-8 -2.7612507946317693E-5
-0.560449570051932 -0.3810942956107818 0.0775098294695611 0 -2.984947821708899E-8 5.0405509973271714E-8 -2.762325562402845E-5
-0.4429539530445369 -0.3153758255937713 0.06823813858748431 0 -3.3363553047748915E-8 3.8307174932373994E-8 -2.762336943368304E-5
-0.5043029125892239 -0.34762375509843185 0.07274022680505556 0 -3.2069432480107446E-8 4.393772107256143E-8 -2.762910246175291E-5
-0.6508158876168189 -0.3390076459058359 0.08199721983987755 0 -2.506893259160447E-8 6.131971547758012E-8 -2.7611316734052093E-5
-0.7091826270730176 -0.32330839885714513 0.08590988858162861 0 -2.8351096395573675E-8 6.599135111157691E-8 -2.7608379032572307E-5
-0.7619010673352372 -0.3837317836320327 0.09273617861998763 0 -3.993013117284793E-8 6.678396102401112E-8 -2.7604035817254533E-5
-0.8010515387579304 -0.4625279007956028 0.09999999999999996 0 -4.637290909022573E-8 6.626451009117003E-8 -2.760910510726258E-5
0.19236089157799777 -0.33317883760233996 0.059881599761303 0 -2.9499504826564658E-8 -1.3442743681175465E-8 -2.7629936400105787E-5
0.38492668203237634 1.0023152680894796E-16 0.05989052034096669 0 -2.2273911451453767E-9 -3.168902221643308E-8 -2.763608131589306E-5
0.2997814449763267 -0.1302546190444194 0.057552736756421544 0 -9.276162962342401E-9 -2.4999335960938714E-8 -2.7634410964779348E-5
0.3411851195480258 -0.06215460789797836 0.058312559079427444 0 -6.067682461013017E-9 -2.672313264094736E-8 -2.7637167041462957E-5
0.25568805190108224 -0.19009790761699052 0.05725179690059135 0 -1.4437574693589236E-8 -2.2701717174505145E-8 -2.7633065594636762E-5
0.21970172124605264 -0.25470361780543144 0.057909449658114676 0 -2.256133835693235E-8 -1.8404463470578732E-8 -2.7634230440971108E-5
0.23090062297727731 -0.13379820267190193 0.05553869913937325 0 -5.0854222295804166E-9 -2.242607564419255E-8 -2.7623933283504416E-5
0.10559774308437374 -0.32641465451667345 0.0581670361159444 0 -2.70024883384218E-8 -6.997253357650526E-9 -2.7632128575268016E-5
0.031363797849434556 -0.30517057546423765 0.0568332914109285 0 -2.5051425418625517E-8 -5.191900972181461E-9 -2.7629560333368717E-5
-0.08918266806588585 -0.39015326021997465 0.06056960464965617 0 -3.178458012382574E-8 1.3292653488340015E-8 -2.7620760933754358E-5
-0.049756265008924744 -0.359262534671633 0.05895024498757894 0 -3.022065940620058E-8 6.751542571012725E-9 -2.7628683392250863E-5
-0.33370914900421456 -0.3553876317528072 0.06495432896100803 0 -2.8931378721347337E-8 2.695454900771273E-8 -2.7601076835329466E-5
-0.31386332305040454 -0.4019336098806021 0.0662221637922308 0 -3.293360834885009E-8 2.121795512513024E-8 -2.761268798473355E-5
-0.15459594130071444 -0.3919265872876224 0.06155021858866086 0 -3.485768365609214E-8 1.91556568449527E-8 -2.7618881253147806E-5
-0.2322802926341843 -0.4023212684393738 0.06371797650698165 0 -3.4722081966699036E-8 2.042207764953084E-8 -2.7619900075246856E-5
-0.33230969380311987 -0.31257443393730217 0.06328313435425743 0 -2.4943959672251773E-8 3.3947735782384235E-8 -2.7606570820405933E-5
-0.37984334067586323 -0.29694191152231486 0.06465963905911942 0 -2.9756455917717908E-8 3.694042074098983E-8 -2.7612749462228164E-5
-0.03281109095750644 -0.303248501545522 0.05677241598853609 0 -2.7047798676902714E-8 1.278401625928569E-10 -2.7629402973376713E-5
0.002774404310843052 -0.26370741404826953 0.055444406431408536 0 -2.2193159977153563E-8 -6.717834173225934E-9 -2.762055110050944E-5
-0.4503344724862791 -0.2539143429242661 0.06663047103760426 0 -2.5299973794616603E-8 3.712439637899169E-8 -2.7624570472415616E-5
-0.40625597693717014 -0.2614749559637888 0.06471383725610917 0 -2.544325681025785E-8 3.639212113999981E-8 -2.762115960423328E-5
0.4615326701397575 0.12346215125476942 0.06442192515091573 0 9.412326392857724E-9 -3.8760776423500393E-8 -2.7608911697734987E-5
0.5387084587482873 0.20560708274998704 0.07032262751622614 0 2.2174969373248594E-8 -4.040045723028646E-8 -2.7633793704899698E-5
0.4879508039440348 0.17532903328848173 0.06671893154849401 0 1.903718774337064E-8 -3.3953019722463176E-8 -2.7620326649230115E-5
0.532509259731304 0.25445661626164345 0.07121936353097057 0 2.4495293884202387E-8 -4.12557222757649E-8 -2.763935209034524E-5
0.6341588941531792 0.31283518999890103 0.07981624453248937 0 2.3154179651674705E-8 -5.605076139006078E-8 -2.763031093017191E-5
0.5661686439840169 0.30314954318445153 0.07485251919573685 0 2.5120250143535384E-8 -4.722755205023442E-8 -2.7640064875851967E-5
0.8437752416466553 0.3790359375932063 0.09999999999999998 0 3.991110992742351E-8 -6.957786717440536E-8 -2.7628630827362098E-5
0.6719229666176102 0.38840511082381185 0.08561888827579653 0 2.993758075214885E-8 -5.748234235398676E-8 -2.7611513835427366E-5
0.7564175363077813 0.38622567562379634 0.09237249347625182 0 3.9888958740132897E-8 -6.30034514629065E-8 -2.7616693672819527E-5
0.41461516466779025 0.07768102097507298 0.06157475739077051 0 2.2210385477605722E-9 -3.7764230184998E-8 -2.7625933911484405E-5
0.41609697408913526 0.13788398400008967 0.062378681269293045 0 6.149465673661856E-9 -3.353803269189705E-8 -2.7621232137215837E-5
0.3331467524821928 0.06332732629493788 0.0580143200893398 0 5.357508562893795E-9 -2.8492732601683316E-8 -2.7640042940240688E-5
-0.47800098007166614 -0.21838828549818234 0.06713458210584479 0 -2.2049964286358067E-8 3.6500917928465405E-8 -2.7622471377022272E-5
-0.581042663690517 -0.3157640075984302 0.07626188231201678 0 -2.502239690409745E-8 5.22078013633025E-8 -2.7626684689169523E-5
-0.516501927640104 -0.27345997871285144 0.07083650833060166 0 -2.6305465758939068E-8 4.29206442567899E-8 -2.7630354604880905E-5
-0.6531660790226061 -0.2763311132584134 0.0799841441751332 0 -2.113988463462526E-8 5.92903923866035E-8 -2.7621258310076723E-5
-0.7177089386751481 -0.25492955224205677 0.08435704674323387 0 -2.043175204684306E-8 6.222830006355834E-8 -2.7615443928238224E-5
-0.7682837005378522 -0.21778108265977297 0.08762455506029665 0 -1.8437575795367547E-8 6.246570041689304E-8 -2.7608790592806106E-5
-0.7926496756412593 -0.29133333750236745 0.09190870000572768 0 -2.9177468953962066E-8 6.75463075688352E-8 -2.7613136603284743E-5
-0.8437556437212325 -0.37907955935377746 0.0999999999999999 0 -4.009843313828101E-8 7.3109772802626E-8 -2.7615314015431962E-5
0.14972579901011426 -0.2593326910893636 0.056582144341893334 0 -2.0524906834752366E-8 -1.4464366213461667E-8 -2.763503299357423E-5
0.30024351839566077 1.0287337474471442E-16 0.0566089984335615 0 3.0422710947653418E-9 -2.455584739699854E-8 -2.7640035944746365E-5
0.25485064501553867 -0.06881848120103613 0.0554520694654174 0 5.386006041035152E-10 -1.993141985405605E-8 -2.7629699255241986E-5
0.2018137422816696 -0.09141964150518621 0.054287541904913736 0 -1.4239844166419144E-9 -1.5913091446881342E-8 -2.7611948711737642E-5
0.1764824224893901 -0.17786432905826247 0.05506179018247805 0 -1.2765240611246651E-8 -2.0486764384353903E-8 -2.762481682892354E-5
0.17846806103523252 -0.12182655323316927 0.054152220507936534 0 -7.750581980701316E-9 -1.9063520095757383E-8 -2.760922409184196E-5
0.06445906182530688 -0.2524774236880236 0.055351148337145016 0 -1.7625010753911165E-8 -9.803095580111113E-9 -2.7625167666866858E-5
0.01713256069613923 -0.2191946756676691 0.054245341320781695 0 -1.5821490948789524E-8 -5.6712132171241575E-9 -2.7608361025778324E-5
-0.015811501710617768 -0.22080470166743846 0.054282927994611936 0 -2.150939397409865E-8 -3.1612747967552385E-9 -2.760855076731492E-5
-0.11115524588477288 -0.32319159740630654 0.058116751891295344 0 -2.8458872608636364E-8 1.1398383995327112E-8 -2.7632728018913087E-5
-0.2724211583800276 -0.34021230275634257 0.06225471036920954 0 -2.384257560278239E-8 2.513098152727704E-8 -2.7616826601398587E-5
-0.19295762658678686 -0.33421241295621795 0.059933626134453855 0 -2.7438385459545325E-8 1.9540846861719814E-8 -2.7629714506754875E-5
-0.299671918215507 -0.26919022055739933 0.06068803798570996 0 -2.0076921285897502E-8 3.0380670581574635E-8 -2.7622958775159974E-5
-0.35401952964801076 -0.2618191533072333 0.0624765930436588 0 -2.2593523379323708E-8 3.5255600297878756E-8 -2.761952929616265E-5
-0.059917909088264505 -0.2537684697083779 0.05535616729591674 0 -2.5763376322663756E-8 6.578053823047736E-10 -2.762477884462147E-5
-0.4286041911968905 -0.21160410640457614 0.06443452009247358 0 -1.8405946758635287E-8 3.435089457790121E-8 -2.7621163798733144E-5
-0.3837371950984817 -0.21760730691022395 0.06251779019199943 0 -1.7966338440549964E-8 3.390430721151044E-8 -2.7624077999554476E-5
0.44078820931890417 0.17778853409565737 0.06428879605061415 0 1.3639140973083651E-8 -3.13679665770813E-8 -2.7621662421722044E-5
0.4759951064045458 0.23047538821939026 0.0673334019397155 0 2.2978483163839873E-8 -3.4579186660116196E-8 -2.763258902904992E-5
0.5023235944487765 0.29151864533540206 0.07059623054924213 0 2.814061751498525E-8 -3.968819908085241E-8 -2.7640702743277608E-5
0.5853609901656723 0.37038384021673393 0.07867156144500055 0 2.7257688646538983E-8 -5.0244220433959404E-8 -2.7633664968803723E-5
0.5293785213896149 0.3388907230126146 0.07386902220939724 0 2.940971242162584E-8 -4.377041884927873E-8 -2.764165072106488E-5
0.8010710017272104 0.46249419126110125 0.09999999999999991 0 4.6203400850764824E-8 -6.260075010577487E-8 -2.7625611037964927E-5
0.626960623589047 0.4522983371432033 0.08535306995964971 0 3.528453580737566E-8 -4.971091144820888E-8 -2.762329977818144E-5
0.7061350528834721 0.4673278645716987 0.09212747065803699 0 4.267171731924245E-8 -5.2255461834040936E-8 -2.761881360442091E-5
0.3592371994727271 0.12552401442410036 0.05970040660633737 0 7.550631410652451E-9 -3.010051826664878E-8 -2.7635136013254837E-5
0.39449037889125516 0.17177804019933995 0.06198157459134765 0 1.1047672109661142E-8 -3.092553002391547E-8 -2.7628838061395153E-5
0.2907007887888551 0.1297941048796961 0.057242741237689944 0 1.3611953225075153E-8 -2.314848510905332E-8 -2.7638829356873148E-5
0.2538184516803514 0.06940494742292715 0.05542696753822805 0 1.2440481922039679E-8 -2.143942917608877E-8 -2.7631892996969777E-5
0.20062573683728857 0.09527047772396227 0.054301155270572714 0 1.4401955713943825E-8 -1.5944655359816523E-8 -2.761480749751035E-5
-0.4690213191754545 -0.16282051739106812 0.06545407679976868 0 -1.5195299569673945E-8 3.5173674819827906E-8 -2.760922858102504E-5
-0.5329845388239064 -0.1985594752136454 0.06981392050905111 0 -2.2066939135355966E-8 4.203683550100091E-8 -2.7624948874723303E-5
-0.5985835515449605 -0.2260297922817816 0.07467942546060531 0 -1.9980150643827906E-8 5.1180317210553495E-8 -2.762961214931994E-5
-0.6738902730202506 -0.22049852083738797 0.07997070091519404 0 -1.5969260880862857E-8 5.831349327832633E-8 -2.762213362648775E-5
-0.7224932718504692 -0.1846612188414888 0.08299584497449673 0 -1.1140519357842122E-8 6.072066641271963E-8 -2.76124665887947E-5
-0.784218194998307 -0.17459658052838994 0.0880668176158918 0 -1.5049811584370156E-8 6.412441298007619E-8 -2.76009745994478E-5
-0.8340398056073667 -0.21902107573341573 0.09363611174877708 0 -2.3816211764748935E-8 6.755574020538029E-8 -2.7609568202672016E-5
-0.8809151182252344 -0.2821428693025129 0.09999999999999996 0 -3.018115554613203E-8 7.26917231223732E-8 -2.7618137157419884E-5
0.11138757858716244 -0.19292894544503636 0.054318208030815426 0 -1.3818449220647106E-8 -1.3063841370029816E-8 -2.7624035744654207E-5
0.2238875048948224 7.238912562247948E-17 0.054346295287657886 0 5.3565666899034736E-9 -1.8105120592195072E-8 -2.762773827978048E-5
0.19420772375092543 -0.04676552312468657 0.053768452091938715 0 9.369808772874131E-11 -1.2588103146582583E-8 -2.7617812680554132E-5
0.16765785073129597 -0.0820458117059934 0.0534822586461166 0 -6.726146043568295E-9 -1.1229772728920994E-8 -2.760812711309767E-5
0.1532214795718842 -0.1047515501973591 0.0534601593182905 0 -1.0761517858818827E-8 -1.3466567079371206E-8 -2.7608054087063893E-5
0.13365633223327952 -0.1314943305448411 0.053500013617672364 0 -1.3066878376817952E-8 -1.4210932841391584E-8 -2.76141036380411E-5
0.1909210649037196 0.04684254353730671 0.053697308093126346 0 7.594571759055427E-9 -1.828006670760334E-8 -2.7619024034041553E-5
0.05493858025113072 -0.1872116672800932 0.053664600392910426 0 -1.1631678359642142E-8 -5.189879813845743E-9 -2.7614659090022285E-5
0.0015895535343272628 -0.18045943852644164 0.053353802929854664 0 -1.5154123169811902E-8 2.783224163539895E-9 -2.76062366787272E-5
-0.053441146730527564 -0.18709102439814254 0.05365287398922711 0 -2.047912662694584E-8 4.158470407720951E-9 -2.761443294512558E-5
-0.15050660974349658 -0.260685094950677 0.05663516711153095 0 -2.377255916568394E-8 1.1271616140163174E-8 -2.7635235251752417E-5
-0.22974591189928226 -0.256397975299907 0.05821373401797809 0 -2.059472359915181E-8 2.0544217127146245E-8 -2.7633518290506373E-5
-0.2901412929767384 -0.21922908092139923 0.05898973037684318 0 -1.7925727196534352E-8 2.690560849134955E-8 -2.763166711812191E-5
-0.3302765228915605 -0.22443841547131757 0.06052899064430553 0 -1.787111524001222E-8 3.156482240015193E-8 -2.7627719488075748E-5
-0.11217260429255088 -0.1942886498520168 0.05435789315243198 0 -1.9261847841364363E-8 5.990453896016833E-9 -2.762443438842605E-5
-0.4043520178042477 -0.16901983470521795 0.062374130552393804 0 -1.0596408194361755E-8 3.340041335949905E-8 -2.7620657880148948E-5
-0.36201088411519367 -0.17400839360604692 0.060635096430618034 0 -1.2133432933117563E-8 3.18604527920181E-8 -2.762830863418286E-5
-0.42569230627547644 -0.12215318657273527 0.06260425960749791 0 -4.921141362611303E-9 3.8203456158299275E-8 -2.761363652659889E-5
-0.467604489294916 -0.09647351175034927 0.06440527405535047 0 -8.556942305566782E-9 4.5680552510879214E-8 -2.760895859845925E-5
0.40159415937487924 0.2222711945652258 0.06342742714419668 0 1.8994221039236454E-8 -3.212926440758115E-8 -2.7630935123342365E-5
0.4374027432196876 0.28280425722564984 0.06685837267776952 0 2.9260415267647517E-8 -3.53211948844413E-8 -2.7633691478334726E-5
0.4716692828943538 0.34325991058700284 0.07076541111671204 0 3.4088872219179814E-8 -3.774905749960524E-8 -2.7639562563685856E-5
0.5572755215547438 0.4510872900080022 0.08061070588876619 0 3.6200787066679985E-8 -4.752872205720084E-8 -2.763370859438944E-5
0.5201731653431543 0.38799390136202994 0.0753439569886662 0 3.306156782544166E-8 -4.344574188046352E-8 -2.764072837288126E-5
0.7501545426059838 0.541195955123228 0.09999999999999998 0 5.043559283773918E-8 -5.574909421855122E-8 -2.7631659853016537E-5
0.5828756184496425 0.5332115379316271 0.0868511630159933 0 4.781016317655485E-8 -4.990604240665906E-8 -2.7625879439860007E-5
0.650470548607775 0.5465931881196748 0.09240305490818579 0 5.0455751655188225E-8 -5.084299224669195E-8 -2.7628423225279353E-5
0.33827356631260735 0.19741612693850677 0.06018657141513714 0 1.5362149674086558E-8 -2.8637632125822946E-8 -2.7636970802732617E-5
0.2643297840462276 0.19520810401833616 0.057617277126140565 0 1.7764804343200817E-8 -2.0276283565584175E-8 -2.7640468038264808E-5
0.23462332403576286 0.13422621113694244 0.055643167928538385 0 1.7678254291925296E-8 -1.5549547534470403E-8 -2.762980224626789E-5
0.1835322570857455 0.12636576122723128 0.05431954168807021 0 1.4209715059707415E-8 -9.303186249130239E-9 -2.761555152509336E-5
0.15384433041034717 0.09209874155024383 0.0533301823681776 0 5.793898168260221E-9 -1.2830317236282357E-8 -2.7611490881937255E-5
-0.5199939829281822 -0.124648956040805 0.06768673130026932 0 -1.8787165225108715E-8 4.531695217647401E-8 -2.761411216553104E-5
-0.5744027965338087 -0.14938461510286838 0.07144252826293566 0 -1.7984718295844274E-8 4.8817751529227414E-8 -2.7626809098904973E-5
-0.6477191420222239 -0.14358128013705043 0.07642272847163621 0 -1.0620686288804118E-8 5.656314969807817E-8 -2.7627226328226978E-5
-0.735100345459195 -0.11930462056175606 0.08291132970822637 0 -4.363387917527773E-9 6.596954260943034E-8 -2.7609408376396304E-5
-0.8023821229894582 -0.12465004703532732 0.08885408731398864 0 -1.3198655850058149E-8 7.15964201912654E-8 -2.759917944281124E-5
-0.8531067718150073 -0.15803750226362165 0.09415708085227005 0 -2.061135293942457E-8 7.227072683934317E-8 -2.7605612891716464E-5
-0.9051158299750595 -0.19076243784282 0.09999999999999995 0 -2.3236423826666764E-8 7.536865859202058E-8 -2.761312592291552E-5
-0.8393412000271001 -0.10211595922316327 0.09200820531311653 0 -1.4737523907113756E-8 7.579372668873519E-8 -2.7606100413960183E-5
-0.5124187514513647 -0.05184789683178334 0.06651654728017117 0 -9.457803343747033E-9 4.8648100558895055E-8 -2.7624084769861817E-5
-0.4662367643365183 -0.05429215722432917 0.06397307879016166 0 -5.166627580982511E-9 4.571361003734454E-8 -2.762077457630646E-5
0.07846305682895906 -0.1359020009449211 0.0529048760801971 0 -1.1743995389306867E-8 -5.490548808121378E-9 -2.761904352480281E-5
0.1581850159804538 4.03666044625459E-17 0.05292729798071231 0 -2.453530261530945E-10 -1.254941594445643E-8 -2.7621361770305033E-5
0.1339429855522494 -0.042721659792281826 0.052630185389843626 0 -6.363038913475396E-9 -7.974846462101325E-9 -2.7619479431447526E-5
0.12170874450296679 -0.07937873255132208 0.05270638285367756 0 -1.0845143258135555E-8 -7.55251101019304E-9 -2.7616382066299803E-5
0.0926329081859553 -0.0934021566431387 0.052491087538806276 0 -1.1178175493861247E-8 -5.412687912423418E-9 -2.7620715725307542E-5
-0.07925046645516257 -0.1372658344238745 0.05293295280422828 0 -1.1680455764834586E-8 7.866617262034174E-9 -2.7619009079380217E-5
0.12737884186502532 0.04457914646124025 0.052542398875778 0 7.025899737578378E-10 -1.2336867321227371E-8 -2.762196768696252E-5
0.025874926118163208 -0.13266950985365822 0.05254567933671947 0 -1.0757025471085202E-8 2.6493723277824443E-9 -2.7618687232537186E-5
-0.025243839799718233 -0.13300675455069116 0.052548920040911946 0 -1.1992282648548411E-8 7.070371978380668E-9 -2.7618713784108224E-5
-0.18973296493485722 -0.18461798069110355 0.055474546986767154 0 -1.844908607277726E-8 1.1314287652316178E-8 -2.7627609852762828E-5
-0.2483235922732361 -0.1816505696604007 0.05686432272721824 0 -1.8033248367659842E-8 1.95609769350324E-8 -2.763229090804653E-5
-0.30831506111577245 -0.17770170158565643 0.058672582596364375 0 -1.5142698962972575E-8 2.745628271389125E-8 -2.7633424429693866E-5
-0.13643849435757827 -0.142707733989249 0.05371629461338724 0 -1.147398771297586E-8 7.775111103855564E-9 -2.7615848652723097E-5
-0.184039983968445 -0.12735803584373426 0.05434432437859786 0 -1.4453067413936002E-8 1.1255934665891862E-8 -2.7611485010863703E-5
-0.10393602836491156 -0.0928684349452979 0.05261104654913399 0 -4.338699811240949E-9 1.0978811133717933E-8 -2.761883909186029E-5
-0.33491839009005275 -0.13913239257244242 0.05894927757126896 0 -1.0571875162651472E-8 2.9782017692937872E-8 -2.7633252136022887E-5
-0.379850741799242 -0.12110542276221135 0.060500587943527986 0 -5.665281151201098E-9 3.4287102780835834E-8 -2.762660216218831E-5
-0.40842759083875496 -0.05875232359605658 0.061140527783328784 0 -1.6502942133059008E-9 3.8978440931714287E-8 -2.7627441882865546E-5
0.36282250283673584 0.2686598783514224 0.06303900336729046 0 2.408341000517152E-8 -3.385207293948293E-8 -2.7627833449996638E-5
0.4058790843317993 0.3317218591300756 0.06705525860874961 0 3.592469994825326E-8 -3.305938549087166E-8 -2.7626159066453954E-5
0.4678168231247622 0.39722837411780604 0.07282402579327739 0 3.7180772644989855E-8 -3.738544857620312E-8 -2.7640270638594773E-5
0.43228391685071293 0.3802988180284773 0.07026687195777441 0 3.8524243887432775E-8 -3.273037808909079E-8 -2.7635017158920002E-5
0.5096255127299391 0.5106912413470729 0.08097857821614195 0 4.257198702341894E-8 -4.656193435740232E-8 -2.7630679572351847E-5
0.49005227512439575 0.44470401859070535 0.07629562530822705 0 3.823998009868722E-8 -4.145965624819821E-8 -2.7639636762274833E-5
0.5354804188313992 0.5793968081607486 0.0867593250488703 0 5.170893001243872E-8 -4.771120026063723E-8 -2.7616228474390816E-5
0.6847900044003186 0.621834941224156 0.09999999999999994 0 5.956536443422258E-8 -5.333405912634815E-8 -2.763441822800922E-5
0.5876935447112426 0.6161088910778022 0.09257893706827944 0 5.948002031429396E-8 -4.6804557885414196E-8 -2.762164930164987E-5
0.2968769596322443 0.26583446546620604 0.06049214663587174 0 1.9858013769404508E-8 -2.771438440441427E-8 -2.763398094833563E-5
0.22703812963746217 0.26409762190385 0.058370438456053005 0 2.095411338680446E-8 -1.836657258495285E-8 -2.7642959299729243E-5
0.18890830540911197 0.18932922319802872 0.05555650018582656 0 1.848974006381166E-8 -9.39809962244059E-9 -2.7635256034905986E-5
0.10177697427875262 0.08834048795367637 0.05253956863179544 0 3.937270240531483E-9 -9.204244503671795E-9 -2.7622808732153227E-5
0.13647605991683223 0.1435082568468913 0.053729825805134857 0 1.1523518127181813E-8 -5.94298483348734E-9 -2.7621117679669966E-5
0.14969050843762163 0.2592715660247786 0.05657975437506356 0 2.365348367487347E-8 -8.978962119825723E-9 -2.7644557916655612E-5
-0.5844196053235717 -0.07491703801282973 0.07115392026499065 0 -1.0735191693683308E-8 5.2583249278871706E-8 -2.763117238420293E-5
-0.7351410524947968 -0.060926854977285956 0.08231802271497875 0 -1.511799015300862E-9 6.74615937972245E-8 -2.7617579681206147E-5
-0.6752473549062168 -0.060997662019661704 0.07752927755735102 0 -2.3933090397581197E-9 6.072591212686319E-8 -2.762831229190186E-5
-0.7962287177911108 -0.06074957956360477 0.08762354715881242 0 -6.261995753663682E-9 7.355546456531556E-8 -2.7610801426687026E-5
-0.8627884197170684 -0.055125093298773874 0.09385473111979895 0 -1.0439272102127175E-8 7.746562822279481E-8 -2.7614379073012248E-5
-0.9192838471164881 -0.10263764414409532 0.09999999999999994 0 -1.6255961592013066E-8 8.1874112655284E-8 -2.7615718546015866E-5
-0.5447672634209793 2.858524015158418E-17 0.06830049229574699 0 -4.727215345938651E-9 4.761537234967694E-8 -2.7632175926956253E-5
-0.4638591691868275 2.797468827787367E-18 0.06368112390889594 0 -7.27648362465153E-10 4.05913848896166E-8 -2.762766867156414E-5
0.04273067501608843 0.07401170016957923 0.051925849626185475 0 4.47486139406484E-9 -5.832617541387979E-9 -2.7632191890348865E-5
0.04273873390329096 -0.07402565857166639 0.05192600533605054 0 -8.140883334592543E-9 4.0577646954054254E-10 -2.7629498539060927E-5
0.08580268905133058 2.7616060966210454E-17 0.05192915349305607 0 -3.675439944325852E-9 -6.372678208703089E-9 -2.7630733757345216E-5
0.07416648351753428 -0.042820039223696336 0.051927573540639343 0 -7.052927814860507E-9 -3.4185831462022556E-9 -2.762981315013918E-5
-0.04299754043112494 -0.07447392462720538 0.05193102148339571 0 -4.57955871856759E-9 7.749562532404772E-9 -2.762942397752884E-5
0.07415950431437714 0.04281600977887487 0.051927495533993596 0 1.957971233487441E-10 -7.3293507762904724E-9 -2.7631340171565524E-5
1.3904975238826412E-17 -0.08573627431625096 0.051928505242836896 0 -7.306792075739814E-9 4.871038945297993E-9 -2.762903447513716E-5
-2.9796378738924766E-17 0.08577355466188762 0.05192886660175564 0 7.308986071497607E-9 -3.019323587475069E-9 -2.7632111143886045E-5
-0.22815732549244747 -0.13366956667415786 0.05546555293618704 0 -1.785725694536651E-8 1.6610475503707528E-8 -2.76235228428526E-5
-0.27837086784154214 -0.12617379267311213 0.056793561369108604 0 -1.4619984867242254E-8 2.3801603736723413E-8 -2.763305613843544E-5
-0.15093740406319933 -0.09389909648308081 0.05329903073383901 0 -5.763640593851387E-9 1.4224178390154661E-8 -2.760868146843339E-5
-0.19761019796705667 -0.10158906953187431 0.054303584925033135 0 -1.4659875329413484E-8 1.6586083424043018E-8 -2.7610558943301692E-5
-0.12619399745448537 -0.06614911525416545 0.052660410611162535 0 -1.9485949714878715E-9 1.4147301157430031E-8 -2.7617408708690318E-5
-0.07423701450489274 -0.042860760308234 0.05192836227840669 0 -3.004259598831108E-10 9.184621665729678E-9 -2.76298738299759E-5
-0.4277423899643161 0.06497482014443749 0.06209784320535729 0 8.851576320102844E-9 3.346695746148023E-8 -2.7624932444067368E-5
-0.33304413722574777 -0.06930677678439595 0.058055306373968225 0 -5.84675068702192E-9 3.0545764008974524E-8 -2.7637352178653505E-5
-0.3847166606924661 9.345124501562139E-19 0.059881376808148805 0 2.2054138534275467E-9 3.378305656753747E-8 -2.76361451133812E-5
0.3329058545937796 0.33325924236807375 0.06406157186555389 0 2.6274749797299164E-8 -2.8850594717134897E-8 -2.7613415914411254E-5
0.49825230464030634 0.6040689738251999 0.08623250303750961 0 4.927782689846046E-8 -4.220439053465926E-8 -2.7613878960702627E-5
0.3818998921620359 0.39282083230988174 0.06849211870683777 0 3.86787385509688E-8 -2.4802661204232228E-8 -2.7627357301264965E-5
0.4314021965681312 0.42876752259718576 0.07244484890584979 0 3.9568748168616587E-8 -3.287332623981065E-8 -2.7638965008218478E-5
0.4723939921181883 0.5653277489130144 0.08223903081434109 0 4.409598951447133E-8 -4.331726380649544E-8 -2.7624174609641367E-5
0.44736034083495346 0.4974141441538552 0.07684191432450417 0 4.1104539618272726E-8 -3.8476531318284085E-8 -2.763805578274636E-5
0.5230354883414245 0.6422697488364204 0.0903707538749386 0 5.658385806035143E-8 -3.857615812230904E-8 -2.7614375852933903E-5
0.6177594130735138 0.6884753307245898 0.09999999999999995 0 6.514853808908771E-8 -4.6469531072745305E-8 -2.7629451082235792E-5
0.5518007966248653 0.6760563257947593 0.09465507346897212 0 6.18005193547295E-8 -3.8985799152728095E-8 -2.7621893590175266E-5
0.2625418688185837 0.33648330779519714 0.06181290503458571 0 2.38777122398308E-8 -2.2233872503493412E-8 -2.7632113746092358E-5
0.10763513709501461 0.3224957272318108 0.058047784011843594 0 2.8399830735976E-8 -8.787480438284029E-9 -2.764438866136951E-5
0.19231764390950024 0.3331039304431938 0.059877835485628014 0 2.7286838655553512E-8 -1.719918775621359E-8 -2.7642204864667925E-5
0.11136664405289663 0.19289268576805546 0.0543171535525474 0 1.903941800125545E-8 -3.8667276491316035E-9 -2.7631013961152886E-5
0.07844894660138711 0.13587756131386042 0.05290437550856248 0 1.1421840616474677E-8 -6.0312408492424186E-9 -2.762395947749251E-5
0.03519829734560284 0.13784946141786306 0.05265706254873472 0 1.2614678441029084E-8 -5.362740800016867E-9 -2.7622875475005873E-5
0.06630901180929025 0.2508565357105051 0.05531869953262273 0 2.533181122563794E-8 6.43811156045976E-10 -2.76343896076935E-5
-0.017053837843317182 0.27836069099312905 0.05590951428308119 0 2.2573638525919006E-8 8.622863234742903E-9 -2.763497639705911E-5
0.011677278178983168 0.25977319628253465 0.05533524160416193 0 2.3325949517848134E-8 7.48045757285855E-9 -2.762927428618522E-5
-0.036475279191632355 0.1302798698937502 0.052547520741153056 0 1.06601038326061E-8 6.708059859730307E-10 -2.7624160615734483E-5
-0.004334214649360648 0.15163914092247652 0.05281372846092682 0 1.2664752255137524E-8 -2.973266936769578E-9 -2.7618940865553506E-5
-0.5548238392163805 0.07638757137486699 0.06925704553616709 0 3.6578316540869793E-10 4.627143831759093E-8 -2.7629664182113787E-5
-0.6361392415232946 1.3179599374821288E-17 0.07441207081886599 0 -1.7067078789701938E-10 5.544424242374519E-8 -2.7635263954062477E-5
-0.7353276040989696 1.376885046738379E-19 0.08212306732579755 0 2.7862966159709422E-9 6.401352136421322E-8 -2.7622478987613825E-5
-0.8245744171037558 1.994957568951944E-17 0.09002147282184524 0 -2.9827209592104317E-9 7.172158621551692E-8 -2.761611653650359E-5
-0.9249999999999996 -3.487031299242896E-17 0.0999999999999999 0 -6.665354683323484E-9 8.050246603722081E-8 -2.7622303388159533E-5
-0.6215823870108426 0.05940809814964494 0.0735747228508592 0 3.845171625965753E-9 5.2963515856852115E-8 -2.7635288539928992E-5
-0.5039157942187592 0.07056797810116018 0.06615707446286308 0 9.098818985951428E-10 3.937338216274322E-8 -2.7621326520143757E-5
-0.4742240483662385 0.11256694280313873 0.06494853319711702 0 8.100021533020901E-9 3.901720307741894E-8 -2.760909488003415E-5
-0.4362515368769683 0.13236424219261794 0.06326633817399899 0 1.6073142054811638E-8 3.8969648247621074E-8 -2.761469537357037E-5
-0.3689420167821231 0.1279817916152874 0.06013540062401418 0 1.4830643122208378E-8 3.206346654631238E-8 -2.7632925211756664E-5
-0.40020050920329836 0.18553375498639205 0.06251643484045978 0 1.842163203973303E-8 3.7031100327863393E-8 -2.7628483823789044E-5
-0.11902524067374867 0.3280525016025783 0.058398241089487615 0 2.721588058948938E-8 9.804363641959964E-9 -2.7644101334031195E-5
-0.278960464150049 0.23105339123962187 0.058930977919053947 0 2.0914009260381476E-8 2.3580404519515627E-8 -2.7639476921956087E-5
5.529796886260846E-16 -9.523255661324038E-16 0.05151308386343702 0 -3.636268152298435E-11 9.222217217329572E-10 -2.7639170271063404E-5
-0.043042879691499385 0.0745524545297515 0.0519319033593881 0 8.140167875962304E-9 1.4375818909434963E-9 -2.7632049230014676E-5
-0.24680219676358373 -0.07209570484822997 0.055249906628573604 0 -1.2955768223945422E-8 2.2789445369547263E-8 -2.762771171678226E-5
-0.1740533791739203 -0.0457943921612332 0.05334383022045102 0 -5.408218044371993E-9 1.8978492444638307E-8 -2.7616204345364392E-5
-0.12783259126111418 -0.033275347967647695 0.052499203818416273 0 2.1185794472954653E-11 1.3853392253126561E-8 -2.7621827070782573E-5
-0.08544796042127181 1.2633032021521531E-17 0.05192572029476935 0 3.574802705343895E-9 8.20858779717111E-9 -2.7630876167248432E-5
-0.33947513674739144 0.06240362523718613 0.058248486325065116 0 5.8971074544443415E-9 2.866198717806793E-8 -2.763947043108818E-5
-0.30816555573663146 0.12979030410922676 0.05783416263257108 0 9.979579041507709E-9 2.746093193255563E-8 -2.7639183145098768E-5
-0.22695325756190307 0.2565120405768185 0.05814491145404571 0 2.3053474051675462E-8 2.0674641829388162E-8 -2.7642918988203777E-5
-0.25569422992480956 0.1801064295667739 0.05704280655464759 0 1.2988558247923588E-8 2.5052477547655103E-8 -2.763895051986021E-5
-0.07471068043782807 0.26158647648355277 0.05569656348774581 0 1.8746722535409648E-8 1.1964303331808484E-8 -2.7637860460138067E-5
-0.15073713287945018 0.26108437273446883 0.05665087411303693 0 2.0733952630289674E-8 1.6454575178714996E-8 -2.76446411020065E-5
-0.0793293077376864 0.13740239153093972 0.052935779499837216 0 1.1768316701159206E-8 7.56525923541212E-9 -2.762381234956028E-5
-0.299396714946573 6.0549876586637245E-18 0.05658028588283899 0 -3.212048187321822E-9 2.6514070360567656E-8 -2.763989139590931E-5
-0.39181543828090004 0.55445735722153 0.07760084140770424 0 5.0367560984937564E-8 3.327662378170805E-8 -2.7638549800612486E-5
-0.42125713605646403 0.6077940464059373 0.08247265847688973 0 5.671671270937093E-8 3.5933606920602334E-8 -2.762854405099129E-5
-0.4499036574234317 0.6597655574984553 0.0876254316161508 0 5.9503512435971476E-8 4.29832322046838E-8 -2.7623050471288047E-5
-0.4789401191209052 0.7197628636157833 0.09385470752197607 0 6.077356153595186E-8 4.883076924713124E-8 -2.762743461932887E-5
0.30693864167133966 0.4042133776050551 0.06608285286906407 0 3.295576060757351E-8 -1.8522104796290064E-8 -2.762900925247909E-5
0.45341996389119593 0.6343388790419371 0.0859386615701075 0 4.940481239533374E-8 -3.571219088586479E-8 -2.7622367605346886E-5
0.36186279370904106 0.47199806236141656 0.0715259330567936 0 4.0996122538093057E-8 -2.5459199173990236E-8 -2.7641442371661226E-5
0.400949758946052 0.5652131577221655 0.07869394977656127 0 4.471666002214817E-8 -3.466088985453882E-8 -2.763738027556334E-5
0.4904238791693691 0.6985151762406319 0.09277567976728547 0 5.975124058512278E-8 -3.338022751551604E-8 -2.7625599204602248E-5
0.5485314952955888 0.74480230687788 0.1000000000000001 0 6.570126853912171E-8 -3.748494403854237E-8 -2.7631827564722405E-5
-0.157502577302292 0.4062797025959702 0.06224976286168574 0 3.251236325304059E-8 9.484878779694638E-9 -2.762996780261312E-5
-0.04439277195221168 0.328710102628296 0.0577329050528648 0 2.755941044722033E-8 5.9275095925862716E-9 -2.7642897787644033E-5
0.025557696189703685 0.3104658173674805 0.05699894508193312 0 2.7209895681375855E-8 2.2324417558260377E-9 -2.7641158279734343E-5
0.05891091878969271 0.3561813785904501 0.05888183035860122 0 2.998752734224927E-8 -5.481618993212985E-9 -2.7641973370907183E-5
-0.07539656272461737 0.3826387268002811 0.060112744280339386 0 3.405569825344208E-8 3.9108600166342095E-9 -2.7637631182493156E-5
-0.19156331121345582 0.4731617410648756 0.06625147072173321 0 3.376881806311243E-8 1.96381432682361E-8 -2.762844887343844E-5
-0.31860245148696237 0.5518356333914171 0.0744889558881298 0 4.705609445031856E-8 2.8593480779714525E-8 -2.764465724398463E-5
0.23188989210585279 0.40164507488900236 0.06367695651733306 0 3.463639011677133E-8 -1.8036126189112097E-8 -2.763493154274756E-5
0.18545604713463834 0.43047399478074116 0.06393784680976809 0 4.114376596950766E-8 -1.6670196855886883E-8 -2.762939011684848E-5
0.15384627156060351 0.3839117365891883 0.06118533303935759 0 3.3749323508865684E-8 -1.6656652570502978E-8 -2.763527458868066E-5
0.08567704016096148 0.3934342712802923 0.06068036954612458 0 3.1785343897042834E-8 -1.0821496370066824E-8 -2.7634686436642083E-5
-0.04746651353754765 0.1829715324610284 0.053532622158623755 0 1.1456440720800593E-8 5.592276710504529E-9 -2.76197223893468E-5
0.01717373484524668 0.1662656573333219 0.053092157016808576 0 1.590229009536126E-8 -3.4133992513901275E-9 -2.7616424373045478E-5
7.833096257776418E-4 0.19069362679459012 0.05356840441819727 0 1.634169284939836E-8 7.770086687358773E-10 -2.7611905859084504E-5
-0.014253461472862217 0.23459230484404994 0.05463523466770248 0 1.782117167911743E-8 9.182438115924916E-9 -2.7620693455824793E-5
0.04520143550094837 0.1841851235528076 0.053545944108146816 0 1.9969446768519423E-8 -2.3316248142313866E-9 -2.7619174228261437E-5
0.017981432514459814 0.22651294475696923 0.05443142027174295 0 2.2243817786973237E-8 5.515835853899248E-9 -2.7618424524818933E-5
-0.4509389353459413 0.18062953941108667 0.06485872161226297 0 1.579701173604019E-8 4.512877599787646E-8 -2.762064545674434E-5
-0.43855507291261625 0.22078311851591842 0.06514753629020965 0 1.7449960723329292E-8 4.215689478294428E-8 -2.7629201857982585E-5
-0.5430568755805911 0.1088667628343709 0.0688662273363696 0 1.7256588046937297E-9 4.636532823802261E-8 -2.7625076818890486E-5
-0.5075730010734566 0.12513873893141766 0.06697106660603608 0 3.371447842221668E-9 4.465227833580279E-8 -2.7614528913194648E-5
-0.4876818695036711 0.16005919777938846 0.06641416297022892 0 9.34954876136114E-9 4.8310103232621456E-8 -2.761534490482763E-5
-0.5817364775186938 0.11498204866540508 0.07140762999266016 0 4.8344244418549495E-9 5.036740537862573E-8 -2.7631920236846357E-5
-0.6893460495224288 0.06354738512595376 0.07863780818203957 0 8.858594169136414E-9 5.782766946934772E-8 -2.7627846898874436E-5
-0.7599167871431189 0.060700756349994105 0.08441733903220823 0 7.49847185893885E-9 6.216435901296531E-8 -2.7615600696275022E-5
-0.8184909839211809 0.07533925376340878 0.08977629762126756 0 2.8895732033301946E-9 6.715331558385356E-8 -2.7610542445173674E-5
-0.8641324069088798 0.06217499425579329 0.09403348687291993 0 -6.948574858122662E-10 7.252694612924673E-8 -2.761553380017604E-5
-0.919284810212244 0.10262901652303173 0.09999999999999994 0 1.3562203941479255E-9 7.812554248588624E-8 -2.76186951712157E-5
-0.7200856347104291 0.1275637570102766 0.08178787314202204 0 1.706472728547332E-8 6.164646124061166E-8 -2.7616797110241123E-5
-0.6366216770914513 0.14805650423757327 0.07568897320024312 0 1.3464198282806255E-8 5.565581229795385E-8 -2.7632768916896818E-5
-0.5083123257938114 0.6756675576578803 0.09200745306162258 0 5.701870502624739E-8 5.153700056112156E-8 -2.761898989620972E-5
-0.5084523869045262 0.6310249340793687 0.08870435188239581 0 5.4281592349538686E-8 4.756383280112217E-8 -2.7611593419617902E-5
-0.5485031394581954 0.7448231888659755 0.09999999999999998 0 6.156811298741122E-8 5.595066921349035E-8 -2.7629771328306255E-5
-0.47303326379715877 0.5791284533565413 0.08316905076856485 0 5.399425641903429E-8 3.7855078437995386E-8 -2.7620050771267327E-5
-0.45509595152323223 0.4866404390645807 0.07663670286639768 0 4.2378501958055006E-8 3.8494019669694096E-8 -2.7637240917273544E-5
-0.4180330375357138 0.4186106610386911 0.07131407766744807 0 3.169518583626293E-8 4.081704418237959E-8 -2.763596308964533E-5
-0.35805699391726126 0.4725541821277961 0.0714004969823895 0 3.965110693733384E-8 3.597190799467576E-8 -2.7640644878592302E-5
-0.3304177610769968 0.2075632873895256 0.060121873146272396 0 1.9104269827381985E-8 2.7850718670338187E-8 -2.7636680929469153E-5
-0.3986677525588505 0.2551376793832065 0.06418286265211677 0 1.9399311626267935E-8 3.426106494219187E-8 -2.7629886399211622E-5
-0.19326570388917413 0.3347460184966116 0.05996054906425581 0 2.9685926734160028E-8 1.561846499746094E-8 -2.7641836623832568E-5
-0.2326279902659774 0.402923498403311 0.06375456788963607 0 3.403957361092928E-8 2.1631686003658882E-8 -2.763471979907217E-5
-0.2730034360466582 0.4728558218736924 0.06837705113188595 0 3.797651099637342E-8 2.864677352050558E-8 -2.7640431899118418E-5
-0.30165136280488025 0.41841452971898935 0.0665620091821718 0 3.6472439256022354E-8 3.308809286534939E-8 -2.763190201951539E-5
-0.2982294435153453 0.2720284218761083 0.06072614652584282 0 2.6441981055813185E-8 2.258167705855244E-8 -2.763197544813069E-5
-0.28071917465641966 0.3771430143239578 0.06401358518053687 0 3.6044598317098127E-8 2.801188958754114E-8 -2.762792958613325E-5
-0.25621859628623345 0.3266156402995803 0.061257118437086824 0 3.249714841389905E-8 2.137654960382649E-8 -2.763361534742218E-5
-0.07427627943517316 0.042883429926301085 0.05192880169730083 0 6.9975437237445365E-9 5.329926159196393E-9 -2.7631456390003562E-5
-0.10192189467460559 0.10267269443312377 0.05269596908601702 0 1.1909472940929005E-8 8.915192618541625E-9 -2.7622030044107628E-5
-0.22270343343645202 -2.7398019802337882E-17 0.054316401779706945 0 -5.35672933087249E-9 1.999494094917161E-8 -2.7627596596019008E-5
-0.1568744501142894 1.9427769320198104E-18 0.05290395974586273 0 2.3621134918301834E-10 1.4343423057896911E-8 -2.7621585411300384E-5
-0.1333037269353432 0.03517105967265549 0.05258728793055297 0 5.540566599296233E-9 1.01190023163652E-8 -2.762197102773586E-5
-0.2668792736165403 0.06671487334767572 0.055790773586017584 0 1.7259890172006657E-10 2.3027976839673176E-8 -2.7634792200936994E-5
-0.25161809751440434 0.1255049475699697 0.05598231997151887 0 4.851077737794227E-9 2.4462607061188174E-8 -2.7632734102656477E-5
-0.2204702956430696 0.1429341155499399 0.055415459742855375 0 6.4903122752577234E-9 2.460119629232332E-8 -2.7627920515743852E-5
-0.18350196867475072 0.18844743574056294 0.05542383280391714 0 1.3740862291092682E-8 2.2558863195318915E-8 -2.7634551797161427E-5
-0.1122914677939212 0.19449452747555573 0.054363926326504504 0 1.3890749496941896E-8 1.514734131468681E-8 -2.7631166894901867E-5
-0.13865734030206042 0.13413724110678021 0.05361667711440056 0 1.2799577151584647E-8 1.711224996972705E-8 -2.761873392788849E-5
-0.3679940573528883 0.637384404218618 0.08217817873449762 0 5.5796157688830485E-8 3.0439332904487634E-8 -2.7633375684677548E-5
-0.4124740638930545 0.7144260354671818 0.09005646238462257 0 5.945638481941615E-8 3.939154862979973E-8 -2.7628479484896036E-5
-0.4625000000000002 0.8010734985006057 0.09999999999999998 0 6.508978271041189E-8 4.702774211616785E-8 -2.7636188335781172E-5
0.41227210451772545 0.7140762315680472 0.09001864521731297 0 6.239421507970229E-8 -3.0842652176171585E-8 -2.762993285312302E-5
0.27234892372669683 0.47172217328134014 0.06829621029644013 0 4.257983556928896E-8 -1.790973576421954E-8 -2.7640746671535886E-5
0.36764043700660404 0.6367719158122639 0.08211917016769554 0 5.300892313189469E-8 -3.2143856322274636E-8 -2.763457396894746E-5
0.31803615984503875 0.5508547874957042 0.07440724687637126 0 4.709105404111495E-8 -2.558454656865387E-8 -2.764540102403175E-5
0.46250000000000013 0.8010734985006064 0.09999999999999999 0 7.17180236645537E-8 -3.176955632254146E-8 -2.7637780071101623E-5
0.3836506929290541 0.7746515411716932 0.09384509082801112 0 7.123481094095352E-8 -2.7173766548215576E-8 -2.7630033455064153E-5
-0.14030890931253803 0.4679836164169959 0.06501280116403946 0 3.693519050838407E-8 1.351094255265258E-8 -2.7615501786153213E-5
-0.10294114607188212 0.4464085827438704 0.06338188130081227 0 4.1295147556541037E-8 6.402821907453617E-9 -2.7619727526064398E-5
0.013052198219917906 0.38970549808144683 0.06010955939350729 0 3.280818870558388E-8 -1.8200947608874978E-9 -2.7640343426382926E-5
-0.04037960269203984 0.44085703180834646 0.06259577733066987 0 4.08266689725722E-8 3.238492463249929E-9 -2.7632953803437387E-5
0.06533055038853267 0.4354649165439312 0.06247764990259344 0 3.305386116285318E-8 -7.1289500103334565E-9 -2.762948364788083E-5
0.21079455863719812 0.4693257584201238 0.0664848367230654 0 4.578328453193732E-8 -1.4405792170190297E-8 -2.763341354690589E-5
-0.2117215867706234 0.5198781223671348 0.06933829044213057 0 3.9310997964959186E-8 2.3604985503854618E-8 -2.763761227620002E-5
-0.1460434120132441 0.503264073058023 0.06704541835555092 0 3.947852909893528E-8 2.018506848627421E-8 -2.762168145902743E-5
-0.17773060720916653 0.5259463281585314 0.0689480477972893 0 4.015075563726032E-8 2.2356779970812488E-8 -2.7632689797212872E-5
-0.2900329026458535 0.6297052539110424 0.07871782471366953 0 5.355110457606552E-8 2.2034061876363945E-8 -2.7637627871807595E-5
-0.2598642375444073 0.5690891545970852 0.07365958600480058 0 4.690684696449824E-8 2.381446523073253E-8 -2.764421927574474E-5
0.1498593825176401 0.45279307874260616 0.06437801254812758 0 4.2664581986099426E-8 -1.3861479130114972E-8 -2.7618721225282254E-5
0.11053788187593885 0.4306223745782792 0.0626902062642271 0 3.4979330490671335E-8 -1.3509028378618309E-8 -2.7622825000860173E-5
-0.4490633670822637 0.26293361409508886 0.06682964731028329 0 1.8371947839393994E-8 4.144648156168739E-8 -2.7633519393302416E-5
-0.4300985673768074 0.3012630280350379 0.0671100012724704 0 1.9691789585060706E-8 3.809063932220054E-8 -2.7631605533321297E-5
-0.49761740681994665 0.2259943198914076 0.06840949555720777 0 1.5486281336605263E-8 4.8447824841559065E-8 -2.763269190569923E-5
-0.5518948161465873 0.17422255470543743 0.07046196471921622 0 9.056083620492833E-9 5.151764810355682E-8 -2.7630490639632666E-5
-0.4324706598932548 0.35955969358955997 0.06940707877592157 0 2.377742510380622E-8 4.01813392565847E-8 -2.7632747154975597E-5
-0.7940808377677345 0.13178185399490336 0.08820577601429047 0 1.0072188845716768E-8 6.827688632561324E-8 -2.7601940762693735E-5
-0.8565041007211139 0.12935729823844902 0.09401883827528355 0 3.694502779346803E-9 7.402554862996551E-8 -2.7610043204726084E-5
-0.9051192255768065 0.19074632675980735 0.09999999999999998 0 9.425633216959787E-9 8.221020955874982E-8 -2.7618639789570056E-5
-0.7583678808155521 0.178257805309045 0.085877514601274 0 1.8247331507988384E-8 6.968226579273666E-8 -2.7609882458814714E-5
-0.6170663609123308 0.222189336538271 0.07585507468331582 0 1.9389608159879568E-8 5.451190708354861E-8 -2.76356005764723E-5
-0.6972424057138269 0.20430689657176623 0.08139617396721441 0 2.1414748299457136E-8 6.220127893723683E-8 -2.762445105253697E-5
-0.5596851197575441 0.6634042603718276 0.09419033697962355 0 5.183983742978296E-8 5.489245463284666E-8 -2.761889629108917E-5
-0.5445828559277583 0.5931276201062036 0.08823074690283748 0 4.689667361204376E-8 4.619141651204075E-8 -2.7613497473620547E-5
-0.6177328508859395 0.6884991641819085 0.09999999999999992 0 5.2432277733650985E-8 5.869791846189301E-8 -2.7627300605582735E-5
-0.5240933648557363 0.5322322969179639 0.08310069903157469 0 4.5677697521562946E-8 4.107472994967372E-8 -2.7624269584612895E-5
-0.482008368592271 0.40269833860051546 0.07383556549613608 0 3.222623433892311E-8 4.2897191633338805E-8 -2.7639672764423324E-5
-0.5228737105474611 0.469403410425903 0.07945982017150148 0 4.121389376972318E-8 4.333830276053397E-8 -2.763397849944433E-5
-0.3178442209190435 0.3574692689417035 0.06445327462614317 0 3.4356656082741306E-8 3.10272575903202E-8 -2.7616470778573115E-5
-0.3668515165065182 0.391453181331997 0.06779342734587494 0 2.9413957725414885E-8 3.964308460394709E-8 -2.762347428547544E-5
-0.37474174799433474 0.32521524057353407 0.06543736846884436 0 2.200588793714732E-8 3.119313173735885E-8 -2.7617111671608064E-5
-0.3445240713159381 0.2767146512083848 0.0625551726814487 0 2.3790372877966606E-8 2.5470736430356627E-8 -2.762562670140004E-5
-0.31825267387856393 0.31228528282505885 0.06275542647814246 0 3.030856869351344E-8 2.4123744795167362E-8 -2.761982542850641E-5
-0.13208776332768443 0.07040426877471616 0.05277929135503948 0 9.608757095701781E-9 9.779053581827035E-9 -2.761793746164265E-5
-0.13558426904309848 0.09984465055515283 0.05311549222562181 0 1.1878048591950235E-8 1.2794731639600988E-8 -2.7615196637043846E-5
-0.18433654548332082 0.04822270923057056 0.05356505347436668 0 1.130736470735704E-9 1.3290018587355617E-8 -2.7617979478386568E-5
-0.2141365218541703 0.10501643106435352 0.054728299370409676 0 1.5442617300920675E-9 2.082782882099072E-8 -2.7619672097657203E-5
-0.18680865935078547 0.12991541986645883 0.054439563423197654 0 7.219832407746474E-9 2.255992642757888E-8 -2.76170305599228E-5
-0.1657690318723488 0.09663028560186346 0.05359396061230915 0 8.26955056128256E-9 1.52294322358581E-8 -2.7609900273551714E-5
-0.3275435087421515 0.689022237889938 0.08446715933764735 0 5.64253669164515E-8 2.546376658327817E-8 -2.7626579116123325E-5
-0.3440235561346144 0.746753392646391 0.089798396197132 0 5.8353087127602E-8 3.1907201730275627E-8 -2.7622465270932453E-5
-0.3781299746230488 0.7796968295885027 0.09405159466762453 0 6.123894860331603E-8 3.7801719353645946E-8 -2.7628233221844344E-5
-0.37078556224583165 0.8474286657041803 0.09999999999999998 0 6.701500911585816E-8 3.891978996547962E-8 -2.7632095018906554E-5
0.33139114289377414 0.7785556133621918 0.09206768166444738 0 7.183649137362993E-8 -2.259824982301637E-8 -2.762237891178191E-5
0.3464548928541494 0.7191482470167311 0.08759713317592265 0 6.562389394125245E-8 -2.9131598253975772E-8 -2.7625500479028087E-5
0.31546555307223767 0.6681703741372863 0.08242156072081934 0 5.8140460411052295E-8 -3.0156313190641076E-8 -2.7631055947304786E-5
0.22784343961994072 0.5451094489255655 0.0712614275403811 0 4.989690187839766E-8 -1.523609572965484E-8 -2.7642386525837616E-5
0.28413345033548576 0.6165726819630529 0.0775980862421621 0 5.2820041244350466E-8 -2.6029967279977286E-8 -2.7640612742911863E-5
0.290977677915208 0.7546407636986492 0.08855875058870188 0 6.687033353052128E-8 -2.2344332235822206E-8 -2.7615211782512818E-5
0.37075219693550476 0.8474432642497914 0.09999999999999995 0 7.769410566051031E-8 -2.4182748333388503E-8 -2.7633453553411E-5
-0.10596501162257625 0.5041773372256164 0.06652572871029448 0 4.5465201146100754E-8 1.6908337099712235E-8 -2.7621855763499684E-5
-0.07102778036707863 0.4813038479979327 0.06489977746314218 0 4.6287416763321716E-8 9.840392531137735E-9 -2.76257505701117E-5
0.019795838688718658 0.4703114259817324 0.06404440608297313 0 3.826104779442755E-8 9.013902410240743E-10 -2.7634265222814783E-5
-0.028427878816465992 0.4894039605592073 0.06510500934199118 0 4.421495920046849E-8 6.506213603121211E-9 -2.7634178162952734E-5
0.09307018049889713 0.4870154223859189 0.06541754354915294 0 3.6806356199134647E-8 -2.854961199486052E-9 -2.762081999599836E-5
0.15223360853370174 0.5114589799667827 0.06762073099832455 0 4.7576441006202895E-8 -4.711612433984569E-9 -2.7625038975707323E-5
-0.19168892528151515 0.5624523066487594 0.07149027116733256 0 4.519209042146429E-8 2.1645897995453396E-8 -2.7640051242485173E-5
-0.12546868182070262 0.5661421054611622 0.07053660282173835 0 4.8220842864437557E-8 1.858080570769753E-8 -2.7637795491651978E-5
-0.25001651455608004 0.6877574831582879 0.0818288600417976 0 6.080928104913953E-8 1.6882455492326E-8 -2.7626761840078E-5
-0.19051431605916905 0.626194724144322 0.07575740850014469 0 5.4007710224137415E-8 1.689910650591689E-8 -2.7641407909493938E-5
-0.496968869184538 0.31115828345845903 0.07096354188096898 0 2.317882901973714E-8 4.4859439632259765E-8 -2.763993206638295E-5
-0.5531916805568735 0.25483900449276115 0.07250231820116239 0 1.984660253971337E-8 5.0390539147510423E-8 -2.7638738113725002E-5
-0.8285501209973593 0.21135039229984 0.09293041569195869 0 1.3290190435297418E-8 7.742289422030051E-8 -2.7614516804480717E-5
-0.8809225682293763 0.28211960771987943 0.09999999999999996 0 1.8098608233827438E-8 8.07792734671588E-8 -2.762628574991738E-5
-0.7578216461505274 0.23114048963723496 0.08705889216020636 0 2.0186300206955156E-8 6.959153506114367E-8 -2.7617890459678795E-5
-0.5442886348821633 0.36830034160648034 0.07595460109733419 0 3.2733321708534305E-8 4.697907000051117E-8 -2.7638373780579017E-5
-0.6102329054490169 0.29533181001281994 0.07752504764743703 0 2.7666201243826145E-8 5.14359005092585E-8 -2.7634220016165026E-5
-0.6672358697757713 0.2726523999513782 0.08092297245691278 0 2.5658371025517873E-8 5.6207688622568167E-8 -2.7628258224364956E-5
-0.7250638207162802 0.2644091498704253 0.08523826785223539 0 2.3239526530393026E-8 6.32290981579854E-8 -2.762236268801488E-5
-0.6071515389330133 0.6092519905512257 0.0934219469334025 0 4.520573471999608E-8 5.502696698937841E-8 -2.7622870154793025E-5
-0.5735399527378838 0.553508622043815 0.08749015204644302 0 4.3740649610318187E-8 4.802553754973575E-8 -2.7621507518490384E-5
-0.6847646792234087 0.6218628292777222 0.09999999999999995 0 4.665454191908172E-8 6.336581469554555E-8 -2.7632210326545608E-5
-0.5770660846669927 0.4836246905463882 0.08360849061752018 0 4.2422751479896355E-8 4.936173616792778E-8 -2.7628086287839277E-5
-0.5580584193120216 0.42548332869284067 0.07938775238593494 0 3.904109955245845E-8 4.776500185836986E-8 -2.7633700131035332E-5
-0.28374056147924315 0.7514739211838952 0.0880520415280374 0 6.266028862215181E-8 2.6030393764115296E-8 -2.7613320164636117E-5
-0.3165497745723784 0.8071051679018629 0.09409208829712741 0 6.485574307975643E-8 3.488639021031508E-8 -2.7622520443172415E-5
-0.28739394850298333 0.8792210714939998 0.09999999999999995 0 7.457507771279066E-8 3.399856187333556E-8 -2.7631482769452815E-5
0.29491717071644896 0.8166669280321706 0.09422261270086467 0 7.199430656384957E-8 -1.632688452934551E-8 -2.762342347812107E-5
0.15199695343335898 0.5713443637747507 0.07128864354870555 0 4.993578024975501E-8 -6.189474909849439E-9 -2.7639318082578263E-5
0.2647361318881631 0.6988930987695543 0.08313425830297129 0 5.8435820663253324E-8 -2.710569490514481E-8 -2.762365966631841E-5
0.19363779692619498 0.6392946953673742 0.07676490405819379 0 5.350441955791176E-8 -1.673491507970139E-8 -2.7640701050307896E-5
0.23873623781901862 0.7680602578468166 0.08814793343306232 0 6.19376423143081E-8 -1.63532441825726E-8 -2.7618437048243244E-5
0.28735785633849587 0.8792328678266585 0.09999999999999996 0 7.561784019925719E-8 -1.504129277882136E-8 -2.7632520066949814E-5
0.045020558010702406 0.5239593119206281 0.06715619876796416 0 4.190221332725929E-8 2.740386446433426E-9 -2.7636392879141642E-5
-0.05203180167969757 0.5443357511275837 0.06842717285738563 0 4.875317432473466E-8 1.1360565214839341E-8 -2.7638857264624886E-5
0.00125333399408392 0.5186888782774369 0.06673044987207258 0 4.415349194919401E-8 5.572881791412393E-9 -2.7638383080832164E-5
0.09263905094403112 0.5551170207203664 0.06943102413110942 0 4.5678682021825014E-8 2.256142472097279E-10 -2.7637359901468463E-5
-0.22520922840433807 0.7458968973346561 0.08588793599516027 0 6.83831913199712E-8 1.9965925629695914E-8 -2.7620473435997308E-5
-0.056365569894855645 0.6123374883168232 0.07290850863136553 0 5.298890686707317E-8 8.328690822390413E-9 -2.7645690134417496E-5
-0.11459365381122652 0.6489796043007032 0.07609123122821615 0 5.605391564176401E-8 1.0945705322885614E-8 -2.764347609670453E-5
-0.17201424223952635 0.7059350940103869 0.08139872432652714 0 6.34226806522787E-8 1.3502387190359261E-8 -2.7633944671843203E-5
-0.5619648707592039 0.31624700130713346 0.07504348009682706 0 2.791590922646965E-8 4.868076966469163E-8 -2.763883977664038E-5
-0.7888004165309431 0.29037609645717466 0.09153149855841576 0 2.0790448469380456E-8 7.025403651446399E-8 -2.7621560396190226E-5
-0.8437609348289447 0.37906778281416026 0.09999999999999995 0 2.481249316253308E-8 7.413332550189376E-8 -2.7626487485092918E-5
-0.6064827120561797 0.3683452405387546 0.08001332460787643 0 3.671729504204064E-8 5.0723052879650175E-8 -2.7627924394120523E-5
-0.6554904399290363 0.3258387756938692 0.08184700708932659 0 3.126683497583342E-8 5.283069418007204E-8 -2.762331725666387E-5
-0.7173789460644423 0.321865662586802 0.08652046298759287 0 2.609648052159832E-8 5.906369849759083E-8 -2.7618280183681254E-5
-0.6465139113454262 0.538316822314734 0.09160194260007758 0 4.2720419304341856E-8 5.949537912822271E-8 -2.7625928820495496E-5
-0.7501326501074496 0.5412263004122692 0.09999999999999996 0 4.2013923566768234E-8 7.202466941551826E-8 -2.7629349618975768E-5
-0.8010558185062641 0.4625204886241073 0.09999999999999998 0 3.288097315794969E-8 7.381103169284752E-8 -2.7623313778299594E-5
-0.6328963674406779 0.44705014677999644 0.08550954643040555 0 4.179481729679866E-8 5.7813110868457724E-8 -2.7620296963224935E-5
-0.2313025414788286 0.8233581280344338 0.09294490463014164 0 7.242709040568783E-8 2.8185625476605674E-8 -2.7626041970864185E-5
-0.19616860770583666 0.9039546015730862 0.09999999999999994 0 7.764759705241676E-8 2.5798294811788265E-8 -2.7638390556388427E-5
0.2216527773738334 0.8287572231622684 0.0932031971273528 0 6.87002031186148E-8 -1.0534502486259794E-8 -2.762836621561443E-5
0.10414931811684251 0.6209165315731189 0.07394244219969823 0 5.2274590608650365E-8 -5.552489587541442E-9 -2.7644582993963125E-5
0.1942511971230704 0.716812779625243 0.08273823779707914 0 5.710909683788834E-8 -1.773576073959431E-8 -2.76300422135282E-5
0.14442364609626682 0.6895139486023729 0.07960445430492032 0 5.7091343549675955E-8 -1.3225485958422185E-8 -2.763889733837425E-5
0.1913914876174544 0.7797285375111098 0.08801717214843206 0 6.287856612371991E-8 -1.2328124683453635E-8 -2.762726813897807E-5
0.196130597538861 0.9039628493277602 0.09999999999999998 0 7.666338498392703E-8 -7.602738725232532E-9 -2.7639132453599606E-5
0.020086990102898373 0.582926818943489 0.07076019404513119 0 4.912623457719805E-8 3.4011944584006375E-9 -2.7645314790249443E-5
-0.17894546311077822 0.7718277883825889 0.08706002927260566 0 6.905387810590917E-8 1.822587049847748E-8 -2.7628181857378434E-5
0.04599891718688658 0.6542488180254783 0.07585611859697282 0 5.5838512392038E-8 -4.023551451549557E-9 -2.7644508556580333E-5
-0.007855133722757698 0.6491499078369714 0.07536310530979572 0 5.539364247271561E-8 5.548342161211151E-10 -2.7645013384245637E-5
-0.13380906082414654 0.7600240739879767 0.08523325950883376 0 6.522870872957218E-8 1.240698593620688E-8 -2.7631969828217013E-5
-0.04850890629174576 0.6781878024575423 0.07767733236817918 0 5.7399908552368537E-8 2.3309060539942006E-9 -2.764147045379866E-5
-0.09794458893422112 0.7138796015511557 0.08090449857215169 0 6.032709886845013E-8 6.768888857619686E-9 -2.7636950100288877E-5
-0.7603438011582597 0.3738096376808479 0.09217483686370775 0 2.524764916547328E-8 6.547647614448616E-8 -2.761598084640666E-5
-0.6767294999436547 0.3833870641168077 0.0857669286165472 0 3.530506906050906E-8 5.684971576865515E-8 -2.760951510499639E-5
-0.7186415188607147 0.46354605628657686 0.09293928953994947 0 3.5898227889210845E-8 6.898778566714107E-8 -2.7616475341110397E-5
-0.14285595486183847 0.8282574032154251 0.09152546819348935 0 6.992554247670377E-8 1.8075885915671907E-8 -2.7632113978160937E-5
-0.09363126894349026 0.9202489260084377 0.09999999999999998 0 7.520545978412479E-8 1.6666862664592558E-8 -2.763755497617692E-5
0.09361324045256657 0.9202507597854978 0.09999999999999996 0 8.186419269191646E-8 7.222688548740559E-10 -2.7637952997828167E-5
0.14341620299378274 0.8294494640794721 0.09164675622284839 0 7.153480454760634E-8 -6.282342611006969E-9 -2.7632734843495413E-5
0.08739963386816947 0.6969472503405287 0.07943927986118828 0 5.991254499295105E-8 -9.111234043331974E-9 -2.7639479900413595E-5
0.1332242410665833 0.7460807458646898 0.0840331591986956 0 6.302472865800353E-8 -1.1133041533382443E-8 -2.763350036504689E-5
0.011531729957052445 0.7092408490309093 0.07999382505294728 0 6.097093179332232E-8 -5.277421267672416E-9 -2.763490275780273E-5
-0.08028628936017151 0.7814679591465112 0.08645850584417021 0 6.29227849068824E-8 7.734382670125766E-9 -2.7627653961221928E-5
-0.04561230651596534 0.7294921334214546 0.08175631121749642 0 6.01824250683111E-8 2.512280724138978E-10 -2.7631680395413642E-5
-2.6622719632600497E-6 0.924994933365257 0.09999999999999994 0 7.895016245962949E-8 9.598796405630559E-9 -2.7633324809549355E-5
-0.057540995049113024 0.8423979795604504 0.0918960227632853 0 6.764700794268328E-8 1.1795043436583015E-8 -2.7625461657007765E-5
0.04284010489062188 0.8515402282381707 0.09269147861274166 0 7.624916718496818E-8 4.158051285988697E-9 -2.7624878148257285E-5
0.06678793864290467 0.7745216917616873 0.0857326633705871 0 7.013935452724534E-8 -5.917385091895657E-9 -2.762651344962711E-5
-0.010066347156763605 0.7750831353836388 0.08553470969702802 0 6.494627798484106E-8 -1.2617641106061827E-9 -2.7618419334781094E-5
