% Model:
% Version:
% Dimension:          3
% Nodes:              691
% Expressions:        4
% Description:        Surface
% X                       Y                        Z                        Color                    DeformX                  DeformY                  DeformZ
0.7501545366059812 -0.5411959634402135 0.09999999999999992 0 -3.569921695240809E-8 -6.045493459657325E-8 -2.7616626066623702E-5
0.8010709981238165 -0.4624941975024229 0.09999999999999998 0 -2.7566215083812222E-8 -6.166800176589293E-8 -2.7612277414221524E-5
0.09365704332523052 -0.9202463037324213 0.1 0 -6.423802508840012E-8 -1.3004424739712248E-8 -2.7615956769606625E-5
0.1962292603758942 -0.9039414372048337 0.09999999999999995 0 -6.683798864863682E-8 -2.0866117077589178E-8 -2.761721335716599E-5
0.2874231814397345 -0.8792115158194402 0.09999999999999994 0 -6.3993932270346E-8 -2.7988506732350382E-8 -2.7610939363599216E-5
0.6177594039507672 -0.6884753389104772 0.09999999999999995 0 -4.4302539546274535E-8 -4.875893017368912E-8 -2.7611218279704967E-5
0.6847899965302143 -0.621834949891059 0.09999999999999994 0 -3.931298980388233E-8 -5.254121211789046E-8 -2.7617719613869842E-5
0.6644823007055147 -0.538951594396605 0.09297818153954257 0 -3.626949408963633E-8 -5.173773487078382E-8 -2.7613956818045775E-5
2.0711142119768948E-5 -0.9249949331376585 0.09999999999999999 0 -6.787877708538624E-8 -6.9275253247687E-9 -2.7611278634229615E-5
0.04393583996701241 -0.8511210240129379 0.09265635168129693 0 -5.896231755956978E-8 -8.651642093621533E-9 -2.7604714639989176E-5
0.7176713367395712 -0.4652126067437795 0.09294805270739674 0 -3.0755905349839914E-8 -5.79149218828087E-8 -2.760600611688712E-5
0.8437752388147 -0.3790359438971111 0.09999999999999999 0 -2.0456897362798733E-8 -6.146945649600192E-8 -2.7617474884604442E-5
0.7635253857731481 -0.3782532475337201 0.0926398396720293 0 -2.1037155741715195E-8 -5.459717571743324E-8 -2.7607194217567452E-5
0.5547456546446984 -0.6639301342123076 0.09391738389868395 0 -4.422094308018916E-8 -4.557901419512918E-8 -2.760310860778943E-5
0.5485314847714319 -0.7448023146284535 0.09999999999999996 0 -5.261965657074695E-8 -4.686146320897507E-8 -2.761261888910294E-5
0.12762107521700677 -0.8265826692803626 0.09113421310198931 0 -5.893233969436913E-8 -1.2469170817136408E-8 -2.7612356213426143E-5
0.22639239794839497 -0.823169454837357 0.09279966487488275 0 -6.265008509292879E-8 -2.2511050659193136E-8 -2.7607147022355487E-5
0.3707854054882235 -0.84742873429503 0.09999999999999998 0 -5.693356700180475E-8 -3.1972838899060814E-8 -2.7612321482350268E-5
0.297447604941039 -0.8106467532563327 0.09375141746476388 0 -5.697009752622864E-8 -2.782374598392977E-8 -2.7602603689880746E-5
0.6050561438570463 -0.6036830020468074 0.09289418017943475 0 -3.7701840095650895E-8 -4.498061465366252E-8 -2.7608531205072822E-5
0.5365057739834548 -0.6074638984061794 0.08871198704411523 0 -4.1425672176668095E-8 -3.836822816980675E-8 -2.759758480609232E-5
0.640351776746304 -0.4627856253417016 0.08686037768572825 0 -3.628321584828177E-8 -4.946506635519693E-8 -2.760982661551143E-5
0.6027366073062329 -0.5213223560235656 0.08747588350371878 0 -3.6726044109016087E-8 -4.332383311854612E-8 -2.761309403560928E-5
0.11581756539084577 -0.7588114009433137 0.08487399945221091 0 -5.4732019147669943E-8 -6.746500060618892E-9 -2.7614449423055845E-5
-0.09361073890939044 -0.9202510142029422 0.09999999999999994 0 -7.087015753117596E-8 7.513030629007229E-10 -2.76161037665466E-5
-0.19619007773418676 -0.9039499420937565 0.09999999999999996 0 -6.582903877649467E-8 7.89343485956883E-9 -2.7617634326633974E-5
-0.2873887771284415 -0.8792227618026944 0.09999999999999995 0 -6.498566081198754E-8 1.4146892484874696E-8 -2.7611626929928334E-5
0.06358506183867196 -0.7827017733005069 0.08643167294964106 0 -5.316342389990447E-8 -2.8048906836422793E-9 -2.7606760498150463E-5
-0.04837786591123471 -0.8513117859798404 0.09269807273978152 0 -6.612308101317008E-8 -1.7184839251964728E-9 -2.7605397258575818E-5
-0.004822548609299431 -0.7855262944057821 0.08645491759740055 0 -5.828092725373496E-8 3.1530815024891524E-9 -2.7598364271534814E-5
0.8809325145611795 -0.2820885484172241 0.09999999999999999 0 -1.4963890877455445E-8 -6.768688902461344E-8 -2.7619366770234793E-5
0.677795607943666 -0.39290477214771735 0.0862680402418979 0 -3.134079514506047E-8 -4.778065586073962E-8 -2.7599443571566953E-5
0.6103906305879976 -0.40135765312469535 0.08172372928462611 0 -3.528653356451859E-8 -4.313832234484111E-8 -2.7615499092041E-5
0.8014927716328404 -0.2914410587712435 0.09271262928645595 0 -1.7081958155332714E-8 -5.981617453871795E-8 -2.761522988723506E-5
0.7173493567573874 -0.31695962258024274 0.08634023460744475 0 -2.2349384946315645E-8 -4.8360966821230366E-8 -2.7611650158493348E-5
0.8230806401765318 -0.20733638606092913 0.09232209730203018 0 -1.098003128772057E-8 -6.475854256550748E-8 -2.7608218207337115E-5
0.5055257679581893 -0.637124600070996 0.08897493457515948 0 -4.754018957003185E-8 -3.990716308733252E-8 -2.7597781569475422E-5
0.4897167015298755 -0.6990669986722716 0.09278011319940965 0 -5.1289966225428396E-8 -4.182414587528607E-8 -2.7607920763696938E-5
0.46249999999999986 -0.8010734985006049 0.09999999999999984 0 -5.5578089911708586E-8 -3.8883756938006014E-8 -2.761741988730552E-5
0.18083964416846285 -0.7595104378227608 0.08602850609777069 0 -5.9342576243792746E-8 -1.3021913804743538E-8 -2.7610578190117385E-5
0.2521627428797361 -0.7694593063835823 0.08864404636431371 0 -5.888945449197647E-8 -2.0570246142732785E-8 -2.7597967854876685E-5
0.36329863298781023 -0.7692008953950572 0.09250410835033814 0 -5.0967238367083015E-8 -2.9108699379035888E-8 -2.7608008431450447E-5
0.29721686832567656 -0.7486484838731736 0.08825580478820183 0 -5.193403210135388E-8 -2.1167594384578976E-8 -2.7597518152352693E-5
0.566498136584519 -0.34007595181336675 0.07621962270586992 0 -2.7245796708547225E-8 -3.9725707202384153E-8 -2.762966914612559E-5
0.5490740032503059 -0.5442731464552364 0.08535659345024513 0 -3.827872194726297E-8 -3.534203355526191E-8 -2.760921180277197E-5
0.4877536710430043 -0.5826751104622181 0.08420495651136725 0 -4.6360249062562485E-8 -3.1051739847920524E-8 -2.7603315076073884E-5
0.5629289159938321 -0.47314451663551055 0.08212579004392509 0 -3.638674983183425E-8 -3.8771630098017004E-8 -2.7619318425030146E-5
0.5395049675561714 -0.4037977139333864 0.07721405836956645 0 -3.148409428011029E-8 -3.788029009490088E-8 -2.7628149410772136E-5
0.08068135396090602 -0.714167303296879 0.080752947531276 0 -5.1238945094648876E-8 -1.6137695665282587E-9 -2.7620002037113025E-5
0.1307586883786586 -0.7179080095003467 0.08165710231721483 0 -5.365627960233457E-8 -6.607922501200991E-9 -2.761943051638497E-5
-0.3707535969478622 -0.8474426517245004 0.09999999999999994 0 -6.752794322841703E-8 2.2372656471337413E-8 -2.761323184223859E-5
-0.14308797449955207 -0.83181181721957 0.0918642159103333 0 -6.187856650036753E-8 6.782884626676994E-9 -2.7613273851803025E-5
-0.22448109351079631 -0.8295744817427092 0.09335179876408067 0 -5.882892735401852E-8 1.0414280020578263E-8 -2.7608714799250074E-5
-0.2937621218403122 -0.816155750548228 0.09413660224150187 0 -6.207902014755575E-8 1.5174535212512353E-8 -2.760397438778285E-5
0.02032803985547743 -0.7231235035279147 0.08113718206932351 0 -5.207369040324435E-8 5.02520045008902E-9 -2.7615030995876017E-5
0.049373389215154835 -0.676251463493053 0.07753347573866787 0 -4.923582748643047E-8 7.546465662580454E-11 -2.762620976220946E-5
-0.07537530152887752 -0.7754914719888756 0.0858872030654022 0 -6.078042591313926E-8 7.563906963755329E-9 -2.7609571077626248E-5
-0.03309170223836219 -0.7328034628470876 0.08197501691133365 0 -5.565372751946493E-8 8.801075137988172E-9 -2.7613248696117602E-5
0.9051251563026282 -0.1907181838739738 0.09999999999999992 0 -7.335539640379305E-9 -6.871382704434238E-8 -2.7613829997534794E-5
0.6346730356926771 -0.3174870091624341 0.08001946855914073 0 -2.7122175601179142E-8 -4.2172510467749916E-8 -2.7621024459765422E-5
0.7578046117703346 -0.24801668508133742 0.08751626752734717 0 -1.8007665427766257E-8 -5.7292037296592533E-8 -2.7613635784768086E-5
0.6897625743522149 -0.264441860913035 0.0824063475266023 0 -2.1605131719197636E-8 -4.852813570593949E-8 -2.7619838382388843E-5
0.7597010793028803 -0.19500257071099417 0.08634694259141452 0 -1.6581334902835447E-8 -5.9163573755082206E-8 -2.7607837905920766E-5
0.7883546035916825 -0.1648885681025431 0.08824892692988197 0 -1.1660348176585857E-8 -6.039101525569351E-8 -2.760050454221551E-5
0.8374232558848942 -0.12934172138602965 0.09218338983550128 0 -3.181657548914412E-9 -5.989505444636052E-8 -2.7603485520132833E-5
0.7880045515761319 -0.1291017367769672 0.0876205822064691 0 -9.546603882961026E-9 -5.5637083901030656E-8 -2.7599428003368652E-5
0.45389464101054455 -0.6418290507487612 0.08650541722977734 0 -5.1399592834079914E-8 -3.4622335359837994E-8 -2.7606397145457403E-5
0.4122622788181451 -0.7140592129571535 0.09001680581831237 0 -5.0995243315222996E-8 -3.209880817754498E-8 -2.7612022593749997E-5
0.1697005588141962 -0.6915759378642319 0.08021607449160523 0 -5.3535405760270545E-8 -9.113773782139123E-9 -2.762011127804926E-5
0.24692814396934865 -0.6974874410583478 0.08250617855893733 0 -5.380327404977856E-8 -1.1757246180828673E-8 -2.7608575888261443E-5
0.3299132550602819 -0.6955796266909601 0.08507057911176502 0 -4.831987347840012E-8 -1.983231926693774E-8 -2.7609519004760917E-5
0.5796784116794852 -0.2776116098201063 0.07488927562467991 0 -2.0982219425541203E-8 -4.1846345389021855E-8 -2.763214861037963E-5
0.5306797663003683 -0.29923675531161764 0.07251363051783592 0 -2.0562593750851856E-8 -3.9266552896933583E-8 -2.763396909343542E-5
0.5018045759598764 -0.34636458619402455 0.07254833341115845 0 -2.3164961828579686E-8 -3.669301172634077E-8 -2.7632927606523344E-5
0.43691576165411183 -0.5863880363863174 0.08178506492225697 0 -4.849082657194357E-8 -2.8833647500716256E-8 -2.7613875039971984E-5
0.5025098789806555 -0.5159632075862093 0.08087711077114174 0 -3.935691259832228E-8 -3.1439224864489475E-8 -2.7617127257091122E-5
0.4531934148271225 -0.5420428192507506 0.07976926362259741 0 -4.356571331773875E-8 -2.8579411596634847E-8 -2.761816490107057E-5
0.5051728219418842 -0.4543425560441293 0.07763963571270259 0 -3.4009122896549616E-8 -3.4453815434126874E-8 -2.762661364293241E-5
0.4743994852003083 -0.40954268251415876 0.073738234339428 0 -2.781006730781146E-8 -3.4822293749432904E-8 -2.763039316587201E-5
0.115198487208555 -0.6531897985847656 0.07640980333620502 0 -4.8697942390231545E-8 -7.286268200943473E-9 -2.7628353577901753E-5
-0.4625000000000001 -0.8010734985006056 0.09999999999999992 0 -6.210025701854379E-8 2.8801637694469527E-8 -2.7618691343845902E-5
-0.3837134371029664 -0.7748603000238192 0.09386619334345218 0 -6.199649559132793E-8 2.498665253066827E-8 -2.7611679718847282E-5
-0.3293828651109605 -0.7771045511687245 0.09186418681824765 0 -6.236822972229403E-8 2.1049980059153376E-8 -2.760363745772152E-5
-0.4839056580716607 -0.700569999447879 0.09257832058039935 0 -5.139474540034735E-8 2.9660397888980953E-8 -2.7609740432358133E-5
0.04767908888924959 -0.6125339534466794 0.07287094188782159 0 -4.5665715705426984E-8 -4.961582078968424E-9 -2.7632104122437718E-5
-0.19485303194491674 -0.7756068237085788 0.08772926134592987 0 -5.306401501910375E-8 1.2771288365300609E-8 -2.7608531574539148E-5
-0.1380657870545559 -0.7497079460326577 0.08441541385599156 0 -5.4080407945357246E-8 1.1758060654713368E-8 -2.7615596926594897E-5
-0.24450643515018045 -0.7666415232960108 0.08818261063739213 0 -5.2934594539640595E-8 1.6285624655924428E-8 -2.759940431373216E-5
-0.29287844997281653 -0.7560683801841976 0.08874412837590734 0 -5.813298679247189E-8 2.1134730134098567E-8 -2.7597526020141355E-5
-0.018713178495829663 -0.6598847879456907 0.07617577755495693 0 -4.852752033038379E-8 4.2458013654934245E-9 -2.762882997528113E-5
-0.08839747535315964 -0.7039498716595032 0.08000538942626953 0 -5.227689249348905E-8 1.0398951733544995E-8 -2.762221953624972E-5
0.8548200389796248 -0.0652462727687064 0.09314675085287963 0 6.73698705182109E-10 -5.882794580852987E-8 -2.7612677785817942E-5
0.9192877606928158 -0.10260258091221079 0.10000000000000002 0 -3.6101464941558207E-10 -6.458525525301703E-8 -2.7615859648020607E-5
0.6384778628041976 -0.2349189996283244 0.07770845629712514 0 -1.9172722442943803E-8 -4.5925337876243845E-8 -2.762821221992513E-5
0.7040732060431756 -0.2032143579310842 0.08191372549943252 0 -1.906151344209743E-8 -5.251268564395507E-8 -2.7618521564221535E-5
0.5898871014295897 -0.20776639827421509 0.07364495662277284 0 -1.3608347537368687E-8 -4.436556070546349E-8 -2.7631559483103235E-5
0.7325342916850157 -0.13408386908087772 0.08291013088256632 0 -1.6147331591753868E-8 -5.222999259768035E-8 -2.7609860220566375E-5
0.8252770499196602 1.9257059754862352E-16 0.09008727174442388 0 2.7688996437755206E-9 -5.962547322543018E-8 -2.7616015346304778E-5
0.7859407931602105 -0.07401767626946823 0.08680140328934058 0 -5.771107127298448E-9 -5.1951364453036316E-8 -2.760876578705094E-5
-0.499151538632016 -0.6334110077816723 0.08834372866104906 0 -4.478905906937859E-8 3.43034650272672E-8 -2.75993121844312E-5
-0.539934650094959 -0.6040123388311489 0.08868415026698911 0 -4.797038617909511E-8 4.088753165689692E-8 -2.759959187103923E-5
-0.55199683338532 -0.6639303440969675 0.09374464706266032 0 -5.310578897240893E-8 3.543511647470129E-8 -2.760444924800865E-5
-0.5485674035956859 -0.7447758606713794 0.09999999999999995 0 -5.6758383442084605E-8 3.3505789136437153E-8 -2.761405220951481E-5
0.36763254236248405 -0.6367582418875392 0.08211785344170683 0 -4.813018247993162E-8 -2.3929675972136625E-8 -2.76189293310808E-5
0.18957159845420457 -0.6243064952889011 0.07560329744867302 0 -4.634453033354046E-8 -1.273672637608194E-8 -2.76273852640667E-5
0.28831363121595577 -0.628175946475062 0.0785524110683112 0 -4.604274438783103E-8 -1.6275326444921803E-8 -2.7623664101757357E-5
0.526450453306162 -0.23768251001620336 0.07038843476625324 0 -1.4052972543161594E-8 -4.1757379104997436E-8 -2.7631339929125657E-5
0.47890979704271586 -0.2863984098188226 0.06912760288748078 0 -1.6897183525884116E-8 -3.651955956511638E-8 -2.7631617352244348E-5
0.4494990254251993 -0.3483577682477059 0.06980849106780328 0 -1.9503519053057812E-8 -3.384865014833366E-8 -2.762784911706662E-5
0.38634553368626057 -0.5411366135074791 0.07653244947706521 0 -4.213639217627579E-8 -2.6817121305287416E-8 -2.7628000399611388E-5
0.43810869406594616 -0.47330739854493387 0.07505155127124848 0 -3.466911727021206E-8 -3.153767871960774E-8 -2.762836317152697E-5
0.4170420346765119 -0.4108303752912244 0.07090170067103962 0 -2.5676912920144703E-8 -3.40252158000245E-8 -2.7625887120007283E-5
0.1909808398518187 -0.5616900805542806 0.07142639087555928 0 -3.846816738758378E-8 -1.7549908450635605E-8 -2.762736300851231E-5
0.12475562378528363 -0.5650913910725969 0.07045918166236254 0 -4.156497349480449E-8 -1.500705721641427E-8 -2.7625009755751146E-5
0.05189365664575958 -0.5409828050063739 0.06822031633188272 0 -4.2128555858100485E-8 -9.011456789633986E-9 -2.762630804080901E-5
-0.41249148408265685 -0.71445620812065 0.0900597252140442 0 -5.3925858658175315E-8 2.8241241085590746E-8 -2.761316637570508E-5
-0.34485879204612635 -0.7195732958375974 0.08756922173357189 0 -5.699568499732729E-8 2.7152084569002897E-8 -2.7608419681654508E-5
-0.4354763147019103 -0.6351536187841577 0.08509247440255904 0 -4.2148611010533974E-8 3.193648877234758E-8 -2.76112813648253E-5
-0.02127679909875187 -0.5862434400348023 0.07098260267248742 0 -4.244052968860208E-8 -1.4494003440878174E-9 -2.763233707936942E-5
-0.20123366572154053 -0.7196538123444207 0.08312630758513646 0 -4.8380063176925116E-8 1.818685568406901E-8 -2.7611809056810642E-5
-0.1453861443112404 -0.6947291331504667 0.08002955113164492 0 -4.913416653770467E-8 1.3593870080446488E-8 -2.7622163455199067E-5
-0.26439613737119816 -0.6970297197339501 0.08297653094743883 0 -4.993235038924833E-8 2.6096624000158426E-8 -2.760785764816301E-5
-0.314732642366773 -0.6679534491621226 0.08237892997106575 0 -5.0104621492404657E-8 2.8582194369262087E-8 -2.7615540482470556E-5
-0.10379006268918363 -0.6311723493295898 0.07466578004946206 0 -4.5664882309734446E-8 7.1209085182944164E-9 -2.7630308072777363E-5
0.7822439697509947 0.07342341173252223 0.08646750245519458 0 4.679861243229549E-9 -6.120276913376353E-8 -2.761051500225279E-5
0.9249999999999998 2.358937726024754E-16 0.09999999999999994 0 6.379625803925332E-9 -6.681490999661635E-8 -2.7621691665552224E-5
0.851370675269602 0.07427003550197267 0.09288407134507307 0 1.1040283435760594E-8 -6.460691439892992E-8 -2.761251253596827E-5
0.8038717607621603 0.12213857484508564 0.0889547066003148 0 1.1305520075981391E-8 -6.001794941361802E-8 -2.7602295010999924E-5
0.5408130551366507 -0.18150058753720788 0.06992281214701015 0 -7.595125821791992E-9 -4.3081230846476494E-8 -2.7625802571019826E-5
0.7247257834183621 0.0852066297502373 0.08165698245211614 0 1.0812477127281991E-9 -5.56136371884907E-8 -2.7618314715833227E-5
0.6510493529215736 -0.15514133280147802 0.07686356365481603 0 -1.3807652293778907E-8 -4.719730397092796E-8 -2.7627739415807393E-5
0.5770279320473081 -0.15184347618041535 0.07165568912865208 0 -6.415340971771545E-9 -4.296553991553604E-8 -2.762879834243691E-5
0.6918887433807659 -0.06772116765551027 0.07886795692620667 0 -8.84496876852887E-9 -4.7797383363430035E-8 -2.7625591017153895E-5
0.7364981201835382 1.7871933341171726E-16 0.08222076644985389 0 -2.9383210008992373E-9 -5.322772238248775E-8 -2.7622367557577552E-5
-0.48001255710073826 -0.5637645778356982 0.08255043176744216 0 -3.761335582022613E-8 4.084448955221313E-8 -2.7610075216419713E-5
-0.5678213237459834 -0.537667606136383 0.08613904983735729 0 -4.175441328135029E-8 4.5161744672131095E-8 -2.761258354416427E-5
-0.600893054701109 -0.6092572756078649 0.09299302035398636 0 -5.1608993511821925E-8 4.323171203224484E-8 -2.760948711255094E-5
-0.6178002971320171 -0.688438643052917 0.09999999999999995 0 -5.683563921383099E-8 4.1762830830721634E-8 -2.7612929698066463E-5
0.31808183532075807 -0.5509338997403093 0.07441383187593008 0 -4.0435595106160326E-8 -2.2902219344110466E-8 -2.7632259929020828E-5
0.2593907519340379 -0.5686281064407216 0.07361593901057979 0 -4.009254998917386E-8 -1.8832678601904796E-8 -2.7631418631132394E-5
0.4250914842628162 -0.2904030737883922 0.06650384046370365 0 -1.575297728847119E-8 -3.046272180819017E-8 -2.7624757904485734E-5
0.4860024477406568 -0.1810614961514008 0.06672716200822644 0 -9.652247052663829E-9 -4.158830068016845E-8 -2.7617285597136635E-5
0.4546475825643904 -0.2329362873436874 0.0662732760967022 0 -1.4531328844039384E-8 -3.672680215869944E-8 -2.7626234569112428E-5
0.39693548996928896 -0.3460112170117685 0.06719703593166886 0 -1.7705007373948864E-8 -3.0060666366024185E-8 -2.7615280003747035E-5
0.3565677611611388 -0.4614203059811383 0.07075125137743832 0 -3.2982477729857586E-8 -3.0515746934269326E-8 -2.7629099421691006E-5
0.36327728761747163 -0.38800374757803646 0.06749345504717459 0 -2.4978583266901495E-8 -3.322702094905674E-8 -2.7613759874553113E-5
0.3750627258693446 -0.2936858939923492 0.0643465481455432 0 -1.8005260286527286E-8 -2.3195113983480767E-8 -2.7616838106853264E-5
0.14556246178613044 -0.5017461145955597 0.06695111305462358 0 -3.349790502802701E-8 -1.6485132139999992E-8 -2.7610127630169855E-5
0.1773504711629968 -0.5251479744589087 0.06889288845838194 0 -3.385265164728177E-8 -1.8531469890087433E-8 -2.7620878155677596E-5
0.2111878992556696 -0.5199281931560845 0.06932845783235407 0 -3.317408753432411E-8 -1.9211957335840986E-8 -2.762596396277236E-5
0.10436058799907272 -0.5010308479370807 0.0663275801738497 0 -3.959546427548201E-8 -1.3516119638425744E-8 -2.7610358407359585E-5
0.06673635655852131 -0.4767204709635782 0.06461779605353521 0 -4.0138365249923966E-8 -6.402633049542222E-9 -2.761617512688066E-5
-0.006975621790116399 -0.5183972256879046 0.06671599267023115 0 -3.749548955175391E-8 -3.408238604173341E-9 -2.7626818105810604E-5
0.021803385387518696 -0.4822544950869184 0.06469299319690378 0 -3.730766276845931E-8 -3.4388991424429213E-9 -2.7623901861859948E-5
-0.05196883438319561 -0.5240326103663052 0.06719869985797552 0 -3.541313963313027E-8 -1.2364490034510685E-9 -2.762389950458642E-5
-0.3679909311443217 -0.6373789894665455 0.08217765681431859 0 -4.539028356604959E-8 2.9932750248191546E-8 -2.761979699280719E-5
-0.40158939943089916 -0.5697012631254147 0.07901179842938963 0 -3.787508356387757E-8 3.210429893054139E-8 -2.7623882522852705E-5
-0.09590125636856872 -0.5619999312235502 0.06990127823248253 0 -3.983446307068035E-8 7.998739332001291E-10 -2.7625828989072355E-5
-0.19926692702634366 -0.6350324834465847 0.07658242747619838 0 -4.566844555555512E-8 1.6896114537458718E-8 -2.7626418092316386E-5
-0.2841593977557326 -0.6153602706014176 0.07751426427315905 0 -4.535782511377946E-8 2.4757597451570853E-8 -2.7626761247001727E-5
-0.15663037176370528 -0.5733099421965812 0.07149707499548641 0 -4.341376650039075E-8 6.920109569303167E-9 -2.7626865060090054E-5
0.6892086201904363 0.11760753932384704 0.079182235454291 0 3.5381786874564974E-9 -5.1018469009521777E-8 -2.762410178012208E-5
0.7461230180043805 0.1326560288062978 0.08402816782270867 0 4.195121855303285E-9 -5.476020208503222E-8 -2.760852632332075E-5
0.6908574756839181 0.1584953945063365 0.07995126254637963 0 6.372920812775731E-9 -4.938807588528771E-8 -2.7623126558249052E-5
0.9192877608705788 0.10260257931928718 0.09999999999999994 0 1.4665811970599875E-8 -6.828141833196862E-8 -2.7617531903315335E-5
0.8510855832446352 0.14814580550682163 0.09378949781498243 0 1.7751312181637353E-8 -6.030322984063605E-8 -2.7608058230632258E-5
0.7902639371481001 0.17887268414595758 0.08869278761371624 0 1.3866616150015412E-8 -5.243579283348163E-8 -2.7605546142380056E-5
0.5270134709035552 -0.12362075461980128 0.0680883893303861 0 -1.0951366355218434E-9 -3.79806118775758E-8 -2.7617959241694272E-5
0.660910431014522 0.06111123862815046 0.0764443497197492 0 2.4055873415865654E-9 -4.91637535717704E-8 -2.763196514104288E-5
0.5965173615012839 -0.07939251741876008 0.07200225824383245 0 -2.6401682749099186E-9 -4.1709152193606726E-8 -2.763259752739612E-5
0.6371682462297272 1.7636191275501287E-16 0.07448630903843244 0 -1.8118256329706663E-11 -4.5986353871259766E-8 -2.7635415426468327E-5
-0.5998767009898777 -0.47889137063455584 0.08487289614566726 0 -3.365317837945743E-8 4.429938630121534E-8 -2.761693079793272E-5
-0.4462665144718288 -0.4769553831048419 0.07565680574632232 0 -3.4704437153519396E-8 3.402254038437266E-8 -2.76290769976648E-5
-0.514031025104845 -0.49215788183100256 0.08018045280724438 0 -3.514507500086033E-8 4.199762403755924E-8 -2.7622230457079737E-5
-0.5551101229584549 -0.4700701488343014 0.08146563252731463 0 -3.290506884589973E-8 4.330417600386579E-8 -2.7621981492176404E-5
-0.6562422498346266 -0.5241856689594518 0.09146905933596002 0 -4.10048132956224E-8 4.511038188154431E-8 -2.7615115684768963E-5
-0.6848306133117381 -0.6217902179859557 0.09999999999999995 0 -5.21051814077356E-8 4.7732868575355685E-8 -2.7619752896095082E-5
0.27241004361507065 -0.4718280360333558 0.06830375115676078 0 -3.2351533007111593E-8 -2.3523036896611308E-8 -2.7629723947430523E-5
0.4535801009187721 -0.11979187747949692 0.06395953291420167 0 -1.1682723656016316E-8 -3.141389606431903E-8 -2.760742356970703E-5
0.39072217276086296 -0.23584567652234287 0.06329187670784985 0 -1.674349586658763E-8 -2.753717894505849E-8 -2.7625813865896582E-5
0.41238404925178007 -0.18021837395374024 0.06296662723972753 0 -1.6219159365002603E-8 -3.2536866287429764E-8 -2.7622561602104113E-5
0.33633282409977633 -0.33989669688880314 0.06444423660906805 0 -2.641230329344901E-8 -2.3896542637453407E-8 -2.760492594423527E-5
0.30008338071089913 -0.40108479031261085 0.06570468861303413 0 -3.1420483722537386E-8 -2.7266061409219008E-8 -2.761972291635633E-5
0.32685099627426545 -0.2905697969488598 0.06232853198902638 0 -2.3589037708873468E-8 -1.819983837010343E-8 -2.7617762707782053E-5
0.34557599933864525 -0.25420475687873284 0.06192004258218349 0 -1.9295368289273782E-8 -2.0912532628402762E-8 -2.7624874476899762E-5
0.13994680898558723 -0.4672126633962515 0.06496624972127402 0 -3.14035379576069E-8 -9.976797840540301E-9 -2.760536478780883E-5
0.19075484218748176 -0.4725311643222945 0.06620021711897697 0 -2.808382261591962E-8 -1.5498904664001467E-8 -2.7618071113849234E-5
0.04901016908663563 -0.43723836174505165 0.062459634223422635 0 -3.561011509854129E-8 -1.366984024502931E-9 -2.7622615537291772E-5
0.10408488366078726 -0.44405468685268895 0.0632766673513578 0 -3.563361359093465E-8 -3.3220981671021616E-9 -2.7610437085907837E-5
-0.03083759909542402 -0.4757419881377713 0.06436680609968096 0 -3.218743748465864E-8 9.352240008174937E-10 -2.7622991680513725E-5
-0.0058033119248053185 -0.4414101175550563 0.06253303354413749 0 -3.198154321203674E-8 1.5456424352122686E-9 -2.7626102359921875E-5
-0.39030681785658333 -0.4466269881485597 0.07141764844659583 0 -3.4877020036795424E-8 2.4611853635151906E-8 -2.7628812010395376E-5
-0.09527352708204243 -0.48999184724793493 0.06560563290386152 0 -3.18243810233805E-8 2.997650701080946E-9 -2.7609902291328048E-5
-0.31827009850817745 -0.5512599811461146 0.07444098367382036 0 -4.058027587816061E-8 2.365238878407618E-8 -2.7633274209676556E-5
-0.36296726797354567 -0.5093150093458659 0.07364571283377143 0 -3.686250226928812E-8 2.5496505849238324E-8 -2.7632608551624063E-5
-0.1538656248196219 -0.515523498759926 0.0678853449092873 0 -4.1814950562699754E-8 4.666056264825852E-9 -2.7615120988194953E-5
-0.23145619169988374 -0.5426436945370011 0.07120349698950754 0 -4.32709348956618E-8 1.4674914937163769E-8 -2.7630570784280122E-5
0.02839276411724586 -0.3973392921812578 0.06048540173023527 0 -3.0404828540241734E-8 5.43666846123393E-10 -2.763038412639897E-5
0.6359863797306674 0.13411282944887548 0.07542020319546493 0 9.067867388699859E-9 -4.605288520288398E-8 -2.7632060817693457E-5
0.7226994437477957 0.1997352924878217 0.08334138075756291 0 1.0390508713081817E-8 -4.9560295455019885E-8 -2.7618278226113656E-5
0.6524176664552398 0.20477109599706128 0.07797707686621592 0 1.2379239526034436E-8 -4.65629914041842E-8 -2.7630677022310865E-5
0.9051251569294585 0.19071818089926676 0.09999999999999994 0 2.046874279749233E-8 -6.193975430843153E-8 -2.7617014010380062E-5
0.8318102133114379 0.22322523392999097 0.09353078509252784 0 2.0935713628944212E-8 -5.4919778146796905E-8 -2.761485915205186E-5
0.7561533810021175 0.2511688924028691 0.08746370240455802 0 1.856131745106991E-8 -5.2207216250162375E-8 -2.7618344371962525E-5
0.5078212312272354 -0.05773868566153316 0.06628756501631425 0 2.660017295741186E-10 -3.26489500613183E-8 -2.7623402480593703E-5
0.580043566339009 0.07440259297015442 0.07086095755136954 0 9.850544354628477E-9 -4.343846465042884E-8 -2.7633007581693687E-5
0.5449077695259106 1.435041058529122E-16 0.06830916124377966 0 4.515691052865213E-9 -3.9245867313415174E-8 -2.7632494053422636E-5
-0.6449966839705535 -0.4445280981035864 0.08625924084344859 0 -2.9295051239864482E-8 4.4901587609795726E-8 -2.7609661148261548E-5
-0.5773213056470615 -0.42632356756478973 0.08066830857907491 0 -2.758675722941401E-8 4.3818364431220324E-8 -2.7622696207783218E-5
-0.42560872193429483 -0.3924588186076942 0.07047472570296821 0 -3.4386553258091967E-8 2.8424497094371564E-8 -2.7626684118112406E-5
-0.5105636494997626 -0.4275668331221898 0.07661161867134533 0 -3.115670648147973E-8 3.913922723315966E-8 -2.7630250920798782E-5
-0.6821995337018094 -0.3893517946424338 0.08645016345112792 0 -2.6923058234643195E-8 5.22335380444724E-8 -2.7601511664400785E-5
-0.7143597851634019 -0.46065181317541976 0.09243904770387963 0 -3.731437894230818E-8 4.704980308218151E-8 -2.7607327670236313E-5
-0.7501479603301018 -0.5412050791178046 0.09999999999999998 0 -4.4006195713463564E-8 4.941179286761404E-8 -2.7618917578238203E-5
0.23193963455587194 -0.401731231339728 0.06368217918749611 0 -2.9214528735252913E-8 -1.695610281433545E-8 -2.762597838521066E-5
0.4253355502182103 -0.060426816635170834 0.06194940187312641 0 -7.727869925052614E-9 -2.6827513443701468E-8 -2.7625402232477388E-5
0.3783639298171796 -0.12391451309547895 0.06047575124681011 0 -1.376306480139183E-8 -2.6476918472503304E-8 -2.7628945304768914E-5
0.3404696044317066 -0.192505611563268 0.06016257670047243 0 -1.5795585533975818E-8 -2.3667883167154173E-8 -2.7632801188913606E-5
0.2704412885460664 -0.32134890739138106 0.06148782850104334 0 -2.8874617045887877E-8 -1.7238176300578878E-8 -2.7623989153667337E-5
0.28780126788651955 -0.24610682281377952 0.05962067759661022 0 -2.01978709931192E-8 -1.825247424252429E-8 -2.7632308320616507E-5
0.15779399244920164 -0.4060014305216929 0.062242172248634084 0 -2.7865397392933E-8 -6.089733807138763E-9 -2.7621419933843214E-5
0.08201071126761389 -0.3939388987243753 0.060668066988986274 0 -3.080640392593833E-8 -1.173359771831634E-9 -2.7626578576941754E-5
0.04349199689707277 -0.3606955682361924 0.05897556113419837 0 -2.697619388397929E-8 -1.4811760500962675E-9 -2.7634399507747546E-5
-0.05772042989369192 -0.4373202270026056 0.06251628812885628 0 -2.8099214693987852E-8 6.9153318035836385E-9 -2.7621180710315776E-5
-0.03317807935019408 -0.4000499580003112 0.06062434517611841 0 -2.789198503571025E-8 5.260223010553561E-9 -2.7629774453094115E-5
-0.3619566518906658 -0.37751131442037245 0.06698450376718922 0 -3.152364214402768E-8 2.089887482619462E-8 -2.7611685879239374E-5
-0.36626813150114024 -0.4166408143589399 0.06892167223823106 0 -3.337745288407155E-8 2.031313864709626E-8 -2.7622314852680573E-5
-0.3449125590697449 -0.44322460700183025 0.06935603931497553 0 -3.379769548612117E-8 1.9294353550384344E-8 -2.762727551991816E-5
-0.1061373350373039 -0.43371612134398735 0.06278756375601147 0 -2.9522830855236826E-8 1.3103707539554196E-8 -2.7613136470304632E-5
-0.1533021139497205 -0.45854960024362473 0.06473399748772989 0 -3.840301402508133E-8 1.275195417649976E-8 -2.760886850909157E-5
-0.27258732769368704 -0.47213510106489254 0.06832563375196132 0 -3.703713212283636E-8 1.6425647886741356E-8 -2.763066699524482E-5
-0.2137590545386873 -0.47234636278777903 0.06671710658979699 0 -4.038371519541977E-8 1.3576730053513409E-8 -2.7623777984462527E-5
-0.18675532053812582 -0.4349325178463068 0.06418357757579088 0 -3.670634662076038E-8 1.581943232526349E-8 -2.761985799930635E-5
-0.3826278748778653 -0.34149739132768103 0.06638993492953281 0 -3.2023065815941107E-8 2.7797697039181366E-8 -2.7612125294087598E-5
-0.0010639892128916778 -0.35571530812846325 0.05866683852382106 0 -2.6188073170245257E-8 7.909444421108972E-10 -2.7635360708628398E-5
0.5665181445886517 0.15558354761445173 0.07104008880031383 0 1.6852091320402164E-8 -3.8965395978784577E-8 -2.7630202427436597E-5
0.5953591891669738 0.1936606882201294 0.07369160395615945 0 1.590824420933153E-8 -4.122930331255381E-8 -2.7634434228682742E-5
0.5192463818471629 0.12824117265253684 0.06769417632898124 0 1.7296862222026194E-8 -3.677066675437131E-8 -2.7617758218972806E-5
0.5285393108936259 0.16518893231571916 0.06885934434787161 0 1.8694001377129206E-8 -3.398628010937513E-8 -2.7624065044213815E-5
0.6744856330743806 0.25899543825752414 0.08106282636378111 0 1.6354179107982764E-8 -4.9903320314631185E-8 -2.7626721782458735E-5
0.5964895386590124 0.24538252217967127 0.07505456752399722 0 1.770363376357533E-8 -4.236489791893942E-8 -2.763600740939878E-5
0.8809325160784339 0.2820885436790224 0.09999999999999994 0 2.6338494471715834E-8 -5.948244392362959E-8 -2.7624334413541287E-5
0.7133503615870089 0.32015636681811027 0.08613118221459619 0 2.4172749587745005E-8 -5.511485095132683E-8 -2.7616784742284966E-5
0.7978472984237357 0.3041762806928354 0.09281227257926788 0 2.6918850530468078E-8 -5.6369551605969475E-8 -2.7620441988667908E-5
0.4636209692030302 1.4593888372567647E-16 0.06366862151549985 0 4.729800284190437E-10 -3.3352133375275915E-8 -2.7628226392267685E-5
0.4938126220450951 0.06489296717588176 0.06554297030555511 0 8.522777206897981E-9 -4.044620756474636E-8 -2.7621182943693887E-5
-0.6153231968638251 -0.38077552285640803 0.08115372829448388 0 -2.2182734546063674E-8 4.7819740984095726E-8 -2.761795524665559E-5
-0.560449570051932 -0.3810942956107818 0.0775098294695611 0 -2.516924151698355E-8 4.2837987690444205E-8 -2.762888443323882E-5
-0.4429539530445369 -0.3153758255937713 0.06823813858748431 0 -2.954483049814785E-8 3.2267540666244995E-8 -2.76284770854908E-5
-0.5043029125892239 -0.34762375509843185 0.07274022680505556 0 -2.783010454580912E-8 3.710618226231152E-8 -2.7634477957595302E-5
-0.6508158876168189 -0.3390076459058359 0.08199721983987755 0 -2.0907283055473217E-8 5.273284831508704E-8 -2.7616232037322954E-5
-0.7091826270730176 -0.32330839885714513 0.08590988858162861 0 -2.44027855323594E-8 5.6724800885887304E-8 -2.7613049999687595E-5
-0.7619010673352372 -0.3837317836320327 0.09273617861998763 0 -3.5215257875185114E-8 5.677358835623509E-8 -2.7609127971410225E-5
-0.8010515387579304 -0.4625279007956028 0.09999999999999996 0 -4.062316817250489E-8 5.5631708787205744E-8 -2.761488550900782E-5
0.19236089157799777 -0.33317883760233996 0.059881599761303 0 -2.5602318165749867E-8 -1.1771932157719997E-8 -2.763499610482752E-5
0.38492668203237634 1.0023152680894796E-16 0.05989052034096669 0 -2.3797098186179573E-9 -2.7614680989366835E-8 -2.7636884728938742E-5
0.2997814449763267 -0.1302546190444194 0.057552736756421544 0 -7.835879886970375E-9 -2.195492904348439E-8 -2.7636821326987234E-5
0.3411851195480258 -0.06215460789797836 0.058312559079427444 0 -5.458195609844798E-9 -2.317240833116289E-8 -2.7638736177921492E-5
0.25568805190108224 -0.19009790761699052 0.05725179690059135 0 -1.2267668513573185E-8 -2.0200099485716013E-8 -2.7636258522454974E-5
0.21970172124605264 -0.25470361780543144 0.057909449658114676 0 -1.9608552909711976E-8 -1.636081134852406E-8 -2.7638264666631796E-5
0.23090062297727731 -0.13379820267190193 0.05553869913937325 0 -3.5874762858072902E-9 -2.0190619963321637E-8 -2.7626564256424075E-5
0.10559774308437374 -0.32641465451667345 0.0581670361159444 0 -2.3167893759481714E-8 -6.35450276637925E-9 -2.7637289423187337E-5
0.031363797849434556 -0.30517057546423765 0.0568332914109285 0 -2.1455837204706725E-8 -5.424972440193403E-9 -2.7634576890177186E-5
-0.08918266806588585 -0.39015326021997465 0.06056960464965617 0 -2.7149619572930944E-8 1.1532301510499555E-8 -2.7627013166956652E-5
-0.049756265008924744 -0.359262534671633 0.05895024498757894 0 -2.5962386101416064E-8 5.496953006120895E-9 -2.763449053674212E-5
-0.33370914900421456 -0.3553876317528072 0.06495432896100803 0 -2.46547966230195E-8 2.2215019421952527E-8 -2.7606820248764686E-5
-0.31386332305040454 -0.4019336098806021 0.0662221637922308 0 -2.8102191631384775E-8 1.6672796240804338E-8 -2.761908518639401E-5
-0.15459594130071444 -0.3919265872876224 0.06155021858866086 0 -3.018730148195617E-8 1.6592093296129905E-8 -2.7625191041328004E-5
-0.2322802926341843 -0.4023212684393738 0.06371797650698165 0 -2.9908859927444873E-8 1.6890241297987086E-8 -2.7626352818682726E-5
-0.33230969380311987 -0.31257443393730217 0.06328313435425743 0 -2.118658546659223E-8 2.9272310225482482E-8 -2.761176984853975E-5
-0.37984334067586323 -0.29694191152231486 0.06465963905911942 0 -2.6180316798440244E-8 3.16966849003438E-8 -2.7617716316378975E-5
-0.03281109095750644 -0.303248501545522 0.05677241598853609 0 -2.346274445247931E-8 -8.786293895563021E-10 -2.7634472643900502E-5
0.002774404310843052 -0.26370741404826953 0.055444406431408536 0 -1.9088687759173766E-8 -7.26730674377113E-9 -2.7625093275965033E-5
-0.4503344724862791 -0.2539143429242661 0.06663047103760426 0 -2.2239164204065905E-8 3.1061063844471427E-8 -2.7628991883266914E-5
-0.40625597693717014 -0.2614749559637888 0.06471383725610917 0 -2.2296624485202105E-8 3.08601898201086E-8 -2.7625700649147123E-5
0.4615326701397575 0.12346215125476942 0.06442192515091573 0 7.743069469644319E-9 -3.3785283804847334E-8 -2.760827215369046E-5
0.5387084587482873 0.20560708274998704 0.07032262751622614 0 1.948389474595983E-8 -3.453875614453436E-8 -2.7632119538853533E-5
0.4879508039440348 0.17532903328848173 0.06671893154849401 0 1.6729745634738197E-8 -2.867209686431661E-8 -2.7619118036834915E-5
0.532509259731304 0.25445661626164345 0.07121936353097057 0 2.120984277373598E-8 -3.546737883532888E-8 -2.7637274326182135E-5
0.6341588941531792 0.31283518999890103 0.07981624453248937 0 1.912161683074525E-8 -4.9111623061831346E-8 -2.7627312063668792E-5
0.5661686439840169 0.30314954318445153 0.07485251919573685 0 2.1229010366587245E-8 -4.105990719182429E-8 -2.763743340022051E-5
0.8437752416466553 0.3790359375932063 0.09999999999999998 0 3.498106535721864E-8 -6.029840132757876E-8 -2.762414252004861E-5
0.6719229666176102 0.38840511082381185 0.08561888827579653 0 2.4964407179865112E-8 -5.012838770834532E-8 -2.760771408354225E-5
0.7564175363077813 0.38622567562379634 0.09237249347625182 0 3.4908989688149496E-8 -5.4698385458939906E-8 -2.761253731916792E-5
0.41461516466779025 0.07768102097507298 0.06157475739077051 0 1.1198750485906651E-9 -3.3333695149953086E-8 -2.7625887214130658E-5
0.41609697408913526 0.13788398400008967 0.062378681269293045 0 4.316370718613374E-9 -2.9085309392621848E-8 -2.7620624492642938E-5
0.3331467524821928 0.06332732629493788 0.0580143200893398 0 4.449640314429203E-9 -2.5008209674683976E-8 -2.764040175322765E-5
-0.47800098007166614 -0.21838828549818234 0.06713458210584479 0 -1.9427201259256735E-8 3.013290404507793E-8 -2.7626522713116355E-5
-0.581042663690517 -0.3157640075984302 0.07626188231201678 0 -2.1162132662648605E-8 4.449054557744657E-8 -2.763153841710557E-5
-0.516501927640104 -0.27345997871285144 0.07083650833060166 0 -2.2990403739660432E-8 3.6032752021460575E-8 -2.7634899380602036E-5
-0.6531660790226061 -0.2763311132584134 0.0799841441751332 0 -1.778176903210602E-8 5.075495095562052E-8 -2.762564300733042E-5
-0.7177089386751481 -0.25492955224205677 0.08435704674323387 0 -1.735343844627546E-8 5.2932219423013324E-8 -2.7619624456631065E-5
-0.7682837005378522 -0.21778108265977297 0.08762455506029665 0 -1.5828289169903947E-8 5.257806775902601E-8 -2.761274005165129E-5
-0.7926496756412593 -0.29133333750236745 0.09190870000572768 0 -2.5638392569129924E-8 5.7300183170607086E-8 -2.761750026060601E-5
-0.8437556437212325 -0.37907955935377746 0.0999999999999999 0 -3.542425465214549E-8 6.212190235978011E-8 -2.7620211201470558E-5
0.14972579901011426 -0.2593326910893636 0.056582144341893334 0 -1.7501915583434745E-8 -1.3252129487898614E-8 -2.7639280785018037E-5
0.30024351839566077 1.0287337474471442E-16 0.0566089984335615 0 2.9093141320665848E-9 -2.1465991671293293E-8 -2.7641101801555137E-5
0.25485064501553867 -0.06881848120103613 0.0554520694654174 0 1.247567668406535E-9 -1.739098672759094E-8 -2.7631582583473295E-5
0.2018137422816696 -0.09141964150518621 0.054287541904913736 0 -4.313122793938611E-10 -1.4003658676489245E-8 -2.7614200242570315E-5
0.1764824224893901 -0.17786432905826247 0.05506179018247805 0 -1.0725685206376534E-8 -1.8913127305543653E-8 -2.7628061519403707E-5
0.17846806103523252 -0.12182655323316927 0.054152220507936534 0 -6.386386319294511E-9 -1.7441235951885213E-8 -2.7611850423795787E-5
0.06445906182530688 -0.2524774236880236 0.055351148337145016 0 -1.4667145582312696E-8 -9.604173249835468E-9 -2.7629489144404345E-5
0.01713256069613923 -0.2191946756676691 0.054245341320781695 0 -1.3254216685373508E-8 -6.020048309972837E-9 -2.761235669670258E-5
-0.015811501710617768 -0.22080470166743846 0.054282927994611936 0 -1.8916777599185037E-8 -3.907563467196032E-9 -2.7612603928814733E-5
-0.11115524588477288 -0.32319159740630654 0.058116751891295344 0 -2.461976857532367E-8 9.424712143971415E-9 -2.7638110047625366E-5
-0.2724211583800276 -0.34021230275634257 0.06225471036920954 0 -1.9763958085357853E-8 2.116451733705985E-8 -2.7622422690235584E-5
-0.19295762658678686 -0.33421241295621795 0.059933626134453855 0 -2.3450281878644973E-8 1.6557086157367262E-8 -2.7635258195620766E-5
-0.299671918215507 -0.26919022055739933 0.06068803798570996 0 -1.685317969633312E-8 2.6146919499136663E-8 -2.762766020848365E-5
-0.35401952964801076 -0.2618191533072333 0.0624765930436588 0 -1.9451084430769875E-8 3.036334722258447E-8 -2.7624113935892078E-5
-0.059917909088264505 -0.2537684697083779 0.05535616729591674 0 -2.2766682838154072E-8 -6.425396215788743E-10 -2.762926344859864E-5
-0.4286041911968905 -0.21160410640457614 0.06443452009247358 0 -1.5870635199763922E-8 2.8590520651165376E-8 -2.7625177060404343E-5
-0.3837371950984817 -0.21760730691022395 0.06251779019199943 0 -1.5361570691791737E-8 2.8687032918288278E-8 -2.7628172193460225E-5
0.44078820931890417 0.17778853409565737 0.06428879605061415 0 1.1314156825065607E-8 -2.6629377194689938E-8 -2.762060809556613E-5
0.4759951064045458 0.23047538821939026 0.0673334019397155 0 2.0001929000675836E-8 -2.9436936030207515E-8 -2.7630940779283653E-5
0.5023235944487765 0.29151864533540206 0.07059623054924213 0 2.4410869317150395E-8 -3.4249093443740965E-8 -2.7638430339007717E-5
0.5853609901656723 0.37038384021673393 0.07867156144500055 0 2.2536188251983465E-8 -4.386857099216581E-8 -2.7630390813733807E-5
0.5293785213896149 0.3388907230126146 0.07386902220939724 0 2.509199487945587E-8 -3.80281732651304E-8 -2.7638872898289504E-5
0.8010710017272104 0.46249419126110125 0.09999999999999991 0 4.0266446824264094E-8 -5.381527966518224E-8 -2.762061419484749E-5
0.626960623589047 0.4522983371432033 0.08535306995964971 0 2.9541843913342207E-8 -4.288095786457578E-8 -2.7619177888650202E-5
0.7061350528834721 0.4673278645716987 0.09212747065803699 0 3.671421188110112E-8 -4.4534091951650635E-8 -2.761421298872509E-5
0.3592371994727271 0.12552401442410036 0.05970040660633737 0 5.88124014812935E-9 -2.6306728504837395E-8 -2.7634838016722808E-5
0.39449037889125516 0.17177804019933995 0.06198157459134765 0 8.807213603047698E-9 -2.6721642031172544E-8 -2.762800547906661E-5
0.2907007887888551 0.1297941048796961 0.057242741237689944 0 1.1905091886132076E-8 -2.0152097500337057E-8 -2.763872054470378E-5
0.2538184516803514 0.06940494742292715 0.05542696753822805 0 1.1475116037177216E-8 -1.8879971351504725E-8 -2.763243915812333E-5
0.20062573683728857 0.09527047772396227 0.054301155270572714 0 1.313167236560024E-8 -1.4006295024481096E-8 -2.7615275734818207E-5
-0.4690213191754545 -0.16282051739106812 0.06545407679976868 0 -1.3262786973958393E-8 2.8957431285352067E-8 -2.7612788401051264E-5
-0.5329845388239064 -0.1985594752136454 0.06981392050905111 0 -1.9690483990499445E-8 3.501779898451973E-8 -2.7628801061442725E-5
-0.5985835515449605 -0.2260297922817816 0.07467942546060531 0 -1.7258687857892828E-8 4.334751935872738E-8 -2.763365567673327E-5
-0.6738902730202506 -0.22049852083738797 0.07997070091519404 0 -1.3323687210310929E-8 4.957438117261444E-8 -2.762610672679453E-5
-0.7224932718504692 -0.1846612188414888 0.08299584497449673 0 -8.950431405352558E-9 5.1408135566598873E-8 -2.7616225436816707E-5
-0.784218194998307 -0.17459658052838994 0.0880668176158918 0 -1.2980657853250224E-8 5.4057225469500636E-8 -2.7604701985714273E-5
-0.8340398056073667 -0.21902107573341573 0.09363611174877708 0 -2.1184873506544023E-8 5.685610778873811E-8 -2.761351540047782E-5
-0.8809151182252344 -0.2821428693025129 0.09999999999999996 0 -2.6746577564090907E-8 6.136446205264924E-8 -2.7622383265870054E-5
0.11138757858716244 -0.19292894544503636 0.054318208030815426 0 -1.1584846157486589E-8 -1.2270382398029336E-8 -2.76275824447232E-5
0.2238875048948224 7.238912562247948E-17 0.054346295287657886 0 5.238946746626634E-9 -1.590923180278397E-8 -2.762901886500406E-5
0.19420772375092543 -0.04676552312468657 0.053768452091938715 0 5.480166343978869E-10 -1.075355957540728E-8 -2.7619627273342224E-5
0.16765785073129597 -0.0820458117059934 0.0534822586461166 0 -5.8402126746785014E-9 -9.719980005466228E-9 -2.761036111349891E-5
0.1532214795718842 -0.1047515501973591 0.0534601593182905 0 -9.59857119027787E-9 -1.2135965505874669E-8 -2.7610555362840356E-5
0.13365633223327952 -0.1314943305448411 0.053500013617672364 0 -1.1577458944044996E-8 -1.3123244676551767E-8 -2.7616929049642167E-5
0.1909210649037196 0.04684254353730671 0.053697308093126346 0 6.914540973076012E-9 -1.6462563032981692E-8 -2.7619952815684334E-5
0.05493858025113072 -0.1872116672800932 0.053664600392910426 0 -9.4560860173382E-9 -5.067222272980449E-9 -2.7618235732770908E-5
0.0015895535343272628 -0.18045943852644164 0.053353802929854664 0 -1.3050257314265734E-8 2.269785917292017E-9 -2.7609809919263007E-5
-0.053441146730527564 -0.18709102439814254 0.05365287398922711 0 -1.8286261276723993E-8 2.978467763195615E-9 -2.761813799181649E-5
-0.15050660974349658 -0.260685094950677 0.05663516711153095 0 -2.0677329787569434E-8 8.86600787481517E-9 -2.7639852649842882E-5
-0.22974591189928226 -0.256397975299907 0.05821373401797809 0 -1.753827964411831E-8 1.7175665100627385E-8 -2.7638091366149318E-5
-0.2901412929767384 -0.21922908092139923 0.05898973037684318 0 -1.531255768597157E-8 2.282989418880352E-8 -2.7635809263935312E-5
-0.3302765228915605 -0.22443841547131757 0.06052899064430553 0 -1.5189028812921538E-8 2.699521460841043E-8 -2.7631906811375237E-5
-0.11217260429255088 -0.1942886498520168 0.05435789315243198 0 -1.697352092290497E-8 4.095676893555933E-9 -2.762826326161695E-5
-0.4043520178042477 -0.16901983470521795 0.062374130552393804 0 -8.587418623384583E-9 2.7968900039940798E-8 -2.7624277164741165E-5
-0.36201088411519367 -0.17400839360604692 0.060635096430618034 0 -1.0065923468846589E-8 2.694212510587579E-8 -2.763197850366512E-5
-0.42569230627547644 -0.12215318657273527 0.06260425960749791 0 -3.4895118244775797E-9 3.254280478426167E-8 -2.7616852996451814E-5
-0.467604489294916 -0.09647351175034927 0.06440527405535047 0 -7.4453743652012644E-9 3.9522847140046075E-8 -2.7611994126171205E-5
0.40159415937487924 0.2222711945652258 0.06342742714419668 0 1.6136525900044873E-8 -2.7844289541775972E-8 -2.7629639470998275E-5
0.4374027432196876 0.28280425722564984 0.06685837267776952 0 2.565460213524724E-8 -3.062763274857317E-8 -2.7631749825804474E-5
0.4716692828943538 0.34325991058700284 0.07076541111671204 0 2.9733964519804144E-8 -3.266952423154797E-8 -2.763698729702585E-5
0.5572755215547438 0.4510872900080022 0.08061070588876619 0 3.049629132623362E-8 -4.149198274926072E-8 -2.762990591964556E-5
0.5201731653431543 0.38799390136202994 0.0753439569886662 0 2.8144159884502685E-8 -3.781816059045584E-8 -2.7637589130316318E-5
0.7501545426059838 0.541195955123228 0.09999999999999998 0 4.3549700080283616E-8 -4.755740390710578E-8 -2.762626324158718E-5
0.5828756184496425 0.5332115379316271 0.0868511630159933 0 4.108459121433656E-8 -4.360214603438311E-8 -2.7621322050908482E-5
0.650470548607775 0.5465931881196748 0.09240305490818579 0 4.354102148630918E-8 -4.377523086818088E-8 -2.762345062352025E-5
0.33827356631260735 0.19741612693850677 0.06018657141513714 0 1.2821757155193425E-8 -2.50860241124388E-8 -2.763611636250549E-5
0.2643297840462276 0.19520810401833616 0.057617277126140565 0 1.5265917768047372E-8 -1.7587006609947184E-8 -2.7639886058162708E-5
0.23462332403576286 0.13422621113694244 0.055643167928538385 0 1.5927982484262556E-8 -1.3208956172927289E-8 -2.7629831344003332E-5
0.1835322570857455 0.12636576122723128 0.05431954168807021 0 1.2563701391990579E-8 -7.563343127064683E-9 -2.7615800010018042E-5
0.15384433041034717 0.09209874155024383 0.0533301823681776 0 4.569587479320031E-9 -1.1443454375642692E-8 -2.7612115900620748E-5
-0.5199939829281822 -0.124648956040805 0.06768673130026932 0 -1.733252021746441E-8 3.850366167163575E-8 -2.761738605120727E-5
-0.5744027965338087 -0.14938461510286838 0.07144252826293566 0 -1.622574455303572E-8 4.1327418668785945E-8 -2.7630287272065407E-5
-0.6477191420222239 -0.14358128013705043 0.07642272847163621 0 -8.940253549793001E-9 4.817902543871805E-8 -2.7630701788812994E-5
-0.735100345459195 -0.11930462056175606 0.08291132970822637 0 -2.9904446891669616E-9 5.6514189051508943E-8 -2.7612810654879832E-5
-0.8023821229894582 -0.12465004703532732 0.08885408731398864 0 -1.1748454412796383E-8 6.130630352850129E-8 -2.7602657977767602E-5
-0.8531067718150073 -0.15803750226362165 0.09415708085227005 0 -1.8740468477591558E-8 6.135004741657672E-8 -2.7609266012102302E-5
-0.9051158299750595 -0.19076243784282 0.09999999999999995 0 -2.095629376523994E-8 6.378409699093903E-8 -2.761693263822236E-5
-0.8393412000271001 -0.10211595922316327 0.09200820531311653 0 -1.3563745839933906E-8 6.504428202541316E-8 -2.7609475658107495E-5
-0.5124187514513647 -0.05184789683178334 0.06651654728017117 0 -8.901655071226701E-9 4.1958911555773E-8 -2.7626848664060067E-5
-0.4662367643365183 -0.05429215722432917 0.06397307879016166 0 -4.57531374781959E-9 3.959061110509938E-8 -2.7623508886363664E-5
0.07846305682895906 -0.1359020009449211 0.0529048760801971 0 -1.0191071842426565E-8 -5.061220141695805E-9 -2.76220186570832E-5
0.1581850159804538 4.03666044625459E-17 0.05292729798071231 0 -3.513158342981805E-10 -1.1127233040230411E-8 -2.7622808955617175E-5
0.1339429855522494 -0.042721659792281826 0.052630185389843626 0 -5.946935404073859E-9 -6.8507536269599326E-9 -2.7621393365928923E-5
0.12170874450296679 -0.07937873255132208 0.05270638285367756 0 -9.98306066495633E-9 -6.585650733382731E-9 -2.7618687453315426E-5
0.0926329081859553 -0.0934021566431387 0.052491087538806276 0 -1.0141278452103505E-8 -4.796424946331193E-9 -2.762322055570268E-5
-0.07925046645516257 -0.1372658344238745 0.05293295280422828 0 -1.0085989379175715E-8 6.403330883992419E-9 -2.7622198079663495E-5
0.12737884186502532 0.04457914646124025 0.052542398875778 0 6.022205655768889E-11 -1.126955860556804E-8 -2.7623078541425777E-5
0.025874926118163208 -0.13266950985365822 0.05254567933671947 0 -9.23388078258265E-9 2.452023486916511E-9 -2.7621709466061354E-5
-0.025243839799718233 -0.13300675455069116 0.052548920040911946 0 -1.0456946509160044E-8 6.2595900566458225E-9 -2.7621804426830332E-5
-0.18973296493485722 -0.18461798069110355 0.055474546986767154 0 -1.6269148199162287E-8 8.484574014142057E-9 -2.7631367552775806E-5
-0.2483235922732361 -0.1816505696604007 0.05686432272721824 0 -1.5883438996325404E-8 1.6021706206291984E-8 -2.7636032613738832E-5
-0.30831506111577245 -0.17770170158565643 0.058672582596364375 0 -1.3034883236686403E-8 2.3189879386159398E-8 -2.763713202159229E-5
-0.13643849435757827 -0.142707733989249 0.05371629461338724 0 -9.807019503400223E-9 5.617405191123326E-9 -2.7619136187992657E-5
-0.184039983968445 -0.12735803584373426 0.05434432437859786 0 -1.296983754208642E-8 8.530671678773255E-9 -2.7614645659102314E-5
-0.10393602836491156 -0.0928684349452979 0.05261104654913399 0 -3.2798133829627565E-9 9.240752966292369E-9 -2.762160364398093E-5
-0.33491839009005275 -0.13913239257244242 0.05894927757126896 0 -8.934449859122364E-9 2.5217464246481726E-8 -2.7636593964059642E-5
-0.379850741799242 -0.12110542276221135 0.060500587943527986 0 -4.246920926851781E-9 2.9186191223088648E-8 -2.762979689989957E-5
-0.40842759083875496 -0.05875232359605658 0.061140527783328784 0 -9.998881201131943E-10 3.356040469314821E-8 -2.763015857906663E-5
0.36282250283673584 0.2686598783514224 0.06303900336729046 0 2.066795651803956E-8 -3.001989403451026E-8 -2.7626294610657575E-5
0.4058790843317993 0.3317218591300756 0.06705525860874961 0 3.172783181434362E-8 -2.8736706241067496E-8 -2.7623942461854875E-5
0.4678168231247622 0.39722837411780604 0.07282402579327739 0 3.216467165251366E-8 -3.236102186473843E-8 -2.7637279150930358E-5
0.43228391685071293 0.3802988180284773 0.07026687195777441 0 3.372523029631056E-8 -2.8111749958640278E-8 -2.763230734952127E-5
0.5096255127299391 0.5106912413470729 0.08097857821614195 0 3.614733827047317E-8 -4.1088505607249185E-8 -2.7626626297716528E-5
0.49005227512439575 0.44470401859070535 0.07629562530822705 0 3.2634086710718486E-8 -3.6191304335259704E-8 -2.7636177978012713E-5
0.5354804188313992 0.5793968081607486 0.0867593250488703 0 4.4427524047324266E-8 -4.196559995066725E-8 -2.7611538702836534E-5
0.6847900044003186 0.621834941224156 0.09999999999999994 0 5.1707909793715786E-8 -4.5908854987945247E-8 -2.762870518963833E-5
0.5876935447112426 0.6161088910778022 0.09257893706827944 0 5.172705672947542E-8 -4.047679153776577E-8 -2.7616441255279156E-5
0.2968769596322443 0.26583446546620604 0.06049214663587174 0 1.6490536818410314E-8 -2.4649301178175506E-8 -2.763270830400646E-5
0.22703812963746217 0.26409762190385 0.058370438456053005 0 1.7620340849192515E-8 -1.611852191262102E-8 -2.7641947512080845E-5
0.18890830540911197 0.18932922319802872 0.05555650018582656 0 1.6075333054818523E-8 -7.593556484164455E-9 -2.7634965731900255E-5
0.10177697427875262 0.08834048795367637 0.05253956863179544 0 2.7663413279356518E-9 -8.433630517640564E-9 -2.7623600143914636E-5
0.13647605991683223 0.1435082568468913 0.053729825805134857 0 9.675635789586539E-9 -4.757365474054653E-9 -2.7621356606233853E-5
0.14969050843762163 0.2592715660247786 0.05657975437506356 0 2.0390436030082887E-8 -7.641008592531295E-9 -2.764384231089338E-5
-0.5844196053235717 -0.07491703801282973 0.07115392026499065 0 -9.901432898122974E-9 4.499965565447859E-8 -2.763416102667705E-5
-0.7351410524947968 -0.060926854977285956 0.08231802271497875 0 -8.585449430753443E-10 5.8010225487209444E-8 -2.762065309385447E-5
-0.6752473549062168 -0.060997662019661704 0.07752927755735102 0 -1.7387313455709326E-9 5.202129793363827E-8 -2.7631317617206092E-5
-0.7962287177911108 -0.06074957956360477 0.08762354715881242 0 -5.60584843579813E-9 6.334220112947574E-8 -2.7613932337529627E-5
-0.8627884197170684 -0.055125093298773874 0.09385473111979895 0 -9.850629645312374E-9 6.642377933185967E-8 -2.761752839806815E-5
-0.9192838471164881 -0.10263764414409532 0.09999999999999994 0 -1.5079494031290665E-8 7.011815529948417E-8 -2.7619130066541502E-5
-0.5447672634209793 2.858524015158418E-17 0.06830049229574699 0 -4.811369207867886E-9 4.053927639331691E-8 -2.763465118954962E-5
-0.4638591691868275 2.797468827787367E-18 0.06368112390889594 0 -8.038019438173223E-10 3.4512623001336864E-8 -2.76300380443108E-5
0.04273067501608843 0.07401170016957923 0.051925849626185475 0 3.4863426687246247E-9 -5.764995087226987E-9 -2.7633241832061955E-5
0.04273873390329096 -0.07402565857166639 0.05192600533605054 0 -7.330058020004813E-9 4.352267286388153E-10 -2.76318948474729E-5
0.08580268905133058 2.7616060966210454E-17 0.05192915349305607 0 -3.769849491093242E-9 -5.80748791085648E-9 -2.7632343471910997E-5
0.07416648351753428 -0.042820039223696336 0.051927573540639343 0 -6.625620847686894E-9 -3.0037707152513982E-9 -2.7631849627762524E-5
-0.04299754043112494 -0.07447392462720538 0.05193102148339571 0 -3.751169537097703E-9 6.752551976637557E-9 -2.7631946097840767E-5
0.07415950431437714 0.04281600977887487 0.051927495533993596 0 -4.1733612179193264E-10 -6.8932532238301095E-9 -2.763258923734182E-5
1.3904975238826412E-17 -0.08573627431625096 0.051928505242836896 0 -6.347502867493867E-9 4.384839225025898E-9 -2.7631611086642995E-5
-2.9796378738924766E-17 0.08577355466188762 0.05192886660175564 0 6.182163034492549E-9 -3.459056024821733E-9 -2.763315504660564E-5
-0.22815732549244747 -0.13366956667415786 0.05546555293618704 0 -1.6294869526153553E-8 1.3346890907901625E-8 -2.7626771977926133E-5
-0.27837086784154214 -0.12617379267311213 0.056793561369108604 0 -1.3145297738932316E-8 1.9933010009202385E-8 -2.763625882150339E-5
-0.15093740406319933 -0.09389909648308081 0.05329903073383901 0 -4.688531283411985E-9 1.1918657108071728E-8 -2.7611494878098743E-5
-0.19761019796705667 -0.10158906953187431 0.054303584925033135 0 -1.3490241360814288E-8 1.3711628046252394E-8 -2.7613480388265278E-5
-0.12619399745448537 -0.06614911525416545 0.052660410611162535 0 -1.212968727224096E-9 1.2153722074579727E-8 -2.7619942587315283E-5
-0.07423701450489274 -0.042860760308234 0.05192836227840669 0 1.4695392789747907E-10 7.825223894920157E-9 -2.763213804993736E-5
-0.4277423899643161 0.06497482014443749 0.06209784320535729 0 7.981311420739313E-9 2.7843103531039064E-8 -2.7626838941434026E-5
-0.33304413722574777 -0.06930677678439595 0.058055306373968225 0 -5.065938102563339E-9 2.604236458645637E-8 -2.7640093589215916E-5
-0.3847166606924661 9.345124501562139E-19 0.059881376808148805 0 2.134738807408594E-9 2.8674401861992513E-8 -2.7638418872547737E-5
0.3329058545937796 0.33325924236807375 0.06406157186555389 0 2.2074961656020895E-8 -2.5374829867703455E-8 -2.7611473184319263E-5
0.49825230464030634 0.6040689738251999 0.08623250303750961 0 4.1702137408700285E-8 -3.6895527679998956E-8 -2.760917837773208E-5
0.3818998921620359 0.39282083230988174 0.06849211870683777 0 3.3737983647144824E-8 -2.0769557814153958E-8 -2.7624756499544802E-5
0.4314021965681312 0.42876752259718576 0.07244484890584979 0 3.4174471668234966E-8 -2.827627762668304E-8 -2.7635880818967804E-5
0.4723939921181883 0.5653277489130144 0.08223903081434109 0 3.700706390605388E-8 -3.829088536172134E-8 -2.761987874057016E-5
0.44736034083495346 0.4974141441538552 0.07684191432450417 0 3.4860934075159036E-8 -3.371518521531262E-8 -2.763437932851327E-5
0.5230354883414245 0.6422697488364204 0.0903707538749386 0 4.852726812491253E-8 -3.2998692943441626E-8 -2.7609279376260908E-5
0.6177594130735138 0.6884753307245898 0.09999999999999995 0 5.648924179177658E-8 -3.9833479464951314E-8 -2.76235627151705E-5
0.5518007966248653 0.6760563257947593 0.09465507346897212 0 5.331561624750951E-8 -3.309406943658972E-8 -2.7616414043196282E-5
0.2625418688185837 0.33648330779519714 0.06181290503458571 0 1.965181640412908E-8 -1.9579936305236052E-8 -2.763041401593958E-5
0.10763513709501461 0.3224957272318108 0.058047784011843594 0 2.4368476778700334E-8 -7.955733815366726E-9 -2.7643341858261794E-5
0.19231764390950024 0.3331039304431938 0.059877835485628014 0 2.3113933298447046E-8 -1.5369007406027638E-8 -2.7640787709236143E-5
0.11136664405289663 0.19289268576805546 0.0543171535525474 0 1.6592460084924746E-8 -2.9776760901551383E-9 -2.763092840600725E-5
0.07844894660138711 0.13587756131386042 0.05290437550856248 0 9.674810680233814E-9 -5.533151264738425E-9 -2.762441639395686E-5
0.03519829734560284 0.13784946141786306 0.05265706254873472 0 1.0848789356042035E-8 -5.378561076552399E-9 -2.7623424907331542E-5
0.06630901180929025 0.2508565357105051 0.05531869953262273 0 2.2181939031880864E-8 9.947176557246537E-10 -2.7633996325308173E-5
-0.017053837843317182 0.27836069099312905 0.05590951428308119 0 1.9095080779496333E-8 7.976795156118788E-9 -2.7634627847321127E-5
0.011677278178983168 0.25977319628253465 0.05533524160416193 0 2.007249529198848E-8 7.179860846405404E-9 -2.7628975328638515E-5
-0.036475279191632355 0.1302798698937502 0.052547520741153056 0 8.993491052136417E-9 -2.0055486853993337E-10 -2.762493322838943E-5
-0.004334214649360648 0.15163914092247652 0.05281372846092682 0 1.0734572200894011E-8 -3.4596702905313934E-9 -2.761947853854921E-5
-0.5548238392163805 0.07638757137486699 0.06925704553616709 0 -6.548459629493057E-10 3.907925455857649E-8 -2.7631702889869227E-5
-0.6361392415232946 1.3179599374821288E-17 0.07441207081886599 0 -2.627495357037675E-10 4.723450882583183E-8 -2.7637865583939634E-5
-0.7353276040989696 1.376885046738379E-19 0.08212306732579755 0 2.691160595525243E-9 5.456577483386228E-8 -2.7625212968232128E-5
-0.8245744171037558 1.994957568951944E-17 0.09002147282184524 0 -3.0764317936942997E-9 6.11582814838506E-8 -2.7618950010254307E-5
-0.9249999999999996 -3.487031299242896E-17 0.0999999999999999 0 -6.764955897129467E-9 6.867370811137632E-8 -2.7625231226000282E-5
-0.6215823870108426 0.05940809814964494 0.0735747228508592 0 3.026582110380873E-9 4.494039746935841E-8 -2.76375297575412E-5
-0.5039157942187592 0.07056797810116018 0.06615707446286308 0 -3.5150818081848045E-11 3.2811471876250644E-8 -2.7623317962372346E-5
-0.4742240483662385 0.11256694280313873 0.06494853319711702 0 6.643423395956765E-9 3.2824051494444534E-8 -2.7610789782069782E-5
-0.4362515368769683 0.13236424219261794 0.06326633817399899 0 1.4377133753893613E-8 3.324481322410503E-8 -2.7616206964769237E-5
-0.3689420167821231 0.1279817916152874 0.06013540062401418 0 1.31928535845847E-8 2.7165433774528923E-8 -2.7634343665891975E-5
-0.40020050920329836 0.18553375498639205 0.06251643484045978 0 1.607777622328226E-8 3.174826867555074E-8 -2.7629613660810856E-5
-0.11902524067374867 0.3280525016025783 0.058398241089487615 0 2.313370027042694E-8 7.926123071368596E-9 -2.764370374432587E-5
-0.278960464150049 0.23105339123962187 0.058930977919053947 0 1.8019344407758492E-8 1.9778136250225044E-8 -2.7640083858531643E-5
5.529796886260846E-16 -9.523255661324038E-16 0.05151308386343702 0 -1.1853007355907903E-10 4.65683203445783E-10 -2.7640941086893726E-5
-0.043042879691499385 0.0745524545297515 0.0519319033593881 0 7.154194316040079E-9 4.82226060955239E-10 -2.7633268527228795E-5
-0.24680219676358373 -0.07209570484822997 0.055249906628573604 0 -1.2143996432273441E-8 1.9333641764305404E-8 -2.7630408284068956E-5
-0.1740533791739203 -0.0457943921612332 0.05334383022045102 0 -4.918919251787373E-9 1.6416364591627083E-8 -2.7618604855200823E-5
-0.12783259126111418 -0.033275347967647695 0.052499203818416273 0 3.5608200383047354E-10 1.1853383479550582E-8 -2.762406951870751E-5
-0.08544796042127181 1.2633032021521531E-17 0.05192572029476935 0 3.501030695223257E-9 6.728987946275535E-9 -2.7632778340415065E-5
-0.33947513674739144 0.06240362523718613 0.058248486325065116 0 5.063610200400002E-9 2.4119066647893162E-8 -2.764126034149935E-5
-0.30816555573663146 0.12979030410922676 0.05783416263257108 0 8.322857504184568E-9 2.3306116976703194E-8 -2.7640482193027887E-5
-0.22695325756190307 0.2565120405768185 0.05814491145404571 0 1.9848363164400698E-8 1.750218350890043E-8 -2.7643250976936105E-5
-0.25569422992480956 0.1801064295667739 0.05704280655464759 0 1.071808043935527E-8 2.1536805893625073E-8 -2.7639828099338377E-5
-0.07471068043782807 0.26158647648355277 0.05569656348774581 0 1.547710993387532E-8 1.062955080818132E-8 -2.763778469061077E-5
-0.15073713287945018 0.26108437273446883 0.05665087411303693 0 1.747289935733207E-8 1.4204465889832005E-8 -2.7644761694112316E-5
-0.0793293077376864 0.13740239153093972 0.052935779499837216 0 1.0017511375137289E-8 6.180688407342959E-9 -2.7624623214038496E-5
-0.299396714946573 6.0549876586637245E-18 0.05658028588283899 0 -3.280615145471929E-9 2.2446378270617097E-8 -2.764206512905562E-5
-0.39181543828090004 0.55445735722153 0.07760084140770424 0 4.349944079160487E-8 2.801210967242002E-8 -2.763754070503496E-5
-0.42125713605646403 0.6077940464059373 0.08247265847688973 0 4.918937400301322E-8 3.028677534531517E-8 -2.7627311451181023E-5
-0.4499036574234317 0.6597655574984553 0.0876254316161508 0 5.133272456994764E-8 3.696217172864715E-8 -2.762160268592986E-5
-0.4789401191209052 0.7197628636157833 0.09385470752197607 0 5.185868938359662E-8 4.242502522992415E-8 -2.7625729945031256E-5
0.30693864167133966 0.4042133776050551 0.06608285286906407 0 2.789076356930247E-8 -1.5363518904954545E-8 -2.7626624605669662E-5
0.45341996389119593 0.6343388790419371 0.0859386615701075 0 4.14667456533321E-8 -3.093217776453231E-8 -2.761765457262282E-5
0.36186279370904106 0.47199806236141656 0.0715259330567936 0 3.508628426748754E-8 -2.1679664206769416E-8 -2.7638325079760577E-5
0.400949758946052 0.5652131577221655 0.07869394977656127 0 3.764787659278161E-8 -3.045968848306112E-8 -2.763340732014418E-5
0.4904238791693691 0.6985151762406319 0.09277567976728547 0 5.100620152145865E-8 -2.8203133527019612E-8 -2.7620251289691065E-5
0.5485314952955888 0.74480230687788 0.1000000000000001 0 5.63651636687351E-8 -3.166636378815155E-8 -2.7625868382790288E-5
-0.157502577302292 0.4062797025959702 0.06224976286168574 0 2.747142436508036E-8 7.124074419353212E-9 -2.7629181795234265E-5
-0.04439277195221168 0.328710102628296 0.0577329050528648 0 2.3465826371998928E-8 4.946112165666381E-9 -2.764228350270646E-5
0.025557696189703685 0.3104658173674805 0.05699894508193312 0 2.3334632142567135E-8 2.090416821653143E-9 -2.7640459537515052E-5
0.05891091878969271 0.3561813785904501 0.05888183035860122 0 2.5548819606143445E-8 -5.234868278944393E-9 -2.7640848633986244E-5
-0.07539656272461737 0.3826387268002811 0.060112744280339386 0 2.9302340877277932E-8 2.5456951220722233E-9 -2.7636752515844808E-5
-0.19156331121345582 0.4731617410648756 0.06625147072173321 0 2.7906666735014073E-8 1.6844777574014718E-8 -2.7627348701419547E-5
-0.31860245148696237 0.5518356333914171 0.0744889558881298 0 4.0223541206490426E-8 2.4226431353263475E-8 -2.7643457576196923E-5
0.23188989210585279 0.40164507488900236 0.06367695651733306 0 2.961648646041123E-8 -1.5755285535198826E-8 -2.7632860663019425E-5
0.18545604713463834 0.43047399478074116 0.06393784680976809 0 3.577704595186016E-8 -1.4943053540027606E-8 -2.7627288941043975E-5
0.15384627156060351 0.3839117365891883 0.06118533303935759 0 2.8959010044074934E-8 -1.5290567038763423E-8 -2.7633624502948755E-5
0.08567704016096148 0.3934342712802923 0.06068036954612458 0 2.6886808474874546E-8 -1.0265051207681721E-8 -2.7633211230922766E-5
-0.04746651353754765 0.1829715324610284 0.053532622158623755 0 9.147033081481085E-9 4.5900913080797706E-9 -2.7620129855263264E-5
0.01717373484524668 0.1662656573333219 0.053092157016808576 0 1.3791378334729984E-8 -3.6430779417579124E-9 -2.761679865969786E-5
7.833096257776418E-4 0.19069362679459012 0.05356840441819727 0 1.3933948338865302E-8 3.5154050616251377E-10 -2.761213840332125E-5
-0.014253461472862217 0.23459230484404994 0.05463523466770248 0 1.4878042772909926E-8 8.574640899766678E-9 -2.762064605887208E-5
0.04520143550094837 0.1841851235528076 0.053545944108146816 0 1.7636671708703896E-8 -2.227662079408026E-9 -2.7619339937400414E-5
0.017981432514459814 0.22651294475696923 0.05443142027174295 0 1.9396572370850785E-8 5.293506597493848E-9 -2.7618348269108053E-5
-0.4509389353459413 0.18062953941108667 0.06485872161226297 0 1.350963866453418E-8 3.922141387502043E-8 -2.7621901712699658E-5
-0.43855507291261625 0.22078311851591842 0.06514753629020965 0 1.4672401738162123E-8 3.639914618552405E-8 -2.763020281050815E-5
-0.5430568755805911 0.1088667628343709 0.0688662273363696 0 3.086969290454141E-10 3.93202737778101E-8 -2.762691000939074E-5
-0.5075730010734566 0.12513873893141766 0.06697106660603608 0 1.758492891054883E-9 3.8046961327287384E-8 -2.7616208205295206E-5
-0.4876818695036711 0.16005919777938846 0.06641416297022892 0 7.311041402519157E-9 4.1950000711040545E-8 -2.7616788227604695E-5
-0.5817364775186938 0.11498204866540508 0.07140762999266016 0 3.3393931858462525E-9 4.284194135794761E-8 -2.7633784202882876E-5
-0.6893460495224288 0.06354738512595376 0.07863780818203957 0 7.985520842972958E-9 4.895909931341459E-8 -2.7630168032908935E-5
-0.7599167871431189 0.060700756349994105 0.08441733903220823 0 6.65822986970452E-9 5.24127967537689E-8 -2.7618036800812915E-5
-0.8184909839211809 0.07533925376340878 0.08977629762126756 0 1.867954558611867E-9 5.6668565035291535E-8 -2.761297720477239E-5
-0.8641324069088798 0.06217499425579329 0.09403348687291993 0 -1.556957287211163E-9 6.146950131600308E-8 -2.7618090572748512E-5
-0.919284810212244 0.10262901652303173 0.09999999999999994 0 -9.663638125315918E-12 6.636858248441E-8 -2.7621116904027154E-5
-0.7200856347104291 0.1275637570102766 0.08178787314202204 0 1.5406419658020877E-8 5.2394188251195885E-8 -2.7618818583255798E-5
-0.6366216770914513 0.14805650423757327 0.07568897320024312 0 1.1560458300332266E-8 4.744611612487886E-8 -2.7634543557986073E-5
-0.5083123257938114 0.6756675576578803 0.09200745306162258 0 4.86471539438255E-8 4.478916788730029E-8 -2.7617614310446896E-5
-0.5084523869045262 0.6310249340793687 0.08870435188239581 0 4.6461570288275366E-8 4.083335799044199E-8 -2.7610466935189564E-5
-0.5485031394581954 0.7448231888659755 0.09999999999999998 0 5.2336656664629144E-8 4.8674398273401997E-8 -2.7628121923076053E-5
-0.47303326379715877 0.5791284533565413 0.08316905076856485 0 4.681698121670861E-8 3.1582312880526104E-8 -2.7619120198473985E-5
-0.45509595152323223 0.4866404390645807 0.07663670286639768 0 3.6341051266119244E-8 3.2474701376685304E-8 -2.7636782114831373E-5
-0.4180330375357138 0.4186106610386911 0.07131407766744807 0 2.6495885558629555E-8 3.5274223033222456E-8 -2.763579604650363E-5
-0.35805699391726126 0.4725541821277961 0.0714004969823895 0 3.379249376130274E-8 3.114953534011394E-8 -2.7640016533322647E-5
-0.3304177610769968 0.2075632873895256 0.060121873146272396 0 1.6494958329753946E-8 2.3422227059354966E-8 -2.763753983996009E-5
-0.3986677525588505 0.2551376793832065 0.06418286265211677 0 1.620414653387575E-8 2.8990480215899782E-8 -2.7630607350688918E-5
-0.19326570388917413 0.3347460184966116 0.05996054906425581 0 2.552267049709818E-8 1.2841711707517167E-8 -2.7641596286449604E-5
-0.2326279902659774 0.402923498403311 0.06375456788963607 0 2.903984815001129E-8 1.83608896356209E-8 -2.7634166019098544E-5
-0.2730034360466582 0.4728558218736924 0.06837705113188595 0 3.2117197442149176E-8 2.4863714928208954E-8 -2.7639569577308933E-5
-0.30165136280488025 0.41841452971898935 0.0665620091821718 0 3.12809831132242E-8 2.8971920810217842E-8 -2.7631441067466425E-5
-0.2982294435153453 0.2720284218761083 0.06072614652584282 0 2.304499979147685E-8 1.8539358306040696E-8 -2.7632376188684423E-5
-0.28071917465641966 0.3771430143239578 0.06401358518053687 0 3.1360082458832874E-8 2.4162155499303587E-8 -2.7627658995642592E-5
-0.25621859628623345 0.3266156402995803 0.061257118437086824 0 2.8432688936650665E-8 1.7836821055193546E-8 -2.76335862408933E-5
-0.07427627943517316 0.042883429926301085 0.05192880169730083 0 6.400128121105617E-9 3.994937071831512E-9 -2.7632985514342763E-5
-0.10192189467460559 0.10267269443312377 0.05269596908601702 0 1.0583950501501237E-8 7.257005945743534E-9 -2.76231433635856E-5
-0.22270343343645202 -2.7398019802337882E-17 0.054316401779706945 0 -5.425496949131784E-9 1.6859374836452654E-8 -2.76296774005937E-5
-0.1568744501142894 1.9427769320198104E-18 0.05290395974586273 0 1.6635401571452417E-10 1.2004325665266553E-8 -2.7623583385026257E-5
-0.1333037269353432 0.03517105967265549 0.05258728793055297 0 5.040544716392653E-9 8.072979489892128E-9 -2.7623654754293673E-5
-0.2668792736165403 0.06671487334767572 0.055790773586017584 0 -7.114346996286797E-10 1.9370642918185747E-8 -2.7636443265213303E-5
-0.25161809751440434 0.1255049475699697 0.05598231997151887 0 3.2485701761241357E-9 2.099630361098858E-8 -2.7633959872802008E-5
-0.2204702956430696 0.1429341155499399 0.055415459742855375 0 4.6751105825261894E-9 2.1513641580489355E-8 -2.7628972460245116E-5
-0.18350196867475072 0.18844743574056294 0.05542383280391714 0 1.1369055029787712E-8 1.9918716940609035E-8 -2.7635225730846882E-5
-0.1122914677939212 0.19449452747555573 0.054363926326504504 0 1.1443639733555462E-8 1.3366315577008947E-8 -2.7631643232125326E-5
-0.13865734030206042 0.13413724110678021 0.05361667711440056 0 1.1090996154626574E-8 1.5013807003711724E-8 -2.7619688965925175E-5
-0.3679940573528883 0.637384404218618 0.08217817873449762 0 4.7906467989794804E-8 2.5433639564684787E-8 -2.7631820868133165E-5
-0.4124740638930545 0.7144260354671818 0.09005646238462257 0 5.0611931648515336E-8 3.380556222210976E-8 -2.7626611733791213E-5
-0.4625000000000002 0.8010734985006057 0.09999999999999998 0 5.516793991547441E-8 4.078395765777294E-8 -2.7633975718674687E-5
0.41227210451772545 0.7140762315680472 0.09001864521731297 0 5.3477479808387546E-8 -2.6575359209149974E-8 -2.7624846051614043E-5
0.27234892372669683 0.47172217328134014 0.06829621029644013 0 3.66914323256515E-8 -1.517408793486876E-8 -2.7638004248120958E-5
0.36764043700660404 0.6367719158122639 0.08211917016769554 0 4.5062708683288976E-8 -2.835836054961921E-8 -2.7630238007238265E-5
0.31803615984503875 0.5508547874957042 0.07440724687637126 0 4.0218380266334514E-8 -2.2341921092315163E-8 -2.764189640598273E-5
0.46250000000000013 0.8010734985006064 0.09999999999999999 0 6.170767807802249E-8 -2.6969650515591996E-8 -2.763184585754251E-5
0.3836506929290541 0.7746515411716932 0.09384509082801112 0 6.157190462360105E-8 -2.3270065709015417E-8 -2.7624662116736057E-5
-0.14030890931253803 0.4679836164169959 0.06501280116403946 0 3.113585532763549E-8 1.1339360707756884E-8 -2.761427800964731E-5
-0.10294114607188212 0.4464085827438704 0.06338188130081227 0 3.575970991123394E-8 4.688772451129935E-9 -2.7618523363870395E-5
0.013052198219917906 0.38970549808144683 0.06010955939350729 0 2.796247757436453E-8 -2.1276144161239385E-9 -2.763913893482274E-5
-0.04037960269203984 0.44085703180834646 0.06259577733066987 0 3.535643457163946E-8 2.277776974446793E-9 -2.7631584345082393E-5
0.06533055038853267 0.4354649165439312 0.06247764990259344 0 2.7641444080029293E-8 -6.825617143548205E-9 -2.7627790049408956E-5
0.21079455863719812 0.4693257584201238 0.0664848367230654 0 3.993487097386501E-8 -1.2391771289659295E-8 -2.7630936622017698E-5
-0.2117215867706234 0.5198781223671348 0.06933829044213057 0 3.2874044796317665E-8 2.0551050088658537E-8 -2.7636286977182033E-5
-0.1460434120132441 0.503264073058023 0.06704541835555092 0 3.3245334648925095E-8 1.793216279511449E-8 -2.7620254806038167E-5
-0.17773060720916653 0.5259463281585314 0.0689480477972893 0 3.363889692408498E-8 1.9712570932307216E-8 -2.7631222185171913E-5
-0.2900329026458535 0.6297052539110424 0.07871782471366953 0 4.5758941348063597E-8 1.798434675414416E-8 -2.7635883269937875E-5
-0.2598642375444073 0.5690891545970852 0.07365958600480058 0 3.9863168857737735E-8 2.0157055324497747E-8 -2.7642743345480273E-5
0.1498593825176401 0.45279307874260616 0.06437801254812758 0 3.702867193498163E-8 -1.2560888164648765E-8 -2.7616598044690085E-5
0.11053788187593885 0.4306223745782792 0.0626902062642271 0 2.9621206506948432E-8 -1.266739145712744E-8 -2.762100268251058E-5
-0.4490633670822637 0.26293361409508886 0.06682964731028329 0 1.5078036292521127E-8 3.555408488400692E-8 -2.7634301863995802E-5
-0.4300985673768074 0.3012630280350379 0.0671100012724704 0 1.5930115690190975E-8 3.2426000041873446E-8 -2.7632130526438025E-5
-0.49761740681994665 0.2259943198914076 0.06840949555720777 0 1.2640621659415097E-8 4.1960034670219575E-8 -2.7633780870612744E-5
-0.5518948161465873 0.17422255470543743 0.07046196471921622 0 6.839208778079633E-9 4.4361325086566665E-8 -2.76319714854551E-5
-0.4324706598932548 0.35955969358955997 0.06940707877592157 0 1.9301513675551445E-8 3.4475640869442304E-8 -2.763294807677214E-5
-0.7940808377677345 0.13178185399490336 0.08820577601429047 0 8.358420996840395E-9 5.809760905793972E-8 -2.7604050532954176E-5
-0.8565041007211139 0.12935729823844902 0.09401883827528355 0 2.006281224152879E-9 6.306268464103203E-8 -2.7612251501714897E-5
-0.9051192255768065 0.19074632675980735 0.09999999999999998 0 6.9769816889678295E-9 7.0627861155946E-8 -2.762060999471688E-5
-0.7583678808155521 0.178257805309045 0.085877514601274 0 1.596579360646697E-8 5.99486307030549E-8 -2.7611696723039383E-5
-0.6170663609123308 0.222189336538271 0.07585507468331582 0 1.6580767706332543E-8 4.654116131367233E-8 -2.7636938734462408E-5
-0.6972424057138269 0.20430689657176623 0.08139617396721441 0 1.8818475298153985E-8 5.323117153790321E-8 -2.7626027666021708E-5
-0.5596851197575441 0.6634042603718276 0.09419033697962355 0 4.361549348839381E-8 4.751506976970487E-8 -2.761772548499497E-5
-0.5445828559277583 0.5931276201062036 0.08823074690283748 0 3.954133480679002E-8 3.902953576444596E-8 -2.761267371431117E-5
-0.6177328508859395 0.6884991641819085 0.09999999999999992 0 4.3891052461280117E-8 5.0589700309352396E-8 -2.7626142960753247E-5
-0.5240933648557363 0.5322322969179639 0.08310069903157469 0 3.907421144112273E-8 3.418850494674324E-8 -2.762372906448232E-5
-0.482008368592271 0.40269833860051546 0.07383556549613608 0 2.7217725277513865E-8 3.6569953467446756E-8 -2.7639746595101515E-5
-0.5228737105474611 0.469403410425903 0.07945982017150148 0 3.5383143429893364E-8 3.648732635131266E-8 -2.763377998327721E-5
-0.3178442209190435 0.3574692689417035 0.06445327462614317 0 2.9912132285612084E-8 2.672888815490241E-8 -2.7616410877774683E-5
-0.3668515165065182 0.391453181331997 0.06779342734587494 0 2.455075419683092E-8 3.4736139079002E-8 -2.7623337261360728E-5
-0.37474174799433474 0.32521524057353407 0.06543736846884436 0 1.7954267682013415E-8 2.6204837364723887E-8 -2.7617375676209332E-5
-0.3445240713159381 0.2767146512083848 0.0625551726814487 0 2.0334070438070244E-8 2.0861667659107536E-8 -2.7626104098370507E-5
-0.31825267387856393 0.31228528282505885 0.06275542647814246 0 2.641775044581634E-8 1.9830050548326096E-8 -2.7620032888158237E-5
-0.13208776332768443 0.07040426877471616 0.05277929135503948 0 8.678518780886372E-9 7.7541555978818E-9 -2.761934724502318E-5
-0.13558426904309848 0.09984465055515283 0.05311549222562181 0 1.0588320183804746E-8 1.0731165916019848E-8 -2.7616393317514325E-5
-0.18433654548332082 0.04822270923057056 0.05356505347436668 0 4.727623475373867E-10 1.0630870316632896E-8 -2.7619639346668128E-5
-0.2141365218541703 0.10501643106435352 0.054728299370409676 0 1.9273240229072425E-10 1.781522444088224E-8 -2.7620971141094597E-5
-0.18680865935078547 0.12991541986645883 0.054439563423197654 0 5.563796209629375E-9 1.9879714353655557E-8 -2.7618107772343962E-5
-0.1657690318723488 0.09663028560186346 0.05359396061230915 0 7.0198954907209624E-9 1.280144241720707E-8 -2.7611174416276676E-5
-0.3275435087421515 0.689022237889938 0.08446715933764735 0 4.789906238334575E-8 2.092973885560838E-8 -2.7624600820209873E-5
-0.3440235561346144 0.746753392646391 0.089798396197132 0 4.911135471861188E-8 2.7143751835593104E-8 -2.762020017196023E-5
-0.3781299746230488 0.7796968295885027 0.09405159466762453 0 5.1587286974814646E-8 3.2604291120561054E-8 -2.762588365979133E-5
-0.37078556224583165 0.8474286657041803 0.09999999999999998 0 5.652258672523463E-8 3.377587264144207E-8 -2.7629328249722328E-5
0.33139114289377414 0.7785556133621918 0.09206768166444738 0 6.213765117714855E-8 -1.93048907518831E-8 -2.7617228240308665E-5
0.3464548928541494 0.7191482470167311 0.08759713317592265 0 5.666042819786384E-8 -2.5631331575640626E-8 -2.7620686612736068E-5
0.31546555307223767 0.6681703741372863 0.08242156072081934 0 4.981693302911297E-8 -2.6992740175151725E-8 -2.7626736790328414E-5
0.22784343961994072 0.5451094489255655 0.0712614275403811 0 4.311216301300372E-8 -1.3047559454320139E-8 -2.7639305581773343E-5
0.28413345033548576 0.6165726819630529 0.0775980862421621 0 4.514215682681156E-8 -2.320970692378238E-8 -2.763679188518301E-5
0.290977677915208 0.7546407636986492 0.08855875058870188 0 5.747821295047584E-8 -1.9510156322169594E-8 -2.7610411643836956E-5
0.37075219693550476 0.8474432642497914 0.09999999999999995 0 6.713003536863043E-8 -2.047188609286891E-8 -2.762764773345559E-5
-0.10596501162257625 0.5041773372256164 0.06652572871029448 0 3.92193844766436E-8 1.5138595724759097E-8 -2.7620294295784092E-5
-0.07102778036707863 0.4813038479979327 0.06489977746314218 0 4.032146433797861E-8 8.498949836813745E-9 -2.76242199929303E-5
0.019795838688718658 0.4703114259817324 0.06404440608297313 0 3.2424475415539484E-8 6.513563208417075E-10 -2.7632496918956255E-5
-0.028427878816465992 0.4894039605592073 0.06510500934199118 0 3.8146977681312506E-8 5.673165340268363E-9 -2.7632451345458504E-5
0.09307018049889713 0.4870154223859189 0.06541754354915294 0 3.0756966517374856E-8 -2.238155066054235E-9 -2.761867414096729E-5
0.15223360853370174 0.5114589799667827 0.06762073099832455 0 4.121823538565526E-8 -3.402309826409938E-9 -2.762249849967779E-5
-0.19168892528151515 0.5624523066487594 0.07149027116733256 0 3.823052102813808E-8 1.881888751881274E-8 -2.7638403294517538E-5
-0.12546868182070262 0.5661421054611622 0.07053660282173835 0 4.121239524052165E-8 1.6552845145865035E-8 -2.763590806371058E-5
-0.25001651455608004 0.6877574831582879 0.0818288600417976 0 5.2299955972798534E-8 1.3293720057477664E-8 -2.7624543214987205E-5
-0.19051431605916905 0.626194724144322 0.07575740850014469 0 4.6259476794028435E-8 1.4060153571209432E-8 -2.7639365760620783E-5
-0.496968869184538 0.31115828345845903 0.07096354188096898 0 1.9291057265703848E-8 3.836741636361748E-8 -2.7640545908552056E-5
-0.5531916805568735 0.25483900449276115 0.07250231820116239 0 1.6643623315539336E-8 4.321047673928589E-8 -2.7639777003929396E-5
-0.8285501209973593 0.21135039229984 0.09293041569195869 0 1.059724536401853E-8 6.680627634543251E-8 -2.761627030706712E-5
-0.8809225682293763 0.28211960771987943 0.09999999999999996 0 1.4529717472227336E-8 6.949289306927245E-8 -2.7627768206322277E-5
-0.7578216461505274 0.23114048963723496 0.08705889216020636 0 1.7256739667781568E-8 5.986067638443503E-8 -2.761942916739962E-5
-0.5442886348821633 0.36830034160648034 0.07595460109733419 0 2.814156057637871E-8 3.9889306508437356E-8 -2.7638775874250266E-5
-0.6102329054490169 0.29533181001281994 0.07752504764743703 0 2.396274819080112E-8 4.354086911569746E-8 -2.7635152168058287E-5
-0.6672358697757713 0.2726523999513782 0.08092297245691278 0 2.2227795330336397E-8 4.760530188701792E-8 -2.7629420082038697E-5
-0.7250638207162802 0.2644091498704253 0.08523826785223539 0 1.9905046949589854E-8 5.390487207507978E-8 -2.762367255161729E-5
-0.6071515389330133 0.6092519905512257 0.0934219469334025 0 3.764557189797178E-8 4.7083373472712295E-8 -2.7622113849509756E-5
-0.5735399527378838 0.553508622043815 0.08749015204644302 0 3.6870963535558205E-8 4.051956781714775E-8 -2.762097124206297E-5
-0.6847646792234087 0.6218628292777222 0.09999999999999995 0 3.89289936386634E-8 5.445106561322207E-8 -2.763157269403251E-5
-0.5770660846669927 0.4836246905463882 0.08360849061752018 0 3.64125197655467E-8 4.1834902410779645E-8 -2.7627936649390296E-5
-0.5580584193120216 0.42548332869284067 0.07938775238593494 0 3.3746700681157474E-8 4.049049367513487E-8 -2.76338220164339E-5
-0.28374056147924315 0.7514739211838952 0.0880520415280374 0 5.336137243657363E-8 2.1999910851040726E-8 -2.7610832106063735E-5
-0.3165497745723784 0.8071051679018629 0.09409208829712741 0 5.4865770208004414E-8 3.0426765453058494E-8 -2.7619811247851405E-5
-0.28739394850298333 0.8792210714939998 0.09999999999999995 0 6.368930649877077E-8 2.985372036037644E-8 -2.7628246762061773E-5
0.29491717071644896 0.8166669280321706 0.09422261270086467 0 6.182925356437715E-8 -1.3481073435239716E-8 -2.7618186035242745E-5
0.15199695343335898 0.5713443637747507 0.07128864354870555 0 4.283929561634391E-8 -4.905278828661458E-9 -2.7636367459147167E-5
0.2647361318881631 0.6988930987695543 0.08313425830297129 0 4.974184342525969E-8 -2.4550282000662948E-8 -2.7619357725892315E-5
0.19363779692619498 0.6392946953673742 0.07676490405819379 0 4.556189470997849E-8 -1.498758027165973E-8 -2.7637115111771633E-5
0.23873623781901862 0.7680602578468166 0.08814793343306232 0 5.238945824394091E-8 -1.4138858180906757E-8 -2.761378465111715E-5
0.28735785633849587 0.8792328678266585 0.09999999999999996 0 6.467712343740906E-8 -1.2322174824165012E-8 -2.7626900215684473E-5
0.045020558010702406 0.5239593119206281 0.06715619876796416 0 3.540295717866287E-8 2.7727373145303606E-9 -2.763417635847692E-5
-0.05203180167969757 0.5443357511275837 0.06842717285738563 0 4.201017251632236E-8 1.0224658389021494E-8 -2.7636856494011295E-5
0.00125333399408392 0.5186888782774369 0.06673044987207258 0 3.7722901666931195E-8 5.084770770218341E-9 -2.7636360457700923E-5
0.09263905094403112 0.5551170207203664 0.06943102413110942 0 3.879020125043444E-8 8.127520350615297E-10 -2.7634754505155284E-5
-0.22520922840433807 0.7458968973346561 0.08588793599516027 0 5.915355767425095E-8 1.664973201238071E-8 -2.7617820953656262E-5
-0.056365569894855645 0.6123374883168232 0.07290850863136553 0 4.540719210973443E-8 7.113353856564209E-9 -2.764326921438744E-5
-0.11459365381122652 0.6489796043007032 0.07609123122821615 0 4.8022252125096535E-8 9.013914971303027E-9 -2.764103245552418E-5
-0.17201424223952635 0.7059350940103869 0.08139872432652714 0 5.4687750268086364E-8 1.0850597308013381E-8 -2.763135064284142E-5
-0.5619648707592039 0.31624700130713346 0.07504348009682706 0 2.3960457033079936E-8 4.1382232771648174E-8 -2.763956193505898E-5
-0.7888004165309431 0.29037609645717466 0.09153149855841576 0 1.71317253384255E-8 6.012779529065886E-8 -2.7622847680163172E-5
-0.8437609348289447 0.37906778281416026 0.09999999999999995 0 2.0056997914464136E-8 6.329870392150276E-8 -2.7627424550534432E-5
-0.6064827120561797 0.3683452405387546 0.08001332460787643 0 3.2119480391276843E-8 4.286091480122683E-8 -2.7628458506172656E-5
-0.6554904399290363 0.3258387756938692 0.08184700708932659 0 2.7185705224746125E-8 4.436657341793114E-8 -2.7624176032614912E-5
-0.7173789460644423 0.321865662586802 0.08652046298759287 0 2.205849183614618E-8 4.982727537721956E-8 -2.761927776768438E-5
-0.6465139113454262 0.538316822314734 0.09160194260007758 0 3.603048349492799E-8 5.108801156259312E-8 -2.762564505315291E-5
-0.7501326501074496 0.5412263004122692 0.09999999999999996 0 3.5274720796786615E-8 6.23219677239066E-8 -2.762927954756152E-5
-0.8010558185062641 0.4625204886241073 0.09999999999999998 0 2.710444970863329E-8 6.349351123958189E-8 -2.7623750864648313E-5
-0.6328963674406779 0.44705014677999644 0.08550954643040555 0 3.622865156611622E-8 4.9602858175514516E-8 -2.762046793451424E-5
-0.2313025414788286 0.8233581280344338 0.09294490463014164 0 6.223566139454593E-8 2.4753918308528977E-8 -2.7622942689897874E-5
-0.19616860770583666 0.9039546015730862 0.09999999999999994 0 6.645343489747198E-8 2.2745493870192123E-8 -2.7634675388677537E-5
0.2216527773738334 0.8287572231622684 0.0932031971273528 0 5.8399434608282654E-8 -8.555093702040542E-9 -2.7623386745243757E-5
0.10414931811684251 0.6209165315731189 0.07394244219969823 0 4.457220586277143E-8 -4.855600383026071E-9 -2.7641491542247716E-5
0.1942511971230704 0.716812779625243 0.08273823779707914 0 4.820580707283056E-8 -1.6018024773659032E-8 -2.762593098901769E-5
0.14442364609626682 0.6895139486023729 0.07960445430492032 0 4.853440467138336E-8 -1.2082781124928836E-8 -2.7635182585039954E-5
0.1913914876174544 0.7797285375111098 0.08801717214843206 0 5.3193837455157625E-8 -1.067733361448703E-8 -2.762275008524061E-5
0.196130597538861 0.9039628493277602 0.09999999999999998 0 6.543172348613245E-8 -5.970074947837912E-9 -2.763377540999208E-5
0.020086990102898373 0.582926818943489 0.07076019404513119 0 4.190205837500383E-8 3.1134271123315506E-9 -2.7642801797547936E-5
-0.17894546311077822 0.7718277883825889 0.08706002927260566 0 5.9501943457613306E-8 1.545656883222373E-8 -2.7625208623019753E-5
0.04599891718688658 0.6542488180254783 0.07585611859697282 0 4.77304353917146E-8 -4.033038613511905E-9 -2.7641429194163145E-5
-0.007855133722757698 0.6491499078369714 0.07536310530979572 0 4.735354279076205E-8 -9.53456297552825E-11 -2.764217607527204E-5
-0.13380906082414654 0.7600240739879767 0.08523325950883376 0 5.582209851300033E-8 1.01891594900202E-8 -2.7628904940179727E-5
-0.04850890629174576 0.6781878024575423 0.07767733236817918 0 4.900344847760346E-8 1.1802362960792868E-9 -2.7638601226588082E-5
-0.09794458893422112 0.7138796015511557 0.08090449857215169 0 5.149133683263185E-8 5.006846535263532E-9 -2.7634040082978105E-5
-0.7603438011582597 0.3738096376808479 0.09217483686370775 0 2.056795026552162E-8 5.5692395027420015E-8 -2.7616791167220335E-5
-0.6767294999436547 0.3833870641168077 0.0857669286165472 0 3.051625406730336E-8 4.810903373329238E-8 -2.7610113594318456E-5
-0.7186415188607147 0.46354605628657686 0.09293928953994947 0 3.012042714539588E-8 5.970365382197924E-8 -2.761674099105141E-5
-0.14285595486183847 0.8282574032154251 0.09152546819348935 0 5.967128279833047E-8 1.5711519192819203E-8 -2.7628661388690025E-5
-0.09363126894349026 0.9202489260084377 0.09999999999999998 0 6.380432771507804E-8 1.4840610491259613E-8 -2.763334305575811E-5
0.09361324045256657 0.9202507597854978 0.09999999999999996 0 7.044502635413911E-8 1.1324397035517894E-9 -2.763295285844287E-5
0.14341620299378274 0.8294494640794721 0.09164675622284839 0 6.123871873881711E-8 -5.2263069502330385E-9 -2.762810199832916E-5
0.08739963386816947 0.6969472503405287 0.07943927986118828 0 5.1271003403339944E-8 -8.648279563350728E-9 -2.763595395057087E-5
0.1332242410665833 0.7460807458646898 0.0840331591986956 0 5.376743371885617E-8 -1.0151471821895771E-8 -2.762945877047512E-5
0.011531729957052445 0.7092408490309093 0.07999382505294728 0 5.21850365426627E-8 -5.724349765729844E-9 -2.7631603265258474E-5
-0.08028628936017151 0.7814679591465112 0.08645850584417021 0 5.324744471779564E-8 6.149539120457616E-9 -2.762425417931359E-5
-0.04561230651596534 0.7294921334214546 0.08175631121749642 0 5.11500701957521E-8 -8.898758719079591E-10 -2.7628474665440912E-5
-2.6622719632600497E-6 0.924994933365257 0.09999999999999994 0 6.748241670184334E-8 8.891310329655847E-9 -2.762869864671295E-5
-0.057540995049113024 0.8423979795604504 0.0918960227632853 0 5.721224623638794E-8 1.044896607359428E-8 -2.762159092022056E-5
0.04284010489062188 0.8515402282381707 0.09269147861274166 0 6.569103351814775E-8 4.006819591789966E-9 -2.7620537421818124E-5
0.06678793864290467 0.7745216917616873 0.0857326633705871 0 6.053714393104325E-8 -5.73958811048532E-9 -2.7622567589718184E-5
-0.010066347156763605 0.7750831353836388 0.08553470969702802 0 5.534509660434326E-8 -2.0011018263033436E-9 -2.7614784664113192E-5
