% Model:
% Version:
% Dimension:          3
% Nodes:              691
% Expressions:        4
% Description:        Surface
% X                       Y                        Z                        Color                    DeformX                  DeformY                  DeformZ
0.7501545366059812 -0.5411959634402135 0.09999999999999992 0 -3.733857399639439E-8 -6.207422328269458E-8 -2.7611606904472648E-5
0.8010709981238165 -0.4624941975024229 0.09999999999999998 0 -2.893936745446648E-8 -6.346058919863629E-8 -2.7608063017929922E-5
0.09365704332523052 -0.9202463037324213 0.1 0 -6.730560439173627E-8 -1.2549795455404866E-8 -2.7607573743153432E-5
0.1962292603758942 -0.9039414372048337 0.09999999999999995 0 -6.981672332244399E-8 -2.0722382186489353E-8 -2.7608756752002144E-5
0.2874231814397345 -0.8792115158194402 0.09999999999999994 0 -6.686001741024519E-8 -2.812422326810761E-8 -2.7602576841167336E-5
0.6177594039507672 -0.6884753389104772 0.09999999999999995 0 -4.6449700301083604E-8 -4.9939621315926644E-8 -2.7604655473106645E-5
0.6847899965302143 -0.621834949891059 0.09999999999999994 0 -4.1228204111226374E-8 -5.394208343170346E-8 -2.7611858156521423E-5
0.6644823007055147 -0.538951594396605 0.09297818153954257 0 -3.7917049437629624E-8 -5.3140175907868936E-8 -2.7608834145557234E-5
2.0711142119768948E-5 -0.9249949331376585 0.09999999999999999 0 -7.099525229082668E-8 -6.192121218455072E-9 -2.7603118765244018E-5
0.04393583996701241 -0.8511210240129379 0.09265635168129693 0 -6.180870741043558E-8 -8.114013874264825E-9 -2.7597026648593444E-5
0.7176713367395712 -0.4652126067437795 0.09294805270739674 0 -3.2153934595939814E-8 -5.949606565178157E-8 -2.76016329715155E-5
0.8437752388147 -0.3790359438971111 0.09999999999999999 0 -2.155036571799206E-8 -6.341116776154568E-8 -2.761408811320649E-5
0.7635253857731481 -0.3782532475337201 0.0926398396720293 0 -2.214465444729123E-8 -5.63394040272118E-8 -2.7603675521197217E-5
0.5547456546446984 -0.6639301342123076 0.09391738389868395 0 -4.6297959552019715E-8 -4.661248330308124E-8 -2.7596711656894772E-5
0.5485314847714319 -0.7448023146284535 0.09999999999999996 0 -5.496679565702697E-8 -4.781732933816269E-8 -2.7605468633070268E-5
0.12762107521700677 -0.8265826692803626 0.09113421310198931 0 -6.166650605017787E-8 -1.219788372007913E-8 -2.760467706773983E-5
0.22639239794839497 -0.823169454837357 0.09279966487488275 0 -6.534282234216954E-8 -2.2526150609894064E-8 -2.759933797339864E-5
0.3707854054882235 -0.84742873429503 0.09999999999999998 0 -5.966705897355508E-8 -3.2366491774893654E-8 -2.760418755567667E-5
0.297447604941039 -0.8106467532563327 0.09375141746476388 0 -5.959850664492839E-8 -2.8048444114479418E-8 -2.7594833507035758E-5
0.6050561438570463 -0.6036830020468074 0.09289418017943475 0 -3.957176263146363E-8 -4.618795634121525E-8 -2.760273992638882E-5
0.5365057739834548 -0.6074638984061794 0.08871198704411523 0 -4.332150107511081E-8 -3.9394120976982314E-8 -2.7591688486761174E-5
0.640351776746304 -0.4627856253417016 0.08686037768572825 0 -3.7688703030191664E-8 -5.0851239112222975E-8 -2.7605362672503182E-5
0.6027366073062329 -0.5213223560235656 0.08747588350371878 0 -3.832857255390458E-8 -4.457865947118122E-8 -2.7608052191684226E-5
0.11581756539084577 -0.7588114009433137 0.08487399945221091 0 -5.7236360923152E-8 -6.494344362339376E-9 -2.7607351639618904E-5
-0.09361073890939044 -0.9202510142029422 0.09999999999999994 0 -7.400375268424425E-8 1.7645993448560319E-9 -2.760830893554295E-5
-0.19619007773418676 -0.9039499420937565 0.09999999999999996 0 -6.894287314494724E-8 9.207823626247982E-9 -2.7610390382049615E-5
-0.2873887771284415 -0.8792227618026944 0.09999999999999995 0 -6.804675918026595E-8 1.5724151435664446E-8 -2.7604996349228215E-5
0.06358506183867196 -0.7827017733005069 0.08643167294964106 0 -5.576555912405993E-8 -2.3807412338193895E-9 -2.759957714834206E-5
-0.04837786591123471 -0.8513117859798404 0.09269807273978152 0 -6.900293462340039E-8 -9.038874714832109E-10 -2.7597984803717412E-5
-0.004822548609299431 -0.7855262944057821 0.08645491759740055 0 -6.091534648926673E-8 3.7836261949762155E-9 -2.759133455956041E-5
0.8809325145611795 -0.2820885484172241 0.09999999999999999 0 -1.573423870074441E-8 -6.976231960906457E-8 -2.7616903318994578E-5
0.677795607943666 -0.39290477214771735 0.0862680402418979 0 -3.251302708700438E-8 -4.929998025410648E-8 -2.7595658373720958E-5
0.6103906305879976 -0.40135765312469535 0.08172372928462611 0 -3.6498729343174576E-8 -4.447938359359802E-8 -2.7611541339776767E-5
0.8014927716328404 -0.2914410587712435 0.09271262928645595 0 -1.790043067441842E-8 -6.169193162445626E-8 -2.761253895808946E-5
0.7173493567573874 -0.31695962258024274 0.08634023460744475 0 -2.326837287242039E-8 -5.0016366526597505E-8 -2.7608593705726462E-5
0.8230806401765318 -0.20733638606092913 0.09232209730203018 0 -1.1521075942941628E-8 -6.671955333713069E-8 -2.7606285820035943E-5
0.5055257679581893 -0.637124600070996 0.08897493457515948 0 -4.953915738232222E-8 -4.0830320282133193E-8 -2.7591588904695355E-5
0.4897167015298755 -0.6990669986722716 0.09278011319940965 0 -5.3496136485357504E-8 -4.265965969163595E-8 -2.7601152187946638E-5
0.46249999999999986 -0.8010734985006049 0.09999999999999984 0 -5.8132099622757346E-8 -3.9565167493872646E-8 -2.7609705189356554E-5
0.18083964416846285 -0.7595104378227608 0.08602850609777069 0 -6.18310416449501E-8 -1.2957964447701545E-8 -2.760336841169097E-5
0.2521627428797361 -0.7694593063835823 0.08864404636431371 0 -6.139133031027067E-8 -2.0701813042695148E-8 -2.759059053305056E-5
0.36329863298781023 -0.7692008953950572 0.09250410835033814 0 -5.3436657049207026E-8 -2.9548524028480367E-8 -2.760057579737745E-5
0.29721686832567656 -0.7486484838731736 0.08825580478820183 0 -5.43520884799585E-8 -2.144125828859316E-8 -2.759028834089387E-5
0.566498136584519 -0.34007595181336675 0.07621962270586992 0 -2.826742290372281E-8 -4.097961491922761E-8 -2.7626186682122024E-5
0.5490740032503059 -0.5442731464552364 0.08535659345024513 0 -3.996605205072296E-8 -3.644237132858151E-8 -2.7603900997682424E-5
0.4877536710430043 -0.5826751104622181 0.08420495651136725 0 -4.8184265441713684E-8 -3.196446444249405E-8 -2.7597600943078977E-5
0.5629289159938321 -0.47314451663551055 0.08212579004392509 0 -3.784027892650139E-8 -3.995026364001402E-8 -2.7614662068424976E-5
0.5395049675561714 -0.4037977139333864 0.07721405836956645 0 -3.2716793169550715E-8 -3.9032722939483106E-8 -2.762407862395512E-5
0.08068135396090602 -0.714167303296879 0.080752947531276 0 -5.3600171232017023E-8 -1.290388992761118E-9 -2.761333508242059E-5
0.1307586883786586 -0.7179080095003467 0.08165710231721483 0 -5.6016372652077935E-8 -6.429178351183218E-9 -2.761264203913796E-5
-0.3707535969478622 -0.8474426517245004 0.09999999999999994 0 -7.05098833503639E-8 2.4187215597137604E-8 -2.760725643834256E-5
-0.14308797449955207 -0.83181181721957 0.0918642159103333 0 -6.472352671756021E-8 7.87141486750706E-9 -2.7606359106424965E-5
-0.22448109351079631 -0.8295744817427092 0.09335179876408067 0 -6.16955301083196E-8 1.1754153238872509E-8 -2.7602158167220983E-5
-0.2937621218403122 -0.816155750548228 0.09413660224150187 0 -6.492518186002122E-8 1.672193324837283E-8 -2.759783586916942E-5
0.02032803985547743 -0.7231235035279147 0.08113718206932351 0 -5.4483508635883524E-8 5.5347433254804315E-9 -2.7608427778439303E-5
0.049373389215154835 -0.676251463493053 0.07753347573866787 0 -5.147599737364707E-8 4.66171663199524E-10 -2.761991051707946E-5
-0.07537530152887752 -0.7754914719888756 0.0858872030654022 0 -6.34034897946708E-8 8.400456105391896E-9 -2.760283973380296E-5
-0.03309170223836219 -0.7328034628470876 0.08197501691133365 0 -5.8113847643170064E-8 9.478309893730254E-9 -2.7606714285637466E-5
0.9051251563026282 -0.1907181838739738 0.09999999999999992 0 -7.803198130722021E-9 -7.088183558564261E-8 -2.7612195288066875E-5
0.6346730356926771 -0.3174870091624341 0.08001946855914073 0 -2.805862223962018E-8 -4.3615644592863265E-8 -2.76178335756012E-5
0.7578046117703346 -0.24801668508133742 0.08751626752734717 0 -1.8695105997007837E-8 -5.90769591399615E-8 -2.761124074434026E-5
0.6897625743522149 -0.264441860913035 0.0824063475266023 0 -2.2359587463554752E-8 -5.01348745328049E-8 -2.761718822162831E-5
0.7597010793028803 -0.19500257071099417 0.08634694259141452 0 -1.7096424861616852E-8 -6.097204959980354E-8 -2.7605892811252254E-5
0.7883546035916825 -0.1648885681025431 0.08824892692988197 0 -1.2071457397425278E-8 -6.228061810837194E-8 -2.759886157884142E-5
0.8374232558848942 -0.12934172138602965 0.09218338983550128 0 -3.4659458783667954E-9 -6.19162399516634E-8 -2.760222729994627E-5
0.7880045515761319 -0.1291017367769672 0.0876205822064691 0 -9.841398665122647E-9 -5.753653787649889E-8 -2.759807730091495E-5
0.45389464101054455 -0.6418290507487612 0.08650541722977734 0 -5.342440166483897E-8 -3.5403963294700526E-8 -2.760012686859896E-5
0.4122622788181451 -0.7140592129571535 0.09001680581831237 0 -5.326822934638219E-8 -3.271509347258362E-8 -2.760508525849325E-5
0.1697005588141962 -0.6915759378642319 0.08021607449160523 0 -5.5795260495597404E-8 -9.066482281809818E-9 -2.7613483283711208E-5
0.24692814396934865 -0.6974874410583478 0.08250617855893733 0 -5.606263239906878E-8 -1.192665156570513E-8 -2.7601819868623938E-5
0.3299132550602819 -0.6955796266909601 0.08507057911176502 0 -5.0550793752399E-8 -2.0236074833765914E-8 -2.7602742502637476E-5
0.5796784116794852 -0.2776116098201063 0.07488927562467991 0 -2.179932943523225E-8 -4.316077313286932E-8 -2.7629217842447636E-5
0.5306797663003683 -0.29923675531161764 0.07251363051783592 0 -2.1457926987828036E-8 -4.044126647621424E-8 -2.7630788754413093E-5
0.5018045759598764 -0.34636458619402455 0.07254833341115845 0 -2.4217759411417625E-8 -3.777009466868339E-8 -2.7629310043795805E-5
0.43691576165411183 -0.5863880363863174 0.08178506492225697 0 -5.033671836302501E-8 -2.960638342530782E-8 -2.760809152352014E-5
0.5025098789806555 -0.5159632075862093 0.08087711077114174 0 -4.096051120001412E-8 -3.2432617207281876E-8 -2.761202381570253E-5
0.4531934148271225 -0.5420428192507506 0.07976926362259741 0 -4.526329194545678E-8 -2.9423969076675245E-8 -2.7612787099852363E-5
0.5051728219418842 -0.4543425560441293 0.07763963571270259 0 -3.5411754582868015E-8 -3.548843497695727E-8 -2.762205974548421E-5
0.4743994852003083 -0.40954268251415876 0.073738234339428 0 -2.9072328854872772E-8 -3.57958249358378E-8 -2.7626200043134153E-5
0.115198487208555 -0.6531897985847656 0.07640980333620502 0 -5.084156244841134E-8 -7.1055325135580295E-9 -2.7622117713725944E-5
-0.4625000000000001 -0.8010734985006056 0.09999999999999992 0 -6.494983250837669E-8 3.087062346990728E-8 -2.7613526578769417E-5
-0.3837134371029664 -0.7748603000238192 0.09386619334345218 0 -6.472949397438459E-8 2.6788325904347848E-8 -2.7606278467107205E-5
-0.3293828651109605 -0.7771045511687245 0.09186418681824765 0 -6.508874543720442E-8 2.2680229353872226E-8 -2.7597949049638942E-5
-0.4839056580716607 -0.700569999447879 0.09257832058039935 0 -5.389344529829699E-8 3.172815549024857E-8 -2.760533419504962E-5
0.04767908888924959 -0.6125339534466794 0.07287094188782159 0 -4.7688677668734925E-8 -4.605644224240478E-9 -2.7626310514391156E-5
-0.19485303194491674 -0.7756068237085788 0.08772926134592987 0 -5.57277037329588E-8 1.3976428712118073E-8 -2.7602246996044258E-5
-0.1380657870545559 -0.7497079460326577 0.08441541385599156 0 -5.663326057263409E-8 1.276800281151978E-8 -2.7609282676109956E-5
-0.24450643515018045 -0.7666415232960108 0.08818261063739213 0 -5.558455796205823E-8 1.7639577395727813E-8 -2.759339574844394E-5
-0.29287844997281653 -0.7560683801841976 0.08874412837590734 0 -6.076398135312749E-8 2.263362305624818E-8 -2.7591811118111527E-5
-0.018713178495829663 -0.6598847879456907 0.07617577755495693 0 -5.0730738397272536E-8 4.83040703872831E-9 -2.7622819294111735E-5
-0.08839747535315964 -0.7039498716595032 0.08000538942626953 0 -5.4653632069087186E-8 1.1224360978265475E-8 -2.7616076532519405E-5
0.8548200389796248 -0.0652462727687064 0.09314675085287963 0 6.027841586601056E-10 -6.090823146888399E-8 -2.761196982833445E-5
0.9192877606928158 -0.10260258091221079 0.10000000000000002 0 -5.376122111264576E-10 -6.681378293961612E-8 -2.7614982750549142E-5
0.6384778628041976 -0.2349189996283244 0.07770845629712514 0 -1.9841174062770652E-8 -4.7410387518448446E-8 -2.7625728772896052E-5
0.7040732060431756 -0.2032143579310842 0.08191372549943252 0 -1.961467122706165E-8 -5.4177905937253944E-8 -2.7616410457605094E-5
0.5898871014295897 -0.20776639827421509 0.07364495662277284 0 -1.4197386348768213E-8 -4.573179840243469E-8 -2.7629226322034473E-5
0.7325342916850157 -0.13408386908087772 0.08291013088256632 0 -1.6470104482359427E-8 -5.3988804830113244E-8 -2.7608366424497804E-5
0.8252770499196602 1.9257059754862352E-16 0.09008727174442388 0 2.904395555142805E-9 -6.164652114270845E-8 -2.7615756485763946E-5
0.7859407931602105 -0.07401767626946823 0.08680140328934058 0 -5.886829205168331E-9 -5.385990421184111E-8 -2.7607852381501348E-5
-0.499151538632016 -0.6334110077816723 0.08834372866104906 0 -4.704836890009398E-8 3.6372632716718655E-8 -2.7595380702113137E-5
-0.539934650094959 -0.6040123388311489 0.08868415026698911 0 -5.0134619205499933E-8 4.306680668431693E-8 -2.7596012858379778E-5
-0.55199683338532 -0.6639303440969675 0.09374464706266032 0 -5.549231758754858E-8 3.769456340394197E-8 -2.760059979295863E-5
-0.5485674035956859 -0.7447758606713794 0.09999999999999995 0 -5.943444481674404E-8 3.580690653535355E-8 -2.760971037168818E-5
0.36763254236248405 -0.6367582418875392 0.08211785344170683 0 -5.015659947349678E-8 -2.447909844284309E-8 -2.7612671043525437E-5
0.18957159845420457 -0.6243064952889011 0.07560329744867302 0 -4.8371210773245456E-8 -1.279082404761988E-8 -2.7621294292109405E-5
0.28831363121595577 -0.628175946475062 0.0785524110683112 0 -4.8058486384258954E-8 -1.6608594063868057E-8 -2.7617483168695147E-5
0.526450453306162 -0.23768251001620336 0.07038843476625324 0 -1.4749467706465282E-8 -4.294330203426384E-8 -2.7628669306947468E-5
0.47890979704271586 -0.2863984098188226 0.06912760288748078 0 -1.775909549043122E-8 -3.75582552816873E-8 -2.7628481312934252E-5
0.4494990254251993 -0.3483577682477059 0.06980849106780328 0 -2.0571091159082103E-8 -3.4781444756635005E-8 -2.7624157536314802E-5
0.38634553368626057 -0.5411366135074791 0.07653244947706521 0 -4.384335843136637E-8 -2.7478337678819746E-8 -2.7622589379150587E-5
0.43810869406594616 -0.47330739854493387 0.07505155127124848 0 -3.6144952069912824E-8 -3.2379584173989464E-8 -2.762358027004535E-5
0.4170420346765119 -0.4108303752912244 0.07090170067103962 0 -2.6952662414423623E-8 -3.483995649946932E-8 -2.762163030575781E-5
0.1909808398518187 -0.5616900805542806 0.07142639087555928 0 -4.028362552655689E-8 -1.7645126542824546E-8 -2.7621789505630274E-5
0.12475562378528363 -0.5650913910725969 0.07045918166236254 0 -4.3407836355873185E-8 -1.490704348316719E-8 -2.7619471213510605E-5
0.05189365664575958 -0.5409828050063739 0.06822031633188272 0 -4.390775555771916E-8 -8.707406743026918E-9 -2.762106527092225E-5
-0.41249148408265685 -0.71445620812065 0.0900597252140442 0 -5.645090150592459E-8 3.0090390216906555E-8 -2.7608313384651444E-5
-0.34485879204612635 -0.7195732958375974 0.08756922173357189 0 -5.951527170459034E-8 2.8789647898876428E-8 -2.760320261400315E-5
-0.4354763147019103 -0.6351536187841577 0.08509247440255904 0 -4.4394681306960494E-8 3.380355990526828E-8 -2.7607036873342733E-5
-0.02127679909875187 -0.5862434400348023 0.07098260267248742 0 -4.439138989065026E-8 -9.00946088246154E-10 -2.7626894520810196E-5
-0.20123366572154053 -0.7196538123444207 0.08312630758513646 0 -5.084782505316895E-8 1.937194219411171E-8 -2.7605958805538594E-5
-0.1453861443112404 -0.6947291331504667 0.08002955113164492 0 -5.1496258517441876E-8 1.4588418101139943E-8 -2.7616283391066793E-5
-0.26439613737119816 -0.6970297197339501 0.08297653094743883 0 -5.2342108779219226E-8 2.7464576096667306E-8 -2.760242995986493E-5
-0.314732642366773 -0.6679534491621226 0.08237892997106575 0 -5.242837450131519E-8 3.008906006861622E-8 -2.7610532170915494E-5
-0.10379006268918363 -0.6311723493295898 0.07466578004946206 0 -4.7793076930498556E-8 7.946858840548393E-9 -2.762475584745466E-5
0.7822439697509947 0.07342341173252223 0.08646750245519458 0 5.046646452536197E-9 -6.31271870172134E-8 -2.761071758234646E-5
0.9249999999999998 2.358937726024754E-16 0.09999999999999994 0 6.5407868463886315E-9 -6.907984050431596E-8 -2.762164235073242E-5
0.851370675269602 0.07427003550197267 0.09288407134507307 0 1.1426325653353024E-8 -6.670298802991287E-8 -2.7612868548242963E-5
0.8038717607621603 0.12213857484508564 0.0889547066003148 0 1.1838012670387411E-8 -6.20013009058369E-8 -2.760289691890623E-5
0.5408130551366507 -0.18150058753720788 0.06992281214701015 0 -8.107090356223574E-9 -4.432411084275813E-8 -2.762361109058684E-5
0.7247257834183621 0.0852066297502373 0.08165698245211614 0 1.4743776556697626E-9 -5.739349250921558E-8 -2.7618482941210184E-5
0.6510493529215736 -0.15514133280147802 0.07686356365481603 0 -1.4214904414302477E-8 -4.87406637931377E-8 -2.7625932956720143E-5
0.5770279320473081 -0.15184347618041535 0.07165568912865208 0 -6.825023681465757E-9 -4.431440656294848E-8 -2.7626899187335968E-5
0.6918887433807659 -0.06772116765551027 0.07886795692620667 0 -8.959791131027727E-9 -4.946881470635197E-8 -2.7624549893797565E-5
0.7364981201835382 1.7871933341171726E-16 0.08222076644985389 0 -2.8226926423328876E-9 -5.502637285853567E-8 -2.7621930524749548E-5
-0.48001255710073826 -0.5637645778356982 0.08255043176744216 0 -3.9614687797107E-8 4.2805267527929915E-8 -2.7606437078763556E-5
-0.5678213237459834 -0.537667606136383 0.08613904983735729 0 -4.3688708861093444E-8 4.73890417631651E-8 -2.7609457445892648E-5
-0.600893054701109 -0.6092572756078649 0.09299302035398636 0 -5.381238048349355E-8 4.561116216573437E-8 -2.760616325151874E-5
-0.6178002971320171 -0.688438643052917 0.09999999999999995 0 -5.932957109793983E-8 4.4244510736659505E-8 -2.7609273231901832E-5
0.31808183532075807 -0.5509338997403093 0.07441383187593008 0 -4.218805208943264E-8 -2.336673931349471E-8 -2.7626743059853474E-5
0.2593907519340379 -0.5686281064407216 0.07361593901057979 0 -4.191592893294601E-8 -1.9120504776623797E-8 -2.7625754435918262E-5
0.4250914842628162 -0.2904030737883922 0.06650384046370365 0 -1.6636018859004173E-8 -3.1350986520804854E-8 -2.7621529471237648E-5
0.4860024477406568 -0.1810614961514008 0.06672716200822644 0 -1.0171136806301493E-8 -4.268184327782307E-8 -2.7615021904273513E-5
0.4546475825643904 -0.2329362873436874 0.0662732760967022 0 -1.522331353110308E-8 -3.7717551374792055E-8 -2.7623512067904487E-5
0.39693548996928896 -0.3460112170117685 0.06719703593166886 0 -1.877303428830731E-8 -3.0848050211786575E-8 -2.7611559602104348E-5
0.3565677611611388 -0.4614203059811383 0.07075125137743832 0 -3.44331818735841E-8 -3.113665124259398E-8 -2.762436629484294E-5
0.36327728761747163 -0.38800374757803646 0.06749345504717459 0 -2.618833896725914E-8 -3.390132263545293E-8 -2.7609658702923904E-5
0.3750627258693446 -0.2936858939923492 0.0643465481455432 0 -1.8906256360205022E-8 -2.3941678370616725E-8 -2.7613535807536118E-5
0.14556246178613044 -0.5017461145955597 0.06695111305462358 0 -3.512279215715835E-8 -1.6478752421145356E-8 -2.760507707970657E-5
0.1773504711629968 -0.5251479744589087 0.06889288845838194 0 -3.5548579810080974E-8 -1.8606634736854056E-8 -2.7615614174863266E-5
0.2111878992556696 -0.5199281931560845 0.06932845783235407 0 -3.484513269052944E-8 -1.9387954029136305E-8 -2.762072466914019E-5
0.10436058799907272 -0.5010308479370807 0.0663275801738497 0 -4.122800037383052E-8 -1.3388210924871442E-8 -2.760535441157818E-5
0.06673635655852131 -0.4767204709635782 0.06461779605353521 0 -4.169791322466982E-8 -6.172987050012459E-9 -2.761141008659782E-5
-0.006975621790116399 -0.5183972256879046 0.06671599267023115 0 -3.921139995992344E-8 -2.9377711080952513E-9 -2.7621857109224285E-5
0.021803385387518696 -0.4822544950869184 0.06469299319690378 0 -3.8895025172437356E-8 -3.0717575446898915E-9 -2.7619162551230283E-5
-0.05196883438319561 -0.5240326103663052 0.06719869985797552 0 -3.715838133217052E-8 -6.268525227618532E-10 -2.7618993711923076E-5
-0.3679909311443217 -0.6373789894665455 0.08217765681431859 0 -4.762227575507022E-8 3.15873399501224E-8 -2.7615227059940388E-5
-0.40158939943089916 -0.5697012631254147 0.07901179842938963 0 -3.987411438221581E-8 3.382156012652835E-8 -2.7619870571186572E-5
-0.09590125636856872 -0.5619999312235502 0.06990127823248253 0 -4.172117948665596E-8 1.5624119542954492E-9 -2.762075794568847E-5
-0.19926692702634366 -0.6350324834465847 0.07658242747619838 0 -4.7838098364676006E-8 1.801983315018354E-8 -2.762116381694969E-5
-0.2841593977557326 -0.6153602706014176 0.07751426427315905 0 -4.748434742698503E-8 2.6134637855987E-8 -2.7621972707064315E-5
-0.15663037176370528 -0.5733099421965812 0.07149707499548641 0 -4.53559827251233E-8 7.875539523536539E-9 -2.7621895811114444E-5
0.6892086201904363 0.11760753932384704 0.079182235454291 0 4.030830250612587E-9 -5.270960130757547E-8 -2.7624426311040365E-5
0.7461230180043805 0.1326560288062978 0.08402816782270867 0 4.74941903690705E-9 -5.6598704727903376E-8 -2.7609077438310148E-5
0.6908574756839181 0.1584953945063365 0.07995126254637963 0 7.001016410754004E-9 -5.1085850980008296E-8 -2.762373749734641E-5
0.9192877608705788 0.10260257931928718 0.09999999999999994 0 1.516357512263661E-8 -7.054682679348062E-8 -2.761824742719597E-5
0.8510855832446352 0.14814580550682163 0.09378949781498243 0 1.8381499447685726E-8 -6.240556481617079E-8 -2.7608950568584895E-5
0.7902639371481001 0.17887268414595758 0.08869278761371624 0 1.4583850140128777E-8 -5.438847234541295E-8 -2.7606516975896794E-5
0.5270134709035552 -0.12362075461980128 0.0680883893303861 0 -1.4211533517045312E-9 -3.920221740015951E-8 -2.7616207489178574E-5
0.660910431014522 0.06111123862815046 0.0764443497197492 0 2.7065884257090983E-9 -5.077593369239777E-8 -2.7631831137438255E-5
0.5965173615012839 -0.07939251741876008 0.07200225824383245 0 -2.81070945716228E-9 -4.3128161231967373E-8 -2.7631298887526515E-5
0.6371682462297272 1.7636191275501287E-16 0.07448630903843244 0 7.794090851223263E-11 -4.752796615132039E-8 -2.7634789251020123E-5
-0.5998767009898777 -0.47889137063455584 0.08487289614566726 0 -3.5389823769797685E-8 4.659859711790467E-8 -2.7614198465487304E-5
-0.4462665144718288 -0.4769553831048419 0.07565680574632232 0 -3.6382342971836976E-8 3.582642917852312E-8 -2.762573916372638E-5
-0.514031025104845 -0.49215788183100256 0.08018045280724438 0 -3.68992245083509E-8 4.4024819614187525E-8 -2.7619087461870738E-5
-0.5551101229584549 -0.4700701488343014 0.08146563252731463 0 -3.4594715894616126E-8 4.545208456879734E-8 -2.7619101668416034E-5
-0.6562422498346266 -0.5241856689594518 0.09146905933596002 0 -4.292216353173289E-8 4.7619809393768936E-8 -2.761243554719061E-5
-0.6848306133117381 -0.6217902179859557 0.09999999999999995 0 -5.4381936364584934E-8 5.038788889512211E-8 -2.7616766035488183E-5
0.27241004361507065 -0.4718280360333558 0.06830375115676078 0 -3.385107926825228E-8 -2.389946754034591E-8 -2.762487717191579E-5
0.4535801009187721 -0.11979187747949692 0.06395953291420167 0 -1.20068226356725E-8 -3.24347361049932E-8 -2.7605597505521457E-5
0.39072217276086296 -0.23584567652234287 0.06329187670784985 0 -1.7454144728378956E-8 -2.8348377486858234E-8 -2.7622998098917616E-5
0.41238404925178007 -0.18021837395374024 0.06296662723972753 0 -1.6745742390206248E-8 -3.342623611150174E-8 -2.7620213133871202E-5
0.33633282409977633 -0.33989669688880314 0.06444423660906805 0 -2.7469191589713993E-8 -2.4514877619377853E-8 -2.7601211991080007E-5
0.30008338071089913 -0.40108479031261085 0.06570468861303413 0 -3.2682764560375405E-8 -2.775456291849881E-8 -2.761547811852024E-5
0.32685099627426545 -0.2905697969488598 0.06232853198902638 0 -2.4486682702176153E-8 -1.8810182663181997E-8 -2.7614448884234084E-5
0.34557599933864525 -0.25420475687873284 0.06192004258218349 0 -2.007206008359199E-8 -2.158936921231336E-8 -2.7621869686899843E-5
0.13994680898558723 -0.4672126633962515 0.06496624972127402 0 -3.291433533188445E-8 -9.96908233548023E-9 -2.7600596686259162E-5
0.19075484218748176 -0.4725311643222945 0.06620021711897697 0 -2.9601089549574786E-8 -1.5638309432521966E-8 -2.7613231064457395E-5
0.04901016908663563 -0.43723836174505165 0.062459634223422635 0 -3.7040534079486416E-8 -1.1004886461960069E-9 -2.7618181433646958E-5
0.10408488366078726 -0.44405468685268895 0.0632766673513578 0 -3.707552502809076E-8 -3.2174769256534613E-9 -2.7605885507210527E-5
-0.03083759909542402 -0.4757419881377713 0.06436680609968096 0 -3.376333415931743E-8 1.4590676156789606E-9 -2.7618397876682273E-5
-0.0058033119248053185 -0.4414101175550563 0.06253303354413749 0 -3.343632347280114E-8 1.9794221446645776E-9 -2.762171938223951E-5
-0.39030681785658333 -0.4466269881485597 0.07141764844659583 0 -3.642932353160638E-8 2.6225776276538798E-8 -2.7625423903410736E-5
-0.09527352708204243 -0.48999184724793493 0.06560563290386152 0 -3.346277166382572E-8 3.7238500418084487E-9 -2.760534646846343E-5
-0.31827009850817745 -0.5512599811461146 0.07444098367382036 0 -4.248866011592729E-8 2.5098191698114846E-8 -2.7629031742564573E-5
-0.36296726797354567 -0.5093150093458659 0.07364571283377143 0 -3.863310140129504E-8 2.7058379069885272E-8 -2.7628785776552197E-5
-0.1538656248196219 -0.515523498759926 0.0678853449092873 0 -4.355614770556091E-8 5.583400843774222E-9 -2.7610544504950028E-5
-0.23145619169988374 -0.5426436945370011 0.07120349698950754 0 -4.5125949272165077E-8 1.5846084601124693E-8 -2.76260623855204E-5
0.02839276411724586 -0.3973392921812578 0.06048540173023527 0 -3.170513084219993E-8 8.566790811590531E-10 -2.7626283684627018E-5
0.6359863797306674 0.13411282944887548 0.07542020319546493 0 9.604623856156802E-9 -4.760579704835071E-8 -2.763238919333261E-5
0.7226994437477957 0.1997352924878217 0.08334138075756291 0 1.1161902352523412E-8 -5.134155934594964E-8 -2.761923883680893E-5
0.6524176664552398 0.20477109599706128 0.07797707686621592 0 1.3153004116868128E-8 -4.816132033195789E-8 -2.7631514323661457E-5
0.9051251569294585 0.19071818089926676 0.09999999999999994 0 2.1255007151241948E-8 -6.417682635479551E-8 -2.7618332357398004E-5
0.8318102133114379 0.22322523392999097 0.09353078509252784 0 2.181059323717147E-8 -5.697712970458022E-8 -2.7616229924445366E-5
0.7561533810021175 0.2511688924028691 0.08746370240455802 0 1.9511161990678456E-8 -5.4073910679354433E-8 -2.761972402317487E-5
0.5078212312272354 -0.05773868566153316 0.06628756501631425 0 1.5188331944742642E-10 -3.3833257587264594E-8 -2.7622125520950537E-5
0.580043566339009 0.07440259297015442 0.07086095755136954 0 1.0180574067992642E-8 -4.483783249750544E-8 -2.763281206685801E-5
0.5449077695259106 1.435041058529122E-16 0.06830916124377966 0 4.595964693270792E-9 -4.054117030826671E-8 -2.7631703821342377E-5
-0.6449966839705535 -0.4445280981035864 0.08625924084344859 0 -3.092685187252798E-8 4.733219887619012E-8 -2.7607250757120504E-5
-0.5773213056470615 -0.42632356756478973 0.08066830857907491 0 -2.913045148281493E-8 4.601605004151061E-8 -2.7620079727224697E-5
-0.42560872193429483 -0.3924588186076942 0.07047472570296821 0 -3.575406862343863E-8 3.01199350266125E-8 -2.7623664711823534E-5
-0.5105636494997626 -0.4275668331221898 0.07661161867134533 0 -3.267986362214701E-8 4.1120592635136886E-8 -2.7627373596779857E-5
-0.6821995337018094 -0.3893517946424338 0.08645016345112792 0 -2.837442162667802E-8 5.476125555439179E-8 -2.7599443682577336E-5
-0.7143597851634019 -0.46065181317541976 0.09243904770387963 0 -3.902629175313663E-8 4.971839949888366E-8 -2.7605146457501675E-5
-0.7501479603301018 -0.5412050791178046 0.09999999999999998 0 -4.6017835120845124E-8 5.223563839570521E-8 -2.7616585094443193E-5
0.23193963455587194 -0.401731231339728 0.06368217918749611 0 -3.049040291337774E-8 -1.7247057872736136E-8 -2.7621714344517487E-5
0.4253355502182103 -0.060426816635170834 0.06194940187312641 0 -7.862322958005614E-9 -2.778294749495469E-8 -2.7623983493527482E-5
0.3783639298171796 -0.12391451309547895 0.06047575124681011 0 -1.4110987422883039E-8 -2.7285611393461206E-8 -2.7626993033154634E-5
0.3404696044317066 -0.192505611563268 0.06016257670047243 0 -1.6372190727531273E-8 -2.434983103485238E-8 -2.7630282114409743E-5
0.2704412885460664 -0.32134890739138106 0.06148782850104334 0 -2.988092313204238E-8 -1.7673847363903513E-8 -2.762039348862514E-5
0.28780126788651955 -0.24610682281377952 0.05962067759661022 0 -2.095636057197155E-8 -1.8765609068182157E-8 -2.7629327069425914E-5
0.15779399244920164 -0.4060014305216929 0.062242172248634084 0 -2.9169219790225324E-8 -6.160423705152119E-9 -2.7617136065832792E-5
0.08201071126761389 -0.3939388987243753 0.060668066988986274 0 -3.2085413729958967E-8 -1.0230413510231662E-9 -2.7622443849080964E-5
0.04349199689707277 -0.3606955682361924 0.05897556113419837 0 -2.815128869438873E-8 -1.2275933718789354E-9 -2.7630560454699426E-5
-0.05772042989369192 -0.4373202270026056 0.06251628812885628 0 -2.9549757385349753E-8 7.505678278656865E-9 -2.7616922992440474E-5
-0.03317807935019408 -0.4000499580003112 0.06062434517611841 0 -2.9212030515365606E-8 5.7614313045909165E-9 -2.762574551697056E-5
-0.3619566518906658 -0.37751131442037245 0.06698450376718922 0 -3.281967658066638E-8 2.2391976218046717E-8 -2.76085542062194E-5
-0.36626813150114024 -0.4166408143589399 0.06892167223823106 0 -3.481562959162809E-8 2.183842066778966E-8 -2.7619001544482645E-5
-0.3449125590697449 -0.44322460700183025 0.06935603931497553 0 -3.532673999793328E-8 2.0766940485662994E-8 -2.7623755575372467E-5
-0.1061373350373039 -0.43371612134398735 0.06278756375601147 0 -3.097059901963052E-8 1.384090466532142E-8 -2.7609006130550758E-5
-0.1533021139497205 -0.45854960024362473 0.06473399748772989 0 -3.994676713225792E-8 1.364314606688541E-8 -2.760468072229714E-5
-0.27258732769368704 -0.47213510106489254 0.06832563375196132 0 -3.8653518503607934E-8 1.7689139597909826E-8 -2.7626745775979935E-5
-0.2137590545386873 -0.47234636278777903 0.06671710658979699 0 -4.1988568438148367E-8 1.4659230241723847E-8 -2.7619671031152025E-5
-0.18675532053812582 -0.4349325178463068 0.06418357757579088 0 -3.817478402078172E-8 1.6803347014039452E-8 -2.7615918037391294E-5
-0.3826278748778653 -0.34149739132768103 0.06638993492953281 0 -3.319375810701771E-8 2.9335811857704313E-8 -2.76092082266431E-5
-0.0010639892128916778 -0.35571530812846325 0.05866683852382106 0 -2.735389988113179E-8 1.1780264284042598E-9 -2.763161224560057E-5
0.5665181445886517 0.15558354761445173 0.07104008880031383 0 1.7447408565203518E-8 -4.0333943844632596E-8 -2.7630532949308584E-5
0.5953591891669738 0.1936606882201294 0.07369160395615945 0 1.6634564030668353E-8 -4.267617769747461E-8 -2.763507467526198E-5
0.5192463818471629 0.12824117265253684 0.06769417632898124 0 1.7794370597309274E-8 -3.800961936652058E-8 -2.761781410060116E-5
0.5285393108936259 0.16518893231571916 0.06885934434787161 0 1.9314954362277904E-8 -3.525220308610653E-8 -2.7624381502518587E-5
0.6744856330743806 0.25899543825752414 0.08106282636378111 0 1.73125899096322E-8 -5.1558710347898394E-8 -2.762796095447528E-5
0.5964895386590124 0.24538252217967127 0.07505456752399722 0 1.8601892954103463E-8 -4.3814239443277174E-8 -2.7636981414269033E-5
0.8809325160784339 0.2820885436790224 0.09999999999999994 0 2.7423189639337286E-8 -6.166013238172151E-8 -2.7626220565595616E-5
0.7133503615870089 0.32015636681811027 0.08613118221459619 0 2.534363581644702E-8 -5.686806575708192E-8 -2.7618504030107523E-5
0.7978472984237357 0.3041762806928354 0.09281227257926788 0 2.8055805853496802E-8 -5.833976339683417E-8 -2.762226778918464E-5
0.4636209692030302 1.4593888372567647E-16 0.06366862151549985 0 5.412950203800442E-10 -3.442473568861789E-8 -2.7627302001521316E-5
0.4938126220450951 0.06489296717588176 0.06554297030555511 0 8.808131795090863E-9 -4.1610246207793116E-8 -2.7620763835211454E-5
-0.6153231968638251 -0.38077552285640803 0.08115372829448388 0 -2.3581858619861993E-8 5.0121034026499797E-8 -2.7615648922503988E-5
-0.560449570051932 -0.3810942956107818 0.0775098294695611 0 -2.6548268097790486E-8 4.495854109188996E-8 -2.7626366974350474E-5
-0.4429539530445369 -0.3153758255937713 0.06823813858748431 0 -3.064357049986518E-8 3.3981032519893095E-8 -2.7625807631769087E-5
-0.5043029125892239 -0.34762375509843185 0.07274022680505556 0 -2.9068977955381113E-8 3.902898314661647E-8 -2.7631878339224297E-5
-0.6508158876168189 -0.3390076459058359 0.08199721983987755 0 -2.2174486828262724E-8 5.513545110342674E-8 -2.7614193270229516E-5
-0.7091826270730176 -0.32330839885714513 0.08590988858162861 0 -2.5634269055658498E-8 5.931831405803266E-8 -2.761128089435892E-5
-0.7619010673352372 -0.3837317836320327 0.09273617861998763 0 -3.667261989825182E-8 5.9565581591532216E-8 -2.760739194492687E-5
-0.8010515387579304 -0.4625279007956028 0.09999999999999996 0 -4.237341079028623E-8 5.8585667879830734E-8 -2.7613061566958486E-5
0.19236089157799777 -0.33317883760233996 0.059881599761303 0 -2.665997151357067E-8 -1.1974022731711396E-8 -2.7631290679411605E-5
0.38492668203237634 1.0023152680894796E-16 0.05989052034096669 0 -2.321884487632623E-9 -2.8466904329659034E-8 -2.763584104773322E-5
0.2997814449763267 -0.1302546190444194 0.057552736756421544 0 -8.215179576877081E-9 -2.2536844650124996E-8 -2.7634740916533072E-5
0.3411851195480258 -0.06215460789797836 0.058312559079427444 0 -5.60952742595606E-9 -2.3889133361613012E-8 -2.7637196185398046E-5
0.25568805190108224 -0.19009790761699052 0.05725179690059135 0 -1.284812835770366E-8 -2.063720670929073E-8 -2.7633694459541845E-5
0.21970172124605264 -0.25470361780543144 0.057909449658114676 0 -2.0404984384042212E-8 -1.6671736763227144E-8 -2.763518508070836E-5
0.23090062297727731 -0.13379820267190193 0.05553869913937325 0 -3.98750096169971E-9 -2.057063949156538E-8 -2.7624406011419325E-5
0.10559774308437374 -0.32641465451667345 0.0581670361159444 0 -2.4218325342419044E-8 -6.300574545163353E-9 -2.76336635224811E-5
0.031363797849434556 -0.30517057546423765 0.0568332914109285 0 -2.2448043836885645E-8 -5.154362955513049E-9 -2.7631168122188768E-5
-0.08918266806588585 -0.39015326021997465 0.06056960464965617 0 -2.8445408079663828E-8 1.2201160435430089E-8 -2.7623156352445466E-5
-0.049756265008924744 -0.359262534671633 0.05895024498757894 0 -2.714754320445016E-8 6.0340888748615195E-9 -2.7630786380573948E-5
-0.33370914900421456 -0.3553876317528072 0.06495432896100803 0 -2.586646229310642E-8 2.3611429957227692E-8 -2.7603724403942444E-5
-0.31386332305040454 -0.4019336098806021 0.0662221637922308 0 -2.9477486147351264E-8 1.803102620578141E-8 -2.7615695802175685E-5
-0.15459594130071444 -0.3919265872876224 0.06155021858866086 0 -3.150000877654288E-8 1.7461311829917157E-8 -2.7621457506864484E-5
-0.2322802926341843 -0.4023212684393738 0.06371797650698165 0 -3.127079031015669E-8 1.7999534329939062E-8 -2.7622739776341813E-5
-0.33230969380311987 -0.31257443393730217 0.06328313435425743 0 -2.2243130670836493E-8 3.064506581740255E-8 -2.7608870561415E-5
-0.37984334067586323 -0.29694191152231486 0.06465963905911942 0 -2.7190364379011153E-8 3.320707970397838E-8 -2.7614972717390417E-5
-0.03281109095750644 -0.303248501545522 0.05677241598853609 0 -2.4457582406294886E-8 -4.1241971299205404E-10 -2.7631148462582296E-5
0.002774404310843052 -0.26370741404826953 0.055444406431408536 0 -1.994749992785005E-8 -6.923079115595917E-9 -2.762201436632591E-5
-0.4503344724862791 -0.2539143429242661 0.06663047103760426 0 -2.312480687982949E-8 3.2776563735914605E-8 -2.762653777046686E-5
-0.40625597693717014 -0.2614749559637888 0.06471383725610917 0 -2.318891705100809E-8 3.24404270074911E-8 -2.7623133952794098E-5
0.4615326701397575 0.12346215125476942 0.06442192515091573 0 8.216783309035463E-9 -3.486498663347991E-8 -2.7608187372928517E-5
0.5387084587482873 0.20560708274998704 0.07032262751622614 0 2.0240282495476136E-8 -3.5832862090402877E-8 -2.7632715964717836E-5
0.4879508039440348 0.17532903328848173 0.06671893154849401 0 1.7378246155769638E-8 -2.98270307564159E-8 -2.7619417832706423E-5
0.532509259731304 0.25445661626164345 0.07121936353097057 0 2.2127465838554144E-8 -3.674351857330133E-8 -2.763816130868696E-5
0.6341588941531792 0.31283518999890103 0.07981624453248937 0 2.0251847779191884E-8 -5.065777567991259E-8 -2.762879287862068E-5
0.5661686439840169 0.30314954318445153 0.07485251919573685 0 2.2314473246763795E-8 -4.242470137579357E-8 -2.7638692989423605E-5
0.8437752416466553 0.3790359375932063 0.09999999999999998 0 3.638153396283272E-8 -6.237703360343198E-8 -2.762656206382544E-5
0.6719229666176102 0.38840511082381185 0.08561888827579653 0 2.6355802154601732E-8 -5.176689408544089E-8 -2.76097450800405E-5
0.7564175363077813 0.38622567562379634 0.09237249347625182 0 3.631171822512438E-8 -5.655632342931504E-8 -2.7614773745609644E-5
0.41461516466779025 0.07768102097507298 0.06157475739077051 0 1.4366592033805716E-9 -3.427894072698593E-8 -2.762541760885832E-5
0.41609697408913526 0.13788398400008967 0.062378681269293045 0 4.831763217703646E-9 -3.0038935714606305E-8 -2.7620548007147178E-5
0.3331467524821928 0.06332732629493788 0.0580143200893398 0 4.708954817139204E-9 -2.5721136559403292E-8 -2.7639707806212452E-5
-0.47800098007166614 -0.21838828549818234 0.06713458210584479 0 -2.020513800046027E-8 3.192817063295837E-8 -2.7624231949690756E-5
-0.581042663690517 -0.3157640075984302 0.07626188231201678 0 -2.2323670703199417E-8 4.665241466516192E-8 -2.7629304364210816E-5
-0.516501927640104 -0.27345997871285144 0.07083650833060166 0 -2.3978240701942002E-8 3.796741052617017E-8 -2.763256755581846E-5
-0.6531660790226061 -0.2763311132584134 0.0799841441751332 0 -1.8835709531480108E-8 5.314729222507638E-8 -2.7623785769827416E-5
-0.7177089386751481 -0.25492955224205677 0.08435704674323387 0 -1.835424642223309E-8 5.553835228502405E-8 -2.7618065264880982E-5
-0.7682837005378522 -0.21778108265977297 0.08762455506029665 0 -1.6716252743173456E-8 5.5348908321902244E-8 -2.761145778892724E-5
-0.7926496756412593 -0.29133333750236745 0.09190870000572768 0 -2.6785828178302487E-8 6.016692211848403E-8 -2.761613140517563E-5
-0.8437556437212325 -0.37907955935377746 0.0999999999999999 0 -3.689619549937186E-8 6.518588462075313E-8 -2.7618811709096733E-5
0.14972579901011426 -0.2593326910893636 0.056582144341893334 0 -1.8324100428298628E-8 -1.3353789654808085E-8 -2.76361586801638E-5
0.30024351839566077 1.0287337474471442E-16 0.0566089984335615 0 2.956409278579719E-9 -2.207616076465049E-8 -2.7639944923350243E-5
0.25485064501553867 -0.06881848120103613 0.0554520694654174 0 1.0633413176225457E-9 -1.785672901537409E-8 -2.762990604416284E-5
0.2018137422816696 -0.09141964150518621 0.054287541904913736 0 -6.962356887774638E-10 -1.430862236972953E-8 -2.7612326394289132E-5
0.1764824224893901 -0.17786432905826247 0.05506179018247805 0 -1.1277009802483911E-8 -1.9119899975024552E-8 -2.762555580431124E-5
0.17846806103523252 -0.12182655323316927 0.054152220507936534 0 -6.753853853820772E-9 -1.7669384376423233E-8 -2.7609751037165292E-5
0.06445906182530688 -0.2524774236880236 0.055351148337145016 0 -1.547968730999109E-8 -9.451538026708927E-9 -2.7626446221677375E-5
0.01713256069613923 -0.2191946756676691 0.054245341320781695 0 -1.3963628264795771E-8 -5.733397820730845E-9 -2.7609583084027668E-5
-0.015811501710617768 -0.22080470166743846 0.054282927994611936 0 -1.9636128639003435E-8 -3.519089642062235E-9 -2.7609844820583386E-5
-0.11115524588477288 -0.32319159740630654 0.058116751891295344 0 -2.5690083618679095E-8 1.0137855854176866E-8 -2.7634758470535456E-5
-0.2724211583800276 -0.34021230275634257 0.06225471036920954 0 -2.0911487085727018E-8 2.236995223469447E-8 -2.7619263797906433E-5
-0.19295762658678686 -0.33421241295621795 0.059933626134453855 0 -2.456646086067614E-8 1.7522199513334395E-8 -2.7631976348721737E-5
-0.299671918215507 -0.26919022055739933 0.06068803798570996 0 -1.774703492839413E-8 2.740922917501556E-8 -2.7624905935835672E-5
-0.35401952964801076 -0.2618191533072333 0.0624765930436588 0 -2.0327840347672204E-8 3.1784993912801314E-8 -2.762146346144187E-5
-0.059917909088264505 -0.2537684697083779 0.05535616729591674 0 -2.3599452228051376E-8 -1.0783982955199887E-10 -2.7626320730604916E-5
-0.4286041911968905 -0.21160410640457614 0.06443452009247358 0 -1.6595155089629457E-8 3.022912536619913E-8 -2.7622806043045837E-5
-0.3837371950984817 -0.21760730691022395 0.06251779019199943 0 -1.6087763856161734E-8 3.0189541607955334E-8 -2.7625722186935054E-5
0.44078820931890417 0.17778853409565737 0.06428879605061415 0 1.1964469280340292E-8 -2.7653439119570133E-8 -2.76208293593407E-5
0.4759951064045458 0.23047538821939026 0.0673334019397155 0 2.0831401052069076E-8 -3.0558577051023256E-8 -2.7631558174318317E-5
0.5023235944487765 0.29151864533540206 0.07059623054924213 0 2.544715145532942E-8 -3.544052949145783E-8 -2.7639471819335786E-5
0.5853609901656723 0.37038384021673393 0.07867156144500055 0 2.385014257290312E-8 -4.5278825776850734E-8 -2.7632094858729235E-5
0.5293785213896149 0.3388907230126146 0.07386902220939724 0 2.6290730490461352E-8 -3.928984791821671E-8 -2.764025554279456E-5
0.8010710017272104 0.46249419126110125 0.09999999999999991 0 4.1938055690505324E-8 -5.5775368496785174E-8 -2.76234294394708E-5
0.626960623589047 0.4522983371432033 0.08535306995964971 0 3.113964321555032E-8 -4.4391316769616483E-8 -2.762145997915107E-5
0.7061350528834721 0.4673278645716987 0.09212747065803699 0 3.83797174141575E-8 -4.625078488219227E-8 -2.761679602204371E-5
0.3592371994727271 0.12552401442410036 0.05970040660633737 0 6.348765104952209E-9 -2.7098964394337064E-8 -2.7634581767924823E-5
0.39449037889125516 0.17177804019933995 0.06198157459134765 0 9.431796387998596E-9 -2.7615480977090267E-8 -2.7628099525480973E-5
0.2907007887888551 0.1297941048796961 0.057242741237689944 0 1.2378893106427498E-8 -2.0748044046034946E-8 -2.7638375198546194E-5
0.2538184516803514 0.06940494742292715 0.05542696753822805 0 1.174536905547514E-8 -1.936448449283358E-8 -2.763167126897584E-5
0.20062573683728857 0.09527047772396227 0.054301155270572714 0 1.3482195753660277E-8 -1.4337600749841431E-8 -2.7614593163558595E-5
-0.4690213191754545 -0.16282051739106812 0.06545407679976868 0 -1.3842613227349517E-8 3.072172117934531E-8 -2.761062070740103E-5
-0.5329845388239064 -0.1985594752136454 0.06981392050905111 0 -2.0434562790958294E-8 3.699301061921505E-8 -2.7626716065303453E-5
-0.5985835515449605 -0.2260297922817816 0.07467942546060531 0 -1.8124001490905685E-8 4.5546419897368616E-8 -2.763172588841501E-5
-0.6738902730202506 -0.22049852083738797 0.07997070091519404 0 -1.4195344449436557E-8 5.2027049177921976E-8 -2.7624468625269458E-5
-0.7224932718504692 -0.1846612188414888 0.08299584497449673 0 -9.714110032433632E-9 5.4020622276067847E-8 -2.7614853834100425E-5
-0.784218194998307 -0.17459658052838994 0.0880668176158918 0 -1.372463531838397E-8 5.687549334643504E-8 -2.7603575590266188E-5
-0.8340398056073667 -0.21902107573341573 0.09363611174877708 0 -2.2095230521906935E-8 5.984758990338405E-8 -2.7612466305044002E-5
-0.8809151182252344 -0.2821428693025129 0.09999999999999996 0 -2.7893506325804407E-8 6.452788378926478E-8 -2.7621364908019388E-5
0.11138757858716244 -0.19292894544503636 0.054318208030815426 0 -1.2194458474413092E-8 -1.2277905583847024E-8 -2.7624960911605384E-5
0.2238875048948224 7.238912562247948E-17 0.054346295287657886 0 5.277166465504481E-9 -1.6297304184873098E-8 -2.7627776691935476E-5
0.19420772375092543 -0.04676552312468657 0.053768452091938715 0 4.289272552275762E-10 -1.1045939125976617E-8 -2.7618052239196166E-5
0.16765785073129597 -0.0820458117059934 0.0534822586461166 0 -6.078358684900371E-9 -9.926005214833295E-9 -2.7608532410105797E-5
0.1532214795718842 -0.1047515501973591 0.0534601593182905 0 -9.913052104397311E-9 -1.2293410802288885E-8 -2.760856489635222E-5
0.13365633223327952 -0.1314943305448411 0.053500013617672364 0 -1.1982295595018686E-8 -1.3215127626957382E-8 -2.7614747157025838E-5
0.1909210649037196 0.04684254353730671 0.053697308093126346 0 7.103944405582469E-9 -1.6760361644928476E-8 -2.761897014400835E-5
0.05493858025113072 -0.1872116672800932 0.053664600392910426 0 -1.0054621046660181E-8 -4.905321492566276E-9 -2.761566841966202E-5
0.0015895535343272628 -0.18045943852644164 0.053353802929854664 0 -1.3634100381022125E-8 2.5932971181381084E-9 -2.7607316192656637E-5
-0.053441146730527564 -0.18709102439814254 0.05365287398922711 0 -1.8897373480535893E-8 3.473876109495916E-9 -2.7615642327374313E-5
-0.15050660974349658 -0.260685094950677 0.05663516711153095 0 -2.1535173935791485E-8 9.681666885947937E-9 -2.7636970758981275E-5
-0.22974591189928226 -0.256397975299907 0.05821373401797809 0 -1.8380531140581205E-8 1.822827221931249E-8 -2.7635322750014603E-5
-0.2901412929767384 -0.21922908092139923 0.05898973037684318 0 -1.6024108768886822E-8 2.4052724328542185E-8 -2.7633279421196614E-5
-0.3302765228915605 -0.22443841547131757 0.06052899064430553 0 -1.592518471401062E-8 2.8338056781971605E-8 -2.7629381186652744E-5
-0.11217260429255088 -0.1942886498520168 0.05435789315243198 0 -1.760805894017416E-8 4.7761042156384436E-9 -2.762577211975843E-5
-0.4043520178042477 -0.16901983470521795 0.062374130552393804 0 -9.147349486909484E-9 2.9531218830753048E-8 -2.762200932082774E-5
-0.36201088411519367 -0.17400839360604692 0.060635096430618034 0 -1.0628277613393697E-8 2.837491965860616E-8 -2.762966903478325E-5
-0.42569230627547644 -0.12215318657273527 0.06260425960749791 0 -3.8965661691910004E-9 3.418162686157815E-8 -2.7614757525021173E-5
-0.467604489294916 -0.09647351175034927 0.06440527405535047 0 -7.79745474723492E-9 4.130750415626427E-8 -2.761003892027808E-5
0.40159415937487924 0.2222711945652258 0.06342742714419668 0 1.6929060511746934E-8 -2.8758034508992113E-8 -2.7630051689603516E-5
0.4374027432196876 0.28280425722564984 0.06685837267776952 0 2.66525986061977E-8 -3.163937996899828E-8 -2.7632593141341262E-5
0.4716692828943538 0.34325991058700284 0.07076541111671204 0 3.0938338589576996E-8 -3.377172515896092E-8 -2.7638255593549894E-5
0.5572755215547438 0.4510872900080022 0.08061070588876619 0 3.207678297236038E-8 -4.2814652169589216E-8 -2.763199378014844E-5
0.5201731653431543 0.38799390136202994 0.0753439569886662 0 2.9505931235148437E-8 -3.9048956269913514E-8 -2.7639229254549102E-5
0.7501545426059838 0.541195955123228 0.09999999999999998 0 4.5476274851307424E-8 -4.9372442950123106E-8 -2.7629390455706E-5
0.5828756184496425 0.5332115379316271 0.0868511630159933 0 4.294799300259916E-8 -4.4978410287957644E-8 -2.7623926146430065E-5
0.650470548607775 0.5465931881196748 0.09240305490818579 0 4.546387568321139E-8 -4.532987375967691E-8 -2.762632032861208E-5
0.33827356631260735 0.19741612693850677 0.06018657141513714 0 1.3524574883985633E-8 -2.5820116671163665E-8 -2.763625616150309E-5
0.2643297840462276 0.19520810401833616 0.057617277126140565 0 1.5953673161091542E-8 -1.810781620852629E-8 -2.7639875065233688E-5
0.23462332403576286 0.13422621113694244 0.055643167928538385 0 1.6410706755267697E-8 -1.364226516233366E-8 -2.7629423382212758E-5
0.1835322570857455 0.12636576122723128 0.05431954168807021 0 1.3015865638767518E-8 -7.846389606547498E-9 -2.7615272055113134E-5
0.15384433041034717 0.09209874155024383 0.0533301823681776 0 4.9057509807306716E-9 -1.1636454666949223E-8 -2.761135602828745E-5
-0.5199939829281822 -0.124648956040805 0.06768673130026932 0 -1.7822604327311983E-8 4.044692654256222E-8 -2.7615458497558553E-5
-0.5744027965338087 -0.14938461510286838 0.07144252826293566 0 -1.6825088733060365E-8 4.344453641159214E-8 -2.76284681687738E-5
-0.6477191420222239 -0.14358128013705043 0.07642272847163621 0 -9.543997448022909E-9 5.053956799363857E-8 -2.7629157615290837E-5
-0.735100345459195 -0.11930462056175606 0.08291132970822637 0 -3.5339005405789606E-9 5.9163206678964284E-8 -2.7611634610139345E-5
-0.8023821229894582 -0.12465004703532732 0.08885408731398864 0 -1.2324543913325383E-8 6.417856778889869E-8 -2.7601699913148088E-5
-0.8531067718150073 -0.15803750226362165 0.09415708085227005 0 -1.9445042222622182E-8 6.439564051026774E-8 -2.7608409561432292E-5
-0.9051158299750595 -0.19076243784282 0.09999999999999995 0 -2.1792749531011693E-8 6.701296200083099E-8 -2.7616189411531996E-5
-0.8393412000271001 -0.10211595922316327 0.09200820531311653 0 -1.4071056215610323E-8 6.803739335774987E-8 -2.7608681448668877E-5
-0.5124187514513647 -0.05184789683178334 0.06651654728017117 0 -9.133687639689306E-9 4.389411810224641E-8 -2.7625159286895577E-5
-0.4662367643365183 -0.05429215722432917 0.06397307879016166 0 -4.784862167924413E-9 4.137710320226966E-8 -2.762172337447376E-5
0.07846305682895906 -0.1359020009449211 0.0529048760801971 0 -1.0617639451962242E-8 -4.9856558916244814E-9 -2.7619802659671477E-5
0.1581850159804538 4.03666044625459E-17 0.05292729798071231 0 -3.1998727594054293E-10 -1.1321709568405918E-8 -2.7621507294641602E-5
0.1339429855522494 -0.042721659792281826 0.052630185389843626 0 -6.059336197735127E-9 -6.9652266942868746E-9 -2.761980611528602E-5
0.12170874450296679 -0.07937873255132208 0.05270638285367756 0 -1.0217835288567795E-8 -6.655242996671254E-9 -2.761685667986009E-5
0.0926329081859553 -0.0934021566431387 0.052491087538806276 0 -1.0425862838112619E-8 -4.775260497106661E-9 -2.7621290137934022E-5
-0.07925046645516257 -0.1372658344238745 0.05293295280422828 0 -1.0532356172545208E-8 6.962513957948509E-9 -2.7620042845988998E-5
0.12737884186502532 0.04457914646124025 0.052542398875778 0 2.3639818847659024E-10 -1.1379148575422108E-8 -2.7622018233856713E-5
0.025874926118163208 -0.13266950985365822 0.05254567933671947 0 -9.6566451436006E-9 2.686513161630835E-9 -2.761952594066808E-5
-0.025243839799718233 -0.13300675455069116 0.052548920040911946 0 -1.088660059989781E-8 6.650674512121643E-9 -2.761964173769398E-5
-0.18973296493485722 -0.18461798069110355 0.055474546986767154 0 -1.6860088290397E-8 9.401877530927523E-9 -2.762898499146741E-5
-0.2483235922732361 -0.1816505696604007 0.05686432272721824 0 -1.6458352250452777E-8 1.7113161335712536E-8 -2.763367509102493E-5
-0.30831506111577245 -0.17770170158565643 0.058672582596364375 0 -1.3599298248179736E-8 2.4460251517144378E-8 -2.7634795545054343E-5
-0.13643849435757827 -0.142707733989249 0.05371629461338724 0 -1.0267235119304341E-8 6.3581413857367834E-9 -2.7616985121353264E-5
-0.184039983968445 -0.12735803584373426 0.05434432437859786 0 -1.3364392622206202E-8 9.413802976979081E-9 -2.7612595661100393E-5
-0.10393602836491156 -0.0928684349452979 0.05261104654913399 0 -3.5773004805206747E-9 9.859260298695423E-9 -2.761972124097431E-5
-0.33491839009005275 -0.13913239257244242 0.05894927757126896 0 -9.368090116069888E-9 2.6566419535818883E-8 -2.7634418531409216E-5
-0.379850741799242 -0.12110542276221135 0.060500587943527986 0 -4.630064717311059E-9 3.067751366639958E-8 -2.762768998915543E-5
-0.40842759083875496 -0.05875232359605658 0.061140527783328784 0 -1.1895921151286748E-9 3.515315049597112E-8 -2.7628305824529797E-5
0.36282250283673584 0.2686598783514224 0.06303900336729046 0 2.1609815779991838E-8 -3.0821662370632846E-8 -2.7626893518255895E-5
0.4058790843317993 0.3317218591300756 0.06705525860874961 0 3.288463590304924E-8 -2.9655772503884536E-8 -2.7624990188773523E-5
0.4678168231247622 0.39722837411780604 0.07282402579327739 0 3.354923493094464E-8 -3.344586395485356E-8 -2.7638837887458382E-5
0.43228391685071293 0.3802988180284773 0.07026687195777441 0 3.5047925936000255E-8 -2.9099610035634974E-8 -2.7633684819585362E-5
0.5096255127299391 0.5106912413470729 0.08097857821614195 0 3.792108929186057E-8 -4.226923157475711E-8 -2.7628904508270245E-5
0.49005227512439575 0.44470401859070535 0.07629562530822705 0 3.418170361627271E-8 -3.7330478582633516E-8 -2.7638051922106655E-5
0.5354804188313992 0.5793968081607486 0.0867593250488703 0 4.643930555279146E-8 -4.320197137359447E-8 -2.7614248266040667E-5
0.6847900044003186 0.621834941224156 0.09999999999999994 0 5.3894669436005515E-8 -4.7534116595202665E-8 -2.7632080602752492E-5
0.5876935447112426 0.6161088910778022 0.09257893706827944 0 5.3874318719445525E-8 -4.184620774694902E-8 -2.761949444159375E-5
0.2968769596322443 0.26583446546620604 0.06049214663587174 0 1.7415997747828195E-8 -2.5261937458193858E-8 -2.7633151683330844E-5
0.22703812963746217 0.26409762190385 0.058370438456053005 0 1.8533378174080722E-8 -1.652779601234014E-8 -2.7642238759706986E-5
0.18890830540911197 0.18932922319802872 0.05555650018582656 0 1.67368606079501E-8 -7.893606637651028E-9 -2.7634790832938117E-5
0.10177697427875262 0.08834048795367637 0.05253956863179544 0 3.0859909182306453E-9 -8.471458524068172E-9 -2.7622759854280446E-5
0.13647605991683223 0.1435082568468913 0.053729825805134857 0 1.0181157838140576E-8 -4.901585808125086E-9 -2.7620856019771455E-5
0.14969050843762163 0.2592715660247786 0.05657975437506356 0 2.128112330351727E-8 -7.821502784401198E-9 -2.7643958900721548E-5
-0.5844196053235717 -0.07491703801282973 0.07115392026499065 0 -1.0247989908533202E-8 4.715972577810014E-8 -2.7632591039023705E-5
-0.7351410524947968 -0.060926854977285956 0.08231802271497875 0 -1.199991353608907E-9 6.065816969023971E-8 -2.761960749209533E-5
-0.6752473549062168 -0.060997662019661704 0.07752927755735102 0 -2.065676493582656E-9 5.4474770272537605E-8 -2.76300779706273E-5
-0.7962287177911108 -0.06074957956360477 0.08762354715881242 0 -5.960221693650008E-9 6.619035077511404E-8 -2.7613081237680348E-5
-0.8627884197170684 -0.055125093298773874 0.09385473111979895 0 -1.0202086056857969E-8 6.949290667846662E-8 -2.7616892386531215E-5
-0.9192838471164881 -0.10263764414409532 0.09999999999999994 0 -1.5613165985750304E-8 7.338365429524967E-8 -2.7618588686571067E-5
-0.5447672634209793 2.858524015158418E-17 0.06830049229574699 0 -4.879981043525979E-9 4.2578831321031776E-8 -2.763322641711066E-5
-0.4638591691868275 2.797468827787367E-18 0.06368112390889594 0 -8.308283104222148E-10 3.629077619750749E-8 -2.762847292615039E-5
0.04273067501608843 0.07401170016957923 0.051925849626185475 0 3.754454764559181E-9 -5.624674357680385E-9 -2.76322679555758E-5
0.04273873390329096 -0.07402565857166639 0.05192600533605054 0 -7.556319187496258E-9 6.017378459179912E-10 -2.763008405008578E-5
0.08580268905133058 2.7616060966210454E-17 0.05192915349305607 0 -3.745546425258456E-9 -5.786422490193592E-9 -2.7630991925592067E-5
0.07416648351753428 -0.042820039223696336 0.051927573540639343 0 -6.744785475578837E-9 -2.9393455404580304E-9 -2.7630236279220607E-5
-0.04299754043112494 -0.07447392462720538 0.05193102148339571 0 -3.986200983521379E-9 7.1788575382418685E-9 -2.7630144288814757E-5
0.07415950431437714 0.04281600977887487 0.051927495533993596 0 -2.5135947527542476E-10 -6.843865157998319E-9 -2.7631474027135785E-5
1.3904975238826412E-17 -0.08573627431625096 0.051928505242836896 0 -6.617184898784477E-9 4.683914224802876E-9 -2.7629732506562086E-5
-2.9796378738924766E-17 0.08577355466188762 0.05192886660175564 0 6.487902501755942E-9 -3.190513581987883E-9 -2.7632202960033595E-5
-0.22815732549244747 -0.13366956667415786 0.05546555293618704 0 -1.6700833290594692E-8 1.436634989902527E-8 -2.7624668229611478E-5
-0.27837086784154214 -0.12617379267311213 0.056793561369108604 0 -1.3525512289873934E-8 2.11040467729276E-8 -2.7634161419028013E-5
-0.15093740406319933 -0.09389909648308081 0.05329903073383901 0 -4.982288313036939E-9 1.2681753848745638E-8 -2.7609624311382853E-5
-0.19761019796705667 -0.10158906953187431 0.054303584925033135 0 -1.3792032913306352E-8 1.4623986696206521E-8 -2.7611561112621367E-5
-0.12619399745448537 -0.06614911525416545 0.052660410611162535 0 -1.4171701442428732E-9 1.2829778100681283E-8 -2.7618205289981675E-5
-0.07423701450489274 -0.042860760308234 0.05192836227840669 0 1.852182282879299E-11 8.337342994921967E-9 -2.7630512624549354E-5
-0.4277423899643161 0.06497482014443749 0.06209784320535729 0 8.184396806915207E-9 2.9499271552623123E-8 -2.762551079734078E-5
-0.33304413722574777 -0.06930677678439595 0.058055306373968225 0 -5.2631614009518565E-9 2.7382935446652927E-8 -2.7638208875393265E-5
-0.3847166606924661 9.345124501562139E-19 0.059881376808148805 0 2.14482316598076E-9 3.018789314802264E-8 -2.76368092492063E-5
0.3329058545937796 0.33325924236807375 0.06406157186555389 0 2.3228582327561628E-8 -2.6085746211261238E-8 -2.761235976485091E-5
0.49825230464030634 0.6040689738251999 0.08623250303750961 0 4.3791549941514845E-8 -3.802306067204741E-8 -2.7611903696356144E-5
0.3818998921620359 0.39282083230988174 0.06849211870683777 0 3.509604311254041E-8 -2.1613404376713962E-8 -2.762607612909648E-5
0.4314021965681312 0.42876752259718576 0.07244484890584979 0 3.565968563901141E-8 -2.9254490582934813E-8 -2.7637515998464873E-5
0.4723939921181883 0.5653277489130144 0.08223903081434109 0 3.896012118283901E-8 -3.935606793998793E-8 -2.7622332894104485E-5
0.44736034083495346 0.4974141441538552 0.07684191432450417 0 3.65797903055611E-8 -3.4725463292732363E-8 -2.7636415818038528E-5
0.5230354883414245 0.6422697488364204 0.0903707538749386 0 5.0751777140012424E-8 -3.4184584518141956E-8 -2.7612270237140217E-5
0.6177594130735138 0.6884753307245898 0.09999999999999995 0 5.8889830173870174E-8 -4.126164217560941E-8 -2.7627077557158932E-5
0.5518007966248653 0.6760563257947593 0.09465507346897212 0 5.566153822663351E-8 -3.434908720864131E-8 -2.7619661256198717E-5
0.2625418688185837 0.33648330779519714 0.06181290503458571 0 2.0808949434462033E-8 -2.0086598892625764E-8 -2.7631156201837123E-5
0.10763513709501461 0.3224957272318108 0.058047784011843594 0 2.5465803520657188E-8 -8.003460728063888E-9 -2.7643683265090614E-5
0.19231764390950024 0.3331039304431938 0.059877835485628014 0 2.42532680997681E-8 -1.5669240398367447E-8 -2.7641357224532325E-5
0.11136664405289663 0.19289268576805546 0.0543171535525474 0 1.7260250903360364E-8 -3.0468328169510955E-9 -2.7630646081356324E-5
0.07844894660138711 0.13587756131386042 0.05290437550856248 0 1.0151148137773138E-8 -5.503542673727615E-9 -2.7623798580016977E-5
0.03519829734560284 0.13784946141786306 0.05265706254873472 0 1.1329461619894264E-8 -5.218443168969568E-9 -2.7622763593052776E-5
0.06630901180929025 0.2508565357105051 0.05531869953262273 0 2.303922374722564E-8 1.0649869339730685E-9 -2.7633922183645745E-5
-0.017053837843317182 0.27836069099312905 0.05590951428308119 0 2.003872761672976E-8 8.306011840637427E-9 -2.763453901034381E-5
0.011677278178983168 0.25977319628253465 0.05533524160416193 0 2.095627336230631E-8 7.418191469430763E-9 -2.762885051412754E-5
-0.036475279191632355 0.1302798698937502 0.052547520741153056 0 9.44691764359764E-9 1.7852315468164125E-10 -2.7624154501110285E-5
-0.004334214649360648 0.15163914092247652 0.05281372846092682 0 1.1259670001976636E-8 -3.1790687244630236E-9 -2.761883498667584E-5
-0.5548238392163805 0.07638757137486699 0.06925704553616709 0 -4.6494914810561885E-10 4.1151832527278396E-8 -2.763057072703367E-5
-0.6361392415232946 1.3179599374821288E-17 0.07441207081886599 0 -3.6595768370355576E-10 4.956554291691305E-8 -2.763667430244421E-5
-0.7353276040989696 1.376885046738379E-19 0.08212306732579755 0 2.5611748263706677E-9 5.721638950836335E-8 -2.7624306664772208E-5
-0.8245744171037558 1.994957568951944E-17 0.09002147282184524 0 -3.2276816440567494E-9 6.410067785516541E-8 -2.7618301909310376E-5
-0.9249999999999996 -3.487031299242896E-17 0.0999999999999999 0 -6.943391933491517E-9 7.195656932093182E-8 -2.7624869241973575E-5
-0.6215823870108426 0.05940809814964494 0.0735747228508592 0 3.1345194781389526E-9 4.722756767189125E-8 -2.763648001167914E-5
-0.5039157942187592 0.07056797810116018 0.06615707446286308 0 1.5513672593064316E-10 3.471898480041526E-8 -2.76220836117708E-5
-0.4742240483662385 0.11256694280313873 0.06494853319711702 0 6.9854321304940395E-9 3.463330344501634E-8 -2.7609683879298825E-5
-0.4362515368769683 0.13236424219261794 0.06326633817399899 0 1.47973913605693E-8 3.4928087329472144E-8 -2.761515357907848E-5
-0.3689420167821231 0.1279817916152874 0.06013540062401418 0 1.3618221313434577E-8 2.8623661127221503E-8 -2.763326393357504E-5
-0.40020050920329836 0.18553375498639205 0.06251643484045978 0 1.6681441550995317E-8 3.331211561808745E-8 -2.7628761587242036E-5
-0.11902524067374867 0.3280525016025783 0.058398241089487615 0 2.4235146005151246E-8 8.582817760973623E-9 -2.7643666232256083E-5
-0.278960464150049 0.23105339123962187 0.058930977919053947 0 1.8792193395050098E-8 2.0941733471504375E-8 -2.7639463187375527E-5
5.529796886260846E-16 -9.523255661324038E-16 0.05151308386343702 0 -1.0064642551126801E-10 7.442381215611212E-10 -2.7639551320410526E-5
-0.043042879691499385 0.0745524545297515 0.0519319033593881 0 7.421849887634366E-9 8.825435912882611E-10 -2.7632226848585864E-5
-0.24680219676358373 -0.07209570484822997 0.055249906628573604 0 -1.2340930335334109E-8 2.0392718335657318E-8 -2.762858104683225E-5
-0.1740533791739203 -0.0457943921612332 0.05334383022045102 0 -5.042670824960213E-9 1.7233917664865327E-8 -2.7616952145401447E-5
-0.12783259126111418 -0.033275347967647695 0.052499203818416273 0 2.6466549566836976E-10 1.2525732886183225E-8 -2.7622487662984258E-5
-0.08544796042127181 1.2633032021521531E-17 0.05192572029476935 0 3.518632064023263E-9 7.266281816679059E-9 -2.7631362614884222E-5
-0.33947513674739144 0.06240362523718613 0.058248486325065116 0 5.286253862053832E-9 2.547821167704897E-8 -2.763992142375836E-5
-0.30816555573663146 0.12979030410922676 0.05783416263257108 0 8.766331648477524E-9 2.4560638789630148E-8 -2.7639434473586043E-5
-0.22695325756190307 0.2565120405768185 0.05814491145404571 0 2.0708912127243287E-8 1.8497528098436025E-8 -2.7642780997252E-5
-0.25569422992480956 0.1801064295667739 0.05704280655464759 0 1.132921562114884E-8 2.261952863590429E-8 -2.7639022585340012E-5
-0.07471068043782807 0.26158647648355277 0.05569656348774581 0 1.63628615410693E-8 1.113706050268766E-8 -2.7637532449638734E-5
-0.15073713287945018 0.26108437273446883 0.05665087411303693 0 1.8353521402406884E-8 1.4953529804334438E-8 -2.7644400864938718E-5
-0.0793293077376864 0.13740239153093972 0.052935779499837216 0 1.049436634038611E-8 6.692842010471284E-9 -2.7623829296647656E-5
-0.299396714946573 6.0549876586637245E-18 0.05658028588283899 0 -3.2484438307729017E-9 2.3671470173668887E-8 -2.764049356351977E-5
-0.39181543828090004 0.55445735722153 0.07760084140770424 0 4.531792577704292E-8 2.9594820346115576E-8 -2.763808351472527E-5
-0.42125713605646403 0.6077940464059373 0.08247265847688973 0 5.118211339819914E-8 3.197772921249896E-8 -2.7628025266679584E-5
-0.4499036574234317 0.6597655574984553 0.0876254316161508 0 5.3496153355200187E-8 3.8759578348770404E-8 -2.762247891281367E-5
-0.4789401191209052 0.7197628636157833 0.09385470752197607 0 5.422088902907371E-8 4.433334563354673E-8 -2.7626791592275577E-5
0.30693864167133966 0.4042133776050551 0.06608285286906407 0 2.927839364743375E-8 -1.5990400180631862E-8 -2.7627817268288843E-5
0.45341996389119593 0.6343388790419371 0.0859386615701075 0 4.365188813516512E-8 -3.192657262601084E-8 -2.762039572744536E-5
0.36186279370904106 0.47199806236141656 0.0715259330567936 0 3.670754019507171E-8 -2.2452840199737378E-8 -2.764000080686445E-5
0.400949758946052 0.5652131577221655 0.07869394977656127 0 3.9589296052125626E-8 -3.1323764911056866E-8 -2.7635655102729546E-5
0.4904238791693691 0.6985151762406319 0.09277567976728547 0 5.341773931323652E-8 -2.9282122050376748E-8 -2.762341762075154E-5
0.5485314952955888 0.74480230687788 0.1000000000000001 0 5.894537850658965E-8 -3.2888953389875904E-8 -2.76294426014173E-5
-0.157502577302292 0.4062797025959702 0.06224976286168574 0 2.882653644954317E-8 7.916692715389426E-9 -2.7629410761727626E-5
-0.04439277195221168 0.328710102628296 0.0577329050528648 0 2.4573931843690542E-8 5.3672208389394755E-9 -2.7642369189424377E-5
0.025557696189703685 0.3104658173674805 0.05699894508193312 0 2.438664776284922E-8 2.2917716489191818E-9 -2.7640588234356244E-5
0.05891091878969271 0.3561813785904501 0.05888183035860122 0 2.675422212109548E-8 -5.129599572109643E-9 -2.7641248299672983E-5
-0.07539656272461737 0.3826387268002811 0.060112744280339386 0 3.0585981597740726E-8 3.0729088788661768E-9 -2.7637016069855773E-5
-0.19156331121345582 0.4731617410648756 0.06625147072173321 0 2.9478643188938306E-8 1.7759901629208465E-8 -2.7627800578748942E-5
-0.31860245148696237 0.5518356333914171 0.0744889558881298 0 4.204227344488688E-8 2.5569571864283844E-8 -2.764405852217785E-5
0.23188989210585279 0.40164507488900236 0.06367695651733306 0 3.098769751156097E-8 -1.6162987779217494E-8 -2.7633857639477995E-5
0.18545604713463834 0.43047399478074116 0.06393784680976809 0 3.723991841122309E-8 -1.5207999332712404E-8 -2.7628313222809164E-5
0.15384627156060351 0.3839117365891883 0.06118533303935759 0 3.026391626523458E-8 -1.5468886422938047E-8 -2.763435477548744E-5
0.08567704016096148 0.3934342712802923 0.06068036954612458 0 2.8217670918862862E-8 -1.0235625459004652E-8 -2.7633836144809533E-5
-0.04746651353754765 0.1829715324610284 0.053532622158623755 0 9.7747461124361E-9 5.005138989953087E-9 -2.7619573905612785E-5
0.01717373484524668 0.1662656573333219 0.053092157016808576 0 1.4365792616600406E-8 -3.427881220810242E-9 -2.761625073799802E-5
7.833096257776418E-4 0.19069362679459012 0.05356840441819727 0 1.4588743546288011E-8 6.179128586687059E-10 -2.761168183347789E-5
-0.014253461472862217 0.23459230484404994 0.05463523466770248 0 1.5677395936413858E-8 8.890660565199446E-9 -2.7620366630378722E-5
0.04520143550094837 0.1841851235528076 0.053545944108146816 0 1.827184934672796E-8 -2.0973032296153754E-9 -2.761891549080559E-5
0.017981432514459814 0.22651294475696923 0.05443142027174295 0 2.0170712439305442E-8 5.50947956301697E-9 -2.761808158706759E-5
-0.4509389353459413 0.18062953941108667 0.06485872161226297 0 1.4083724084772743E-8 4.09538819340796E-8 -2.7621042777131506E-5
-0.43855507291261625 0.22078311851591842 0.06514753629020965 0 1.538159050017633E-8 3.8091808838093414E-8 -2.7629492897667898E-5
-0.5430568755805911 0.1088667628343709 0.0688662273363696 0 6.132255381659153E-10 4.1354934888887864E-8 -2.7625873399463193E-5
-0.5075730010734566 0.12513873893141766 0.06697106660603608 0 2.1304172811592937E-9 3.996579634523567E-8 -2.761518368800977E-5
-0.4876818695036711 0.16005919777938846 0.06641416297022892 0 7.806026839620263E-9 4.3803678086657535E-8 -2.7615874736698036E-5
-0.5817364775186938 0.11498204866540508 0.07140762999266016 0 3.6515472293426554E-9 4.5002255581188434E-8 -2.7632832006222773E-5
-0.6893460495224288 0.06354738512595376 0.07863780818203957 0 8.08811380901128E-9 5.1464606926998024E-8 -2.7629294402046825E-5
-0.7599167871431189 0.060700756349994105 0.08441733903220823 0 6.73274643617539E-9 5.514660640976812E-8 -2.7617336761022646E-5
-0.8184909839211809 0.07533925376340878 0.08977629762126756 0 1.9786663867188177E-9 5.95946179927492E-8 -2.761245919602792E-5
-0.8641324069088798 0.06217499425579329 0.09403348687291993 0 -1.5032787884428604E-9 6.45452724402754E-8 -2.7617665736653833E-5
-0.919284810212244 0.10262901652303173 0.09999999999999994 0 1.7015009842234686E-10 6.963737843759517E-8 -2.7620901317322253E-5
-0.7200856347104291 0.1275637570102766 0.08178787314202204 0 1.5722089225488E-8 5.500320410896901E-8 -2.7618182869595865E-5
-0.6366216770914513 0.14805650423757327 0.07568897320024312 0 1.1968968506993777E-8 4.978562793951395E-8 -2.7633795086808605E-5
-0.5083123257938114 0.6756675576578803 0.09200745306162258 0 5.0856697990851005E-8 4.6782290780785615E-8 -2.7618504702999756E-5
-0.5084523869045262 0.6310249340793687 0.08870435188239581 0 4.8520662607927E-8 4.281596605177347E-8 -2.761120633525043E-5
-0.5485031394581954 0.7448231888659755 0.09999999999999998 0 5.477674630965377E-8 5.081931913343844E-8 -2.76292169767432E-5
-0.47303326379715877 0.5791284533565413 0.08316905076856485 0 4.870688481856722E-8 3.343667737245207E-8 -2.7619699379116382E-5
-0.45509595152323223 0.4866404390645807 0.07663670286639768 0 3.792500064994705E-8 3.425195877011252E-8 -2.763704396007884E-5
-0.4180330375357138 0.4186106610386911 0.07131407766744807 0 2.786005169630998E-8 3.691848550440802E-8 -2.7635824517521928E-5
-0.35805699391726126 0.4725541821277961 0.0714004969823895 0 3.534367109595925E-8 3.260567597633481E-8 -2.7640279513441326E-5
-0.3304177610769968 0.2075632873895256 0.060121873146272396 0 1.718453543604877E-8 2.4754628501167884E-8 -2.7636791876412666E-5
-0.3986677525588505 0.2551376793832065 0.06418286265211677 0 1.7034854087929153E-8 3.0552642725926454E-8 -2.7630025878256706E-5
-0.19326570388917413 0.3347460184966116 0.05996054906425581 0 2.6640633255451917E-8 1.3737721216142498E-8 -2.7641482671336312E-5
-0.2326279902659774 0.402923498403311 0.06375456788963607 0 3.0376984753780936E-8 1.939540671033216E-8 -2.7634279416412903E-5
-0.2730034360466582 0.4728558218736924 0.06837705113188595 0 3.3679786435263284E-8 2.6042245482934963E-8 -2.7639914093294466E-5
-0.30165136280488025 0.41841452971898935 0.0665620091821718 0 3.2661170384517044E-8 3.0234078575578114E-8 -2.763154251442723E-5
-0.2982294435153453 0.2720284218761083 0.06072614652584282 0 2.394800136289725E-8 1.9770377432799358E-8 -2.7631903943576662E-5
-0.28071917465641966 0.3771430143239578 0.06401358518053687 0 3.260764255653418E-8 2.5349210130519265E-8 -2.7627617618932568E-5
-0.25621859628623345 0.3266156402995803 0.061257118437086824 0 2.9518178597254337E-8 1.893640155529659E-8 -2.763336791280154E-5
-0.07427627943517316 0.042883429926301085 0.05192880169730083 0 6.561940806115186E-9 4.49319408061283E-9 -2.7631775102488937E-5
-0.10192189467460559 0.10267269443312377 0.05269596908601702 0 1.0946169609278566E-8 7.838930050520924E-9 -2.7622175847556383E-5
-0.22270343343645202 -2.7398019802337882E-17 0.054316401779706945 0 -5.391276010717487E-9 1.7828868075478412E-8 -2.7628176689090995E-5
-0.1568744501142894 1.9427769320198104E-18 0.05290395974586273 0 1.918594217172488E-10 1.2761803468659462E-8 -2.7622135675800528E-5
-0.1333037269353432 0.03517105967265549 0.05258728793055297 0 5.180327481323992E-9 8.754187059928792E-9 -2.7622372254037675E-5
-0.2668792736165403 0.06671487334767572 0.055790773586017584 0 -4.643642030947067E-10 2.0485552067510146E-8 -2.763517128500846E-5
-0.25161809751440434 0.1255049475699697 0.05598231997151887 0 3.684618934537E-9 2.206223279074984E-8 -2.7632938182387296E-5
-0.2204702956430696 0.1429341155499399 0.055415459742855375 0 5.169014041775496E-9 2.2477889399682272E-8 -2.7628050309311642E-5
-0.18350196867475072 0.18844743574056294 0.05542383280391714 0 1.2011681360210114E-8 2.0765960101718015E-8 -2.7634526945200345E-5
-0.1122914677939212 0.19449452747555573 0.054363926326504504 0 1.2108016633225139E-8 1.3985806822774196E-8 -2.7631054221731878E-5
-0.13865734030206042 0.13413724110678021 0.05361667711440056 0 1.155748192919385E-8 1.5712895791983174E-8 -2.761881660057869E-5
-0.3679940573528883 0.637384404218618 0.08217817873449762 0 5.000470699785489E-8 2.6957677982409447E-8 -2.7632691267565845E-5
-0.4124740638930545 0.7144260354671818 0.09005646238462257 0 5.29639346467992E-8 3.5494985536563264E-8 -2.762771627753477E-5
-0.4625000000000002 0.8010734985006057 0.09999999999999998 0 5.780874475588932E-8 4.2662602930144914E-8 -2.7635333079476935E-5
0.41227210451772545 0.7140762315680472 0.09001864521731297 0 5.592862890302523E-8 -2.7429671696414203E-8 -2.7627842975437082E-5
0.27234892372669683 0.47172217328134014 0.06829621029644013 0 3.830110482990859E-8 -1.5688000897066298E-8 -2.763944351568292E-5
0.36764043700660404 0.6367719158122639 0.08211917016769554 0 4.7242232232561394E-8 -2.9108487221313862E-8 -2.763273450914764E-5
0.31803615984503875 0.5508547874957042 0.07440724687637126 0 4.209964624510844E-8 -2.2971449319127083E-8 -2.7643840283719548E-5
0.46250000000000013 0.8010734985006064 0.09999999999999999 0 6.446505353707135E-8 -2.793428793173002E-8 -2.763540879372336E-5
0.3836506929290541 0.7746515411716932 0.09384509082801112 0 6.422639483820824E-8 -2.4022311251722196E-8 -2.7627850330593412E-5
-0.14030890931253803 0.4679836164169959 0.06501280116403946 0 3.2695509134400355E-8 1.2089151018997452E-8 -2.761478864034808E-5
-0.10294114607188212 0.4464085827438704 0.06338188130081227 0 3.725144164277434E-8 5.315173380833923E-9 -2.761900789322037E-5
0.013052198219917906 0.38970549808144683 0.06010955939350729 0 2.9275531710960115E-8 -1.8756045268528033E-9 -2.763959749730688E-5
-0.04037960269203984 0.44085703180834646 0.06259577733066987 0 3.68347658794507E-8 2.705882203355258E-9 -2.763216089057413E-5
0.06533055038853267 0.4354649165439312 0.06247764990259344 0 2.9110073627643335E-8 -6.726241994191399E-9 -2.762856111373226E-5
0.21079455863719812 0.4693257584201238 0.0664848367230654 0 4.152998959660343E-8 -1.272458740656633E-8 -2.763220718298774E-5
-0.2117215867706234 0.5198781223671348 0.06933829044213057 0 3.459839426427299E-8 2.1541067032335862E-8 -2.7636898217444102E-5
-0.1460434120132441 0.503264073058023 0.06704541835555092 0 3.492102320085518E-8 1.870796912470146E-8 -2.762090162081829E-5
-0.17773060720916653 0.5259463281585314 0.0689480477972893 0 3.5386684254249184E-8 2.059478756342067E-8 -2.763190996125161E-5
-0.2900329026458535 0.6297052539110424 0.07871782471366953 0 4.784038239352047E-8 1.9253212213568457E-8 -2.7636817546906354E-5
-0.2598642375444073 0.5690891545970852 0.07365958600480058 0 4.1745791806934214E-8 2.1313568796509982E-8 -2.7643482541360998E-5
0.1498593825176401 0.45279307874260616 0.06437801254812758 0 3.8562550723704396E-8 -1.2714866721847323E-8 -2.7617641494512946E-5
0.11053788187593885 0.4306223745782792 0.0626902062642271 0 3.107762720722591E-8 -1.2706881266685514E-8 -2.7621852442662748E-5
-0.4490633670822637 0.26293361409508886 0.06682964731028329 0 1.59231781091812E-8 3.728379446241266E-8 -2.7633753018738884E-5
-0.4300985673768074 0.3012630280350379 0.0671100012724704 0 1.690538196590081E-8 3.409590730560553E-8 -2.7631722418300006E-5
-0.49761740681994665 0.2259943198914076 0.06840949555720777 0 1.3351740401800738E-8 4.384823162168433E-8 -2.7633117581971816E-5
-0.5518948161465873 0.17422255470543743 0.07046196471921622 0 7.361643357775244E-9 4.642605601449602E-8 -2.763117612519905E-5
-0.4324706598932548 0.35955969358955997 0.06940707877592157 0 2.0468239082826096E-8 3.615955107792558E-8 -2.7632755784026416E-5
-0.7940808377677345 0.13178185399490336 0.08820577601429047 0 8.670077400910424E-9 6.094811392838127E-8 -2.7603590746916696E-5
-0.8565041007211139 0.12935729823844902 0.09401883827528355 0 2.2940520997283826E-9 6.611826063309766E-8 -2.7611931368083707E-5
-0.9051192255768065 0.19074632675980735 0.09999999999999998 0 7.465946248941787E-9 7.385762414333843E-8 -2.7620510631121056E-5
-0.7583678808155521 0.178257805309045 0.085877514601274 0 1.6446221603615595E-8 6.268654674862899E-8 -2.7611266001328342E-5
-0.6170663609123308 0.222189336538271 0.07585507468331582 0 1.724710384354971E-8 4.882120408537193E-8 -2.7636385943061748E-5
-0.6972424057138269 0.20430689657176623 0.08139617396721441 0 1.940336048123182E-8 5.5771735825141437E-8 -2.762554817702542E-5
-0.5596851197575441 0.6634042603718276 0.09419033697962355 0 4.577689001192251E-8 4.9674271803239566E-8 -2.7618549377953718E-5
-0.5445828559277583 0.5931276201062036 0.08823074690283748 0 4.14678497549469E-8 4.112243451502467E-8 -2.761327292247607E-5
-0.6177328508859395 0.6884991641819085 0.09999999999999992 0 4.613151978086084E-8 5.2948677805798324E-8 -2.7627026712183665E-5
-0.5240933648557363 0.5322322969179639 0.08310069903157469 0 4.0799594320634566E-8 3.620133575668599E-8 -2.7624130702167525E-5
-0.482008368592271 0.40269833860051546 0.07383556549613608 0 2.8518310918375247E-8 3.8422751917834674E-8 -2.7639707083811706E-5
-0.5228737105474611 0.469403410425903 0.07945982017150148 0 3.6898740073377784E-8 3.8484934196367346E-8 -2.763397057982861E-5
-0.3178442209190435 0.3574692689417035 0.06445327462614317 0 3.10906113159324E-8 2.803477601530156E-8 -2.761626050724447E-5
-0.3668515165065182 0.391453181331997 0.06779342734587494 0 2.5833402217929685E-8 3.620800586398018E-8 -2.762328664116262E-5
-0.37474174799433474 0.32521524057353407 0.06543736846884436 0 1.9018431399812363E-8 2.769411737000679E-8 -2.7617068471614812E-5
-0.3445240713159381 0.2767146512083848 0.0625551726814487 0 2.124523933985569E-8 2.2246105312125603E-8 -2.7625622084329E-5
-0.31825267387856393 0.31228528282505885 0.06275542647814246 0 2.7448757742920073E-8 2.1131448834615057E-8 -2.761970534035391E-5
-0.13208776332768443 0.07040426877471616 0.05277929135503948 0 8.935173558528932E-9 8.430573904257567E-9 -2.7618214963040904E-5
-0.13558426904309848 0.09984465055515283 0.05311549222562181 0 1.0942218000460432E-8 1.1419036825229804E-8 -2.7615381255284212E-5
-0.18433654548332082 0.04822270923057056 0.05356505347436668 0 6.60164345008086E-10 1.1473658349283963E-8 -2.7618369869296387E-5
-0.2141365218541703 0.10501643106435352 0.054728299370409676 0 5.646262531160068E-10 1.8756581602304535E-8 -2.761990227494672E-5
-0.18680865935078547 0.12991541986645883 0.054439563423197654 0 6.0165195369633185E-9 2.073336198274686E-8 -2.761716708983604E-5
-0.1657690318723488 0.09663028560186346 0.05359396061230915 0 7.364225494602592E-9 1.3585464504443071E-8 -2.7610119416843447E-5
-0.3275435087421515 0.689022237889938 0.08446715933764735 0 5.01751263722526E-8 2.233581040464859E-8 -2.7625711168940422E-5
-0.3440235561346144 0.746753392646391 0.089798396197132 0 5.1580170458759315E-8 2.861976261917227E-8 -2.7621504175517967E-5
-0.3781299746230488 0.7796968295885027 0.09405159466762453 0 5.4163940921350786E-8 3.420087776201316E-8 -2.7627263725965865E-5
-0.37078556224583165 0.8474286657041803 0.09999999999999998 0 5.9330687027104445E-8 3.537036909462753E-8 -2.763096399419552E-5
0.33139114289377414 0.7785556133621918 0.09206768166444738 0 6.479679373127745E-8 -1.9905277354408367E-8 -2.762027008622505E-5
0.3464548928541494 0.7191482470167311 0.08759713317592265 0 5.911810130703651E-8 -2.6295493531276243E-8 -2.7623504091990456E-5
0.31546555307223767 0.6681703741372863 0.08242156072081934 0 5.209556742891922E-8 -2.7583028002882644E-8 -2.762922578886805E-5
0.22784343961994072 0.5451094489255655 0.0712614275403811 0 4.496305198410161E-8 -1.3413951988510104E-8 -2.764097612749682E-5
0.28413345033548576 0.6165726819630529 0.0775980862421621 0 4.7241087709569734E-8 -2.3723411227271263E-8 -2.763895057214352E-5
0.290977677915208 0.7546407636986492 0.08855875058870188 0 6.004871296999852E-8 -2.000120371792902E-8 -2.761322126163914E-5
0.37075219693550476 0.8474432642497914 0.09999999999999995 0 7.003100621838281E-8 -2.1159136568419397E-8 -2.7631124790413002E-5
-0.10596501162257625 0.5041773372256164 0.06652572871029448 0 4.090178369577363E-8 1.5787149498611767E-8 -2.7621015281943153E-5
-0.07102778036707863 0.4813038479979327 0.06489977746314218 0 4.193117872947771E-8 9.031930090831994E-9 -2.7624910056205177E-5
0.019795838688718658 0.4703114259817324 0.06404440608297313 0 3.4005055144053166E-8 8.982330481260177E-10 -2.763332396123744E-5
-0.028427878816465992 0.4894039605592073 0.06510500934199118 0 3.978701387771455E-8 6.074251288692494E-9 -2.763326027185934E-5
0.09307018049889713 0.4870154223859189 0.06541754354915294 0 3.239945015607075E-8 -2.212734223047347E-9 -2.761973941633389E-5
0.15223360853370174 0.5114589799667827 0.06762073099832455 0 4.29481658084912E-8 -3.5506306836458154E-9 -2.7623817852897842E-5
-0.19168892528151515 0.5624523066487594 0.07149027116733256 0 4.009808346859283E-8 1.9754347885328247E-8 -2.7639216736354833E-5
-0.12546868182070262 0.5661421054611622 0.07053660282173835 0 4.309864162245556E-8 1.727794634047E-8 -2.763685087490756E-5
-0.25001651455608004 0.6877574831582879 0.0818288600417976 0 5.458024421302779E-8 1.4449058924101603E-8 -2.762576047891272E-5
-0.19051431605916905 0.626194724144322 0.07575740850014469 0 4.833960232421364E-8 1.5007874466832958E-8 -2.7640437645668576E-5
-0.496968869184538 0.31115828345845903 0.07096354188096898 0 2.028490698845935E-8 4.025920877453412E-8 -2.7640186561970587E-5
-0.5531916805568735 0.25483900449276115 0.07250231820116239 0 1.7436576265827288E-8 4.528319943593229E-8 -2.7639258058464775E-5
-0.8285501209973593 0.21135039229984 0.09293041569195869 0 1.1174377081748294E-8 6.977792190229488E-8 -2.7616053526645665E-5
-0.8809225682293763 0.28211960771987943 0.09999999999999996 0 1.5339815708378254E-8 7.265277636573865E-8 -2.7627792060026462E-5
-0.7578216461505274 0.23114048963723496 0.08705889216020636 0 1.7918586432048193E-8 6.26018694578481E-8 -2.761912480664791E-5
-0.5442886348821633 0.36830034160648034 0.07595460109733419 0 2.931580096167959E-8 4.194313823270991E-8 -2.7638631686174436E-5
-0.6102329054490169 0.29533181001281994 0.07752504764743703 0 2.487790819408657E-8 4.580422715216057E-8 -2.763481869253768E-5
-0.6672358697757713 0.2726523999513782 0.08092297245691278 0 2.3052754730536545E-8 5.00536326028804E-8 -2.7629085057114973E-5
-0.7250638207162802 0.2644091498704253 0.08523826785223539 0 2.0688275936390835E-8 5.654201888901706E-8 -2.7623397807952296E-5
-0.6071515389330133 0.6092519905512257 0.0934219469334025 0 3.961728315288417E-8 4.9386466598548506E-8 -2.762275376823076E-5
-0.5735399527378838 0.553508622043815 0.08749015204644302 0 3.8659934571342036E-8 4.269968268867413E-8 -2.7621437276607317E-5
-0.6847646792234087 0.6218628292777222 0.09999999999999995 0 4.093410521818361E-8 5.701666196144161E-8 -2.7632251456608552E-5
-0.5770660846669927 0.4836246905463882 0.08360849061752018 0 3.796642002088343E-8 4.401370378095473E-8 -2.7628178943419954E-5
-0.5580584193120216 0.42548332869284067 0.07938775238593494 0 3.51093275537773E-8 4.2597340371743196E-8 -2.763387168018941E-5
-0.28374056147924315 0.7514739211838952 0.0880520415280374 0 5.585275786425158E-8 2.3282548394226857E-8 -2.7612241491724037E-5
-0.3165497745723784 0.8071051679018629 0.09409208829712741 0 5.7542190457907845E-8 3.183261212529634E-8 -2.7621379561518228E-5
-0.28739394850298333 0.8792210714939998 0.09999999999999995 0 6.661442412345159E-8 3.118991524628689E-8 -2.7630133227325376E-5
0.29491717071644896 0.8166669280321706 0.09422261270086467 0 6.461342321498696E-8 -1.3961487553139052E-8 -2.7621285137346214E-5
0.15199695343335898 0.5713443637747507 0.07128864354870555 0 4.476978014657061E-8 -5.0382878984755964E-9 -2.7637958421674608E-5
0.2647361318881631 0.6988930987695543 0.08313425830297129 0 5.211775387013658E-8 -2.4982733494246015E-8 -2.7621837522222133E-5
0.19363779692619498 0.6392946953673742 0.07676490405819379 0 4.7726010591519705E-8 -1.522710511761883E-8 -2.7639123648774685E-5
0.23873623781901862 0.7680602578468166 0.08814793343306232 0 5.499792078617791E-8 -1.4471546956451432E-8 -2.7616497061627543E-5
0.28735785633849587 0.8792328678266585 0.09999999999999996 0 6.767324928874364E-8 -1.2755741376793806E-8 -2.763025140297008E-5
0.045020558010702406 0.5239593119206281 0.06715619876796416 0 3.716418837885426E-8 2.9539488228578716E-9 -2.763529469853205E-5
-0.05203180167969757 0.5443357511275837 0.06842717285738563 0 4.383062646559615E-8 1.0712558310910098E-8 -2.763785152560242E-5
0.00125333399408392 0.5186888782774369 0.06673044987207258 0 3.946270835226817E-8 5.400121264075372E-9 -2.763735827469831E-5
0.09263905094403112 0.5551170207203664 0.06943102413110942 0 4.0660075397539583E-8 8.556319557741823E-10 -2.7636123247917068E-5
-0.22520922840433807 0.7458968973346561 0.08588793599516027 0 6.163240076601557E-8 1.7742712396804594E-8 -2.7619306298842394E-5
-0.056365569894855645 0.6123374883168232 0.07290850863136553 0 4.745408089086586E-8 7.632321286899289E-9 -2.7644542298250612E-5
-0.11459365381122652 0.6489796043007032 0.07609123122821615 0 5.018613082101556E-8 9.726337407227316E-9 -2.7642337484519203E-5
-0.17201424223952635 0.7059350940103869 0.08139872432652714 0 5.70372738807011E-8 1.1761667766632492E-8 -2.7632775079898327E-5
-0.5619648707592039 0.31624700130713346 0.07504348009682706 0 2.4956928529493706E-8 4.348873680042967E-8 -2.763925470138457E-5
-0.7888004165309431 0.29037609645717466 0.09153149855841576 0 1.7988841876614745E-8 6.297734650374703E-8 -2.7622736081337193E-5
-0.8437609348289447 0.37906778281416026 0.09999999999999995 0 2.1207547176353475E-8 6.634873435999834E-8 -2.7627593570485435E-5
-0.6064827120561797 0.3683452405387546 0.08001332460787643 0 3.328109737047365E-8 4.511980519418818E-8 -2.762834910843174E-5
-0.6554904399290363 0.3258387756938692 0.08184700708932659 0 2.819347649195322E-8 4.678178677620596E-8 -2.7623980894631605E-5
-0.7173789460644423 0.321865662586802 0.08652046298759287 0 2.3038918121776774E-8 5.244554526027235E-8 -2.7619143284324653E-5
-0.6465139113454262 0.538316822314734 0.09160194260007758 0 3.775657676055632E-8 5.35064337203965E-8 -2.7626071701098366E-5
-0.7501326501074496 0.5412263004122692 0.09999999999999996 0 3.69957979408534E-8 6.508824865139995E-8 -2.762975615791596E-5
-0.8010558185062641 0.4625204886241073 0.09999999999999998 0 2.8548677496439604E-8 6.641466940073814E-8 -2.7624064780162295E-5
-0.6328963674406779 0.44705014677999644 0.08550954643040555 0 3.7649681730041475E-8 5.1960051162374214E-8 -2.7620615401606942E-5
-0.2313025414788286 0.8233581280344338 0.09294490463014164 0 6.497655325517143E-8 2.5891409589516086E-8 -2.7624717923224347E-5
-0.19616860770583666 0.9039546015730862 0.09999999999999994 0 6.9472580724015E-8 2.3799354340556655E-8 -2.7636831380223587E-5
0.2216527773738334 0.8287572231622684 0.0932031971273528 0 6.121379394444266E-8 -8.815333003521424E-9 -2.762631478007026E-5
0.10414931811684251 0.6209165315731189 0.07394244219969823 0 4.6664062935409096E-8 -4.830367347391909E-9 -2.7643180112175265E-5
0.1942511971230704 0.716812779625243 0.08273823779707914 0 5.0632966719488423E-8 -1.6235685249415213E-8 -2.7628287002461548E-5
0.14442364609626682 0.6895139486023729 0.07960445430492032 0 5.086253644900844E-8 -1.2159438702572212E-8 -2.763727935859761E-5
0.1913914876174544 0.7797285375111098 0.08801717214843206 0 5.5835495807930074E-8 -1.0865196073370169E-8 -2.7625374540045534E-5
0.196130597538861 0.9039628493277602 0.09999999999999998 0 6.849910503194162E-8 -6.1248353965969855E-9 -2.763695076487733E-5
0.020086990102898373 0.582926818943489 0.07076019404513119 0 4.3857867465092274E-8 3.386377716841802E-9 -2.764411965860504E-5
-0.17894546311077822 0.7718277883825889 0.08706002927260566 0 6.207336502656548E-8 1.641016392808433E-8 -2.7626881999218225E-5
0.04599891718688658 0.6542488180254783 0.07585611859697282 0 4.9928274176557894E-8 -3.82031675413869E-9 -2.7643116532156743E-5
-0.007855133722757698 0.6491499078369714 0.07536310530979572 0 4.952863893320484E-8 2.8242755310398886E-10 -2.7643712659372463E-5
-0.13380906082414654 0.7600240739879767 0.08523325950883376 0 5.835820207621921E-8 1.099582521309608E-8 -2.7630622239071535E-5
-0.04850890629174576 0.6781878024575423 0.07767733236817918 0 5.127206580452446E-8 1.6932283673573853E-9 -2.7640167295354635E-5
-0.09794458893422112 0.7138796015511557 0.08090449857215169 0 5.387515511527811E-8 5.68578393650096E-9 -2.7635645606400045E-5
-0.7603438011582597 0.3738096376808479 0.09217483686370775 0 2.1715680659198224E-8 5.845948342043137E-8 -2.7616843285413346E-5
-0.6767294999436547 0.3833870641168077 0.0857669286165472 0 3.171391097904664E-8 5.060138555008969E-8 -2.761010469720539E-5
-0.7186415188607147 0.46354605628657686 0.09293928953994947 0 3.158102302214278E-8 6.234705136870677E-8 -2.7616988943941242E-5
-0.14285595486183847 0.8282574032154251 0.09152546819348935 0 6.243833776051781E-8 1.6569638257230535E-8 -2.763063269583752E-5
-0.09363126894349026 0.9202489260084377 0.09999999999999998 0 6.689037065165231E-8 1.5577412618701426E-8 -2.7635792237277292E-5
0.09361324045256657 0.9202507597854978 0.09999999999999996 0 7.355408263694595E-8 1.2922351710874663E-9 -2.763589462530778E-5
0.14341620299378274 0.8294494640794721 0.09164675622284839 0 6.404426141056758E-8 -5.252332458304042E-9 -2.763080282530715E-5
0.08739963386816947 0.6969472503405287 0.07943927986118828 0 5.361761128357799E-8 -8.549548670785306E-9 -2.7637930719023616E-5
0.1332242410665833 0.7460807458646898 0.0840331591986956 0 5.6286436432458255E-8 -1.0176050891154576E-8 -2.763177160126032E-5
0.011531729957052445 0.7092408490309093 0.07999382505294728 0 5.456476739915437E-8 -5.388675471365217E-9 -2.7633440425896573E-5
-0.08028628936017151 0.7814679591465112 0.08645850584417021 0 5.586193784149288E-8 6.794739360266671E-9 -2.762617477232163E-5
-0.04561230651596534 0.7294921334214546 0.08175631121749642 0 5.359209137064001E-8 -3.701969765997325E-10 -2.7630260771876218E-5
-2.6622719632600497E-6 0.924994933365257 0.09999999999999994 0 7.059589958216271E-8 9.33928212541293E-9 -2.7631402619308034E-5
-0.057540995049113024 0.8423979795604504 0.0918960227632853 0 6.003699536433026E-8 1.1044260729520643E-8 -2.7623812988780757E-5
0.04284010489062188 0.8515402282381707 0.09269147861274166 0 6.855929074357755E-8 4.2948942054680244E-9 -2.7623052259705985E-5
0.06678793864290467 0.7745216917616873 0.0857326633705871 0 6.314497042364545E-8 -5.552465008356438E-9 -2.7624822187867344E-5
-0.010066347156763605 0.7750831353836388 0.08553470969702802 0 5.7945725939649214E-8 -1.5770596163995596E-9 -2.7616844873972742E-5
