% Model:
% Version:
% Dimension:          3
% Nodes:              691
% Expressions:        4
% Description:        Surface
% X                       Y                        Z                        Color                    DeformX                  DeformY                  DeformZ
0.7501545366059812 -0.5411959634402135 0.09999999999999992 0 -3.8192183395979715E-8 -6.281623890305261E-8 -2.760861808037371E-5
0.8010709981238165 -0.4624941975024229 0.09999999999999998 0 -2.9798719890385348E-8 -6.420886509301067E-8 -2.7604064795596736E-5
0.09365704332523052 -0.9202463037324213 0.1 0 -6.822504667354179E-8 -1.3200675060508112E-8 -2.7612457964440675E-5
0.1962292603758942 -0.9039414372048337 0.09999999999999995 0 -7.072793237325605E-8 -2.1392642210471528E-8 -2.7612709651639538E-5
0.2874231814397345 -0.8792115158194402 0.09999999999999994 0 -6.77625207583628E-8 -2.881062744390079E-8 -2.7605637206720342E-5
0.6177594039507672 -0.6884753389104772 0.09999999999999995 0 -4.7309759544384294E-8 -5.0671658589836735E-8 -2.7603792214828812E-5
0.6847899965302143 -0.621834949891059 0.09999999999999994 0 -4.208281999692623E-8 -5.4679641079808336E-8 -2.7609984663328622E-5
0.6644823007055147 -0.538951594396605 0.09297818153954257 0 -3.871758824146512E-8 -5.382292365868606E-8 -2.7606457499868074E-5
2.0711142119768948E-5 -0.9249949331376585 0.09999999999999999 0 -7.191940858931768E-8 -6.824662674889999E-9 -2.7608791843679897E-5
0.04393583996701241 -0.8511210240129379 0.09265635168129693 0 -6.26689912593049E-8 -8.70841452673193E-9 -2.7601856839411125E-5
0.7176713367395712 -0.4652126067437795 0.09294805270739674 0 -3.2957006798502926E-8 -6.01821150019101E-8 -2.7598281184574426E-5
0.8437752388147 -0.3790359438971111 0.09999999999999999 0 -2.2420086211927368E-8 -6.4167785166409E-8 -2.760907885235356E-5
0.7635253857731481 -0.3782532475337201 0.0926398396720293 0 -2.2955189730639662E-8 -5.703081791583369E-8 -2.759927905376562E-5
0.5547456546446984 -0.6639301342123076 0.09391738389868395 0 -4.71137201716801E-8 -4.729389475258419E-8 -2.7596122753951218E-5
0.5485314847714319 -0.7448023146284535 0.09999999999999996 0 -5.5834207566496885E-8 -4.8541548413899414E-8 -2.7605547028887436E-5
0.12762107521700677 -0.8265826692803626 0.09113421310198931 0 -6.251012242907068E-8 -1.2798487166533705E-8 -2.760864982748988E-5
0.22639239794839497 -0.823169454837357 0.09279966487488275 0 -6.619033507844805E-8 -2.3154792263531727E-8 -2.7602482483811246E-5
0.3707854054882235 -0.84742873429503 0.09999999999999998 0 -6.055931218752204E-8 -3.3067044444848166E-8 -2.76063721222572E-5
0.297447604941039 -0.8106467532563327 0.09375141746476388 0 -6.04462169178625E-8 -2.8695159825045035E-8 -2.7597321054859205E-5
0.6050561438570463 -0.6036830020468074 0.09289418017943475 0 -4.0374858864134076E-8 -4.686691471928952E-8 -2.7601309026375933E-5
0.5365057739834548 -0.6074638984061794 0.08871198704411523 0 -4.4096485587274365E-8 -4.00392470024164E-8 -2.759079402264286E-5
0.640351776746304 -0.4627856253417016 0.08686037768572825 0 -3.8441655706106875E-8 -5.148514136171677E-8 -2.7602561512015874E-5
0.6027366073062329 -0.5213223560235656 0.08747588350371878 0 -3.908712325119075E-8 -4.521743016238588E-8 -2.7605988186517834E-5
0.11581756539084577 -0.7588114009433137 0.08487399945221091 0 -5.80340769324712E-8 -7.053573114811103E-9 -2.7610955266855332E-5
-0.09361073890939044 -0.9202510142029422 0.09999999999999994 0 -7.493127875457683E-8 1.1510668520173906E-9 -2.7614714892480148E-5
-0.19619007773418676 -0.9039499420937565 0.09999999999999996 0 -6.987332023130022E-8 8.615608232330698E-9 -2.761753947597709E-5
-0.2873887771284415 -0.8792227618026944 0.09999999999999995 0 -6.897929964121365E-8 1.5152423109145587E-8 -2.7612755960955814E-5
0.06358506183867196 -0.7827017733005069 0.08643167294964106 0 -5.6578209637236646E-8 -2.9399118709489667E-9 -2.7603786401160604E-5
-0.04837786591123471 -0.8513117859798404 0.09269807273978152 0 -6.986709140619559E-8 -1.480717796369693E-9 -2.7603584093578957E-5
-0.004822548609299431 -0.7855262944057821 0.08645491759740055 0 -6.173111526625539E-8 3.237412868154662E-9 -2.759614454199486E-5
0.8809325145611795 -0.2820885484172241 0.09999999999999999 0 -1.6619814212154105E-8 -7.052921641803512E-8 -2.7610782121716047E-5
0.677795607943666 -0.39290477214771735 0.0862680402418979 0 -3.32661965122304E-8 -4.9931860326269556E-8 -2.759202946947578E-5
0.6103906305879976 -0.40135765312469535 0.08172372928462611 0 -3.721202745834313E-8 -4.507009097148221E-8 -2.7608474511954944E-5
0.8014927716328404 -0.2914410587712435 0.09271262928645595 0 -1.8724589489297577E-8 -6.23924968825849E-8 -2.7607131080493683E-5
0.7173493567573874 -0.31695962258024274 0.08634023460744475 0 -2.403333600490314E-8 -5.065435063033816E-8 -2.760405498619411E-5
0.8230806401765318 -0.20733638606092913 0.09232209730203018 0 -1.23576563051824E-8 -6.742601967771249E-8 -2.7599993448394252E-5
0.5055257679581893 -0.637124600070996 0.08897493457515948 0 -5.0319472105698416E-8 -4.147409181837322E-8 -2.7591157450314943E-5
0.4897167015298755 -0.6990669986722716 0.09278011319940965 0 -5.4309796251432356E-8 -4.3326553726921665E-8 -2.7601318212392426E-5
0.46249999999999986 -0.8010734985006049 0.09999999999999984 0 -5.9011577164661385E-8 -4.027897492433821E-8 -2.761084900125899E-5
0.18083964416846285 -0.7595104378227608 0.08602850609777069 0 -6.263176145668073E-8 -1.3536459235200865E-8 -2.7606431690926376E-5
0.2521627428797361 -0.7694593063835823 0.08864404636431371 0 -6.220446099928687E-8 -2.130914647117365E-8 -2.7593140754041067E-5
0.36329863298781023 -0.7692008953950572 0.09250410835033814 0 -5.4266175389262975E-8 -3.019781608365584E-8 -2.7602240082646466E-5
0.29721686832567656 -0.7486484838731736 0.08825580478820183 0 -5.515732070766702E-8 -2.2053972671833716E-8 -2.759232235582494E-5
0.566498136584519 -0.34007595181336675 0.07621962270586992 0 -2.8941306028722063E-8 -4.1518176848669486E-8 -2.7622964417542175E-5
0.5490740032503059 -0.5442731464552364 0.08535659345024513 0 -4.071114836447902E-8 -3.7064737331532104E-8 -2.7602411905121554E-5
0.4877536710430043 -0.5826751104622181 0.08420495651136725 0 -4.8926717882817546E-8 -3.2576309161403084E-8 -2.7596871399077663E-5
0.5629289159938321 -0.47314451663551055 0.08212579004392509 0 -3.8556369542039134E-8 -4.054611462367819E-8 -2.7612505289913646E-5
0.5395049675561714 -0.4037977139333864 0.07721405836956645 0 -3.3394123009349825E-8 -3.9584201410727494E-8 -2.7621543850677544E-5
0.08068135396090602 -0.714167303296879 0.080752947531276 0 -5.437036211271978E-8 -1.8168456010608585E-9 -2.7616932147605114E-5
0.1307586883786586 -0.7179080095003467 0.08165710231721483 0 -5.6789601286324886E-8 -6.970978702842192E-9 -2.7615833042285526E-5
-0.3707535969478622 -0.8474426517245004 0.09999999999999994 0 -7.14438105193741E-8 2.363464639410892E-8 -2.761553457476916E-5
-0.14308797449955207 -0.83181181721957 0.0918642159103333 0 -6.558420147204759E-8 7.3185009358030774E-9 -2.7612632446761363E-5
-0.22448109351079631 -0.8295744817427092 0.09335179876408067 0 -6.257003000000331E-8 1.120879763495639E-8 -2.7609106038572518E-5
-0.2937621218403122 -0.816155750548228 0.09413660224150187 0 -6.580703651186421E-8 1.618651549380554E-8 -2.7605294020075713E-5
0.02032803985547743 -0.7231235035279147 0.08113718206932351 0 -5.5259456352918235E-8 5.01735882906465E-9 -2.7612611052159503E-5
0.049373389215154835 -0.676251463493053 0.07753347573866787 0 -5.2224911838047973E-8 -3.332712638437609E-11 -2.7623524671011078E-5
-0.07537530152887752 -0.7754914719888756 0.0858872030654022 0 -6.42173736557332E-8 7.87168846117427E-9 -2.760818972350647E-5
-0.03309170223836219 -0.7328034628470876 0.08197501691133365 0 -5.8897744359506095E-8 8.965980683184463E-9 -2.7611427350006538E-5
0.9051251563026282 -0.1907181838739738 0.09999999999999992 0 -8.706889980929708E-9 -7.166018130792982E-8 -2.76050792602354E-5
0.6346730356926771 -0.3174870091624341 0.08001946855914073 0 -2.8767818181976252E-8 -4.419228677522714E-8 -2.7613929922343723E-5
0.7578046117703346 -0.24801668508133742 0.08751626752734717 0 -1.9482074717183755E-8 -5.973196227501721E-8 -2.7605820267780654E-5
0.6897625743522149 -0.264441860913035 0.0824063475266023 0 -2.3098980696585864E-8 -5.0738399714679906E-8 -2.7612440769296024E-5
0.7597010793028803 -0.19500257071099417 0.08634694259141452 0 -1.7883094732667252E-8 -6.162133750085127E-8 -2.7600016360986303E-5
0.7883546035916825 -0.1648885681025431 0.08824892692988197 0 -1.2881043138339987E-8 -6.295279835244859E-8 -2.7592494046671303E-5
0.8374232558848942 -0.12934172138602965 0.09218338983550128 0 -4.317602112114358E-9 -6.263253823169782E-8 -2.7595136742735546E-5
0.7880045515761319 -0.1291017367769672 0.0876205822064691 0 -1.0652860989865888E-8 -5.820802755138567E-8 -2.7591404591456733E-5
0.45389464101054455 -0.6418290507487612 0.08650541722977734 0 -5.419129747536119E-8 -3.602703024058159E-8 -2.760011884800253E-5
0.4122622788181451 -0.7140592129571535 0.09001680581831237 0 -5.4070700927827356E-8 -3.3355530157696875E-8 -2.7605953528302036E-5
0.1697005588141962 -0.6915759378642319 0.08021607449160523 0 -5.6554953665935114E-8 -9.606618998990868E-9 -2.761615334984489E-5
0.24692814396934865 -0.6974874410583478 0.08250617855893733 0 -5.683070719216474E-8 -1.2495757350679652E-8 -2.760388271583069E-5
0.3299132550602819 -0.6955796266909601 0.08507057911176502 0 -5.13271028414153E-8 -2.0834718395520602E-8 -2.7604114872969442E-5
0.5796784116794852 -0.2776116098201063 0.07488927562467991 0 -2.2472162152516418E-8 -4.368601255724322E-8 -2.7625423775194654E-5
0.5306797663003683 -0.29923675531161764 0.07251363051783592 0 -2.2107853337974796E-8 -4.0940484280068774E-8 -2.7627525175501802E-5
0.5018045759598764 -0.34636458619402455 0.07254833341115845 0 -2.4862591479565227E-8 -3.827277179666055E-8 -2.7626607333754176E-5
0.43691576165411183 -0.5863880363863174 0.08178506492225697 0 -5.1067328258212484E-8 -3.0198253661151965E-8 -2.760777281208707E-5
0.5025098789806555 -0.5159632075862093 0.08087711077114174 0 -4.167229231132119E-8 -3.302068747741567E-8 -2.7610649066027818E-5
0.4531934148271225 -0.5420428192507506 0.07976926362259741 0 -4.5973858027729774E-8 -3.000336664499869E-8 -2.761198825195522E-5
0.5051728219418842 -0.4543425560441293 0.07763963571270259 0 -3.60947622279881E-8 -3.604816774302376E-8 -2.7620171086088073E-5
0.4743994852003083 -0.40954268251415876 0.073738234339428 0 -2.9725930156522135E-8 -3.6319251810027646E-8 -2.7624178805330194E-5
0.115198487208555 -0.6531897985847656 0.07640980333620502 0 -5.157890483650412E-8 -7.610361308158859E-9 -2.7624988668220753E-5
-0.4625000000000001 -0.8010734985006056 0.09999999999999992 0 -6.588861783505457E-8 3.0341241601731604E-8 -2.7622336296943175E-5
-0.3837134371029664 -0.7748603000238192 0.09386619334345218 0 -6.561232221498659E-8 2.6274861493403158E-8 -2.761427975922678E-5
-0.3293828651109605 -0.7771045511687245 0.09186418681824765 0 -6.595405156922206E-8 2.2166783727609153E-8 -2.76054963838168E-5
-0.4839056580716607 -0.700569999447879 0.09257832058039935 0 -5.4774880990518814E-8 3.124785860282458E-8 -2.7613836828246863E-5
0.04767908888924959 -0.6125339534466794 0.07287094188782159 0 -4.8405109221871937E-8 -5.0732079417119376E-9 -2.7629510415502933E-5
-0.19485303194491674 -0.7756068237085788 0.08772926134592987 0 -5.6558945666611604E-8 1.3460183705053619E-8 -2.760862771243028E-5
-0.1380657870545559 -0.7497079460326577 0.08441541385599156 0 -5.7438331059904537E-8 1.2261140654337574E-8 -2.761501710757458E-5
-0.24450643515018045 -0.7666415232960108 0.08818261063739213 0 -5.642034180035602E-8 1.7130834677142953E-8 -2.7600154242813055E-5
-0.29287844997281653 -0.7560683801841976 0.08874412837590734 0 -6.160484917081724E-8 2.213164301974827E-8 -2.7598929363709168E-5
-0.018713178495829663 -0.6598847879456907 0.07617577755495693 0 -5.147257962869125E-8 4.353211184713498E-9 -2.7626935389066838E-5
-0.08839747535315964 -0.7039498716595032 0.08000538942626953 0 -5.5424999946579937E-8 1.073577821395796E-8 -2.7621094861100917E-5
0.8548200389796248 -0.0652462727687064 0.09314675085287963 0 -2.704470844612335E-10 -6.16421344950636E-8 -2.7604154231946478E-5
0.9192877606928158 -0.10260258091221079 0.10000000000000002 0 -1.4607715632617467E-9 -6.76041154573919E-8 -2.7606951024575398E-5
0.6384778628041976 -0.2349189996283244 0.07770845629712514 0 -2.054594665164971E-8 -4.796833894754018E-8 -2.7621150787153666E-5
0.7040732060431756 -0.2032143579310842 0.08191372549943252 0 -2.0361331535997263E-8 -5.478218538576076E-8 -2.761105444283478E-5
0.5898871014295897 -0.20776639827421509 0.07364495662277284 0 -1.4874749990394349E-8 -4.624844011273789E-8 -2.7624826670075992E-5
0.7325342916850157 -0.13408386908087772 0.08291013088256632 0 -1.723901042020233E-8 -5.461216002537723E-8 -2.760220343641351E-5
0.8252770499196602 1.9257059754862352E-16 0.09008727174442388 0 2.044140534464997E-9 -6.235641664250376E-8 -2.7607606998336125E-5
0.7859407931602105 -0.07401767626946823 0.08680140328934058 0 -6.7027450231346026E-9 -5.453073143960238E-8 -2.760071429258275E-5
-0.499151538632016 -0.6334110077816723 0.08834372866104906 0 -4.79011391437094E-8 3.592457685502159E-8 -2.7603710010841634E-5
-0.539934650094959 -0.6040123388311489 0.08868415026698911 0 -5.099594113125891E-8 4.262877587176987E-8 -2.7604588556163077E-5
-0.55199683338532 -0.6639303440969675 0.09374464706266032 0 -5.6391447473355236E-8 3.72262462685329E-8 -2.7609543473868247E-5
-0.5485674035956859 -0.7447758606713794 0.09999999999999995 0 -6.038130393847152E-8 3.5301083671094016E-8 -2.7618989303769374E-5
0.36763254236248405 -0.6367582418875392 0.08211785344170683 0 -5.090342937731095E-8 -2.5065088022527994E-8 -2.761328849386369E-5
0.18957159845420457 -0.6243064952889011 0.07560329744867302 0 -4.909721358262464E-8 -1.3305036292059484E-8 -2.762330128028952E-5
0.28831363121595577 -0.628175946475062 0.0785524110683112 0 -4.8792418782844247E-8 -1.7160500262579727E-8 -2.7618675944415185E-5
0.526450453306162 -0.23768251001620336 0.07038843476625324 0 -1.5395102263067277E-8 -4.341973054933448E-8 -2.7624993834652424E-5
0.47890979704271586 -0.2863984098188226 0.06912760288748078 0 -1.838680765388704E-8 -3.801846279911631E-8 -2.7625514728601444E-5
0.4494990254251993 -0.3483577682477059 0.06980849106780328 0 -2.119761599279093E-8 -3.525733407897858E-8 -2.762184961738725E-5
0.38634553368626057 -0.5411366135074791 0.07653244947706521 0 -4.454216149488315E-8 -2.8030918617300362E-8 -2.762229508149638E-5
0.43810869406594616 -0.47330739854493387 0.07505155127124848 0 -3.681829401685739E-8 -3.292151006442006E-8 -2.7622336273170548E-5
0.4170420346765119 -0.4108303752912244 0.07090170067103962 0 -2.759416770324143E-8 -3.534199518231821E-8 -2.762003913683936E-5
0.1909808398518187 -0.5616900805542806 0.07142639087555928 0 -4.0982442915728535E-8 -1.8130581570572E-8 -2.762331927896922E-5
0.12475562378528363 -0.5650913910725969 0.07045918166236254 0 -4.41048432377669E-8 -1.5372211716156425E-8 -2.7621632895631416E-5
0.05189365664575958 -0.5409828050063739 0.06822031633188272 0 -4.4592441062433334E-8 -9.142321850664306E-9 -2.7623745765941575E-5
-0.41249148408265685 -0.71445620812065 0.0900597252140442 0 -5.730717942483512E-8 2.960783531334128E-8 -2.7616254601071472E-5
-0.34485879204612635 -0.7195732958375974 0.08756922173357189 0 -6.03492262875074E-8 2.8306705748880115E-8 -2.761057711621907E-5
-0.4354763147019103 -0.6351536187841577 0.08509247440255904 0 -4.521703157380432E-8 3.335973301090476E-8 -2.761479752723858E-5
-0.02127679909875187 -0.5862434400348023 0.07098260267248742 0 -4.509689631360647E-8 -1.3422399943391544E-9 -2.7630561427537216E-5
-0.20123366572154053 -0.7196538123444207 0.08312630758513646 0 -5.164521756150873E-8 1.88860646076252E-8 -2.761207036163633E-5
-0.1453861443112404 -0.6947291331504667 0.08002955113164492 0 -5.22694746034176E-8 1.4111098841288904E-8 -2.762175311212884E-5
-0.26439613737119816 -0.6970297197339501 0.08297653094743883 0 -5.3139864196814525E-8 2.6992840632539503E-8 -2.760897357705062E-5
-0.314732642366773 -0.6679534491621226 0.08237892997106575 0 -5.322350030934194E-8 2.963260704806282E-8 -2.761736845245305E-5
-0.10379006268918363 -0.6311723493295898 0.07466578004946206 0 -4.852656597767813E-8 7.496509774522056E-9 -2.762946757474017E-5
0.7822439697509947 0.07342341173252223 0.08646750245519458 0 4.202170291259966E-9 -6.3805075982224E-8 -2.7602288958590553E-5
0.9249999999999998 2.358937726024754E-16 0.09999999999999994 0 5.594176888409469E-9 -6.987977765998605E-8 -2.7612605934353768E-5
0.851370675269602 0.07427003550197267 0.09288407134507307 0 1.0525752076786936E-8 -6.744393003542119E-8 -2.760379963090949E-5
0.8038717607621603 0.12213857484508564 0.0889547066003148 0 1.0961424862183653E-8 -6.270442775340376E-8 -2.759382342932343E-5
0.5408130551366507 -0.18150058753720788 0.06992281214701015 0 -8.76205460187525E-9 -4.480144152675282E-8 -2.761941747483307E-5
0.7247257834183621 0.0852066297502373 0.08165698245211614 0 6.687954291058466E-10 -5.8023860660334834E-8 -2.761048018869367E-5
0.6510493529215736 -0.15514133280147802 0.07686356365481603 0 -1.4929169289084823E-8 -4.92987774059489E-8 -2.7620623397925996E-5
0.5770279320473081 -0.15184347618041535 0.07165568912865208 0 -7.49950843736761E-9 -4.4816437336999436E-8 -2.7622183293976125E-5
0.6918887433807659 -0.06772116765551027 0.07886795692620667 0 -9.709056831989377E-9 -5.0059408270265644E-8 -2.7618173393586475E-5
0.7364981201835382 1.7871933341171726E-16 0.08222076644985389 0 -3.614854782645259E-9 -5.5657900877838234E-8 -2.7614574585557133E-5
-0.48001255710073826 -0.5637645778356982 0.08255043176744216 0 -4.0424684818061394E-8 4.239243841300731E-8 -2.7614288730514304E-5
-0.5678213237459834 -0.537667606136383 0.08613904983735729 0 -4.4534980008231415E-8 4.69758208544444E-8 -2.7618027667845952E-5
-0.600893054701109 -0.6092572756078649 0.09299302035398636 0 -5.471319860593557E-8 4.516204292964375E-8 -2.7615323581227394E-5
-0.6178002971320171 -0.688438643052917 0.09999999999999995 0 -6.028595990334763E-8 4.375912881052503E-8 -2.761891559157304E-5
0.31808183532075807 -0.5509338997403093 0.07441383187593008 0 -4.288709045233345E-8 -2.3896650726251882E-8 -2.7627080035392544E-5
0.2593907519340379 -0.5686281064407216 0.07361593901057979 0 -4.2620417933294264E-8 -1.9634930892554805E-8 -2.7626730196658763E-5
0.4250914842628162 -0.2904030737883922 0.06650384046370365 0 -1.7249499587961595E-8 -3.177889547340004E-8 -2.7619000900629778E-5
0.4860024477406568 -0.1810614961514008 0.06672716200822644 0 -1.0803644063042245E-8 -4.312057281654748E-8 -2.7611282974687946E-5
0.4546475825643904 -0.2329362873436874 0.0662732760967022 0 -1.5843107782300694E-8 -3.8143758911917705E-8 -2.7620375242451193E-5
0.39693548996928896 -0.3460112170117685 0.06719703593166886 0 -1.9390183036649894E-8 -3.129642498680322E-8 -2.7609622687270588E-5
0.3565677611611388 -0.4614203059811383 0.07075125137743832 0 -3.5096274271350485E-8 -3.164317184149769E-8 -2.7623658794410053E-5
0.36327728761747163 -0.38800374757803646 0.06749345504717459 0 -2.682346181987015E-8 -3.437096891888699E-8 -2.760830006029997E-5
0.3750627258693446 -0.2936858939923492 0.0643465481455432 0 -1.9519081937894748E-8 -2.4341120504399366E-8 -2.7611426143856043E-5
0.14556246178613044 -0.5017461145955597 0.06695111305462358 0 -3.5797257459976006E-8 -1.6920476819184054E-8 -2.7606593095382522E-5
0.1773504711629968 -0.5251479744589087 0.06889288845838194 0 -3.623313523495044E-8 -1.9070187585124717E-8 -2.7616998914985062E-5
0.2111878992556696 -0.5199281931560845 0.06932845783235407 0 -3.552947473507173E-8 -1.986162569362184E-8 -2.7621757113724615E-5
0.10436058799907272 -0.5010308479370807 0.0663275801738497 0 -4.1899240423810295E-8 -1.3817595307852386E-8 -2.7607261487186062E-5
0.06673635655852131 -0.4767204709635782 0.06461779605353521 0 -4.235820174025691E-8 -6.582255579945427E-9 -2.7613519412072097E-5
-0.006975621790116399 -0.5183972256879046 0.06671599267023115 0 -3.988706635259074E-8 -3.351184604423062E-9 -2.7624955767063578E-5
0.021803385387518696 -0.4822544950869184 0.06469299319690378 0 -3.955620043744261E-8 -3.4746333117253293E-9 -2.762174957968375E-5
-0.05196883438319561 -0.5240326103663052 0.06719869985797552 0 -3.7838367846378435E-8 -1.035796753234197E-9 -2.762256334228453E-5
-0.3679909311443217 -0.6373789894665455 0.08217765681431859 0 -4.8418894787390007E-8 3.1145335579712164E-8 -2.7622387276521318E-5
-0.40158939943089916 -0.5697012631254147 0.07901179842938963 0 -4.0651946330514494E-8 3.3410294055618645E-8 -2.7627016949545935E-5
-0.09590125636856872 -0.5619999312235502 0.06990127823248253 0 -4.2420934732405373E-8 1.142858093619476E-9 -2.7624979376572827E-5
-0.19926692702634366 -0.6350324834465847 0.07658242747619838 0 -4.8587844002632335E-8 1.757602398818692E-8 -2.7626774198955615E-5
-0.2841593977557326 -0.6153602706014176 0.07751426427315905 0 -4.824377048898076E-8 2.5703244803452054E-8 -2.7628255130206756E-5
-0.15663037176370528 -0.5733099421965812 0.07149707499548641 0 -4.6068388892335006E-8 7.45700814356482E-9 -2.7626758784512357E-5
0.6892086201904363 0.11760753932384704 0.079182235454291 0 3.2397018633613207E-9 -5.331609706354702E-8 -2.761647076366326E-5
0.7461230180043805 0.1326560288062978 0.08402816782270867 0 3.913246064248678E-9 -5.7253248399284723E-8 -2.7600449724423097E-5
0.6908574756839181 0.1584953945063365 0.07995126254637963 0 6.194826761606167E-9 -5.170025251202259E-8 -2.7615406192018313E-5
0.9192877608705788 0.10260257931928718 0.09999999999999994 0 1.419293365682811E-8 -7.135131369281366E-8 -2.7608291593236198E-5
0.8510855832446352 0.14814580550682163 0.09378949781498243 0 1.7456414324057224E-8 -6.31556240276773E-8 -2.759919662163837E-5
0.7902639371481001 0.17887268414595758 0.08869278761371624 0 1.3697071815414163E-8 -5.5088397693533445E-8 -2.759705238166984E-5
0.5270134709035552 -0.12362075461980128 0.0680883893303861 0 -2.0759642608348216E-9 -3.966913847609728E-8 -2.7611711443191726E-5
0.660910431014522 0.06111123862815046 0.0764443497197492 0 1.950353362533979E-9 -5.135315841181196E-8 -2.7624633529488705E-5
0.5965173615012839 -0.07939251741876008 0.07200225824383245 0 -3.502942812708498E-9 -4.3645583407704495E-8 -2.762585325498393E-5
0.6371682462297272 1.7636191275501287E-16 0.07448630903843244 0 -6.497846203849398E-10 -4.808094168332928E-8 -2.7628330293626915E-5
-0.5998767009898777 -0.47889137063455584 0.08487289614566726 0 -3.622931435416635E-8 4.6200811095661625E-8 -2.762285408374695E-5
-0.4462665144718288 -0.4769553831048419 0.07565680574632232 0 -3.714408037816163E-8 3.545173214283677E-8 -2.7632913949529775E-5
-0.514031025104845 -0.49215788183100256 0.08018045280724438 0 -3.769722016674219E-8 4.363778246385964E-8 -2.7626974443840755E-5
-0.5551101229584549 -0.4700701488343014 0.08146563252731463 0 -3.540525845580124E-8 4.506662903983385E-8 -2.7627299700001925E-5
-0.6562422498346266 -0.5241856689594518 0.09146905933596002 0 -4.381815074854227E-8 4.719335965652571E-8 -2.7621786404495517E-5
-0.6848306133117381 -0.6217902179859557 0.09999999999999995 0 -5.53474124720823E-8 4.992045878015199E-8 -2.7626748758691723E-5
0.27241004361507065 -0.4718280360333558 0.06830375115676078 0 -3.452121487883698E-8 -2.437540796731021E-8 -2.762497963559532E-5
0.4535801009187721 -0.11979187747949692 0.06395953291420167 0 -1.2633008507067419E-8 -3.285517627603426E-8 -2.7601726468042368E-5
0.39072217276086296 -0.23584567652234287 0.06329187670784985 0 -1.8064405438013382E-8 -2.873651839454655E-8 -2.7620409377693853E-5
0.41238404925178007 -0.18021837395374024 0.06296662723972753 0 -1.7358352413041815E-8 -3.3819227177389E-8 -2.7617098986076012E-5
0.33633282409977633 -0.33989669688880314 0.06444423660906805 0 -2.8101340809925397E-8 -2.49306965390488E-8 -2.759972207450005E-5
0.30008338071089913 -0.40108479031261085 0.06570468861303413 0 -3.333536728636143E-8 -2.8204970604760213E-8 -2.7614775021485367E-5
0.32685099627426545 -0.2905697969488598 0.06232853198902638 0 -2.5109259035798266E-8 -1.9185736981578935E-8 -2.7612742712632663E-5
0.34557599933864525 -0.25420475687873284 0.06192004258218349 0 -2.068502677306779E-8 -2.1958437759498796E-8 -2.7619784703961255E-5
0.13994680898558723 -0.4672126633962515 0.06496624972127402 0 -3.3576995045507565E-8 -1.0392766320831936E-8 -2.7601923662946772E-5
0.19075484218748176 -0.4725311643222945 0.06620021711897697 0 -3.026956228384189E-8 -1.6081536406415142E-8 -2.7614102805900613E-5
0.04901016908663563 -0.43723836174505165 0.062459634223422635 0 -3.7686051239270394E-8 -1.4888864762601436E-9 -2.7620209505517542E-5
0.10408488366078726 -0.44405468685268895 0.0632766673513578 0 -3.772716606808908E-8 -3.620530358296114E-9 -2.7607408039573492E-5
-0.03083759909542402 -0.4757419881377713 0.06436680609968096 0 -3.4423136678999974E-8 1.066960670925691E-9 -2.762146356459072E-5
-0.0058033119248053185 -0.4414101175550563 0.06253303354413749 0 -3.408259643971857E-8 1.5976205872286383E-9 -2.7624323528083167E-5
-0.39030681785658333 -0.4466269881485597 0.07141764844659583 0 -3.716003899774197E-8 2.586410928223535E-8 -2.7631923390819547E-5
-0.09527352708204243 -0.48999184724793493 0.06560563290386152 0 -3.413278669365365E-8 3.3336868032677192E-9 -2.760913490980401E-5
-0.31827009850817745 -0.5512599811461146 0.07444098367382036 0 -4.322945647765391E-8 2.4695738357398985E-8 -2.7635306751469324E-5
-0.36296726797354567 -0.5093150093458659 0.07364571283377143 0 -3.9373124091438144E-8 2.6673235252565067E-8 -2.7635290088655996E-5
-0.1538656248196219 -0.515523498759926 0.0678853449092873 0 -4.4243322644059E-8 5.188645215785518E-9 -2.7615053007422686E-5
-0.23145619169988374 -0.5426436945370011 0.07120349698950754 0 -4.5839348123887955E-8 1.544489801496486E-8 -2.7631466735050216E-5
0.02839276411724586 -0.3973392921812578 0.06048540173023527 0 -3.2336056941662956E-8 4.880336201494176E-10 -2.7628269582882436E-5
0.6359863797306674 0.13411282944887548 0.07542020319546493 0 8.842336064384844E-9 -4.8175413301262616E-8 -2.7624798688833506E-5
0.7226994437477957 0.1997352924878217 0.08334138075756291 0 1.0317605302782545E-8 -5.198879921268868E-8 -2.7610234215150843E-5
0.6524176664552398 0.20477109599706128 0.07797707686621592 0 1.2354596832552766E-8 -4.875622077685677E-8 -2.76231512629729E-5
0.9051251569294585 0.19071818089926676 0.09999999999999994 0 2.026278131688675E-8 -6.498100055296246E-8 -2.7607671890739635E-5
0.8318102133114379 0.22322523392999097 0.09353078509252784 0 2.087071496759477E-8 -5.7723438358887576E-8 -2.7605961340300653E-5
0.7561533810021175 0.2511688924028691 0.08746370240455802 0 1.8619446475010832E-8 -5.476030952606182E-8 -2.7609932030733217E-5
0.5078212312272354 -0.05773868566153316 0.06628756501631425 0 -5.023971505310459E-10 -3.429396192542279E-8 -2.761731109583122E-5
0.580043566339009 0.07440259297015442 0.07086095755136954 0 9.46765841208511E-9 -4.536027961970231E-8 -2.7626264612245394E-5
0.5449077695259106 1.435041058529122E-16 0.06830916124377966 0 3.916552129075019E-9 -4.1031345583766755E-8 -2.7626095920277905E-5
-0.6449966839705535 -0.4445280981035864 0.08625924084344859 0 -3.178062212250116E-8 4.693438181206935E-8 -2.7616214080764222E-5
-0.5773213056470615 -0.42632356756478973 0.08066830857907491 0 -2.993616441183902E-8 4.564083373454774E-8 -2.7628337096819405E-5
-0.42560872193429483 -0.3924588186076942 0.07047472570296821 0 -3.6484654846554375E-8 2.9776773835941583E-8 -2.7630307273599026E-5
-0.5105636494997626 -0.4275668331221898 0.07661161867134533 0 -3.345328066687759E-8 4.07575725900327E-8 -2.763499024650815E-5
-0.6821995337018094 -0.3893517946424338 0.08645016345112792 0 -2.9233281473214227E-8 5.436814153782464E-8 -2.7608576157093966E-5
-0.7143597851634019 -0.46065181317541976 0.09243904770387963 0 -3.993739625038794E-8 4.929691500743358E-8 -2.7614822157598583E-5
-0.7501479603301018 -0.5412050791178046 0.09999999999999998 0 -4.6992442166846323E-8 5.178175575109512E-8 -2.7626877602386683E-5
0.23193963455587194 -0.401731231339728 0.06368217918749611 0 -3.114308997870708E-8 -1.7667135910050288E-8 -2.7621670504075685E-5
0.4253355502182103 -0.060426816635170834 0.06194940187312641 0 -8.487119780317031E-9 -2.819588771027833E-8 -2.7619960189322994E-5
0.3783639298171796 -0.12391451309547895 0.06047575124681011 0 -1.4720867770119976E-8 -2.7664532002241206E-8 -2.762384026225779E-5
0.3404696044317066 -0.192505611563268 0.06016257670047243 0 -1.6979905247988764E-8 -2.4707715993107558E-8 -2.7627896714388353E-5
0.2704412885460664 -0.32134890739138106 0.06148782850104334 0 -3.051770442525173E-8 -1.8052823509520165E-8 -2.7619420733505555E-5
0.28780126788651955 -0.24610682281377952 0.05962067759661022 0 -2.157184402644625E-8 -1.9112528101025013E-8 -2.7627747522514617E-5
0.15779399244920164 -0.4060014305216929 0.062242172248634084 0 -2.9815305663572394E-8 -6.55846376562034E-9 -2.7617863395342217E-5
0.08201071126761389 -0.3939388987243753 0.060668066988986274 0 -3.2718651722167626E-8 -1.3981834102610776E-9 -2.762386201724318E-5
0.04349199689707277 -0.3606955682361924 0.05897556113419837 0 -2.877042233906918E-8 -1.5833993781175905E-9 -2.763216817624158E-5
-0.05772042989369192 -0.4373202270026056 0.06251628812885628 0 -3.019697786740845E-8 7.131085828636191E-9 -2.7620024677972027E-5
-0.03317807935019408 -0.4000499580003112 0.06062434517611841 0 -2.984452086604064E-8 5.3979730866130226E-9 -2.7628375713552457E-5
-0.3619566518906658 -0.37751131442037245 0.06698450376718922 0 -3.352474303380643E-8 2.20536156237362E-8 -2.7614478165243068E-5
-0.36626813150114024 -0.4166408143589399 0.06892167223823106 0 -3.55300219843452E-8 2.148701647267741E-8 -2.762513258768192E-5
-0.3449125590697449 -0.44322460700183025 0.06935603931497553 0 -3.603985277155397E-8 2.040609758215043E-8 -2.7629785110881536E-5
-0.1061373350373039 -0.43371612134398735 0.06278756375601147 0 -3.162122642861893E-8 1.3471482139879756E-8 -2.7612575851856744E-5
-0.1533021139497205 -0.45854960024362473 0.06473399748772989 0 -4.0612525822775563E-8 1.3268892768857694E-8 -2.7608865107653002E-5
-0.27258732769368704 -0.47213510106489254 0.06832563375196132 0 -3.935152106590724E-8 1.7316451955569773E-8 -2.7632188538042633E-5
-0.2137590545386873 -0.47234636278777903 0.06671710658979699 0 -4.2671145661987074E-8 1.4283960646591432E-8 -2.762453150201354E-5
-0.18675532053812582 -0.4349325178463068 0.06418357757579088 0 -3.883921503106046E-8 1.643908579584577E-8 -2.7620309686280648E-5
-0.3826278748778653 -0.34149739132768103 0.06638993492953281 0 -3.390099691886282E-8 2.900986426330041E-8 -2.76152112682944E-5
-0.0010639892128916778 -0.35571530812846325 0.05866683852382106 0 -2.797025461179429E-8 8.276528296107123E-10 -2.763364921276701E-5
0.5665181445886517 0.15558354761445173 0.07104008880031383 0 1.6717876563891844E-8 -4.086109643509942E-8 -2.7623437745759772E-5
0.5953591891669738 0.1936606882201294 0.07369160395615945 0 1.5875322110914086E-8 -4.3229408660549056E-8 -2.7627371540026858E-5
0.5192463818471629 0.12824117265253684 0.06769417632898124 0 1.709712382792056E-8 -3.850354521297404E-8 -2.7611414031550716E-5
0.5285393108936259 0.16518893231571916 0.06885934434787161 0 1.860155333212665E-8 -3.575822814156271E-8 -2.761758443821825E-5
0.6744856330743806 0.25899543825752414 0.08106282636378111 0 1.6475978804857616E-8 -5.218258944437819E-8 -2.7618904851269916E-5
0.5964895386590124 0.24538252217967127 0.07505456752399722 0 1.7820645729657574E-8 -4.438010604238955E-8 -2.762882547760079E-5
0.8809325160784339 0.2820885436790224 0.09999999999999994 0 2.640882077432157E-8 -6.246250948559311E-8 -2.7614930306341535E-5
0.7133503615870089 0.32015636681811027 0.08613118221459619 0 2.444872980133231E-8 -5.753895800660609E-8 -2.7608518054253098E-5
0.7978472984237357 0.3041762806928354 0.09281227257926788 0 2.7103929184424635E-8 -5.907623156785483E-8 -2.761158502458203E-5
0.4636209692030302 1.4593888372567647E-16 0.06366862151549985 0 -1.0441822084045757E-10 -3.486745938629181E-8 -2.7622466829964707E-5
0.4938126220450951 0.06489296717588176 0.06554297030555511 0 8.138230478038921E-9 -4.2079639790863695E-8 -2.761512801515852E-5
-0.6153231968638251 -0.38077552285640803 0.08115372829448388 0 -2.4392592971984397E-8 4.9749496592797573E-8 -2.7624118883906193E-5
-0.560449570051932 -0.3810942956107818 0.0775098294695611 0 -2.7329620682543416E-8 4.4600654176925985E-8 -2.763431155010229E-5
-0.4429539530445369 -0.3153758255937713 0.06823813858748431 0 -3.136509485909776E-8 3.3660081947372E-8 -2.763236177363132E-5
-0.5043029125892239 -0.34762375509843185 0.07274022680505556 0 -2.981663534816177E-8 3.8691661890740954E-8 -2.7639163847720196E-5
-0.6508158876168189 -0.3390076459058359 0.08199721983987755 0 -2.299363510610413E-8 5.476223404317651E-8 -2.762286820562986E-5
-0.7091826270730176 -0.32330839885714513 0.08590988858162861 0 -2.6491471108989394E-8 5.8927745654039274E-8 -2.762046005711467E-5
-0.7619010673352372 -0.3837317836320327 0.09273617861998763 0 -3.759346354863067E-8 5.9148063252553837E-8 -2.7617266708780607E-5
-0.8010515387579304 -0.4625279007956028 0.09999999999999996 0 -4.335659361999368E-8 5.813913299842226E-8 -2.7623566476646603E-5
0.19236089157799777 -0.33317883760233996 0.059881599761303 0 -2.7290390636834707E-8 -1.2340737622432437E-8 -2.7631190866897842E-5
0.38492668203237634 1.0023152680894796E-16 0.05989052034096669 0 -2.94336208310315E-9 -2.887123638624331E-8 -2.763178269715883E-5
0.2997814449763267 -0.1302546190444194 0.057552736756421544 0 -8.817886606806772E-9 -2.2882044580824455E-8 -2.76324025833186E-5
0.3411851195480258 -0.06215460789797836 0.058312559079427444 0 -6.216817975737131E-9 -2.4263080047301227E-8 -2.7634012052613065E-5
0.25568805190108224 -0.19009790761699052 0.05725179690059135 0 -1.3451315930334148E-8 -2.0965300279023713E-8 -2.7632140627228025E-5
0.21970172124605264 -0.25470361780543144 0.057909449658114676 0 -2.1017003297721013E-8 -1.700582135985825E-8 -2.7634346938936306E-5
0.23090062297727731 -0.13379820267190193 0.05553869913937325 0 -4.581729249378999E-9 -2.0894397450488682E-8 -2.7622813552907415E-5
0.10559774308437374 -0.32641465451667345 0.0581670361159444 0 -2.4832340858694016E-8 -6.648891540006529E-9 -2.76344235515714E-5
0.031363797849434556 -0.30517057546423765 0.0568332914109285 0 -2.3047736912885472E-8 -5.4894356852139E-9 -2.7632574590962218E-5
-0.08918266806588585 -0.39015326021997465 0.06056960464965617 0 -2.907941048345051E-8 1.184471492143605E-8 -2.7626302501267887E-5
-0.049756265008924744 -0.359262534671633 0.05895024498757894 0 -2.7767290729355E-8 5.685177020541011E-9 -2.7633346967534942E-5
-0.33370914900421456 -0.3553876317528072 0.06495432896100803 0 -2.655698451073531E-8 2.3279410233127787E-8 -2.7609258378177282E-5
-0.31386332305040454 -0.4019336098806021 0.0662221637922308 0 -3.0169312220128514E-8 1.7683079056388468E-8 -2.7621224229618656E-5
-0.15459594130071444 -0.3919265872876224 0.06155021858866086 0 -3.214518741844996E-8 1.7108140388137802E-8 -2.7625288045857983E-5
-0.2322802926341843 -0.4023212684393738 0.06371797650698165 0 -3.193739479878816E-8 1.764804625415034E-8 -2.762742762429306E-5
-0.33230969380311987 -0.31257443393730217 0.06328313435425743 0 -2.2928642295834537E-8 3.0325324071570935E-8 -2.7614216018502457E-5
-0.37984334067586323 -0.29694191152231486 0.06465963905911942 0 -2.7891545879037713E-8 3.2892773571204046E-8 -2.7620784123506702E-5
-0.03281109095750644 -0.303248501545522 0.05677241598853609 0 -2.5057763585458783E-8 -7.459121745199674E-10 -2.7633210437352437E-5
0.002774404310843052 -0.26370741404826953 0.055444406431408536 0 -2.05330431778132E-8 -7.2463788238210075E-9 -2.762348256394982E-5
-0.4503344724862791 -0.2539143429242661 0.06663047103760426 0 -2.38394215904112E-8 3.246570542618309E-8 -2.7632975940640957E-5
-0.40625597693717014 -0.2614749559637888 0.06471383725610917 0 -2.3894750996796862E-8 3.21313162808759E-8 -2.7629115869920022E-5
0.4615326701397575 0.12346215125476942 0.06442192515091573 0 7.545273202742236E-9 -3.5327110869234254E-8 -2.760240545191719E-5
0.5387084587482873 0.20560708274998704 0.07032262751622614 0 1.9507194439749598E-8 -3.635332298654812E-8 -2.7625480586466314E-5
0.4879508039440348 0.17532903328848173 0.06671893154849401 0 1.6680166004013154E-8 -3.0312474499203856E-8 -2.761294831158864E-5
0.532509259731304 0.25445661626164345 0.07121936353097057 0 2.13773895328081E-8 -3.7272087585173594E-8 -2.7630581580198535E-5
0.6341588941531792 0.31283518999890103 0.07981624453248937 0 1.9414809598279624E-8 -5.126761282719647E-8 -2.761967362253597E-5
0.5661686439840169 0.30314954318445153 0.07485251919573685 0 2.152323891828498E-8 -4.2986845140268034E-8 -2.76303560805454E-5
0.8437752416466553 0.3790359375932063 0.09999999999999998 0 3.534365615340328E-8 -6.317491166112612E-8 -2.7614736096355602E-5
0.6719229666176102 0.38840511082381185 0.08561888827579653 0 2.5450028247955017E-8 -5.242856051756807E-8 -2.7599579669678473E-5
0.7564175363077813 0.38622567562379634 0.09237249347625182 0 3.534488542277688E-8 -5.728368085751598E-8 -2.7603762233595977E-5
0.41461516466779025 0.07768102097507298 0.06157475739077051 0 7.931980678469704E-10 -3.471054256824798E-8 -2.7620474476959296E-5
0.41609697408913526 0.13788398400008967 0.062378681269293045 0 4.1732382937600806E-9 -3.048214293535915E-8 -2.761511900204687E-5
0.3331467524821928 0.06332732629493788 0.0580143200893398 0 4.092618347906508E-9 -2.611769340359682E-8 -2.7635719257227117E-5
-0.47800098007166614 -0.21838828549818234 0.06713458210584479 0 -2.091948312264078E-8 3.161581923574824E-8 -2.763085467904617E-5
-0.581042663690517 -0.3157640075984302 0.07626188231201678 0 -2.3094632866936863E-8 4.6303990642129694E-8 -2.763724197088536E-5
-0.516501927640104 -0.27345997871285144 0.07083650833060166 0 -2.4711572994251045E-8 3.764246597865931E-8 -2.763974645773968E-5
-0.6531660790226061 -0.2763311132584134 0.0799841441751332 0 -1.963732071995562E-8 5.277962509912802E-8 -2.7632286340799747E-5
-0.7177089386751481 -0.25492955224205677 0.08435704674323387 0 -1.919886490244057E-8 5.514774335162342E-8 -2.7627105197016284E-5
-0.7682837005378522 -0.21778108265977297 0.08762455506029665 0 -1.7597061946376593E-8 5.4938387624172715E-8 -2.7620852004998125E-5
-0.7926496756412593 -0.29133333750236745 0.09190870000572768 0 -2.7705136961868717E-8 5.974823183967065E-8 -2.762600338998662E-5
-0.8437556437212325 -0.37907955935377746 0.0999999999999999 0 -3.788760493326764E-8 6.474021877982686E-8 -2.7629455380064958E-5
0.14972579901011426 -0.2593326910893636 0.056582144341893334 0 -1.8923896491229596E-8 -1.3679665705185458E-8 -2.763607674914742E-5
0.30024351839566077 1.0287337474471442E-16 0.0566089984335615 0 2.35445736335043E-9 -2.2450195100948095E-8 -2.7636762357828396E-5
0.25485064501553867 -0.06881848120103613 0.0554520694654174 0 4.693293325447571E-10 -1.8203741235874137E-8 -2.762766982760933E-5
0.2018137422816696 -0.09141964150518621 0.054287541904913736 0 -1.2784979932195902E-9 -1.4639500110256707E-8 -2.7610807231378182E-5
0.1764824224893901 -0.17786432905826247 0.05506179018247805 0 -1.1860668760797555E-8 -1.9429953970446357E-8 -2.762476992692053E-5
0.17846806103523252 -0.12182655323316927 0.054152220507936534 0 -7.3284448994604465E-9 -1.7984450329716107E-8 -2.76086560425922E-5
0.06445906182530688 -0.2524774236880236 0.055351148337145016 0 -1.6063897647186814E-8 -9.771644802115555E-9 -2.762721332816765E-5
0.01713256069613923 -0.2191946756676691 0.054245341320781695 0 -1.4535026342488363E-8 -6.047516237949783E-9 -2.761065591861414E-5
-0.015811501710617768 -0.22080470166743846 0.054282927994611936 0 -2.0209137605611E-8 -3.834838446029301E-9 -2.76112663340128E-5
-0.11115524588477288 -0.32319159740630654 0.058116751891295344 0 -2.630769245357401E-8 9.800364901902395E-9 -2.763775507529693E-5
-0.2724211583800276 -0.34021230275634257 0.06225471036920954 0 -2.1578215037642583E-8 2.20382422761078E-8 -2.7624076063097737E-5
-0.19295762658678686 -0.33421241295621795 0.059933626134453855 0 -2.520738339418995E-8 1.718584994413222E-8 -2.763590395765933E-5
-0.299671918215507 -0.26919022055739933 0.06068803798570996 0 -1.841891524464632E-8 2.709338022135835E-8 -2.7629707480894082E-5
-0.35401952964801076 -0.2618191533072333 0.0624765930436588 0 -2.101901075812169E-8 3.147467212707335E-8 -2.762685772838631E-5
-0.059917909088264505 -0.2537684697083779 0.05535616729591674 0 -2.418756518142496E-8 -4.3117683611138386E-10 -2.7628386212893166E-5
-0.4286041911968905 -0.21160410640457614 0.06443452009247358 0 -1.73040913697565E-8 2.9921540053734844E-8 -2.762887318798571E-5
-0.3837371950984817 -0.21760730691022395 0.06251779019199943 0 -1.678779637215324E-8 2.9881915798150046E-8 -2.7631297151117172E-5
0.44078820931890417 0.17778853409565737 0.06428879605061415 0 1.128496234354245E-8 -2.8115768073811355E-8 -2.761482625221386E-5
0.4759951064045458 0.23047538821939026 0.0673334019397155 0 2.0118361938318804E-8 -3.105016991438617E-8 -2.7624762202345793E-5
0.5023235944487765 0.29151864533540206 0.07059623054924213 0 2.4695179603275752E-8 -3.596210479705687E-8 -2.7631898431997408E-5
0.5853609901656723 0.37038384021673393 0.07867156144500055 0 2.3010891262838848E-8 -4.5874342279050367E-8 -2.762298742981548E-5
0.5293785213896149 0.3388907230126146 0.07386902220939724 0 2.5500821535187984E-8 -3.9840805403162384E-8 -2.7632003346275448E-5
0.8010710017272104 0.46249419126110125 0.09999999999999991 0 4.087947391502289E-8 -5.6567706861217725E-8 -2.7611274595276778E-5
0.626960623589047 0.4522983371432033 0.08535306995964971 0 3.022161113739045E-8 -4.504514658599487E-8 -2.7611213827016078E-5
0.7061350528834721 0.4673278645716987 0.09212747065803699 0 3.739575573892769E-8 -4.696906837622223E-8 -2.760558398759777E-5
0.3592371994727271 0.12552401442410036 0.05970040660633737 0 5.712553856897782E-9 -2.75163459443895E-8 -2.7629846176953264E-5
0.39449037889125516 0.17177804019933995 0.06198157459134765 0 8.771253320741543E-9 -2.8056034274009816E-8 -2.7622630061071158E-5
0.2907007887888551 0.1297941048796961 0.057242741237689944 0 1.1761665279692278E-8 -2.114284008425788E-8 -2.7634341461301407E-5
0.2538184516803514 0.06940494742292715 0.05542696753822805 0 1.114891959800319E-8 -1.9738896053315614E-8 -2.762848576001473E-5
0.20062573683728857 0.09527047772396227 0.054301155270572714 0 1.289431180555196E-8 -1.4702895090189448E-8 -2.761179591382594E-5
-0.4690213191754545 -0.16282051739106812 0.06545407679976868 0 -1.4551979834898198E-8 3.0402944923989695E-8 -2.761697591527886E-5
-0.5329845388239064 -0.1985594752136454 0.06981392050905111 0 -2.1154765468033588E-8 3.666421440732611E-8 -2.7633830128742572E-5
-0.5985835515449605 -0.2260297922817816 0.07467942546060531 0 -1.8878561082767406E-8 4.519772420557783E-8 -2.76395524804869E-5
-0.6738902730202506 -0.22049852083738797 0.07997070091519404 0 -1.499760869746942E-8 5.1651142468860175E-8 -2.7632982463033436E-5
-0.7224932718504692 -0.1846612188414888 0.08299584497449673 0 -1.054874495889728E-8 5.3624325160023316E-8 -2.762369948037965E-5
-0.784218194998307 -0.17459658052838994 0.0880668176158918 0 -1.4614410405924217E-8 5.645639281961376E-8 -2.761297033144557E-5
-0.8340398056073667 -0.21902107573341573 0.09363611174877708 0 -2.303928342263787E-8 5.941308873246621E-8 -2.7622495357132467E-5
-0.8809151182252344 -0.2821428693025129 0.09999999999999996 0 -2.8894538809386594E-8 6.407414301203025E-8 -2.763205632290529E-5
0.11138757858716244 -0.19292894544503636 0.054318208030815426 0 -1.2765884888292295E-8 -1.2586549882443425E-8 -2.7624925111436134E-5
0.2238875048948224 7.238912562247948E-17 0.054346295287657886 0 4.693726108219277E-9 -1.6653779368508494E-8 -2.7625411644834224E-5
0.19420772375092543 -0.04676552312468657 0.053768452091938715 0 -1.4631143245654767E-10 -1.138920734423052E-8 -2.761632695935714E-5
0.16765785073129597 -0.0820458117059934 0.0534822586461166 0 -6.64367171175934E-9 -1.0255129171552808E-8 -2.760731806176985E-5
0.1532214795718842 -0.1047515501973591 0.0534601593182905 0 -1.0473818761787343E-8 -1.2611540174291286E-8 -2.760763467838007E-5
0.13365633223327952 -0.1314943305448411 0.053500013617672364 0 -1.2541290021583003E-8 -1.3524282745536857E-8 -2.761416207681121E-5
0.1909210649037196 0.04684254353730671 0.053697308093126346 0 6.5258870417950636E-9 -1.7117124353905764E-8 -2.761662831706567E-5
0.05493858025113072 -0.1872116672800932 0.053664600392910426 0 -1.0617628518291114E-8 -5.214187205808642E-9 -2.7616179205128602E-5
0.0015895535343272628 -0.18045943852644164 0.053353802929854664 0 -1.4194933736412543E-8 2.283170777463407E-9 -2.7608334616022435E-5
-0.053441146730527564 -0.18709102439814254 0.05365287398922711 0 -1.946633982066185E-8 3.1604355056378212E-9 -2.7617265206430625E-5
-0.15050660974349658 -0.260685094950677 0.05663516711153095 0 -2.2149228913104642E-8 9.355511069847818E-9 -2.7640046054024336E-5
-0.22974591189928226 -0.256397975299907 0.05821373401797809 0 -1.902492274474818E-8 1.7906754064682513E-8 -2.7639263973995753E-5
-0.2901412929767384 -0.21922908092139923 0.05898973037684318 0 -1.6692924897954703E-8 2.3739251105714353E-8 -2.7637751818440213E-5
-0.3302765228915605 -0.22443841547131757 0.06052899064430553 0 -1.6608947660815364E-8 2.8027899218334173E-8 -2.7634353637273826E-5
-0.11217260429255088 -0.1942886498520168 0.05435789315243198 0 -1.819491957375565E-8 4.4580141161691075E-9 -2.762805866210388E-5
-0.4043520178042477 -0.16901983470521795 0.062374130552393804 0 -9.854712523010562E-9 2.921819722045669E-8 -2.7627648800084704E-5
-0.36201088411519367 -0.17400839360604692 0.060635096430618034 0 -1.1324760392592591E-8 2.8062988929765664E-8 -2.7634819064791173E-5
-0.42569230627547644 -0.12215318657273527 0.06260425960749791 0 -4.607935321630878E-9 3.3848241004760034E-8 -2.7620462022684183E-5
-0.467604489294916 -0.09647351175034927 0.06440527405535047 0 -8.504468265907723E-9 4.095077883291409E-8 -2.7616102833119442E-5
0.40159415937487924 0.2222711945652258 0.06342742714419668 0 1.624911067515015E-8 -2.921277599940821E-8 -2.7624106677931664E-5
0.4374027432196876 0.28280425722564984 0.06685837267776952 0 2.5934007825178708E-8 -3.2125584052002786E-8 -2.7625779493320416E-5
0.4716692828943538 0.34325991058700284 0.07076541111671204 0 3.0174726586326274E-8 -3.429254565473779E-8 -2.7630582526793734E-5
0.5572755215547438 0.4510872900080022 0.08061070588876619 0 3.1202308424570556E-8 -4.342277334017164E-8 -2.7622504760763603E-5
0.5201731653431543 0.38799390136202994 0.0753439569886662 0 2.8692689331701885E-8 -3.9611102312891485E-8 -2.7630666287600096E-5
0.7501545426059838 0.541195955123228 0.09999999999999998 0 4.439788582667498E-8 -5.015770571037274E-8 -2.7617064649290736E-5
0.5828756184496425 0.5332115379316271 0.0868511630159933 0 4.199721194481009E-8 -4.563906566774278E-8 -2.7613469736565886E-5
0.650470548607775 0.5465931881196748 0.09240305490818579 0 4.4457983862846806E-8 -4.6042996420861194E-8 -2.7615014886317428E-5
0.33827356631260735 0.19741612693850677 0.06018657141513714 0 1.2874555002047254E-8 -2.6244259116546363E-8 -2.7631188172406158E-5
0.2643297840462276 0.19520810401833616 0.057617277126140565 0 1.5325037292841583E-8 -1.850704846918319E-8 -2.763563430926007E-5
0.23462332403576286 0.13422621113694244 0.055643167928538385 0 1.5806656493767394E-8 -1.4021805978772382E-8 -2.7625967824547068E-5
0.1835322570857455 0.12636576122723128 0.05431954168807021 0 1.2424472422307593E-8 -8.211819157439519E-9 -2.7612436093937318E-5
0.15384433041034717 0.09209874155024383 0.0533301823681776 0 4.327383655227318E-9 -1.1990640253670098E-8 -2.760909309018905E-5
-0.5199939829281822 -0.124648956040805 0.06768673130026932 0 -1.8527313818134696E-8 4.009654223337404E-8 -2.7622185517321236E-5
-0.5744027965338087 -0.14938461510286838 0.07144252826293566 0 -1.7552148580609905E-8 4.309003398580029E-8 -2.763580550899642E-5
-0.6477191420222239 -0.14358128013705043 0.07642272847163621 0 -1.0315550733605793E-8 5.0162058849161126E-8 -2.7637155032143857E-5
-0.735100345459195 -0.11930462056175606 0.08291132970822637 0 -4.374294871710803E-9 5.875488977196079E-8 -2.762035870015207E-5
-0.8023821229894582 -0.12465004703532732 0.08885408731398864 0 -1.3229298266925477E-8 6.374890955538067E-8 -2.761108790918002E-5
-0.8531067718150073 -0.15803750226362165 0.09415708085227005 0 -2.04022922063284E-8 6.395064727510691E-8 -2.761841168975256E-5
-0.9051158299750595 -0.19076243784282 0.09999999999999995 0 -2.280535304111093E-8 6.6546822298489E-8 -2.7626812995913025E-5
-0.8393412000271001 -0.10211595922316327 0.09200820531311653 0 -1.501320803520605E-8 6.759200265971158E-8 -2.7618346296674322E-5
-0.5124187514513647 -0.05184789683178334 0.06651654728017117 0 -9.84356059692718E-9 4.351495223452122E-8 -2.763145772335256E-5
-0.4662367643365183 -0.05429215722432917 0.06397307879016166 0 -5.490937259979962E-9 4.100655955639626E-8 -2.762754642558216E-5
0.07846305682895906 -0.1359020009449211 0.0529048760801971 0 -1.1169419751562286E-8 -5.2932741194516976E-9 -2.7619795884603885E-5
0.1581850159804538 4.03666044625459E-17 0.05292729798071231 0 -8.846866033350588E-10 -1.1665342016950893E-8 -2.7619845484062855E-5
0.1339429855522494 -0.042721659792281826 0.052630185389843626 0 -6.61392010800258E-9 -7.297041845873377E-9 -2.76186850886459E-5
0.12170874450296679 -0.07937873255132208 0.05270638285367756 0 -1.0767955926861463E-8 -6.976504240975365E-9 -2.7616092051686966E-5
0.0926329081859553 -0.0934021566431387 0.052491087538806276 0 -1.0972770462240343E-8 -5.089262130980582E-9 -2.7620900402566772E-5
-0.07925046645516257 -0.1372658344238745 0.05293295280422828 0 -1.1097494295955852E-8 6.653622802489272E-9 -2.7621656171908135E-5
0.12737884186502532 0.04457914646124025 0.052542398875778 0 -3.2796007616773935E-10 -1.1721498166301707E-8 -2.7620376708347506E-5
0.025874926118163208 -0.13266950985365822 0.05254567933671947 0 -1.0206382901433421E-8 2.379509371261544E-9 -2.7620031396040386E-5
-0.025243839799718233 -0.13300675455069116 0.052548920040911946 0 -1.144026456246776E-8 6.343571161799635E-9 -2.7620669894676667E-5
-0.18973296493485722 -0.18461798069110355 0.055474546986767154 0 -1.7482340806869494E-8 9.082075957068194E-9 -2.76320879730707E-5
-0.2483235922732361 -0.1816505696604007 0.05686432272721824 0 -1.7110254975685318E-8 1.679719699428855E-8 -2.7637464114999714E-5
-0.30831506111577245 -0.17770170158565643 0.058672582596364375 0 -1.4276898991544446E-8 2.414751404896199E-8 -2.7639302958449872E-5
-0.13643849435757827 -0.142707733989249 0.05371629461338724 0 -1.0854627093840137E-8 6.0440564825023714E-9 -2.7619244284043387E-5
-0.184039983968445 -0.12735803584373426 0.05434432437859786 0 -1.3980389647193854E-8 9.099663798687535E-9 -2.761531233264131E-5
-0.10393602836491156 -0.0928684349452979 0.05261104654913399 0 -4.1456238302243826E-9 9.556094774900898E-9 -2.7621352159409458E-5
-0.33491839009005275 -0.13913239257244242 0.05894927757126896 0 -1.0055914909807282E-8 2.624926557345508E-8 -2.7639083415754936E-5
-0.379850741799242 -0.12110542276221135 0.060500587943527986 0 -5.332426197254134E-9 3.0351679705182384E-8 -2.7632832669061477E-5
-0.40842759083875496 -0.05875232359605658 0.061140527783328784 0 -1.8911978933898976E-9 3.480124098416647E-8 -2.763348688202008E-5
0.36282250283673584 0.2686598783514224 0.06303900336729046 0 2.092515423027678E-8 -3.127213651207228E-8 -2.762099949940001E-5
0.4058790843317993 0.3317218591300756 0.06705525860874961 0 3.2155211357234124E-8 -3.014164187305817E-8 -2.7618123670648604E-5
0.4678168231247622 0.39722837411780604 0.07282402579327739 0 3.275639337223208E-8 -3.398292211688896E-8 -2.7630765681405247E-5
0.43228391685071293 0.3802988180284773 0.07026687195777441 0 3.4281087393581375E-8 -2.961310901877326E-8 -2.762613883205037E-5
0.5096255127299391 0.5106912413470729 0.08097857821614195 0 3.702946162288113E-8 -4.287526949290917E-8 -2.761944257720174E-5
0.49005227512439575 0.44470401859070535 0.07629562530822705 0 3.3347579125598684E-8 -3.789731919129306E-8 -2.762934802340932E-5
0.5354804188313992 0.5793968081607486 0.0867593250488703 0 4.547789190574865E-8 -4.385630791912448E-8 -2.7603932065568803E-5
0.6847900044003186 0.621834941224156 0.09999999999999994 0 5.279585264853662E-8 -4.831087323749709E-8 -2.761975651227793E-5
0.5876935447112426 0.6161088910778022 0.09257893706827944 0 5.284916934002557E-8 -4.2552439973105246E-8 -2.7608290821036633E-5
0.2968769596322443 0.26583446546620604 0.06049214663587174 0 1.6752503403119925E-8 -2.5687760864096404E-8 -2.762800827863718E-5
0.22703812963746217 0.26409762190385 0.058370438456053005 0 1.788770226078306E-8 -1.693193595950359E-8 -2.763789479410816E-5
0.18890830540911197 0.18932922319802872 0.05555650018582656 0 1.6126420680838343E-8 -8.271174426051351E-9 -2.763143465608438E-5
0.10177697427875262 0.08834048795367637 0.05253956863179544 0 2.5158324878004843E-9 -8.813653788028012E-9 -2.762109358705301E-5
0.13647605991683223 0.1435082568468913 0.053729825805134857 0 9.592601402986396E-9 -5.259041774058907E-9 -2.7618418768537068E-5
0.14969050843762163 0.2592715660247786 0.05657975437506356 0 2.0650808587865508E-8 -8.20563249633651E-9 -2.7640535428998115E-5
-0.5844196053235717 -0.07491703801282973 0.07115392026499065 0 -1.0981274313208972E-8 4.677850011600082E-8 -2.763971025258357E-5
-0.7351410524947968 -0.060926854977285956 0.08231802271497875 0 -2.0432210908368843E-9 6.023955523151293E-8 -2.762810070589949E-5
-0.6752473549062168 -0.060997662019661704 0.07752927755735102 0 -2.8592819763999096E-9 5.4071352344248604E-8 -2.7637998445100306E-5
-0.7962287177911108 -0.06074957956360477 0.08762354715881242 0 -6.860893868375643E-9 6.575342237181475E-8 -2.7622165780627142E-5
-0.8627884197170684 -0.055125093298773874 0.09385473111979895 0 -1.1170990428634107E-8 6.903150583062258E-8 -2.7626610566000034E-5
-0.9192838471164881 -0.10263764414409532 0.09999999999999994 0 -1.6639208352497113E-8 7.290405764910588E-8 -2.7629044056422247E-5
-0.5447672634209793 2.858524015158418E-17 0.06830049229574699 0 -5.608148871902024E-9 4.2184625599309394E-8 -2.7639575862383458E-5
-0.4638591691868275 2.797468827787367E-18 0.06368112390889594 0 -1.538054190483671E-9 3.591200328506463E-8 -2.7633961550701283E-5
0.04273067501608843 0.07401170016957923 0.051925849626185475 0 3.1907464416552528E-9 -5.953198603557362E-9 -2.7631343967321748E-5
0.04273873390329096 -0.07402565857166639 0.05192600533605054 0 -8.100221575575773E-9 2.908031247771674E-10 -2.763008344031321E-5
0.08580268905133058 2.7616060966210454E-17 0.05192915349305607 0 -4.296550103202286E-9 -6.113983625814227E-9 -2.7630090436395045E-5
0.07416648351753428 -0.042820039223696336 0.051927573540639343 0 -7.290328426949849E-9 -3.258757655089917E-9 -2.762972745525541E-5
-0.04299754043112494 -0.07447392462720538 0.05193102148339571 0 -4.5382979948285434E-9 6.875259696594846E-9 -2.763102830772683E-5
0.07415950431437714 0.04281600977887487 0.051927495533993596 0 -8.089351495769277E-10 -7.174332961188359E-9 -2.763041466253391E-5
1.3904975238826412E-17 -0.08573627431625096 0.051928505242836896 0 -7.163611339455826E-9 4.377442991474347E-9 -2.763023540706288E-5
-2.9796378738924766E-17 0.08577355466188762 0.05192886660175564 0 5.91900144866039E-9 -3.513990022514469E-9 -2.7631674992300145E-5
-0.22815732549244747 -0.13366956667415786 0.05546555293618704 0 -1.734472416569116E-8 1.4051861499789965E-8 -2.762796112260298E-5
-0.27837086784154214 -0.12617379267311213 0.056793561369108604 0 -1.4192255773694738E-8 2.07896989210087E-8 -2.7638050645808062E-5
-0.15093740406319933 -0.09389909648308081 0.05329903073383901 0 -5.572785994362707E-9 1.2378531088360762E-8 -2.7611776259201043E-5
-0.19761019796705667 -0.10158906953187431 0.054303584925033135 0 -1.4417169988333953E-8 1.4316386390229832E-8 -2.761430363045951E-5
-0.12619399745448537 -0.06614911525416545 0.052660410611162535 0 -1.9951132105609775E-9 1.2530913855134475E-8 -2.761993764563438E-5
-0.07423701450489274 -0.042860760308234 0.05192836227840669 0 -5.422101031624784E-10 8.036093213668605E-9 -2.763155317744266E-5
-0.4277423899643161 0.06497482014443749 0.06209784320535729 0 7.48175577069045E-9 2.9121473142886314E-8 -2.7630202788963073E-5
-0.33304413722574777 -0.06930677678439595 0.058055306373968225 0 -5.947458893320847E-9 2.7055091026214044E-8 -2.7642511596671636E-5
-0.3847166606924661 9.345124501562139E-19 0.059881376808148805 0 1.4531852862877459E-9 2.9832353936135144E-8 -2.764137685877775E-5
0.3329058545937796 0.33325924236807375 0.06406157186555389 0 2.252334922000533E-8 -2.654263579732694E-8 -2.760628832950148E-5
0.49825230464030634 0.6040689738251999 0.08623250303750961 0 4.282843855225445E-8 -3.866875185143638E-8 -2.7601805253204573E-5
0.3818998921620359 0.39282083230988174 0.06849211870683777 0 3.434182674576913E-8 -2.2108492597543538E-8 -2.761898808792461E-5
0.4314021965681312 0.42876752259718576 0.07244484890584979 0 3.4863326528459294E-8 -2.978518448690131E-8 -2.7629589411988247E-5
0.4723939921181883 0.5653277489130144 0.08223903081434109 0 3.804348921778263E-8 -3.996793821807082E-8 -2.7612842752234103E-5
0.44736034083495346 0.4974141441538552 0.07684191432450417 0 3.572862733546271E-8 -3.5292423722468105E-8 -2.762775770541201E-5
0.5230354883414245 0.6422697488364204 0.0903707538749386 0 4.974030711239508E-8 -3.486517641768771E-8 -2.7601578759331407E-5
0.6177594130735138 0.6884753307245898 0.09999999999999995 0 5.7773412080159575E-8 -4.2029492171078206E-8 -2.761493238906473E-5
0.5518007966248653 0.6760563257947593 0.09465507346897212 0 5.4600534539173116E-8 -3.5066747463398736E-8 -2.7608365925080185E-5
0.2625418688185837 0.33648330779519714 0.06181290503458571 0 2.01215956697976E-8 -2.052074381894702E-8 -2.7625857412920852E-5
0.10763513709501461 0.3224957272318108 0.058047784011843594 0 2.4811471881629185E-8 -8.396816143778499E-9 -2.7640289083448646E-5
0.19231764390950024 0.3331039304431938 0.059877835485628014 0 2.3582674132359584E-8 -1.608323091041734E-8 -2.763689396434328E-5
0.11136664405289663 0.19289268576805546 0.0543171535525474 0 1.665906032133348E-8 -3.40825174865399E-9 -2.76281404451642E-5
0.07844894660138711 0.13587756131386042 0.05290437550856248 0 9.570136864591599E-9 -5.8482902892198915E-9 -2.7622063680661416E-5
0.03519829734560284 0.13784946141786306 0.05265706254873472 0 1.0748494430057747E-8 -5.5561965071786605E-9 -2.7621501959833096E-5
0.06630901180929025 0.2508565357105051 0.05531869953262273 0 2.2418943552932082E-8 6.979264633022334E-10 -2.7631525713564458E-5
-0.017053837843317182 0.27836069099312905 0.05590951428308119 0 1.9404563888725206E-8 7.940454463433E-9 -2.7632934193130028E-5
0.011677278178983168 0.25977319628253465 0.05533524160416193 0 2.033173484956646E-8 7.055469924043381E-9 -2.762703299590388E-5
-0.036475279191632355 0.1302798698937502 0.052547520741153056 0 8.861749737427871E-9 -1.4908123857982982E-10 -2.7623757974242192E-5
-0.004334214649360648 0.15163914092247652 0.05281372846092682 0 1.0672263714718507E-8 -3.5142770095106674E-9 -2.7617932221261387E-5
-0.5548238392163805 0.07638757137486699 0.06925704553616709 0 -1.2144802058297162E-9 4.074236748176474E-8 -2.7636595621468912E-5
-0.6361392415232946 1.3179599374821288E-17 0.07441207081886599 0 -1.141737625529899E-9 4.915605660726099E-8 -2.7643935043418896E-5
-0.7353276040989696 1.376885046738379E-19 0.08212306732579755 0 1.7088859830333168E-9 5.6784511054500265E-8 -2.7632539692327296E-5
-0.8245744171037558 1.994957568951944E-17 0.09002147282184524 0 -4.164307086420266E-9 6.364203857170028E-8 -2.762741848079078E-5
-0.9249999999999996 -3.487031299242896E-17 0.0999999999999999 0 -7.986831675628744E-9 7.145621506876286E-8 -2.763499497941516E-5
-0.6215823870108426 0.05940809814964494 0.0735747228508592 0 2.35346604033534E-9 4.680789479191604E-8 -2.7643289879590353E-5
-0.5039157942187592 0.07056797810116018 0.06615707446286308 0 -5.720119050402055E-10 3.4320969178182354E-8 -2.7627597043077993E-5
-0.4742240483662385 0.11256694280313873 0.06494853319711702 0 6.260942501293971E-9 3.423651736195137E-8 -2.7614614717138405E-5
-0.4362515368769683 0.13236424219261794 0.06326633817399899 0 1.408293698454324E-8 3.453836892823962E-8 -2.761952943439326E-5
-0.3689420167821231 0.1279817916152874 0.06013540062401418 0 1.2927890736800094E-8 2.825350500088594E-8 -2.7636875707368755E-5
-0.40020050920329836 0.18553375498639205 0.06251643484045978 0 1.5969203235403725E-8 3.292297609092266E-8 -2.763238213383949E-5
-0.11902524067374867 0.3280525016025783 0.058398241089487615 0 2.3564546392205024E-8 8.20318612423975E-9 -2.7642950797043166E-5
-0.278960464150049 0.23105339123962187 0.058930977919053947 0 1.8112831105586522E-8 2.057147127332619E-8 -2.764133696360107E-5
5.529796886260846E-16 -9.523255661324038E-16 0.05151308386343702 0 -6.519743838941085E-10 4.3223358485430187E-10 -2.763955251774226E-5
-0.043042879691499385 0.0745524545297515 0.0519319033593881 0 6.849482458016348E-9 5.660477372702666E-10 -2.763224995548085E-5
-0.24680219676358373 -0.07209570484822997 0.055249906628573604 0 -1.2991375463821867E-8 2.008282805197607E-8 -2.763179611917831E-5
-0.1740533791739203 -0.0457943921612332 0.05334383022045102 0 -5.648872264137276E-9 1.6936067361888932E-8 -2.7619132218929254E-5
-0.12783259126111418 -0.033275347967647695 0.052499203818416273 0 -3.1678138498400246E-10 1.2227720984198702E-8 -2.7624068656070163E-5
-0.08544796042127181 1.2633032021521531E-17 0.05192572029476935 0 2.9496146952676707E-9 6.9636749510962916E-9 -2.7632290647634638E-5
-0.33947513674739144 0.06240362523718613 0.058248486325065116 0 4.609938020266658E-9 2.512754662871199E-8 -2.7643574276335686E-5
-0.30816555573663146 0.12979030410922676 0.05783416263257108 0 8.096856666594232E-9 2.4206809062492216E-8 -2.7642299958559067E-5
-0.22695325756190307 0.2565120405768185 0.05814491145404571 0 2.0038960949739622E-8 1.8129567763962155E-8 -2.7643856738398757E-5
-0.25569422992480956 0.1801064295667739 0.05704280655464759 0 1.0670381670219511E-8 2.2266646261792403E-8 -2.7640936979945698E-5
-0.07471068043782807 0.26158647648355277 0.05569656348774581 0 1.5728367084721177E-8 1.0778529141208794E-8 -2.763673070874921E-5
-0.15073713287945018 0.26108437273446883 0.05665087411303693 0 1.7703437856621476E-8 1.459280232454897E-8 -2.7644519803797524E-5
-0.0793293077376864 0.13740239153093972 0.052935779499837216 0 9.899130406294763E-9 6.366234960748624E-9 -2.7623884760543014E-5
-0.299396714946573 6.0549876586637245E-18 0.05658028588283899 0 -3.914060246602007E-9 2.33428897642367E-8 -2.764400265715832E-5
-0.39181543828090004 0.55445735722153 0.07760084140770424 0 4.44187312719578E-8 2.9089599649254065E-8 -2.763914481210558E-5
-0.42125713605646403 0.6077940464059373 0.08247265847688973 0 5.022375202385478E-8 3.1440407253193755E-8 -2.7629079845782204E-5
-0.4499036574234317 0.6597655574984553 0.0876254316161508 0 5.247463899985221E-8 3.818839089651321E-8 -2.762352786737904E-5
-0.4789401191209052 0.7197628636157833 0.09385470752197607 0 5.3122273563650546E-8 4.37209300976883E-8 -2.7627786356867884E-5
0.30693864167133966 0.4042133776050551 0.06608285286906407 0 2.8541880130119193E-8 -1.6460731020540858E-8 -2.7621488646207768E-5
0.45341996389119593 0.6343388790419371 0.0859386615701075 0 4.268354646757457E-8 -3.256476535394242E-8 -2.7610567135297632E-5
0.36186279370904106 0.47199806236141656 0.0715259330567936 0 3.590950973555828E-8 -2.2970130466578747E-8 -2.7632514884320146E-5
0.400949758946052 0.5652131577221655 0.07869394977656127 0 3.870512558410242E-8 -3.190058541042677E-8 -2.7626983902076826E-5
0.4904238791693691 0.6985151762406319 0.09277567976728547 0 5.23683581501692E-8 -2.9977524308202466E-8 -2.761264522649368E-5
0.5485314952955888 0.74480230687788 0.1000000000000001 0 5.7813657324873337E-8 -3.364788366052035E-8 -2.761762194048545E-5
-0.157502577302292 0.4062797025959702 0.06224976286168574 0 2.8108075094940942E-8 7.50769012725097E-9 -2.7628626590346185E-5
-0.04439277195221168 0.328710102628296 0.0577329050528648 0 2.3914475981702505E-8 4.9875713906266635E-9 -2.7640744648945993E-5
0.025557696189703685 0.3104658173674805 0.05699894508193312 0 2.374047377650253E-8 1.91318809429709E-9 -2.7638252314163617E-5
0.05891091878969271 0.3561813785904501 0.05888183035860122 0 2.608544983516799E-8 -5.5263595581133644E-9 -2.763818894475831E-5
-0.07539656272461737 0.3826387268002811 0.060112744280339386 0 2.98954095514452E-8 2.6754980074809577E-9 -2.7635391953813944E-5
-0.19156331121345582 0.4731617410648756 0.06625147072173321 0 2.87114869894659E-8 1.7321950697851786E-8 -2.76269680472882E-5
-0.31860245148696237 0.5518356333914171 0.0744889558881298 0 4.117756144314003E-8 2.508007004671897E-8 -2.7644240562142738E-5
0.23188989210585279 0.40164507488900236 0.06367695651733306 0 3.027205160865118E-8 -1.6609436252374218E-8 -2.7628417117990657E-5
0.18545604713463834 0.43047399478074116 0.06393784680976809 0 3.6516028386168286E-8 -1.5653303144626702E-8 -2.762320150542864E-5
0.15384627156060351 0.3839117365891883 0.06118533303935759 0 2.9572441292123707E-8 -1.589055384570559E-8 -2.7629964246108434E-5
0.08567704016096148 0.3934342712802923 0.06068036954612458 0 2.7527460011122036E-8 -1.064868134643369E-8 -2.763018696402978E-5
-0.04746651353754765 0.1829715324610284 0.053532622158623755 0 9.172276991708977E-9 4.666547294211214E-9 -2.7618967360530735E-5
0.01717373484524668 0.1662656573333219 0.053092157016808576 0 1.3775415959741748E-8 -3.768735176096522E-9 -2.7615004589870427E-5
7.833096257776418E-4 0.19069362679459012 0.05356840441819727 0 1.3989278839694002E-8 2.735916597512563E-10 -2.7610461628403694E-5
-0.014253461472862217 0.23459230484404994 0.05463523466770248 0 1.506097682707188E-8 8.536921695282565E-9 -2.7619027172612743E-5
0.04520143550094837 0.1841851235528076 0.053545944108146816 0 1.7676425041723263E-8 -2.44575538441958E-9 -2.7617226665078068E-5
0.017981432514459814 0.22651294475696923 0.05443142027174295 0 1.9559508031499084E-8 5.154771403723154E-9 -2.7616418652064185E-5
-0.4509389353459413 0.18062953941108667 0.06485872161226297 0 1.3352512046491822E-8 4.055215992278425E-8 -2.762528515138365E-5
-0.43855507291261625 0.22078311851591842 0.06514753629020965 0 1.464391278277117E-8 3.7685459567180045E-8 -2.763333677818124E-5
-0.5430568755805911 0.1088667628343709 0.0688662273363696 0 -1.3911210440178975E-10 4.0942481126291694E-8 -2.7631583501104422E-5
-0.5075730010734566 0.12513873893141766 0.06697106660603608 0 1.3897218282234966E-9 3.955893130233241E-8 -2.762040932298546E-5
-0.4876818695036711 0.16005919777938846 0.06641416297022892 0 7.064807727601688E-9 4.339602504144763E-8 -2.7620664070173952E-5
-0.5817364775186938 0.11498204866540508 0.07140762999266016 0 2.877623978917592E-9 4.458015018113513E-8 -2.763891949481781E-5
-0.6893460495224288 0.06354738512595376 0.07863780818203957 0 7.258449131876158E-9 5.1029216244179226E-8 -2.763676847308336E-5
-0.7599167871431189 0.060700756349994105 0.08441733903220823 0 5.844703942974521E-9 5.469372980141219E-8 -2.7625536101546538E-5
-0.8184909839211809 0.07533925376340878 0.08977629762126756 0 1.0310224498238318E-9 5.91202962141087E-8 -2.762118473044178E-5
-0.8641324069088798 0.06217499425579329 0.09403348687291993 0 -2.494076221386349E-9 6.40583797730965E-8 -2.7626915289196685E-5
-0.919284810212244 0.10262901652303173 0.09999999999999994 0 -8.926081743932733E-10 6.911462443266339E-8 -2.7630540893944737E-5
-0.7200856347104291 0.1275637570102766 0.08178787314202204 0 1.4847925228988142E-8 5.4545059790396756E-8 -2.7625645207243004E-5
-0.6366216770914513 0.14805650423757327 0.07568897320024312 0 1.1150423956215661E-8 4.9344057429372624E-8 -2.764027493158001E-5
-0.5083123257938114 0.6756675576578803 0.09200745306162258 0 4.9784220463560825E-8 4.618696521846611E-8 -2.762016142147668E-5
-0.5084523869045262 0.6310249340793687 0.08870435188239581 0 4.7490567084264084E-8 4.2244413111547536E-8 -2.7613166992180227E-5
-0.5485031394581954 0.7448231888659755 0.09999999999999998 0 5.3605846119483143E-8 5.017240912587214E-8 -2.7630898261412526E-5
-0.47303326379715877 0.5791284533565413 0.08316905076856485 0 4.7744144656423615E-8 3.290041390023607E-8 -2.7621580723068627E-5
-0.45509595152323223 0.4866404390645807 0.07663670286639768 0 3.7043599487054266E-8 3.37608174387244E-8 -2.7639333108030672E-5
-0.4180330375357138 0.4186106610386911 0.07131407766744807 0 2.7041923318747154E-8 3.646203862450128E-8 -2.7638126720648452E-5
-0.35805699391726126 0.4725541821277961 0.0714004969823895 0 3.451939264885935E-8 3.214248745341717E-8 -2.7641491977443354E-5
-0.3304177610769968 0.2075632873895256 0.060121873146272396 0 1.649300672041736E-8 2.4378630694505945E-8 -2.7639439543409808E-5
-0.3986677525588505 0.2551376793832065 0.06418286265211677 0 1.6302742783462017E-8 3.014888455745979E-8 -2.7633180357231924E-5
-0.19326570388917413 0.3347460184966116 0.05996054906425581 0 2.5949633776597277E-8 1.3350370119844107E-8 -2.7641627124749942E-5
-0.2326279902659774 0.402923498403311 0.06375456788963607 0 2.9640670197084123E-8 1.8979926334124817E-8 -2.7634439575601782E-5
-0.2730034360466582 0.4728558218736924 0.06837705113188595 0 3.288840783006917E-8 2.5594272354127543E-8 -2.7640085499487698E-5
-0.30165136280488025 0.41841452971898935 0.0665620091821718 0 3.189298173276342E-8 2.980220364478844E-8 -2.7632439623999696E-5
-0.2982294435153453 0.2720284218761083 0.06072614652584282 0 2.3248847322449018E-8 1.9385397621587586E-8 -2.7633744349498896E-5
-0.28071917465641966 0.3771430143239578 0.06401358518053687 0 3.186935463324826E-8 2.493545731461773E-8 -2.762854156901922E-5
-0.25621859628623345 0.3266156402995803 0.061257118437086824 0 2.881201496356119E-8 1.8543118798240872E-8 -2.7634335200709803E-5
-0.07427627943517316 0.042883429926301085 0.05192880169730083 0 5.989160296963376E-9 4.1843535330126416E-9 -2.7632336652687632E-5
-0.10192189467460559 0.10267269443312377 0.05269596908601702 0 1.0353603374314785E-8 7.520449539317916E-9 -2.7622705945771388E-5
-0.22270343343645202 -2.7398019802337882E-17 0.054316401779706945 0 -6.023336793797012E-9 1.7519607669072454E-8 -2.7630721094978862E-5
-0.1568744501142894 1.9427769320198104E-18 0.05290395974586273 0 -4.066295609572949E-10 1.2460911561197821E-8 -2.762388061621218E-5
-0.1333037269353432 0.03517105967265549 0.05258728793055297 0 4.588831074817711E-9 8.448646352548756E-9 -2.7623653224546187E-5
-0.2668792736165403 0.06671487334767572 0.055790773586017584 0 -1.1143811266434002E-9 2.0154673101459667E-8 -2.763790190736579E-5
-0.25161809751440434 0.1255049475699697 0.05598231997151887 0 3.0362595512921615E-9 2.172281528916351E-8 -2.7635137023128082E-5
-0.2204702956430696 0.1429341155499399 0.055415459742855375 0 4.5294559987502535E-9 2.2140396259049538E-8 -2.762976311155285E-5
-0.18350196867475072 0.18844743574056294 0.05542383280391714 0 1.1374992377744054E-8 2.042221473463952E-8 -2.7635510117436314E-5
-0.1122914677939212 0.19449452747555573 0.054363926326504504 0 1.1489218272183007E-8 1.3645404443318468E-8 -2.763114130605445E-5
-0.13865734030206042 0.13413724110678021 0.05361667711440056 0 1.0947215789381742E-8 1.53865953534798E-8 -2.7619592909792085E-5
-0.3679940573528883 0.637384404218618 0.08217817873449762 0 4.9046609283601705E-8 2.6416882488603583E-8 -2.7632885999677727E-5
-0.4124740638930545 0.7144260354671818 0.09005646238462257 0 5.190901117217814E-8 3.4902025601532645E-8 -2.7627925555735584E-5
-0.4625000000000002 0.8010734985006057 0.09999999999999998 0 5.6631619093311884E-8 4.200450628628315E-8 -2.7635563371064072E-5
0.41227210451772545 0.7140762315680472 0.09001864521731297 0 5.490140342860507E-8 -2.8095226516751455E-8 -2.7617861876195582E-5
0.27234892372669683 0.47172217328134014 0.06829621029644013 0 3.75312758654623E-8 -1.617311753918374E-8 -2.763299587033116E-5
0.36764043700660404 0.6367719158122639 0.08211917016769554 0 4.630910447350319E-8 -2.9708612127256318E-8 -2.762388808352388E-5
0.31803615984503875 0.5508547874957042 0.07440724687637126 0 4.12578838870437E-8 -2.3507548396451037E-8 -2.7636247012881853E-5
0.46250000000000013 0.8010734985006064 0.09999999999999999 0 6.331841420646904E-8 -2.86832496850503E-8 -2.7624142723425707E-5
0.3836506929290541 0.7746515411716932 0.09384509082801112 0 6.314658229078568E-8 -2.4714802689751062E-8 -2.7617733679972993E-5
-0.14030890931253803 0.4679836164169959 0.06501280116403946 0 3.1943479536180664E-8 1.1657152503211319E-8 -2.7613360807303005E-5
-0.10294114607188212 0.4464085827438704 0.06338188130081227 0 3.651985516411264E-8 4.893348896255152E-9 -2.7617272512800015E-5
0.013052198219917906 0.38970549808144683 0.06010955939350729 0 2.858849130069907E-8 -2.2791895367719817E-9 -2.7636849278123024E-5
-0.04037960269203984 0.44085703180834646 0.06259577733066987 0 3.611440697994762E-8 2.286027661723027E-9 -2.76296976852843E-5
0.06533055038853267 0.4354649165439312 0.06247764990259344 0 2.839583344076777E-8 -7.1521733032246014E-9 -2.7624850683981745E-5
0.21079455863719812 0.4693257584201238 0.0664848367230654 0 4.077621491907257E-8 -1.3191342966933072E-8 -2.7626502939151266E-5
-0.2117215867706234 0.5198781223671348 0.06933829044213057 0 3.379377292254124E-8 2.108115193338712E-8 -2.7635985960541417E-5
-0.1460434120132441 0.503264073058023 0.06704541835555092 0 3.414410299628216E-8 1.8260729729062937E-8 -2.7619295022650696E-5
-0.17773060720916653 0.5259463281585314 0.0689480477972893 0 3.4586495215752836E-8 2.013534000573481E-8 -2.7630534485081246E-5
-0.2900329026458535 0.6297052539110424 0.07871782471366953 0 4.692196855531968E-8 1.873024483612126E-8 -2.7636100749125088E-5
-0.2598642375444073 0.5690891545970852 0.07365958600480058 0 4.088911281259697E-8 2.0825188616997427E-8 -2.7642818953791406E-5
0.1498593825176401 0.45279307874260616 0.06437801254812758 0 3.783000225841161E-8 -1.316119721820037E-8 -2.761278692933016E-5
0.11053788187593885 0.4306223745782792 0.0626902062642271 0 3.036352741039445E-8 -1.3137455560856778E-8 -2.7617632995106272E-5
-0.4490633670822637 0.26293361409508886 0.06682964731028329 0 1.5166064933110965E-8 3.6865365290828306E-8 -2.7637448167064857E-5
-0.4300985673768074 0.3012630280350379 0.0671100012724704 0 1.614153383394256E-8 3.3672675290548996E-8 -2.763494640665014E-5
-0.49761740681994665 0.2259943198914076 0.06840949555720777 0 1.2584966087749646E-8 4.342540896611966E-8 -2.7637607066516488E-5
-0.5518948161465873 0.17422255470543743 0.07046196471921622 0 6.585013309551323E-9 4.5999755929546966E-8 -2.763659192939325E-5
-0.4324706598932548 0.35955969358955997 0.06940707877592157 0 1.9675771558536206E-8 3.5718985500221986E-8 -2.7635623847913323E-5
-0.7940808377677345 0.13178185399490336 0.08820577601429047 0 7.728382345183169E-9 6.046709351669595E-8 -2.7611798409449577E-5
-0.8565041007211139 0.12935729823844902 0.09401883827528355 0 1.2908565591795971E-9 6.561656450289278E-8 -2.762079866411087E-5
-0.9051192255768065 0.19074632675980735 0.09999999999999998 0 6.3859720705545E-9 7.331564251906813E-8 -2.7629598462585352E-5
-0.7583678808155521 0.178257805309045 0.085877514601274 0 1.552002772782478E-8 6.220424912627028E-8 -2.7618865415896272E-5
-0.6170663609123308 0.222189336538271 0.07585507468331582 0 1.6412933591057726E-8 4.836780008841533E-8 -2.7642228001917507E-5
-0.6972424057138269 0.20430689657176623 0.08139617396721441 0 1.8518107207616883E-8 5.530062611837224E-8 -2.763235864063088E-5
-0.5596851197575441 0.6634042603718276 0.09419033697962355 0 4.468149092502791E-8 4.907049033800151E-8 -2.762091555082894E-5
-0.5445828559277583 0.5931276201062036 0.08823074690283748 0 4.04478371193257E-8 4.055939724688716E-8 -2.7615925339420813E-5
-0.6177328508859395 0.6884991641819085 0.09999999999999992 0 4.496769142903795E-8 5.231219360392649E-8 -2.7629931181625015E-5
-0.5240933648557363 0.5322322969179639 0.08310069903157469 0 3.9843466130987357E-8 3.567243606812467E-8 -2.7626942005659752E-5
-0.482008368592271 0.40269833860051546 0.07383556549613608 0 2.7676239826420284E-8 3.795564633364387E-8 -2.7642875517027184E-5
-0.5228737105474611 0.469403410425903 0.07945982017150148 0 3.5989715336889155E-8 3.798236583642972E-8 -2.763718272490522E-5
-0.3178442209190435 0.3574692689417035 0.06445327462614317 0 3.0348648890649807E-8 2.7620668766840467E-8 -2.761776864813091E-5
-0.3668515165065182 0.391453181331997 0.06779342734587494 0 2.505419814669041E-8 3.57725946356114E-8 -2.7625157226743757E-5
-0.37474174799433474 0.32521524057353407 0.06543736846884436 0 1.8268599950621256E-8 2.727758583496911E-8 -2.7619477547512647E-5
-0.3445240713159381 0.2767146512083848 0.0625551726814487 0 2.0527241570284777E-8 2.184985674257575E-8 -2.7627990062191503E-5
-0.31825267387856393 0.31228528282505885 0.06275542647814246 0 2.6726939090331014E-8 2.0731037434921422E-8 -2.7621521359609875E-5
-0.13208776332768443 0.07040426877471616 0.05277929135503948 0 8.339035071069537E-9 8.118594628127012E-9 -2.7619285851882703E-5
-0.13558426904309848 0.09984465055515283 0.05311549222562181 0 1.0339831898054883E-8 1.110075111749365E-8 -2.7616324214305615E-5
-0.18433654548332082 0.04822270923057056 0.05356505347436668 0 4.5463903648733735E-11 1.11625644496E-8 -2.762018717251604E-5
-0.2141365218541703 0.10501643106435352 0.054728299370409676 0 -6.732683192047623E-11 1.8428942728618215E-8 -2.7621762666051534E-5
-0.18680865935078547 0.12991541986645883 0.054439563423197654 0 5.391107014395392E-9 2.0403892508848026E-8 -2.7618548222680325E-5
-0.1657690318723488 0.09663028560186346 0.05359396061230915 0 6.75170221714224E-9 1.3265979101555185E-8 -2.7611441473434883E-5
-0.3275435087421515 0.689022237889938 0.08446715933764735 0 4.9186311760481385E-8 2.177444654457807E-8 -2.7625042800781644E-5
-0.3440235561346144 0.746753392646391 0.089798396197132 0 5.05249941101323E-8 2.8021428729296152E-8 -2.7620634838536106E-5
-0.3781299746230488 0.7796968295885027 0.09405159466762453 0 5.3056642695733674E-8 3.3575413201626966E-8 -2.7626589260513024E-5
-0.37078556224583165 0.8474286657041803 0.09999999999999998 0 5.814909032876851E-8 3.4701728797593025E-8 -2.7629720729212357E-5
0.33139114289377414 0.7785556133621918 0.09206768166444738 0 6.37331803787067E-8 -2.0578958765470575E-8 -2.761075249114319E-5
0.3464548928541494 0.7191482470167311 0.08759713317592265 0 5.8112733703748235E-8 -2.6935961259884877E-8 -2.7614266393575053E-5
0.31546555307223767 0.6681703741372863 0.08242156072081934 0 5.115195329915576E-8 -2.8180802630808586E-8 -2.7620754353595685E-5
0.22784343961994072 0.5451094489255655 0.0712614275403811 0 4.415070523540325E-8 -1.3918808261094134E-8 -2.763449527502985E-5
0.28413345033548576 0.6165726819630529 0.0775980862421621 0 4.635479094449765E-8 -2.4281402974320042E-8 -2.7631251433672846E-5
0.290977677915208 0.7546407636986492 0.08855875058870188 0 5.902508735806501E-8 -2.0644138938771536E-8 -2.7604378101612288E-5
0.37075219693550476 0.8474432642497914 0.09999999999999995 0 6.887232566922175E-8 -2.1898433467407E-8 -2.7620594597070487E-5
-0.10596501162257625 0.5041773372256164 0.06652572871029448 0 4.013154646643657E-8 1.5341126101253887E-8 -2.7618907088760145E-5
-0.07102778036707863 0.4813038479979327 0.06489977746314218 0 4.118153408710304E-8 8.596095290974333E-9 -2.7622534301607675E-5
0.019795838688718658 0.4703114259817324 0.06404440608297313 0 3.3268950307896234E-8 4.6305371884148986E-10 -2.762991362728174E-5
-0.028427878816465992 0.4894039605592073 0.06510500934199118 0 3.903596534197401E-8 5.63400395162125E-9 -2.7630302609724247E-5
0.09307018049889713 0.4870154223859189 0.06541754354915294 0 3.164991845316633E-8 -2.6633801704498015E-9 -2.7615315675887563E-5
0.15223360853370174 0.5114589799667827 0.06762073099832455 0 4.217502118311728E-8 -4.022220136847612E-9 -2.761849776005596E-5
-0.19168892528151515 0.5624523066487594 0.07149027116733256 0 3.9266817600926666E-8 1.9276822781926253E-8 -2.763775529794936E-5
-0.12546868182070262 0.5661421054611622 0.07053660282173835 0 4.227894510184752E-8 1.6802800061021373E-8 -2.7634541291917935E-5
-0.25001651455608004 0.6877574831582879 0.0818288600417976 0 5.36219700947294E-8 1.389990240153714E-8 -2.7624133969237086E-5
-0.19051431605916905 0.626194724144322 0.07575740850014469 0 4.7455711643115266E-8 1.4498537923728438E-8 -2.7638507550075728E-5
-0.496968869184538 0.31115828345845903 0.07096354188096898 0 1.9483135730126882E-8 3.981594840910873E-8 -2.764412618161936E-5
-0.5531916805568735 0.25483900449276115 0.07250231820116239 0 1.662838791530358E-8 4.483920466647051E-8 -2.764419481913045E-5
-0.8285501209973593 0.21135039229984 0.09293041569195869 0 1.0167300260753019E-8 6.926266757724488E-8 -2.762422642723857E-5
-0.8809225682293763 0.28211960771987943 0.09999999999999996 0 1.4242263861425326E-8 7.209156036320325E-8 -2.7636166276198455E-5
-0.7578216461505274 0.23114048963723496 0.08705889216020636 0 1.6969972319120556E-8 6.210489835872216E-8 -2.76264377488713E-5
-0.5442886348821633 0.36830034160648034 0.07595460109733419 0 2.845695886740508E-8 4.147018479850755E-8 -2.7642751371214166E-5
-0.6102329054490169 0.29533181001281994 0.07752504764743703 0 2.4014779960161205E-8 4.5333839213575486E-8 -2.7640145862179238E-5
-0.6672358697757713 0.2726523999513782 0.08092297245691278 0 2.2159613521107315E-8 4.957287725302284E-8 -2.7635180280343655E-5
-0.7250638207162802 0.2644091498704253 0.08523826785223539 0 1.9752437833202237E-8 5.604584805090333E-8 -2.76301731120122E-5
-0.6071515389330133 0.6092519905512257 0.0934219469334025 0 3.853778325849325E-8 4.8795781705673057E-8 -2.762605205880453E-5
-0.5735399527378838 0.553508622043815 0.08749015204644302 0 3.765338038585344E-8 4.2146516193064145E-8 -2.762469894210486E-5
-0.6847646792234087 0.6218628292777222 0.09999999999999995 0 3.9779426559651945E-8 5.6392013704704235E-8 -2.7636396627760353E-5
-0.5770660846669927 0.4836246905463882 0.08360849061752018 0 3.7011513910890584E-8 4.348954836350354E-8 -2.763193816284998E-5
-0.5580584193120216 0.42548332869284067 0.07938775238593494 0 3.420716024864501E-8 4.2101103803590775E-8 -2.7637783823071447E-5
-0.28374056147924315 0.7514739211838952 0.0880520415280374 0 5.481748131527581E-8 2.2691049274455533E-8 -2.761058385866132E-5
-0.3165497745723784 0.8071051679018629 0.09409208829712741 0 5.643197259044736E-8 3.1200479811177174E-8 -2.761973891566611E-5
-0.28739394850298333 0.8792210714939998 0.09999999999999995 0 6.543047700399914E-8 3.051244974717844E-8 -2.762761088277992E-5
0.29491717071644896 0.8166669280321706 0.09422261270086467 0 6.351888645347756E-8 -1.4648452607703434E-8 -2.7611916797605013E-5
0.15199695343335898 0.5713443637747507 0.07128864354870555 0 4.395076651639521E-8 -5.538042426417816E-9 -2.763219375204439E-5
0.2647361318881631 0.6988930987695543 0.08313425830297129 0 5.1159812967072434E-8 -2.5581727458652154E-8 -2.7613740282357144E-5
0.19363779692619498 0.6392946953673742 0.07676490405819379 0 4.68417523273919E-8 -1.577175015756259E-8 -2.7632342286249568E-5
0.23873623781901862 0.7680602578468166 0.08814793343306232 0 5.39746815001369E-8 -1.51068610111288E-8 -2.7608188358339092E-5
0.28735785633849587 0.8792328678266585 0.09999999999999996 0 6.650640039123827E-8 -1.3486811169700167E-8 -2.7620494668732056E-5
0.045020558010702406 0.5239593119206281 0.06715619876796416 0 3.6390492392162604E-8 2.493051362831064E-9 -2.7631185374254646E-5
-0.05203180167969757 0.5443357511275837 0.06842717285738563 0 4.303795235794872E-8 1.0248375971752205E-8 -2.7634788751123575E-5
0.00125333399408392 0.5186888782774369 0.06673044987207258 0 3.8692532288009146E-8 4.945364430630984E-9 -2.7633824240474916E-5
0.09263905094403112 0.5551170207203664 0.06943102413110942 0 3.986048775423432E-8 3.741375630200335E-10 -2.763120229210844E-5
-0.22520922840433807 0.7458968973346561 0.08588793599516027 0 6.062299088012822E-8 1.7161761070665174E-8 -2.761695374649215E-5
-0.056365569894855645 0.6123374883168232 0.07290850863136553 0 4.6606013910592217E-8 7.134527360476903E-9 -2.7641040990524087E-5
-0.11459365381122652 0.6489796043007032 0.07609123122821615 0 4.929801487248036E-8 9.208871007481809E-9 -2.7639296453033827E-5
-0.17201424223952635 0.7059350940103869 0.08139872432652714 0 5.608329501094244E-8 1.1209253426983136E-8 -2.7630041894296705E-5
-0.5619648707592039 0.31624700130713346 0.07504348009682706 0 2.41148893765607E-8 4.302633545337446E-8 -2.764390753783262E-5
-0.7888004165309431 0.29037609645717466 0.09153149855841576 0 1.6981981258052115E-8 6.24516895485812E-8 -2.7630062544664738E-5
-0.8437609348289447 0.37906778281416026 0.09999999999999995 0 2.0092273240235703E-8 6.576805144674203E-8 -2.763503809501903E-5
-0.6064827120561797 0.3683452405387546 0.08001332460787643 0 3.238108751751658E-8 4.4628538063615384E-8 -2.763318337499622E-5
-0.6554904399290363 0.3258387756938692 0.08184700708932659 0 2.7281663836073172E-8 4.628894298221576E-8 -2.7629630155315803E-5
-0.7173789460644423 0.321865662586802 0.08652046298759287 0 2.2079371230595265E-8 5.193417851471324E-8 -2.762550589944726E-5
-0.6465139113454262 0.538316822314734 0.09160194260007758 0 3.670739210405782E-8 5.293633975879825E-8 -2.7630297424952967E-5
-0.7501326501074496 0.5412263004122692 0.09999999999999996 0 3.5853283234297834E-8 6.447783276029639E-8 -2.7635179456331657E-5
-0.8010558185062641 0.4625204886241073 0.09999999999999998 0 2.7418845782351304E-8 6.581844555429839E-8 -2.7630549681563906E-5
-0.6328963674406779 0.44705014677999644 0.08550954643040555 0 3.668001955500846E-8 5.143266422543029E-8 -2.7625260524388386E-5
-0.2313025414788286 0.8233581280344338 0.09294490463014164 0 6.38788209042683E-8 2.52594358620295E-8 -2.7621886413187082E-5
-0.19616860770583666 0.9039546015730862 0.09999999999999994 0 6.828749250425324E-8 2.3112806852192855E-8 -2.763297364156137E-5
0.2216527773738334 0.8287572231622684 0.0932031971273528 0 6.012570845778742E-8 -9.48790133206996E-9 -2.7617754304161216E-5
0.10414931811684251 0.6209165315731189 0.07394244219969823 0 4.5809032504885007E-8 -5.347074787128331E-9 -2.7637630337997113E-5
0.1942511971230704 0.716812779625243 0.08273823779707914 0 4.967402949083775E-8 -1.6826014694232716E-8 -2.7620912497631194E-5
0.14442364609626682 0.6895139486023729 0.07960445430492032 0 4.993936180012926E-8 -1.2722100134944111E-8 -2.7630722400117456E-5
0.1913914876174544 0.7797285375111098 0.08801717214843206 0 5.481021712418589E-8 -1.1495579301855398E-8 -2.7617559473996546E-5
0.196130597538861 0.9039628493277602 0.09999999999999998 0 6.732526660558135E-8 -6.84731990505913E-9 -2.7628136314434912E-5
0.020086990102898373 0.582926818943489 0.07076019404513119 0 4.3038509996792804E-8 2.8995987313549518E-9 -2.763988533625442E-5
-0.17894546311077822 0.7718277883825889 0.08706002927260566 0 6.104880701966416E-8 1.581667420882992E-8 -2.7623761072493645E-5
0.04599891718688658 0.6542488180254783 0.07585611859697282 0 4.904673148787218E-8 -4.3474682104282365E-9 -2.7638037540633117E-5
-0.007855133722757698 0.6491499078369714 0.07536310530979572 0 4.8651374491823735E-8 -2.3722334196447566E-10 -2.763933975164908E-5
-0.13380906082414654 0.7600240739879767 0.08523325950883376 0 5.7356396748339376E-8 1.0412068505426875E-8 -2.762701838680448E-5
-0.04850890629174576 0.6781878024575423 0.07767733236817918 0 5.036514899669311E-8 1.1591083312551752E-9 -2.7636088883011605E-5
-0.09794458893422112 0.7138796015511557 0.08090449857215169 0 5.2927475969904616E-8 5.131275741387922E-9 -2.7631926088780827E-5
-0.7603438011582597 0.3738096376808479 0.09217483686370775 0 2.0686957851617597E-8 5.791534004260775E-8 -2.7623384231722953E-5
-0.6767294999436547 0.3833870641168077 0.0857669286165472 0 3.07517472855111E-8 5.008289220378976E-8 -2.7615645958163216E-5
-0.7186415188607147 0.46354605628657686 0.09293928953994947 0 3.052895424608906E-8 6.178365045813265E-8 -2.7622522275780645E-5
-0.14285595486183847 0.8282574032154251 0.09152546819348935 0 6.135778263987148E-8 1.5940221222888263E-8 -2.7626647878338485E-5
-0.09363126894349026 0.9202489260084377 0.09999999999999998 0 6.570573270254417E-8 1.4881352733298267E-8 -2.763051257301382E-5
0.09361324045256657 0.9202507597854978 0.09999999999999996 0 7.23746639943067E-8 5.790967762844106E-10 -2.7628243279402466E-5
0.14341620299378274 0.8294494640794721 0.09164675622284839 0 6.297046111521658E-8 -5.9063836801386846E-9 -2.7623207958855102E-5
0.08739963386816947 0.6969472503405287 0.07943927986118828 0 5.269335149146876E-8 -9.106762167189139E-9 -2.7632022485740157E-5
0.1332242410665833 0.7460807458646898 0.0840331591986956 0 5.530730395898804E-8 -1.0771513073917108E-8 -2.7624929004876423E-5
0.011531729957052445 0.7092408490309093 0.07999382505294728 0 5.363061280593509E-8 -5.944525048633115E-9 -2.7628384841278864E-5
-0.08028628936017151 0.7814679591465112 0.08645850584417021 0 5.4845248805441385E-8 6.197620811526513E-9 -2.7621741062697954E-5
-0.04561230651596534 0.7294921334214546 0.08175631121749642 0 5.263457781073109E-8 -9.350031941265263E-10 -2.7625771310326698E-5
-2.6622719632600497E-6 0.924994933365257 0.09999999999999994 0 6.9413044765961E-8 8.634607037518097E-9 -2.7624899368248656E-5
-0.057540995049113024 0.8423979795604504 0.0918960227632853 0 5.895267076329099E-8 1.0404914147855813E-8 -2.761864645205696E-5
0.04284010489062188 0.8515402282381707 0.09269147861274166 0 6.746767129816374E-8 3.6412676568209502E-9 -2.761655225746063E-5
0.06678793864290467 0.7745216917616873 0.0857326633705871 0 6.214130012706168E-8 -6.155645030116637E-9 -2.7618593892630975E-5
-0.010066347156763605 0.7750831353836388 0.08553470969702802 0 5.6941940997342784E-8 -2.1728040554158218E-9 -2.7611574991499435E-5
